0.3752 0.4295 0.2310 0.0300 0.2313 0.2915 0.3160 0.6632 0.7764 1.0967 1.0881 1.4279 1.4004 1.2333 0.9531 0.8125 0.8455 0.5611 0.4590 0.3257
6.1912 6.2775 6.1549 6.2612 0.0787 0.3467 0.2783 0.3255 0.8521 1.0436 0.6558 1.1198 1.3701 1.2923 1.2106 1.1826 0.9948 0.5846 0.6578 5.9827
6.0960 0.1578 6.0053 6.2827 0.0115 0.1463 0.1687 0.4721 0.7607 0.8757 0.8290 1.2538 1.3197 1.4858 1.6900 1.5443 1.0738 0.5803 0.3555 5.8793
6.0129 6.0849 5.8898 5.9924 5.9975 5.9898 0.0285 0.2428 0.4533 0.7509 0.9241 1.1139 1.0742 1.9080 2.6980 2.6961 5.3817 5.4337 5.8322 5.8510
5.9360 6.0053 5.9849 5.9250 5.8639 5.9617 6.0837 6.1526 0.2752 0.3483 0.4269 0.5954 1.0939 2.3214 3.4994 3.7720 4.7367 4.7838 5.6927 5.8444
6.0412 5.9354 5.8819 5.8617 5.5663 5.5427 6.0136 5.9932 0.1482 0.0608 0.1523 0.2618 0.0066 5.2910 4.6323 4.4312 4.8062 5.0089 5.5859 5.8105
5.9494 5.7946 5.8205 5.3200 5.4676 5.5222 5.8734 5.9494 5.9825 6.0261 5.9865 0.0000 5.8420 5.6415 5.0860 5.1932 4.9523 5.3120 5.6874 6.0992
6.1973 6.0288 5.6213 5.6617 5.8320 5.7173 6.0354 6.0336 5.9976 6.0344 5.9720 0.0265 6.0016 5.6642 5.5634 5.2347 5.2950 5.3031 5.5565 5.8261
6.0492 6.1800 5.9069 5.9619 5.8030 6.0038 5.8369 5.8974 5.9165 5.6357 5.8380 6.2363 6.2690 5.9868 6.0060 5.7047 5.3216 5.5791 6.0009 5.8596
6.1065 5.8626 5.9098 5.7679 6.2352 6.1428 5.8274 5.9119 5.7612 6.0913 5.8924 5.9618 6.0905 6.1767 6.2240 5.8033 5.7980 5.9781 5.9483 5.7031
6.1548 5.7298 5.9294 5.6282 6.0929 5.9417 5.6510 5.5083 5.7842 5.8260 6.1013 0.1149 0.0969 0.1822 0.1908 6.1815 6.1255 6.0992 6.2790 6.0410
6.2636 6.1468 6.2415 0.0309 5.9551 5.8033 5.7453 5.5216 5.6080 6.0349 0.0367 0.0747 0.3350 0.5306 0.3495 6.1904 0.3121 0.1328 0.3510 0.1609
6.2275 5.8922 6.2728 6.0901 6.0111 5.5200 5.4766 5.4684 5.1166 5.7112 0.0753 0.5618 0.7478 0.7735 0.6713 0.2953 0.3153 0.1205 0.0821 0.0820
0.3421 6.1016 6.0477 5.9949 0.0494 6.1356 5.8633 5.2918 5.1843 5.3061 0.4704 0.9710 1.3634 1.3340 0.7824 0.4874 0.4976 0.3866 6.1233 0.3162
0.0140 0.0223 6.1975 0.1974 0.5193 6.2793 6.2347 5.5711 4.5757 2.6687 1.9789 1.5509 1.8142 1.4139 0.9524 0.9958 0.8899 0.4539 0.1686 0.0531
0.1683 0.1289 6.1977 0.0020 0.1967 0.1279 0.0233 0.7490 2.0238 2.2990 2.2681 1.6627 1.6647 1.3505 0.7608 0.7187 0.4573 0.1581 0.1733 6.2385
0.2259 0.4487 0.2244 0.0157 0.1992 0.4042 0.3934 0.9672 1.4589 2.0194 2.3064 1.9760 1.6137 1.3286 0.8802 0.3788 0.3581 0.2641 0.2148 0.5442
0.5799 0.6039 6.2080 0.0522 0.4367 0.4994 0.6479 0.8907 1.4520 1.7032 1.8179 1.8933 1.6713 1.4790 1.4361 0.9682 0.8176 0.2929 0.2538 0.3360
0.1766 0.1939 0.3652 0.2187 0.4311 0.5062 0.6539 1.0306 1.1849 1.1931 1.4875 1.3487 1.3000 1.3282 1.3216 0.8918 0.5479 0.7618 0.5426 0.0941
0.5603 0.4429 0.2010 0.1911 0.4911 0.5170 0.6128 0.8430 1.0528 1.1992 1.0635 1.2245 1.2601 0.9432 0.9643 0.8279 0.6993 0.3788 0.1554 6.2603
