4.7587 5.1385 5.1087 5.4433 5.9088 6.1374 6.2468 0.4462 0.6291 0.9779 1.0422 1.2378 1.0482 4.6019 4.8105 4.4493 4.4900 4.3654 4.2891 4.6754
5.0928 5.3906 5.5492 5.4080 5.6395 6.0050 0.0425 0.7501 1.1574 1.2951 1.3229 1.7387 1.7191 3.5354 4.0825 4.5356 4.3324 4.5555 4.7085 5.0109
5.4715 5.7020 5.7148 5.6661 5.8422 0.0528 0.4034 0.4090 1.3833 1.3392 1.4469 2.0212 2.2701 3.4079 3.7332 3.9905 4.3379 4.6555 5.0859 5.3327
5.4391 5.4859 5.7106 5.9208 6.2058 0.2231 0.3865 0.3757 0.8942 1.5529 1.9409 2.0617 2.3880 3.3168 3.5803 3.8169 4.1647 4.7937 5.1999 5.3218
5.6626 5.4170 5.6197 5.9370 6.1470 6.2339 0.3026 0.4305 0.8828 1.4872 1.9834 2.1990 2.4046 3.0908 3.4066 3.7415 4.3073 4.9329 5.1418 5.3821
5.6676 5.5345 6.0844 5.9901 5.9856 0.0353 0.1711 0.0239 0.8661 1.0466 1.7709 1.7961 2.1507 2.7554 3.3686 3.5857 3.9817 5.5358 5.4606 5.5332
5.7665 5.9728 5.8711 5.9633 6.2663 0.2206 0.2419 0.4483 0.8671 1.2599 1.2473 1.6404 2.0305 2.3945 2.5354 3.0842 3.4986 5.6310 5.5769 5.6294
6.0558 5.9560 6.0642 5.9648 6.2011 6.2652 0.1706 0.0426 0.7380 1.1677 1.6279 1.6501 2.0028 1.9800 1.8726 2.2576 1.4867 0.6590 0.3226 5.8960
5.9622 5.5594 5.6680 5.8215 6.0716 6.2351 6.1806 6.0052 0.3506 1.8313 1.5726 1.6129 1.9457 1.7271 2.1293 1.7730 0.9089 0.6655 0.5320 6.2098
0.1876 5.8220 5.5379 5.6310 5.4462 5.5580 5.7474 5.1637 4.8470 2.9317 2.2734 1.9039 1.8055 1.8230 1.7188 1.3641 0.7569 0.6301 0.5641 0.2277
6.2503 5.7842 5.3070 5.4305 5.6715 5.2720 5.1578 4.8798 4.9129 3.5994 2.2864 2.0133 1.7449 1.6607 1.2345 1.5329 1.3945 1.2216 0.5447 0.3454
0.0148 5.9076 5.5266 5.6936 5.6879 5.7821 5.4876 4.9618 4.7137 4.1138 2.1622 1.3942 1.2804 1.1444 1.0560 1.1984 1.2706 1.1244 0.5903 0.4317
0.0996 6.1093 5.8142 5.5482 5.4504 5.5891 5.3721 5.1209 5.1115 5.5813 0.6272 0.7131 0.8434 1.3489 1.2235 1.4393 1.2794 1.1941 0.7613 0.5451
6.2797 5.9655 5.8197 5.5849 5.6360 5.3785 5.2402 5.3019 5.4627 5.8126 0.0138 0.3776 0.7118 0.8777 1.0449 1.4753 1.5548 1.3965 1.1285 0.7854
5.1746 5.3363 5.3358 5.0354 5.4804 5.5541 5.5359 5.5832 5.8767 6.0754 0.1485 0.2478 0.6843 0.9396 1.0650 1.4196 1.6297 1.9463 1.9856 1.7148
4.4290 4.8063 5.2451 5.1686 5.5274 5.6939 5.2279 5.7923 5.9539 6.0961 0.1903 0.5840 0.6752 1.3166 1.0233 1.3582 2.2442 2.5771 2.6144 3.4503
4.1950 4.9534 4.9236 5.1988 5.3959 5.5396 5.6120 5.5900 5.5262 6.1063 0.0004 0.2082 0.6333 0.7968 1.2906 1.8824 2.5894 2.8514 3.0963 3.8612
4.7782 4.8613 5.1551 5.1876 5.4694 5.4432 5.8910 5.9628 6.0881 0.0413 0.3423 0.2926 0.5128 0.3791 0.8894 2.4565 2.8234 3.4588 3.6017 3.8580
4.5309 4.5493 5.0416 5.0137 5.5872 5.4375 5.6111 6.0354 0.1321 0.4348 0.5805 0.4329 0.1769 5.9969 5.3216 4.1386 3.8442 3.8545 3.8196 4.1164
4.5356 4.7183 4.9721 5.0286 5.7594 6.0444 0.1111 6.1027 0.4829 0.9975 0.9769 0.7276 0.3874 5.7653 4.8790 4.3563 4.3091 4.5243 4.3156 4.4262
