3.9417 3.9220 3.7910 3.6237 3.3113 3.5104 2.9650 2.8294 2.5903 2.3268 2.8653 3.1481 3.2036 3.3052 3.6606 3.3486 3.4492 3.5985 3.7354 3.7077
3.9512 4.0225 3.6108 3.1744 3.1094 3.0348 2.8607 2.6528 3.0580 3.0968 3.4318 3.3724 3.5774 3.7158 4.2614 4.3569 4.1356 4.4055 4.3420 4.1209
4.1229 3.9246 4.0159 3.6017 3.6395 3.4972 3.2094 2.7863 3.4178 3.3237 3.4732 3.6065 3.8239 4.2679 4.4117 4.9136 4.7340 4.6740 4.6182 4.3823
4.5555 3.9976 3.9464 3.8998 3.4885 3.2824 3.3985 2.6473 2.8989 3.3111 3.6048 4.1756 4.1794 4.8347 4.6331 4.6423 4.5101 4.5972 4.8955 4.4153
4.7140 4.2993 4.0989 3.8130 3.5385 3.0034 2.9469 3.1892 3.1703 3.1668 3.7797 4.1262 4.2860 4.7579 4.7965 5.1248 4.8084 4.7855 4.7680 4.8041
4.7213 4.3973 4.1217 3.6174 3.2779 3.1993 3.1751 2.9631 3.2186 3.4196 3.9267 4.1513 4.4279 4.9612 4.9984 5.0815 5.1487 4.9494 4.8039 4.9163
4.6186 4.6154 4.2360 3.7627 3.2947 3.0556 3.2376 2.8172 3.1215 3.7484 3.9240 4.3954 4.4680 4.8973 4.9966 5.0525 5.2046 5.1096 4.5908 4.9404
4.6455 4.3838 4.1529 3.7551 3.5070 3.3207 3.5731 3.2079 3.5547 3.9399 4.0887 4.4798 4.9357 4.8662 4.9126 5.1772 5.4264 5.1981 5.0867 5.2231
4.7699 4.2158 3.9340 3.1604 3.0328 3.1784 3.2809 3.6113 3.7683 3.8484 4.6333 4.6677 4.8694 5.2366 4.9783 5.3077 5.3455 5.5521 5.2010 5.2171
5.2670 4.2143 3.7582 3.1217 2.7642 2.8597 2.9190 3.4332 4.0230 4.3833 4.6550 4.8543 4.9275 5.0090 5.1545 5.4483 5.5068 5.8522 5.6399 5.3229
0.4534 2.6963 2.6180 2.4725 2.4599 2.1082 2.7879 2.7346 4.4064 4.5371 4.8585 5.1300 5.2028 5.2501 5.9239 5.9511 6.0420 5.6763 6.0924 6.0606
0.9432 1.8131 2.1757 2.0114 2.0851 2.0520 1.8808 1.2911 0.0036 6.0318 5.8482 6.2364 6.0853 5.4941 5.6289 5.9222 6.2672 0.0436 0.3933 0.3542
1.3643 1.6247 1.7338 2.0396 2.2207 1.8906 1.6282 1.2774 0.8735 0.5741 0.3177 0.0386 0.1562 6.2264 6.2591 0.2444 0.6361 0.3297 0.7611 0.8484
1.8799 1.9065 2.0908 1.9983 2.1414 2.2309 1.9357 1.5691 1.0447 0.5467 0.6598 0.3973 0.2179 0.5667 0.8910 0.8749 0.6427 0.6943 0.8967 1.5295
2.0977 1.9430 2.2583 2.3750 2.3293 2.1103 2.0401 1.3067 1.5002 1.1883 1.2245 0.8540 0.3700 0.7660 0.8556 1.0253 0.9659 1.0760 1.4359 1.7773
2.2240 2.2271 1.8358 2.1701 2.3527 2.0439 2.0525 1.9092 1.6739 1.5297 1.4640 1.0015 0.7840 1.1617 1.2507 1.6569 1.5396 1.5064 1.7101 2.1309
2.4808 2.6981 2.1616 2.5767 2.2750 2.3575 2.4719 1.9778 1.7989 1.5147 1.6033 1.4178 1.4072 1.4585 1.7621 1.7882 1.5825 1.7288 2.1744 2.3513
2.8153 2.9493 2.8686 3.2248 2.9139 2.6097 2.5992 2.5215 2.1730 1.9573 1.8599 2.0609 1.7773 1.8249 1.9609 1.9014 1.8984 2.1366 2.4323 2.5894
3.3573 3.2090 3.2737 3.1820 3.1005 3.1032 2.5671 2.6778 2.4237 2.3301 2.3468 2.3330 2.2756 2.1633 1.9036 2.0733 2.4269 2.4559 2.8398 3.1983
3.5317 3.4418 3.4106 3.7223 3.2422 3.3288 2.9559 2.8502 2.5655 2.2542 2.5328 2.9999 2.9227 2.5579 2.4542 2.7651 3.0121 3.1855 3.3999 3.1393
