3.3519 3.3183 3.6194 3.5326 3.5904 3.1130 3.1403 2.9823 3.0710 2.2457 2.5365 2.3784 2.6085 2.8490 2.6447 2.5734 2.9914 3.4214 3.5853 3.4014
3.5868 3.8036 4.1447 4.0129 3.4466 3.2545 3.4614 3.1147 3.1708 2.8295 2.4633 2.3333 2.6745 2.8514 2.4103 2.4465 2.9896 3.1717 3.2592 3.1284
3.9178 3.7652 4.2973 4.4157 4.1580 3.8169 3.5998 3.4351 3.2294 3.1978 2.5438 2.5898 2.5891 2.6274 2.2700 2.2231 2.9724 2.7302 3.1891 3.7952
4.1519 3.9763 4.2001 4.2913 4.7178 4.1762 3.8102 3.6413 3.4851 3.0493 2.7067 2.5921 2.2199 1.9691 2.1024 1.9402 2.2175 2.5128 3.5787 3.8123
4.9671 4.7259 4.6472 4.6872 4.5931 4.6001 3.9625 3.8766 3.2408 2.8089 2.9458 2.5538 2.3843 1.9558 1.9758 1.9281 2.3720 2.3109 4.7399 4.9686
5.4227 4.8615 4.8680 4.6985 4.5706 4.5899 4.6252 3.9474 3.6482 3.3423 2.9246 2.7412 2.7448 1.5542 1.5408 1.5320 1.3116 0.7583 5.6409 5.5572
5.5401 5.1925 5.1177 4.8408 4.9276 4.9394 4.5285 4.1241 4.0873 3.4306 2.9985 2.7639 2.6323 1.6926 1.6341 1.2288 0.7196 0.3013 6.0879 5.4522
5.7907 5.4309 5.0882 5.0719 4.9764 4.8567 4.8046 4.6967 4.0827 3.8316 3.5136 3.2042 2.6166 2.1322 1.5428 1.0961 0.1352 6.2286 5.7765 5.6439
5.7360 5.5116 5.8045 5.0060 5.1886 4.6666 4.6440 4.4891 4.1771 3.7392 3.8415 3.4111 3.2298 2.8070 1.1652 0.5057 0.4620 6.2366 6.0694 5.9920
5.2862 5.2162 4.9088 4.7799 4.5634 4.5571 4.4655 4.3884 4.3718 4.0510 3.7446 4.0444 4.0985 4.2412 0.2972 0.7157 0.1265 5.9821 5.9106 5.8068
5.3340 5.4774 5.0244 4.5376 4.7054 4.4396 4.1422 3.9970 4.2564 4.3607 4.1621 4.0767 4.3609 4.4240 5.7761 6.0283 6.1728 5.9608 5.6012 5.8046
5.1745 4.8377 4.7159 4.3094 4.4408 4.1260 4.2054 3.9755 4.0269 4.2997 4.3352 4.2437 4.5388 4.8597 5.1812 5.6865 5.3725 5.4042 5.3186 5.3747
5.0802 4.7712 4.3623 4.2343 3.9668 4.0420 3.7133 3.9033 3.8618 4.1777 3.7168 4.4236 4.5374 5.1751 5.6025 5.2982 5.5302 5.0879 5.2575 5.2588
4.6733 4.4008 4.1595 3.9188 3.8532 3.7258 3.7446 3.5840 3.8697 4.1957 4.0811 4.5982 4.4661 4.7822 4.7988 4.9458 5.2034 5.0745 4.9112 5.0108
4.3314 4.3292 4.0826 3.9574 3.6405 3.6806 3.3612 3.2390 3.4710 3.9961 4.0274 4.4592 4.6336 4.3814 4.6449 4.2917 4.6296 4.8860 4.7228 4.8744
4.0745 4.0253 4.0027 3.9418 3.6565 3.5656 3.3812 3.7990 3.7219 3.7731 3.4687 3.6576 4.0691 3.8931 4.1125 4.1141 4.5617 4.8253 4.2686 4.4012
4.1675 4.0433 3.8120 3.4696 3.3560 3.3197 3.2105 3.4013 3.5778 3.4775 3.2020 3.5478 3.5297 3.8446 3.6916 3.7769 4.0043 4.0724 4.0156 4.2605
3.8948 3.6788 3.6737 3.5704 3.6025 3.5029 3.4508 3.2384 3.1221 3.0658 3.0059 3.2623 3.4292 3.7144 3.5143 3.4985 3.4708 3.9150 3.9709 3.8788
3.5357 3.6035 3.6620 3.3416 3.4986 3.2333 3.4517 3.3586 2.7288 2.5895 2.9468 3.0096 3.1135 3.1337 3.3021 3.1019 3.2569 3.1914 3.5033 3.3829
3.5492 3.6986 3.4255 3.7735 3.5450 3.4883 3.4057 3.2695 3.0305 2.4275 2.5123 2.8011 3.1272 2.9537 2.8737 3.0356 3.1650 3.3974 3.6872 3.3496
