2.4676 2.4709 2.5972 2.3869 2.4633 2.0942 2.0684 2.1589 2.1370 1.9399 1.8186 1.6153 1.8077 1.6974 1.9369 2.0260 2.7456 3.2130 3.0033 2.4986
2.3795 2.2754 2.6820 2.4131 2.2982 2.4665 2.5372 2.1614 1.9217 2.0428 2.0291 1.7566 1.7822 1.8100 1.7289 2.3208 2.2324 2.6041 2.7751 2.4478
2.0353 2.1722 2.5957 2.4843 2.4476 2.4280 2.2627 2.4001 2.0762 2.2153 2.1186 1.8060 2.0341 1.8020 1.9024 2.2967 2.4504 2.7294 2.4532 2.1091
1.8042 2.0631 2.3304 2.1604 2.2203 2.5004 2.7521 2.3708 2.3612 2.1725 1.7853 1.8019 1.6777 2.0617 2.2911 2.3997 2.6295 2.2914 2.0833 1.7408
1.8615 1.7401 2.0458 2.4042 2.5079 2.3022 2.5694 2.3780 2.4118 2.0777 1.9927 1.8568 1.8214 2.1171 2.4961 2.3978 2.3072 2.4205 2.2348 2.0056
1.5608 1.8591 1.6778 1.8068 2.2408 2.5941 2.3438 2.3885 2.6184 2.4278 1.7245 1.7642 1.8995 1.7130 1.9795 2.0770 2.3373 2.4298 1.9307 1.9469
1.7953 1.8451 1.6330 2.0895 2.1216 2.4508 2.6812 2.4965 2.0370 2.2178 1.9221 1.9152 2.0024 1.7407 1.7972 1.9616 1.9865 2.0628 1.6776 1.8054
1.9942 2.0322 1.8915 2.3994 2.2442 2.3992 2.5071 2.4074 2.1500 2.1698 2.2732 2.2334 1.9404 1.9439 1.9356 2.1073 2.1241 1.9896 2.1807 1.9292
2.2942 1.8676 2.1698 2.4267 1.8418 2.1841 2.4504 2.5919 2.1299 2.2249 2.0805 2.0347 1.5464 2.0073 2.0485 2.2826 2.3432 1.7804 2.0431 2.0120
2.1719 2.0661 1.8344 2.3880 1.7627 2.3582 2.3725 2.5482 2.3875 2.2665 2.1545 1.8970 1.7255 1.8453 1.9558 2.2051 1.6859 1.8230 2.1997 2.1633
2.0953 2.2542 2.3720 2.5340 2.1609 2.3815 2.3212 2.2161 2.6370 2.5383 2.2462 2.0652 2.0562 1.6700 1.6871 1.9169 1.6538 1.5855 1.9534 2.0665
2.2368 2.3250 2.3551 2.6652 2.5958 2.6687 2.2948 2.4035 2.2985 2.4037 2.4363 1.7382 1.7937 1.9353 1.7827 1.5813 1.5544 1.8105 2.0398 2.1587
2.3358 2.1983 2.4782 2.4189 2.6301 2.6260 2.5007 2.1669 2.3028 2.1989 2.0095 2.2950 1.8977 2.0113 1.7207 1.9529 2.1257 2.2211 2.2954 2.3285
2.4037 2.3854 2.6033 2.3544 2.1786 2.4819 2.2738 2.3161 2.0406 2.0214 2.1942 1.9693 1.5477 1.6324 1.5674 1.7352 2.0103 2.5778 2.7297 2.4959
2.5377 2.7566 2.5722 2.2778 2.3051 2.2843 2.3284 2.1060 2.1876 1.8835 1.9077 1.7066 1.4350 1.6381 1.3429 1.5637 2.3129 2.8190 2.9897 2.5598
3.0252 2.8405 2.6563 2.6697 2.1955 2.2565 2.3092 2.0878 1.7717 1.7658 1.4699 1.3567 1.2812 0.6125 0.5271 0.5985 3.2482 3.4480 3.4125 2.9421
3.1087 2.5590 2.7396 2.4703 1.9783 1.8201 1.7562 2.0196 1.9384 1.7675 1.5917 1.0002 0.5208 0.3401 6.1933 5.1200 4.2404 3.6914 3.5241 3.0227
2.9835 2.7554 2.8921 2.4915 2.2734 1.8232 1.8434 1.9666 1.8735 1.8551 1.3658 1.0958 0.8404 0.3850 6.1632 4.7796 4.0887 3.5686 3.5950 3.3693
2.8617 2.9470 2.9909 2.5259 2.2103 2.1942 1.5152 1.5917 1.9392 2.0351 1.5793 1.1833 1.1479 0.9569 1.3867 3.0829 3.3315 3.2472 3.3155 3.3267
2.4705 2.6367 2.7475 2.6774 2.3604 1.9248 2.0541 2.0597 2.0439 1.7326 1.6080 1.3778 1.6528 1.6923 1.7594 2.1652 2.9453 3.0725 2.9236 2.7234
