0.3434 6.2095 5.5428 5.0267 4.4874 3.6661 2.8811 2.6178 2.9029 2.2373 2.0063 1.6074 1.4739 1.2565 0.8966 0.8785 1.1093 0.6239 0.7883 0.5114
0.3513 6.1755 0.0711 5.5525 5.0207 3.4056 3.1988 3.0179 2.7692 2.3101 2.0074 1.6899 1.2622 1.3041 0.9599 0.9610 0.7268 0.9908 0.8641 0.7436
0.5072 0.3254 0.3114 0.5121 0.6886 2.8317 2.9484 2.8064 2.6432 2.5737 1.9062 1.8323 1.4738 1.2975 1.0839 1.1711 0.9751 1.0628 1.0507 1.0171
1.2515 0.9774 0.7394 0.5491 1.3551 2.2005 2.6328 2.2777 2.1495 1.9438 2.2505 1.8080 1.3387 1.1326 1.1998 1.2349 1.3622 1.3070 0.8371 0.9987
1.2858 0.9817 1.1636 1.1651 1.2949 1.5827 2.3376 2.1973 2.1825 2.0697 2.0041 2.1130 1.6904 1.3976 1.5211 1.4811 1.3388 1.4262 1.6024 1.5704
1.6890 1.6123 1.7626 1.9444 1.8215 2.1836 2.3302 2.1001 1.7924 2.0448 1.9398 1.8644 1.9780 1.6265 1.5893 1.6638 1.6378 1.8419 1.7750 1.6203
1.9346 2.0622 1.8672 1.8229 1.6083 2.1150 2.5652 2.3597 1.8650 1.9100 1.7633 1.3959 1.6949 1.5583 1.5268 1.6645 2.1466 2.4302 2.3076 1.8442
2.2289 2.0989 1.9480 1.9480 1.7900 2.0209 2.0245 2.2225 2.1833 1.6943 1.6409 1.5423 1.4756 1.7506 1.7354 1.8516 2.1425 2.2224 2.6385 2.2764
2.6102 2.5126 2.0841 1.9116 1.7749 1.7728 1.9246 2.1228 2.2780 2.1267 1.3683 1.7296 1.5626 1.5945 1.9136 2.0032 2.1553 2.3159 2.4424 2.7750
2.9433 2.4304 2.4065 2.3009 1.9588 2.1107 2.2571 2.1507 1.8008 1.8285 1.8692 1.6494 1.5550 1.6090 2.0616 1.5504 1.8867 2.3237 2.7405 2.7243
2.7310 2.3961 2.0024 2.2686 1.8603 1.8795 1.9984 2.3253 1.8165 1.7602 1.8632 1.8402 1.8427 1.6440 1.6963 2.0564 2.1718 2.4192 2.6268 2.8397
2.7144 2.3826 2.5406 2.3683 2.0815 1.8288 2.1984 2.2709 2.0283 1.7294 1.9867 1.6329 1.8227 1.7849 1.5989 1.7004 1.8610 2.2305 2.3445 2.1825
2.4931 2.4701 2.5067 2.4677 2.5907 1.9466 2.6193 2.3204 2.2083 1.8875 1.7036 1.5467 1.6439 1.7546 1.7640 1.5435 1.8590 2.2199 2.3073 2.2781
2.4955 2.4362 2.3779 2.4664 2.5850 2.6658 2.6161 2.1852 1.9623 1.9249 1.5889 1.1721 1.5938 1.6529 1.4722 1.7490 1.9834 2.0065 2.3001 2.2710
2.2547 2.3649 2.4685 2.6461 2.8949 2.7314 2.5125 2.0823 1.9191 1.7931 1.7619 1.7101 1.5232 1.6548 1.3546 1.7095 1.6944 1.7230 1.5605 1.8664
1.4881 2.1063 2.6417 2.8970 3.1059 2.9194 2.6114 2.3065 2.1430 2.2869 2.0811 1.8167 1.5044 1.4409 0.8389 1.0421 1.5619 1.4952 1.4327 1.3384
1.5651 1.9289 2.6532 3.0751 3.2436 3.1262 2.6735 2.5109 1.8535 2.1865 1.9066 1.7939 1.5081 1.3630 1.4562 1.4480 1.2653 1.0401 1.1753 1.3800
1.4417 1.7649 2.9212 3.5057 3.1620 2.8170 2.8902 2.5854 2.3499 2.1999 1.7869 1.6444 1.4659 1.3931 1.2302 1.2736 1.4387 1.1929 1.0804 0.9581
1.0939 0.2018 4.6632 3.9581 3.4550 3.0218 2.8873 2.5750 2.2996 2.0719 1.7112 1.5160 1.5821 1.1934 1.2621 1.1275 1.2260 1.4227 1.0776 0.9584
0.3655 6.0422 4.9665 4.8516 4.5436 3.4332 3.0062 2.8272 2.5509 1.9238 1.8200 1.7360 1.0481 1.0702 1.3461 1.0380 1.0515 1.0533 0.8716 0.7787
