6.1490 6.1330 6.2710 0.3296 6.2196 0.2632 0.1037 0.1936 0.4499 0.1136 0.4353 0.2378 0.3439 0.1846 0.0040 0.4984 0.6069 0.5340 6.2008 6.2065
5.9391 6.1879 0.1749 6.2161 5.9395 5.9577 6.1466 0.2384 0.3908 0.1572 0.5246 0.4147 0.2756 0.2163 0.0826 0.5474 0.8969 0.3587 6.1794 0.0393
5.8060 5.9059 6.0973 5.7128 5.6817 5.9909 6.1731 6.2821 0.2014 6.0870 0.1663 0.2935 0.2018 0.0232 0.0090 0.5871 0.5159 0.2521 6.1352 5.7604
5.8366 5.8498 5.8752 5.9466 5.9975 5.7908 5.8157 6.0866 6.0452 6.2315 0.3419 0.1652 0.1839 0.1525 0.3135 0.3743 0.3713 0.3884 6.0618 5.7751
5.7858 5.5806 5.5378 5.6261 5.8657 5.7433 5.6686 5.7616 5.9221 6.1484 6.1232 0.1350 6.1454 6.2810 6.1882 0.1352 0.2766 6.2667 5.9874 5.8231
5.5499 5.6207 5.2536 5.1343 5.2494 5.0863 5.3948 5.6637 5.6615 5.6963 6.0002 6.0867 6.1744 0.0833 0.1088 0.2954 0.0731 0.0596 0.0464 5.8808
5.7185 5.4308 5.0867 4.8257 4.6478 4.6944 5.0751 4.9975 5.7700 5.6100 6.1863 6.1740 6.0535 5.9933 6.2254 0.0203 6.2465 6.1075 6.1108 6.0819
0.0086 5.5550 4.9193 4.4984 4.3635 4.7142 4.8112 5.0440 5.3844 5.6837 5.9364 6.0546 6.0498 6.0547 0.0391 0.0883 0.0863 6.2343 6.2197 6.1743
0.4696 0.4615 4.3959 4.0404 3.9448 4.0139 4.3644 4.5998 5.0104 5.3689 5.7564 5.9080 6.1573 6.2807 0.0698 0.1156 0.2493 0.2139 0.3691 0.6676
0.9040 1.6817 2.9640 3.2024 3.4710 3.5281 4.2359 4.6204 4.7596 5.5691 5.6317 6.0442 6.1210 0.0369 0.1538 0.5862 0.2078 0.4964 0.9705 1.0671
1.1020 1.7579 2.0261 2.4074 2.8587 3.0131 3.5987 5.2416 5.1334 5.8397 5.5005 6.1124 0.0367 0.1579 0.1478 0.3386 0.3690 0.5156 0.9417 1.1579
1.3426 1.5204 1.8024 2.3010 1.7272 1.8322 1.3623 6.2360 5.9049 6.2549 5.8290 5.9204 0.0268 0.4970 0.2106 0.3627 0.3515 0.5363 0.5652 1.3234
1.1761 1.4967 1.5369 1.7960 1.3871 1.4480 0.8613 0.0717 0.1496 6.2513 0.1039 6.2219 6.2208 0.1923 0.5784 0.3913 0.6684 0.6391 0.8120 0.9615
0.7856 1.3152 1.1476 0.8061 1.0113 1.1759 0.8220 0.0552 0.4462 0.3001 0.0199 0.3200 0.2480 0.4234 0.3803 0.7100 0.8903 0.7276 1.0790 0.3939
0.9314 0.8518 1.0899 0.8914 0.6512 0.7122 0.4569 0.2004 0.1496 0.1179 0.2391 0.6218 0.6711 1.0425 0.5863 0.6691 0.8908 1.0982 1.3491 0.9670
1.0131 0.6152 0.7889 0.6353 0.5287 0.4529 0.4570 0.3987 0.0840 0.0601 0.4760 0.7465 0.5538 0.8660 0.7967 0.7308 0.9318 1.0745 0.9394 1.0413
0.5361 0.8188 0.8962 0.4787 0.5941 0.8046 0.5638 0.5425 0.3670 0.3784 0.4339 0.5327 0.7899 0.8260 0.5202 0.5756 0.4440 0.7444 0.9349 0.4601
0.8545 0.8395 1.0630 0.2549 0.4732 0.5458 0.5572 0.7190 0.3239 0.1212 0.7549 0.6436 0.5414 0.8306 0.6941 0.4915 0.2746 0.9641 0.7472 0.6130
0.8254 0.7026 0.7151 0.4192 0.1732 0.3663 0.5389 0.5356 0.3702 0.5756 0.4849 0.4990 0.6377 0.8228 0.9252 0.5446 0.6281 0.8109 0.6045 0.6965
0.2196 0.2362 0.1816 0.1496 0.5869 0.5992 0.4353 0.4561 0.5790 0.3994 0.4607 0.5339 0.4718 0.4815 0.1121 0.2771 0.6575 0.5821 0.2506 0.3528
