3.4151 3.4313 3.5817 3.9187 3.9738 4.3156 4.2207 4.5087 4.9419 4.7589 4.5941 4.4707 4.1073 4.2203 3.9489 4.1176 3.8816 4.2812 3.8342 3.4237
3.5584 2.8569 3.4862 3.6047 3.8999 4.2509 4.5553 4.6601 4.9204 4.4637 4.3899 4.6741 4.3524 4.3785 4.2053 4.2412 4.0786 4.0304 3.7308 3.7697
3.3474 3.1472 3.3193 3.5330 3.6588 4.0785 4.1740 4.5914 4.6818 4.5511 4.6042 4.5123 4.2909 4.1986 4.3919 4.1476 3.9213 4.0622 3.9878 3.8231
3.4053 3.5669 3.6692 3.7232 3.6142 4.2449 4.4317 4.7593 4.8068 4.2735 4.4858 4.3390 4.1232 4.3579 4.4609 4.1990 4.0745 3.9812 3.5934 3.4256
4.0579 3.7781 3.8737 3.8093 3.9394 4.0934 4.1896 4.1393 4.1846 4.1844 4.0966 4.3655 4.3138 4.2925 4.2068 3.8730 3.9909 4.3237 3.8522 3.7733
3.7647 3.7652 3.6600 3.8367 3.9002 4.2913 4.4276 4.4610 4.7222 4.0327 4.1700 4.5168 4.3888 4.1606 3.8989 4.2074 3.8129 4.1055 4.0055 3.9033
3.7997 3.6424 4.0172 3.6891 4.2367 4.1268 4.7689 4.5117 4.7546 4.5088 4.2307 4.2280 4.1840 4.0627 4.0624 3.8956 3.9640 3.9887 4.1075 3.8405
3.6601 3.7216 4.2868 4.1731 4.2304 4.2598 4.8282 4.7904 5.2585 4.9707 4.5897 4.3983 3.8986 3.9141 4.0318 4.1999 4.1267 4.2395 4.3359 4.1266
4.0070 4.1345 4.1714 4.3534 4.3163 4.0830 4.7200 4.8660 4.8400 5.0840 4.5256 4.4245 4.4650 4.1796 4.3580 4.2367 4.2483 3.9071 4.0439 3.8604
3.9716 4.2637 4.2827 4.4174 4.2167 4.4201 4.7495 4.8170 4.6540 4.7419 4.0176 4.1139 4.4866 4.3428 4.5320 4.2891 4.1853 4.1690 3.8669 3.9066
4.0077 3.9393 4.1507 4.0698 4.5868 4.3631 4.5770 4.7310 4.5523 4.5278 4.3777 4.2983 4.3257 4.4447 4.4298 4.2676 3.9807 3.8849 4.1706 3.9631
3.6591 4.1126 4.1268 4.0481 4.3532 4.3520 4.3322 4.9101 4.5698 4.5377 4.2689 4.0833 3.8443 3.9499 4.4833 4.0733 4.3613 4.4431 4.3561 4.3329
4.0686 4.1937 4.2323 4.1622 4.2997 4.3056 4.7015 4.5954 4.6927 4.6572 4.4547 4.1414 4.5727 4.6819 4.3020 4.5544 4.5032 4.4614 4.4825 4.2162
4.1974 3.9806 4.1946 4.3706 4.3770 4.2642 4.4564 4.3436 4.4164 4.5145 4.5312 4.1521 4.2149 4.5518 4.3534 4.3211 4.4208 4.1362 4.3120 4.2470
4.3400 3.9073 3.8444 4.0361 4.2529 4.0844 4.4439 4.4582 4.2025 4.5312 4.4999 4.5188 4.6832 4.5208 4.3713 4.3845 4.5236 4.0867 4.1031 4.2377
4.1471 3.8916 3.9217 3.7638 3.9124 3.8336 4.2649 4.3118 4.4168 4.4994 4.6716 4.4519 4.7616 4.4620 4.5750 4.5261 4.4997 4.6090 4.2470 4.2776
3.9120 3.7549 3.6541 3.8062 3.7920 4.1694 4.2274 4.7151 4.2114 4.3138 4.7118 4.6135 4.5231 4.4672 4.0862 4.2969 4.2116 4.1413 3.8696 3.8936
3.6161 3.3104 3.5394 3.6961 3.8466 4.1690 4.3107 4.4875 4.1118 4.3607 4.5559 4.7124 4.3969 4.3247 4.1163 4.2068 4.1493 4.1269 3.8652 4.0754
3.4607 3.6840 3.5885 3.5048 3.7631 3.8678 4.4466 4.5610 4.7411 4.5860 4.4356 4.7220 4.5300 4.5572 4.3178 4.1667 4.0639 4.0523 4.0216 4.1549
3.5407 3.5554 3.6852 4.0007 3.9338 3.9910 4.3237 4.3492 4.7391 4.3860 4.4648 4.5233 4.3139 4.1120 4.2287 4.1991 4.0553 4.1308 4.0205 3.8697
