0.2111 0.0672 0.1470 0.6466 0.7598 1.1755 1.4614 1.0329 1.0081 1.0352 0.8272 0.3287 0.5901 0.3435 0.0107 0.0172 0.0379 0.0807 0.1989 0.1189
0.1925 0.4518 0.5755 1.1728 1.3105 1.6229 1.1440 1.3125 1.3039 1.3260 0.8896 0.6859 0.4544 0.2665 0.0107 5.9949 5.9935 6.0488 6.0613 6.2176
0.2018 0.7000 1.1818 1.5969 1.6189 1.7920 1.5159 1.8701 1.7962 1.7045 1.4001 1.2685 0.5385 6.2613 6.0530 0.0771 6.1175 6.0039 6.0505 6.0277
6.1300 0.9284 1.8257 1.9278 2.1629 2.4599 2.4062 2.4295 2.2243 2.2957 1.8264 1.6265 0.8648 0.0750 0.0120 5.6692 5.6906 5.8936 5.6686 5.7706
5.1997 3.7764 3.2023 2.9691 2.7994 2.5886 2.5711 2.3028 2.7472 2.6399 2.2525 2.4274 0.7164 6.0062 5.7986 5.4401 5.6630 5.3678 4.9535 5.2026
4.7006 3.9605 3.8354 3.5558 3.4483 3.3138 3.4569 2.8432 3.2215 2.8805 2.5072 2.8829 3.8446 5.1387 5.1178 4.9864 5.0911 5.0194 4.8853 4.7713
3.9568 3.3366 3.7251 4.2018 3.7395 4.0717 3.7518 3.5289 3.3272 3.1131 3.1910 3.6392 4.3484 4.6300 4.7624 4.8104 4.9351 4.7877 4.7496 4.4841
4.2792 4.0412 4.1677 4.2728 4.2025 4.3362 3.8309 3.8440 3.8898 3.7621 3.3287 4.1781 4.1763 4.4910 4.3584 4.9475 4.8308 4.4978 4.5599 4.6657
4.7779 4.7416 4.3114 4.7083 4.4990 4.1574 4.0902 3.8979 3.7348 3.8448 3.9125 4.0736 4.3029 3.8780 4.2579 4.4434 4.5241 4.2331 4.8089 4.9455
4.6916 4.5321 4.6508 4.6472 4.7155 3.9615 4.2896 4.3010 4.2230 4.0648 4.1823 4.3451 4.0892 4.0476 4.3571 4.0333 4.1560 4.3806 4.4546 4.2262
4.5612 4.4065 4.7353 4.9011 4.4817 4.3569 4.5357 4.5657 4.6361 4.1199 4.2959 4.2868 3.8214 4.0263 4.0370 4.1862 4.1904 3.9347 4.3689 4.4731
4.3249 4.6465 4.6702 4.6576 4.8285 4.4028 4.7571 4.6615 4.8186 4.6680 4.4421 4.5962 4.1039 3.8705 4.1209 4.0740 4.3312 4.3759 4.6079 4.4517
4.6452 4.3392 4.7027 4.5119 4.7401 4.8138 4.7735 5.0479 5.2918 5.0871 5.1347 4.9327 4.6658 4.1545 4.1624 4.3952 4.6226 4.2614 4.6295 4.5405
4.9671 4.8233 4.7692 4.5295 5.2287 5.1883 5.0105 5.2866 5.5976 5.4873 5.6392 5.6091 5.2640 4.7799 4.1993 4.3810 4.8026 4.5459 4.5732 4.4062
5.0400 4.8422 4.9784 4.9793 5.3702 5.7546 5.7963 5.6606 5.9137 5.9874 6.0911 5.9333 5.3900 5.1939 4.6162 4.8345 4.9018 4.9948 4.7383 4.6318
5.2686 5.2151 5.5149 5.9593 5.9578 5.6088 5.6693 5.8688 6.2180 6.2558 6.2063 5.8646 5.6466 5.7008 5.1340 5.0934 5.2389 5.1243 5.0806 4.9809
5.2776 5.5611 5.7667 6.1143 0.0251 0.1638 5.9394 6.2343 5.9067 6.2706 0.0159 6.1512 0.0502 5.9536 5.2852 5.4420 5.1492 5.5266 5.3131 5.3841
6.0181 5.7975 5.7744 6.1314 0.2265 0.3187 0.0917 0.3289 0.2525 0.2588 0.0050 0.2346 0.0520 6.1167 5.7166 5.7307 5.6024 5.4551 5.2905 5.8358
5.8126 5.9655 6.0624 0.0030 0.1322 0.4787 0.5863 0.4799 0.5320 0.1418 0.1897 0.2169 0.1120 6.1548 5.9180 5.7619 5.8656 5.8070 5.6318 5.9090
6.2579 6.1287 0.1236 0.2637 0.4551 0.4891 0.8755 0.9043 0.6900 0.3482 0.4191 0.3499 0.3020 0.2166 6.1966 6.1927 5.8274 6.2462 6.1956 5.9669
