1.8082 1.4985 1.4852 0.7502 0.5643 0.0051 0.4715 0.1335 0.2147 0.2212 0.4243 0.5205 0.5235 0.8712 0.8398 0.7812 1.2876 1.2906 1.6570 1.8240
1.4231 1.6240 1.5795 0.8558 0.8395 0.3199 0.4507 0.5199 0.2103 0.6229 0.2666 0.3997 0.4008 0.6006 0.7905 1.0505 1.4298 1.3998 1.5188 1.3346
1.2111 1.4670 1.1627 0.9605 1.0759 0.5394 0.6360 0.9289 0.4546 0.3551 0.1574 0.3355 0.5737 0.8349 0.9023 0.9303 1.4144 1.4454 1.5286 1.4995
1.3755 1.2820 1.1754 1.2267 1.1066 1.0267 0.8356 0.8576 0.5669 0.9113 0.5651 0.8488 0.8487 0.7673 0.7666 1.1450 1.4505 1.5599 1.3134 1.3804
1.5423 1.3729 1.4405 1.0021 1.0194 0.7774 0.7697 0.7813 0.2989 0.7617 0.5730 0.8097 0.8563 0.8372 0.8478 1.0919 1.3901 1.5047 1.1277 1.2542
1.3734 0.9565 0.8631 0.7657 0.6899 0.8960 0.6049 0.7370 0.7989 0.6522 0.7096 0.7317 0.8017 0.8179 1.0284 1.1343 1.3269 1.2142 1.0619 1.1646
0.8416 1.1157 1.1417 0.7308 0.5636 0.6185 0.7464 0.7869 0.7540 0.5574 0.7374 1.0868 0.9897 0.7973 1.1070 1.0213 1.2243 1.2109 1.2670 1.1503
0.5852 0.7897 0.7304 0.5079 0.5780 0.6465 0.7890 0.7731 0.8540 0.7759 0.5636 0.7861 0.8618 0.9681 1.3383 1.1868 1.1645 0.8154 0.9760 0.9936
0.4616 0.3535 0.0164 0.0847 0.5874 0.5980 0.4439 0.5683 0.6725 0.6162 0.6049 0.9226 0.9466 1.0869 1.0234 0.8554 0.8159 0.5658 0.4769 0.6011
0.3484 0.0946 6.1583 6.2573 6.2740 0.0882 0.2511 0.2358 0.3464 0.1564 0.4876 0.6393 0.5608 0.6486 0.3217 0.4958 0.2556 6.2776 0.2175 0.0586
6.1288 5.9719 6.0042 6.0415 6.0139 6.0389 6.0536 6.2804 6.2467 0.0048 0.1511 0.2969 6.2098 0.1820 0.4446 0.3032 6.0944 5.9444 6.0176 5.8175
5.8471 5.5942 5.5670 5.6333 5.8736 6.1620 5.7949 5.9186 5.7664 6.0676 6.0960 5.9544 6.1998 6.1419 6.2337 6.1860 6.0202 6.0210 5.9272 5.8612
5.4515 5.4383 5.6292 5.4815 5.4791 5.6384 5.7114 6.0015 5.7377 5.7930 5.9332 5.9705 6.2754 6.0967 5.9352 6.1731 6.1454 5.9834 5.9850 5.9529
4.7176 4.9495 5.1636 5.0251 5.3555 5.3318 5.4690 5.7736 5.9073 6.0319 5.7894 6.0466 6.2741 0.0157 5.8791 5.9236 6.2667 0.0054 6.1123 5.7356
4.2162 4.3462 4.8437 4.8230 5.0108 5.3252 5.4071 5.5841 5.7933 5.6747 5.5625 5.9364 6.0599 6.2770 0.1728 0.0418 0.1569 0.3312 0.2884 6.0655
3.4348 3.7642 4.1510 4.2320 4.9685 4.9803 5.3623 5.5793 5.8052 5.5253 6.0139 6.2710 0.0765 0.1069 0.0452 0.3285 0.3682 0.7014 1.5466 2.3643
2.9731 3.2149 3.8908 4.8820 5.1374 5.3135 5.6058 5.5594 5.7923 5.6562 5.8698 6.1599 6.1643 0.0670 0.4646 0.6475 0.9109 1.1585 1.6790 2.1776
2.2010 1.9434 1.7356 0.2690 5.8659 5.6310 5.5331 5.8016 5.4898 5.9019 6.2195 5.9332 0.1401 0.3507 0.5964 0.8593 1.3891 1.5842 1.9670 1.9277
1.5905 1.4613 1.3657 0.6281 0.2370 5.8477 5.9277 6.1467 5.9846 6.0861 6.2537 0.0141 0.1343 0.1077 0.6333 1.0669 1.2747 1.3621 1.7109 1.9360
1.7739 1.4455 1.1618 0.4304 0.2931 0.0163 6.1515 0.0626 0.0612 0.0786 6.0451 0.2896 0.5962 0.4500 0.1504 1.0034 0.9410 1.2667 1.7903 1.6518
