0.3551 0.2081 0.7362 0.7510 0.7348 0.8710 1.1550 1.0050 1.0151 0.7872 0.6931 0.5416 0.7016 0.2350 0.4601 0.3110 6.2638 0.0439 0.1210 0.1884
0.4043 0.5021 1.0632 1.4911 1.5450 1.2637 1.3133 1.3891 0.9528 1.1724 0.6527 0.8494 0.7876 0.2151 0.4048 0.2480 0.0763 6.0910 0.2705 0.1137
6.2090 0.7522 1.3345 1.3987 1.6849 1.3510 1.2811 1.3662 1.5010 1.5486 1.1293 0.5878 0.3619 0.5491 0.3180 0.1085 6.1930 6.0525 6.0744 5.8778
5.8583 0.3789 1.3871 1.6728 1.7150 1.8052 1.6630 1.2398 1.3580 1.4753 1.4030 0.9834 0.3302 0.5393 0.5749 0.0344 0.2081 5.9513 5.9729 5.8254
5.7992 1.0796 1.2354 1.5725 1.6700 1.5968 1.8906 1.6480 1.4229 1.4355 1.2657 1.2609 0.6041 0.8551 0.6277 0.5264 0.1367 6.0329 5.6136 5.5093
4.2354 3.0185 2.2744 2.3933 1.8000 1.7448 1.8323 1.4368 1.3648 1.2101 1.2453 1.0442 0.7606 0.9615 0.6361 0.9319 1.4436 3.2645 4.2149 4.4819
3.7083 3.3627 3.1844 2.7495 2.3662 1.7328 1.9219 1.6563 1.7057 1.4074 1.4037 1.4073 1.1149 1.0245 0.9601 1.2486 1.7066 2.3979 3.4133 3.9736
3.8937 3.4326 3.4193 2.8239 2.6545 2.1315 2.1321 2.0565 1.7980 1.4776 1.1495 1.1057 0.7994 1.1472 1.5226 1.4233 1.8153 2.3832 3.4168 3.7265
3.9022 3.8044 3.8127 3.0498 2.9779 2.7226 2.4145 1.8956 1.7766 1.5951 1.2932 1.2059 0.8576 0.9966 0.8777 1.2489 1.5213 1.7102 3.4576 3.9392
4.6179 3.9434 3.9053 3.4949 3.3017 2.6675 2.2199 1.8276 1.4568 1.4614 1.4607 1.0124 0.5306 0.9509 1.1046 0.8476 0.8606 0.3080 4.9279 4.7877
4.8345 4.3862 3.9142 4.0255 3.4695 3.0576 1.8199 1.8554 1.3005 1.2213 1.1130 1.0271 0.8901 0.7855 0.5626 0.5945 0.4202 6.2129 5.6527 5.0623
4.9439 4.7339 4.5042 4.6817 4.0447 2.7442 1.8329 1.3984 1.0122 0.8873 0.9412 0.7874 0.6266 0.1517 6.2304 0.0226 6.2579 5.9220 5.6352 5.3161
5.0384 4.8402 5.0329 5.2405 5.5977 0.0715 0.4172 0.5469 0.8717 0.8411 0.5028 0.3461 0.1824 0.0502 6.0706 6.0365 5.7187 5.9019 5.7804 5.4979
5.5612 5.4845 5.7360 5.6546 5.7126 0.0233 0.1882 0.2914 0.4303 0.4200 0.3295 0.1145 6.1971 6.0736 5.9912 6.1101 5.9751 5.9476 5.8413 5.5715
5.5365 5.4297 5.5231 5.8410 5.9247 0.0299 0.1448 0.0516 0.1431 0.1460 0.5209 0.3458 0.2684 6.2688 5.6694 5.8966 6.0908 6.1855 5.8820 5.8659
6.0300 5.9576 6.0055 5.9587 6.1882 6.1315 0.0450 0.1068 0.1085 6.1390 6.2285 0.1155 0.0140 0.2247 6.1376 6.0220 6.1142 5.8909 6.2173 5.8351
0.1431 0.1563 6.2420 6.2463 6.2230 0.0168 0.2155 0.1454 0.3260 6.2406 0.3220 0.2855 6.0378 6.1160 6.0613 6.0419 6.1535 5.6258 6.2618 6.0795
6.1257 0.2265 0.4258 0.3471 0.2135 0.5887 0.4755 0.0824 0.1927 6.2242 0.2699 0.3065 0.0803 6.2199 0.0000 6.1686 5.8446 6.1293 6.2195 6.2099
0.2345 0.6504 0.5813 0.5296 0.6234 0.7716 0.3498 0.5938 0.2835 0.4770 0.6189 0.5307 0.4261 6.2295 0.1053 6.2582 6.0657 6.2185 0.0621 0.0479
0.3001 0.6513 0.6481 0.9314 0.9285 0.6871 1.0162 0.8785 0.8371 0.6148 0.6852 0.6079 0.3956 0.3336 0.1430 0.3052 6.2099 6.1715 0.2336 0.1435
