1.6422 1.4950 1.4067 1.1402 1.8048 2.1921 2.6387 3.5089 4.9698 5.3116 5.4842 5.4350 5.2921 5.0017 3.9641 3.3403 2.7560 2.5135 2.1923 1.8727
1.4148 1.6153 1.3229 1.6044 1.5960 1.8821 1.6202 1.4918 0.0557 5.9178 5.9796 5.8116 5.3369 5.1850 3.2767 2.6414 2.4707 2.2792 1.9320 1.2861
1.4033 1.3616 1.0269 1.3209 1.6009 1.5363 1.4173 1.1024 0.5549 0.1000 0.0659 0.0862 6.1248 0.0459 1.1051 1.8983 1.7079 1.9632 1.8254 1.8035
1.2307 1.0265 1.0580 1.2280 1.2265 0.9750 0.9878 0.6880 0.4153 0.1825 0.3274 0.0720 0.1710 0.2601 0.5943 0.8939 1.1988 1.5876 1.3446 1.3753
1.1156 1.1104 1.1664 1.0424 1.0401 1.1919 1.1605 0.8227 0.3751 0.2748 0.2322 0.3870 0.6051 0.1841 0.1417 0.5887 0.7185 1.1082 1.3338 1.2064
1.1398 1.4293 1.2424 1.1732 1.1556 1.2178 1.1356 1.2357 1.0177 0.8851 0.3127 0.5734 0.5906 0.4125 0.5254 0.9547 1.1290 0.9652 0.9535 1.0621
0.6313 0.7375 0.9828 1.1437 0.9254 1.1522 1.0496 0.9854 1.1964 1.0515 0.5669 0.2690 0.4457 0.4876 0.5157 0.3871 0.6552 0.7680 0.6998 1.0303
0.3375 0.4427 0.2042 0.6587 0.7837 0.8319 0.9251 0.6023 0.6649 0.9985 0.5807 0.4647 0.1740 0.3359 0.2660 0.5331 0.4634 0.6940 0.9292 0.7337
0.1837 0.6581 0.5126 0.4214 0.4446 0.5218 0.5250 0.5035 0.7833 0.6312 0.3197 0.0281 0.1087 0.0518 0.0080 0.2881 0.1905 0.4302 0.4213 0.6369
6.1974 0.2955 0.2185 0.1471 0.1599 0.4965 0.3455 0.4538 0.2641 0.1894 0.1445 0.0093 6.2161 6.1614 6.0353 6.1039 6.1143 0.2832 0.0200 0.2846
5.9902 6.1176 5.8342 0.2584 0.0089 0.1790 0.1554 0.1402 6.0770 5.9661 6.0133 6.1595 6.1786 5.8622 6.0161 0.1525 0.0276 6.1787 5.9385 6.0027
5.5108 5.7421 5.6253 6.0605 5.7393 5.8670 6.2316 6.1271 6.0686 5.9623 6.1327 5.8911 5.5992 5.5695 5.6466 5.8158 5.7771 5.9751 5.6500 5.4574
5.6250 5.6360 5.8910 6.0389 5.7124 5.7822 5.5098 5.7539 5.5972 5.7007 5.9082 6.2239 5.6004 5.5477 5.8170 5.7999 5.6115 5.6902 5.5266 5.4088
5.2522 5.2736 5.8470 5.8566 5.9289 5.8347 5.8209 5.3468 5.7565 5.6675 5.3440 5.8043 5.7157 5.4982 5.5494 5.3990 5.5050 5.5824 5.3467 5.4012
5.4833 5.5875 5.6307 5.9415 5.7806 5.6124 5.5945 5.4331 5.4910 5.1186 5.2506 5.4150 5.2531 5.1639 4.9437 5.0622 5.1327 5.1135 5.4527 5.4961
5.7985 5.8665 5.7436 5.8918 5.4833 5.5502 5.2988 4.9037 5.4220 5.3670 5.2590 5.2239 5.1763 4.7863 4.9435 4.8372 4.7107 4.8465 5.1494 5.1332
6.0717 0.1497 6.1490 5.8633 5.7228 5.4172 5.0509 4.8847 4.7977 5.1451 5.2030 4.7860 4.9703 4.7796 4.6829 4.4915 4.5542 4.3268 4.8230 5.0461
6.0723 0.1666 6.1793 0.3100 5.9381 5.1536 4.8205 4.4870 4.9001 4.9070 5.2207 4.6318 4.7530 4.9048 4.6034 4.4041 4.1957 4.0533 4.1423 4.7427
0.9878 0.5320 0.4475 0.4123 0.1325 5.7599 4.4597 4.3326 4.5921 5.0048 5.2482 4.9737 4.9351 4.9436 4.6373 3.8956 3.7342 3.4446 3.1019 2.4958
1.3906 1.1245 1.1466 0.8682 0.8540 1.5767 3.4372 4.1320 4.8652 5.1785 5.3810 4.8872 5.1921 4.7029 4.1757 3.7032 3.3629 2.8143 2.6798 2.2658
