0 1
0 2
0 3
0 4
0 5
0 6
0 7
0 14
0 15
0 17
0 18
0 19
0 20
0 26
0 27
0 28
0 31
0 32
0 33
0 34
0 37
0 38
0 39
1 1
1 2
1 3
1 4
1 5
1 13
1 14
1 15
1 16
1 17
1 18
1 19
1 20
1 26
1 27
1 28
1 31
1 38
1 39
1 40
1 41
2 0
2 1
2 2
2 3
2 4
2 13
2 14
2 15
2 16
2 17
2 18
2 19
2 20
2 23
2 26
2 27
2 32
2 36
2 37
2 38
2 39
2 40
2 41
2 42
2 44
2 47
3 0
3 1
3 2
3 3
3 4
3 10
3 16
3 17
3 18
3 19
3 20
3 28
3 35
3 36
3 37
3 38
3 39
3 40
3 41
3 42
3 44
3 45
3 47
4 0
4 1
4 3
4 7
4 16
4 18
4 19
4 20
4 21
4 26
4 27
4 29
4 33
4 34
4 35
4 36
4 37
4 38
4 39
4 40
4 41
4 42
4 43
4 44
4 45
4 46
4 47
4 49
5 0
5 7
5 15
5 16
5 20
5 21
5 22
5 23
5 26
5 27
5 28
5 29
5 30
5 31
5 32
5 33
5 34
5 35
5 37
5 38
5 39
5 42
5 43
5 44
5 45
5 46
5 47
5 48
5 49
6 0
6 15
6 16
6 18
6 20
6 21
6 22
6 23
6 24
6 26
6 28
6 29
6 30
6 31
6 32
6 33
6 34
6 35
6 36
6 37
6 38
6 41
6 42
6 43
6 45
6 46
6 47
6 48
7 0
7 11
7 12
7 15
7 16
7 21
7 22
7 23
7 25
7 28
7 29
7 30
7 31
7 32
7 33
7 34
7 35
7 36
7 37
7 38
7 40
7 41
7 42
7 44
7 45
7 46
7 47
7 48
8 15
8 16
8 19
8 22
8 23
8 24
8 25
8 28
8 29
8 30
8 31
8 32
8 34
8 35
8 36
8 37
8 40
8 41
8 42
8 45
8 46
9 0
9 1
9 15
9 16
9 19
9 20
9 21
9 22
9 23
9 24
9 30
9 31
9 32
9 33
9 34
9 37
9 42
9 43
9 45
9 46
9 48
9 49
10 0
10 1
10 2
10 3
10 18
10 19
10 20
10 21
10 22
10 23
10 24
10 30
10 31
10 32
10 34
10 35
10 37
10 39
10 41
10 43
10 44
10 45
10 46
11 0
11 1
11 2
11 3
11 18
11 19
11 20
11 21
11 22
11 23
11 32
11 43
11 44
12 0
12 1
12 2
12 3
12 18
12 19
12 20
12 22
12 42
12 43
12 44
12 49
13 0
13 1
13 2
13 3
13 7
13 10
13 22
13 23
13 40
13 41
13 42
13 43
13 46
13 47
13 48
13 49
14 0
14 1
14 2
14 3
14 4
14 5
14 8
14 9
14 10
14 23
14 34
14 41
14 42
14 43
14 44
14 46
14 47
14 48
14 49
15 1
15 2
15 3
15 4
15 5
15 6
15 8
15 9
15 12
15 23
15 26
15 27
15 41
15 42
15 43
15 44
15 45
15 47
15 48
15 49
16 0
16 2
16 3
16 5
16 6
16 7
16 8
16 9
16 10
16 15
16 24
16 27
16 41
16 42
16 43
16 44
16 45
16 46
16 48
16 49
17 0
17 2
17 3
17 4
17 5
17 6
17 7
17 8
17 9
17 10
17 14
17 16
17 20
17 27
17 28
17 29
17 30
17 31
17 36
17 41
17 42
17 43
17 46
17 48
17 49
18 0
18 1
18 2
18 3
18 4
18 5
18 6
18 7
18 8
18 9
18 10
18 11
18 20
18 21
18 26
18 27
18 28
18 29
18 30
18 31
18 32
18 35
18 41
18 46
18 49
19 0
19 1
19 2
19 3
19 4
19 5
19 6
19 7
19 8
19 9
19 10
19 16
19 18
19 19
19 23
19 24
19 25
19 26
19 27
19 28
19 29
19 30
19 31
19 32
19 33
20 0
20 2
20 3
20 4
20 5
20 6
20 7
20 8
20 9
20 10
20 16
20 18
20 19
20 22
20 23
20 24
20 27
20 29
20 30
20 31
20 32
21 0
21 2
21 3
21 4
21 5
21 6
21 7
21 8
21 9
21 10
21 11
21 12
21 13
21 16
21 17
21 18
21 19
21 20
21 21
21 22
21 23
21 24
21 30
21 31
21 32
21 41
21 45
22 0
22 1
22 2
22 5
22 6
22 7
22 8
22 10
22 11
22 12
22 13
22 14
22 15
22 16
22 17
22 18
22 19
22 20
22 21
22 22
22 23
22 24
22 29
22 30
22 31
22 32
22 35
22 49
23 0
23 1
23 2
23 3
23 4
23 5
23 6
23 7
23 8
23 9
23 10
23 11
23 12
23 13
23 14
23 16
23 17
23 22
23 23
23 24
23 27
23 28
23 29
23 31
23 49
24 0
24 1
24 2
24 3
24 4
24 5
24 6
24 8
24 9
24 10
24 11
24 12
24 13
24 14
24 15
24 16
24 17
24 18
24 20
24 22
24 23
24 24
24 25
24 26
24 27
24 28
24 29
24 30
24 31
24 32
24 38
24 43
24 44
24 47
24 49
25 0
25 1
25 2
25 3
25 4
25 5
25 6
25 7
25 10
25 11
25 13
25 14
25 15
25 16
25 17
25 18
25 22
25 23
25 24
25 25
25 26
25 27
25 28
25 29
25 30
25 32
25 33
25 34
25 35
25 36
25 38
25 39
25 41
25 42
25 43
25 44
25 45
25 47
25 48
25 49
26 0
26 1
26 2
26 3
26 5
26 6
26 7
26 9
26 10
26 11
26 12
26 13
26 14
26 15
26 16
26 17
26 18
26 19
26 20
26 21
26 23
26 24
26 25
26 26
26 27
26 28
26 29
26 30
26 32
26 33
26 34
26 35
26 36
26 38
26 39
26 40
26 41
26 42
26 44
26 45
26 46
26 47
26 48
26 49
27 0
27 1
27 2
27 3
27 4
27 5
27 6
27 7
27 8
27 9
27 10
27 11
27 14
27 15
27 16
27 17
27 18
27 19
27 20
27 21
27 22
27 23
27 25
27 26
27 27
27 32
27 33
27 34
27 35
27 36
27 39
27 40
27 41
27 42
27 44
27 45
27 46
27 47
27 48
27 49
28 0
28 1
28 2
28 3
28 4
28 5
28 6
28 7
28 8
28 9
28 10
28 11
28 12
28 14
28 15
28 16
28 18
28 19
28 20
28 21
28 22
28 23
28 24
28 25
28 26
28 27
28 28
28 31
28 32
28 33
28 34
28 35
28 38
28 39
28 40
28 41
28 42
28 45
28 46
28 47
29 0
29 1
29 5
29 7
29 8
29 9
29 10
29 11
29 12
29 13
29 14
29 15
29 19
29 20
29 21
29 22
29 23
29 24
29 25
29 27
29 28
29 32
29 34
29 35
29 36
29 37
29 38
29 39
29 40
29 41
29 42
29 43
29 45
29 47
29 48
29 49
30 0
30 1
30 2
30 8
30 9
30 10
30 11
30 12
30 14
30 15
30 19
30 20
30 21
30 22
30 23
30 24
30 25
30 26
30 27
30 28
30 29
30 34
30 35
30 36
30 43
30 44
30 45
30 46
30 47
30 48
30 49
31 0
31 7
31 8
31 9
31 10
31 11
31 12
31 14
31 19
31 20
31 21
31 22
31 23
31 24
31 25
31 26
31 27
31 34
31 44
31 45
31 46
31 47
31 48
31 49
32 0
32 1
32 4
32 8
32 9
32 10
32 11
32 12
32 19
32 20
32 21
32 22
32 23
32 24
32 25
32 26
32 27
32 28
32 35
32 41
32 43
32 44
32 45
32 46
32 47
32 48
32 49
33 8
33 9
33 10
33 11
33 12
33 21
33 22
33 23
33 24
33 25
33 28
33 31
33 32
33 33
33 35
33 42
33 43
33 44
33 45
33 46
33 47
33 48
34 3
34 9
34 10
34 12
34 13
34 18
34 19
34 20
34 21
34 22
34 23
34 24
34 25
34 28
34 29
34 30
34 31
34 32
34 33
34 35
34 36
34 37
34 38
34 39
34 40
34 41
34 42
34 43
34 44
35 3
35 6
35 7
35 8
35 9
35 10
35 12
35 13
35 14
35 20
35 21
35 22
35 23
35 25
35 26
35 27
35 28
35 29
35 31
35 32
35 33
35 34
35 35
35 36
35 37
35 38
35 39
35 40
35 41
35 42
35 43
35 44
35 45
35 46
36 1
36 10
36 11
36 12
36 13
36 14
36 15
36 21
36 22
36 23
36 24
36 26
36 27
36 28
36 29
36 30
36 31
36 32
36 33
36 34
36 35
36 36
36 37
36 38
36 39
36 40
36 42
36 43
36 44
36 45
36 47
36 48
37 8
37 10
37 11
37 12
37 13
37 21
37 22
37 23
37 24
37 25
37 26
37 27
37 28
37 29
37 30
37 31
37 32
37 33
37 34
37 35
37 36
37 37
37 38
37 39
37 40
37 41
37 42
37 43
37 44
37 45
37 46
37 47
37 48
37 49
38 7
38 8
38 9
38 10
38 11
38 12
38 13
38 14
38 20
38 21
38 22
38 23
38 24
38 25
38 26
38 27
38 28
38 29
38 30
38 31
38 32
38 33
38 34
38 35
38 36
38 37
38 38
38 39
38 40
38 41
38 42
38 43
38 44
38 45
38 46
38 47
39 2
39 3
39 4
39 5
39 6
39 7
39 9
39 10
39 11
39 12
39 13
39 14
39 22
39 23
39 24
39 26
39 27
39 28
39 29
39 30
39 31
39 32
39 33
39 34
39 36
39 37
39 41
39 42
39 44
39 45
39 46
39 47
40 0
40 1
40 4
40 5
40 6
40 7
40 12
40 13
40 14
40 19
40 20
40 21
40 22
40 23
40 24
40 25
40 26
40 34
40 35
40 36
40 37
40 39
40 40
40 41
40 42
40 45
40 47
41 0
41 3
41 4
41 5
41 6
41 7
41 10
41 11
41 12
41 13
41 21
41 22
41 23
41 24
41 34
41 35
41 36
41 37
41 41
41 42
41 46
42 1
42 2
42 3
42 4
42 5
42 6
42 7
42 9
42 10
42 11
42 12
42 13
42 21
42 22
42 23
42 27
42 28
42 35
42 36
42 37
42 40
43 1
43 2
43 4
43 9
43 10
43 11
43 12
43 13
43 14
43 15
43 16
43 17
43 18
43 19
43 20
43 21
43 22
43 23
43 24
43 29
43 38
43 39
43 40
43 47
44 1
44 2
44 3
44 4
44 12
44 13
44 14
44 15
44 16
44 17
44 18
44 19
44 20
44 21
44 22
44 23
44 24
44 29
44 35
44 39
44 40
44 41
44 42
44 43
44 44
44 46
45 0
45 2
45 11
45 12
45 13
45 14
45 15
45 16
45 17
45 18
45 19
45 20
45 21
45 22
45 23
45 24
45 25
45 26
45 32
45 35
45 36
45 37
45 38
45 39
45 42
45 43
45 49
46 0
46 1
46 2
46 5
46 11
46 12
46 13
46 15
46 16
46 17
46 18
46 19
46 20
46 21
46 24
46 25
46 32
46 34
46 35
46 36
46 37
46 38
46 39
46 40
46 41
46 42
46 43
46 49
47 1
47 5
47 6
47 11
47 12
47 15
47 17
47 24
47 25
47 26
47 32
47 33
47 37
47 38
47 39
47 41
47 44
47 49
48 6
48 15
48 22
48 25
48 26
48 28
48 32
48 37
48 38
48 39
48 42
48 43
48 44
48 47
48 49
49 0
49 1
49 2
49 3
49 4
49 5
49 6
49 7
49 15
49 16
49 19
49 20
49 24
49 25
49 26
49 27
49 29
49 32
49 33
49 34
49 37
49 38
49 39
49 43
49 47
49 48
