0 5
0 6
0 7
0 8
0 9
0 10
0 11
0 24
0 29
0 31
0 32
0 36
0 39
0 40
0 42
0 43
0 44
0 46
0 47
1 3
1 4
1 5
1 6
1 7
1 8
1 9
1 10
1 11
1 12
1 13
1 15
1 18
1 19
1 23
1 24
1 28
1 29
1 30
1 31
1 33
1 34
1 35
1 38
1 39
1 40
1 41
1 42
1 43
1 44
1 46
1 47
1 48
1 49
2 3
2 4
2 5
2 6
2 7
2 8
2 10
2 12
2 13
2 14
2 15
2 18
2 31
2 33
2 34
2 35
2 38
2 39
2 40
2 41
2 42
2 43
2 45
2 46
2 47
2 48
2 49
3 0
3 1
3 2
3 3
3 4
3 5
3 6
3 7
3 8
3 9
3 10
3 11
3 12
3 13
3 14
3 15
3 20
3 33
3 34
3 35
3 37
3 38
3 39
3 40
3 41
3 42
3 43
3 46
3 47
3 48
3 49
4 0
4 1
4 2
4 3
4 4
4 5
4 9
4 10
4 11
4 12
4 13
4 14
4 15
4 22
4 28
4 31
4 33
4 34
4 35
4 36
4 37
4 38
4 41
4 42
4 43
4 45
4 46
4 47
4 48
5 0
5 1
5 2
5 3
5 4
5 5
5 11
5 12
5 25
5 26
5 27
5 28
5 29
5 30
5 31
5 33
5 34
5 36
5 37
5 38
5 39
5 40
5 41
5 42
5 43
5 44
5 45
5 46
5 47
5 48
5 49
6 0
6 1
6 2
6 3
6 4
6 5
6 6
6 7
6 11
6 12
6 13
6 14
6 24
6 26
6 27
6 28
6 29
6 30
6 31
6 32
6 33
6 34
6 39
6 40
6 41
6 44
6 45
6 46
6 48
6 49
7 0
7 1
7 2
7 4
7 6
7 7
7 8
7 9
7 10
7 11
7 12
7 13
7 14
7 18
7 19
7 24
7 25
7 26
7 27
7 28
7 29
7 30
7 31
7 32
7 33
7 34
7 38
7 39
7 40
7 44
7 45
7 48
7 49
8 0
8 1
8 2
8 9
8 10
8 11
8 12
8 13
8 24
8 26
8 27
8 28
8 29
8 30
8 31
8 32
8 33
8 36
8 38
8 39
8 40
8 41
8 44
8 45
8 49
9 0
9 1
9 2
9 10
9 11
9 13
9 14
9 20
9 25
9 26
9 27
9 29
9 30
9 31
9 32
9 33
9 37
9 38
9 39
9 40
9 41
9 43
9 44
9 45
9 46
9 47
9 48
9 49
10 0
10 1
10 2
10 13
10 14
10 15
10 16
10 23
10 24
10 25
10 26
10 27
10 28
10 29
10 31
10 35
10 36
10 37
10 38
10 39
10 40
10 41
10 42
10 43
10 44
10 45
10 46
10 47
10 48
10 49
11 0
11 1
11 2
11 12
11 13
11 14
11 15
11 16
11 18
11 23
11 24
11 25
11 26
11 27
11 28
11 29
11 30
11 31
11 35
11 36
11 37
11 38
11 39
11 40
11 41
11 42
11 43
11 44
11 45
11 46
11 47
11 49
12 0
12 1
12 8
12 9
12 10
12 11
12 12
12 13
12 14
12 15
12 16
12 17
12 23
12 24
12 27
12 29
12 30
12 31
12 33
12 34
12 35
12 37
12 38
12 39
12 40
12 41
12 43
12 44
12 45
12 46
12 49
13 0
13 8
13 9
13 10
13 11
13 12
13 13
13 14
13 15
13 23
13 24
13 34
13 35
13 36
13 37
13 38
13 39
13 40
13 41
13 42
13 43
13 44
13 45
13 46
13 47
13 48
13 49
14 7
14 8
14 9
14 10
14 11
14 12
14 15
14 24
14 25
14 34
14 35
14 36
14 37
14 38
14 39
14 40
14 41
14 42
14 43
14 44
14 45
14 46
14 47
14 48
14 49
15 4
15 6
15 7
15 8
15 9
15 10
15 11
15 13
15 14
15 15
15 17
15 18
15 24
15 32
15 34
15 35
15 36
15 37
15 38
15 39
15 40
15 41
15 43
15 44
15 47
15 48
16 4
16 5
16 6
16 7
16 8
16 9
16 10
16 11
16 12
16 13
16 14
16 15
16 16
16 17
16 18
16 19
16 23
16 24
16 30
16 31
16 34
16 35
16 36
16 37
16 38
16 39
16 40
16 43
16 44
16 47
16 48
17 4
17 6
17 7
17 8
17 9
17 10
17 11
17 12
17 13
17 14
17 15
17 16
17 17
17 18
17 19
17 22
17 30
17 31
17 32
17 33
17 34
17 35
17 37
17 38
17 39
17 40
17 41
17 42
17 43
17 46
17 47
18 6
18 7
18 8
18 9
18 10
18 11
18 12
18 13
18 14
18 15
18 16
18 17
18 18
18 19
18 20
18 21
18 22
18 23
18 30
18 31
18 32
18 33
18 34
18 35
18 37
18 39
18 40
18 41
18 42
18 43
18 44
18 46
19 6
19 7
19 8
19 12
19 14
19 15
19 17
19 18
19 19
19 20
19 21
19 22
19 23
19 24
19 27
19 28
19 30
19 32
19 33
19 34
19 35
19 36
19 37
19 38
19 39
19 40
19 41
19 42
19 43
19 44
19 45
19 46
19 47
19 48
20 1
20 6
20 7
20 8
20 14
20 15
20 18
20 20
20 21
20 23
20 24
20 25
20 26
20 27
20 28
20 29
20 30
20 31
20 32
20 33
20 34
20 35
20 36
20 37
20 38
20 39
20 40
20 41
20 42
20 43
20 45
20 46
20 47
20 48
20 49
21 1
21 2
21 6
21 7
21 8
21 19
21 20
21 21
21 22
21 23
21 27
21 28
21 29
21 30
21 31
21 32
21 33
21 34
21 35
21 36
21 38
21 39
21 40
21 44
21 45
21 46
21 47
21 48
21 49
22 0
22 1
22 2
22 4
22 5
22 7
22 8
22 9
22 10
22 19
22 20
22 21
22 22
22 23
22 28
22 29
22 30
22 31
22 32
22 33
22 34
22 35
22 36
22 39
22 40
22 45
22 46
22 47
22 48
22 49
23 0
23 1
23 2
23 3
23 4
23 5
23 6
23 7
23 8
23 10
23 19
23 20
23 21
23 22
23 23
23 24
23 29
23 30
23 31
23 33
23 34
23 35
23 36
23 37
23 38
23 39
23 45
23 46
23 47
23 48
23 49
24 0
24 1
24 3
24 4
24 5
24 19
24 20
24 21
24 22
24 23
24 24
24 25
24 26
24 33
24 34
24 37
24 38
24 46
24 47
24 48
24 49
25 0
25 1
25 4
25 5
25 7
25 14
25 20
25 21
25 22
25 23
25 24
25 25
25 26
25 47
25 48
25 49
26 0
26 3
26 4
26 5
26 7
26 8
26 9
26 10
26 16
26 20
26 21
26 22
26 23
26 24
26 25
26 26
26 27
26 37
26 49
27 0
27 1
27 3
27 4
27 5
27 6
27 7
27 8
27 9
27 10
27 16
27 18
27 19
27 20
27 21
27 22
27 23
27 24
27 25
27 26
27 27
27 28
27 35
27 36
27 37
27 38
27 39
27 49
28 0
28 6
28 7
28 8
28 9
28 18
28 22
28 23
28 24
28 25
28 26
28 27
28 28
28 29
28 33
28 34
28 35
28 36
28 37
28 38
28 48
28 49
29 0
29 5
29 6
29 7
29 8
29 9
29 20
29 21
29 22
29 23
29 24
29 25
29 26
29 27
29 28
29 31
29 32
29 33
29 34
29 35
29 36
29 37
29 48
29 49
30 0
30 4
30 5
30 6
30 7
30 8
30 10
30 15
30 18
30 19
30 22
30 24
30 25
30 26
30 27
30 28
30 29
30 30
30 31
30 32
30 33
30 34
30 35
30 48
30 49
31 0
31 1
31 4
31 5
31 6
31 7
31 8
31 9
31 10
31 18
31 22
31 23
31 24
31 25
31 27
31 28
31 29
31 30
31 31
31 33
31 35
31 39
31 48
31 49
32 4
32 5
32 6
32 7
32 8
32 9
32 10
32 15
32 16
32 18
32 19
32 20
32 23
32 24
32 25
32 26
32 27
32 28
32 29
32 30
32 31
32 32
32 37
33 0
33 6
33 7
33 8
33 9
33 10
33 12
33 14
33 15
33 16
33 17
33 18
33 19
33 20
33 21
33 22
33 23
33 24
33 25
33 26
33 27
33 29
33 37
33 38
33 43
34 6
34 7
34 8
34 9
34 10
34 13
34 17
34 18
34 19
34 20
34 21
34 22
34 23
34 24
34 38
34 43
34 44
35 6
35 7
35 8
35 9
35 10
35 17
35 18
35 19
35 20
35 21
35 22
35 23
35 24
35 25
35 37
35 39
35 46
36 0
36 4
36 6
36 7
36 8
36 14
36 15
36 17
36 18
36 19
36 20
36 21
36 22
36 23
36 24
36 25
36 30
36 31
36 47
37 0
37 1
37 4
37 7
37 8
37 14
37 15
37 16
37 17
37 18
37 19
37 20
37 21
37 22
37 23
37 25
37 26
37 27
37 30
37 31
38 2
38 5
38 7
38 8
38 9
38 10
38 15
38 16
38 17
38 18
38 19
38 20
38 21
38 22
38 23
38 24
38 25
38 26
38 29
38 30
38 31
38 35
38 36
38 37
38 38
39 4
39 5
39 6
39 7
39 8
39 9
39 12
39 13
39 14
39 15
39 16
39 18
39 19
39 20
39 21
39 22
39 23
39 24
39 25
39 26
39 33
39 34
39 36
39 37
39 38
40 1
40 4
40 5
40 6
40 7
40 8
40 9
40 13
40 14
40 18
40 19
40 20
40 23
40 25
40 26
40 27
40 28
40 33
40 34
40 36
40 37
40 38
40 39
40 42
40 43
40 44
41 3
41 4
41 5
41 6
41 7
41 8
41 9
41 10
41 11
41 14
41 15
41 16
41 17
41 18
41 19
41 20
41 21
41 22
41 23
41 27
41 29
41 30
41 31
41 32
41 33
41 34
41 35
41 36
41 37
41 38
41 39
41 40
41 41
41 42
41 43
41 44
41 45
41 48
42 3
42 5
42 6
42 7
42 8
42 9
42 18
42 19
42 20
42 21
42 27
42 29
42 30
42 34
42 35
42 36
42 37
42 38
42 39
42 40
42 41
42 42
42 43
42 44
42 45
43 3
43 5
43 6
43 8
43 9
43 10
43 11
43 12
43 13
43 17
43 26
43 27
43 36
43 37
43 38
43 40
43 41
43 42
43 43
43 44
43 45
44 4
44 5
44 6
44 11
44 12
44 13
44 14
44 27
44 29
44 36
44 37
44 41
44 42
44 44
44 45
45 0
45 13
45 14
45 20
45 21
45 27
45 28
45 29
45 31
45 36
45 37
45 42
45 43
45 44
45 45
46 0
46 1
46 6
46 13
46 19
46 20
46 21
46 27
46 28
46 29
46 37
46 39
46 40
46 41
46 42
46 44
46 45
47 4
47 5
47 6
47 27
47 28
47 29
47 37
47 38
47 39
47 40
47 41
47 42
47 43
48 4
48 5
48 6
48 8
48 13
48 14
48 19
48 20
48 28
48 34
48 37
48 38
48 40
48 41
48 42
48 43
48 44
49 4
49 5
49 6
49 7
49 8
49 13
49 23
49 24
49 27
49 28
49 30
49 32
49 39
49 40
49 42
49 43
49 44
49 46
49 47
