0 0
0 9
0 10
0 11
0 12
0 13
0 14
0 15
0 19
0 20
0 21
0 23
0 24
0 25
0 26
0 27
0 28
0 30
0 33
0 34
0 35
0 38
0 39
0 40
0 41
0 42
0 43
0 44
0 46
0 47
0 48
0 49
1 0
1 11
1 13
1 14
1 19
1 22
1 23
1 24
1 25
1 26
1 27
1 28
1 29
1 30
1 31
1 32
1 33
1 35
1 36
1 37
1 38
1 39
1 40
1 41
1 42
1 43
1 44
1 45
1 46
1 47
1 48
2 4
2 5
2 13
2 14
2 17
2 19
2 20
2 21
2 22
2 23
2 26
2 27
2 28
2 29
2 30
2 31
2 34
2 35
2 36
2 37
2 38
2 39
2 40
2 41
2 42
2 45
2 46
2 47
3 4
3 8
3 11
3 12
3 13
3 14
3 15
3 17
3 18
3 19
3 20
3 21
3 22
3 23
3 27
3 28
3 29
3 30
3 31
3 37
3 38
3 39
3 40
3 41
3 45
3 46
3 47
3 48
4 1
4 2
4 10
4 11
4 12
4 13
4 14
4 18
4 19
4 20
4 21
4 22
4 29
4 30
4 31
4 32
4 37
4 38
4 39
4 40
4 41
4 42
4 44
4 45
4 47
5 3
5 5
5 10
5 11
5 12
5 13
5 14
5 18
5 19
5 22
5 29
5 30
5 31
5 32
5 33
5 37
5 38
5 39
5 40
5 41
5 44
5 45
6 2
6 11
6 12
6 18
6 30
6 31
6 32
6 33
6 35
6 36
6 37
6 38
6 39
6 40
6 41
6 47
6 48
7 4
7 11
7 16
7 28
7 29
7 30
7 31
7 34
7 35
7 36
7 37
7 38
7 39
7 40
7 41
7 42
8 2
8 10
8 13
8 15
8 16
8 17
8 26
8 28
8 29
8 30
8 31
8 32
8 33
8 34
8 35
8 36
8 37
8 38
8 39
8 40
8 41
8 42
8 44
9 0
9 9
9 10
9 11
9 12
9 13
9 14
9 15
9 17
9 26
9 27
9 28
9 29
9 30
9 31
9 32
9 33
9 34
9 35
9 36
9 37
9 38
9 40
9 41
9 42
9 44
9 45
10 2
10 8
10 10
10 11
10 12
10 13
10 14
10 15
10 26
10 27
10 28
10 29
10 30
10 31
10 32
10 33
10 34
10 35
10 36
10 37
10 40
10 41
10 42
10 43
10 44
11 0
11 1
11 9
11 10
11 11
11 12
11 13
11 14
11 15
11 18
11 23
11 24
11 25
11 26
11 27
11 28
11 29
11 30
11 31
11 32
11 33
11 34
11 35
11 40
11 41
11 42
11 43
11 44
11 46
11 49
12 0
12 1
12 2
12 9
12 10
12 11
12 12
12 14
12 15
12 16
12 17
12 20
12 24
12 27
12 28
12 29
12 30
12 31
12 33
12 34
12 35
12 36
12 37
12 41
12 42
12 43
12 44
12 45
12 46
12 47
12 48
12 49
13 0
13 4
13 6
13 7
13 8
13 9
13 10
13 11
13 12
13 13
13 14
13 15
13 16
13 17
13 20
13 24
13 28
13 29
13 30
13 31
13 32
13 33
13 34
13 35
13 36
13 37
13 38
13 39
13 41
13 42
13 45
13 46
13 49
14 1
14 2
14 3
14 4
14 7
14 8
14 9
14 10
14 11
14 12
14 13
14 14
14 16
14 22
14 27
14 28
14 29
14 30
14 31
14 32
14 33
14 35
14 36
14 37
14 38
14 39
14 40
14 41
14 42
14 45
14 49
15 1
15 2
15 3
15 5
15 7
15 10
15 11
15 12
15 13
15 14
15 16
15 17
15 18
15 21
15 27
15 28
15 29
15 30
15 31
15 32
15 33
15 34
15 35
15 36
15 37
15 38
15 39
15 40
15 41
15 42
15 43
15 44
15 45
15 48
15 49
16 2
16 3
16 5
16 7
16 9
16 10
16 12
16 13
16 14
16 15
16 16
16 17
16 19
16 20
16 21
16 27
16 29
16 30
16 33
16 34
16 35
16 36
16 37
16 38
16 39
16 40
16 41
16 42
16 43
16 44
16 45
16 47
16 48
17 3
17 4
17 5
17 12
17 13
17 14
17 15
17 19
17 20
17 21
17 26
17 27
17 28
17 29
17 30
17 33
17 34
17 35
17 36
17 37
17 38
17 39
17 41
17 42
17 43
17 44
17 45
17 46
17 47
18 4
18 5
18 7
18 8
18 9
18 11
18 23
18 24
18 25
18 26
18 27
18 28
18 29
18 30
18 31
18 33
18 34
18 36
18 37
18 38
18 39
18 40
18 41
18 43
18 46
18 48
19 1
19 4
19 5
19 7
19 8
19 9
19 18
19 21
19 24
19 25
19 26
19 27
19 28
19 29
19 30
19 31
19 32
19 33
19 34
19 36
19 37
19 38
19 39
19 40
19 41
19 46
19 47
20 22
20 23
20 24
20 25
20 27
20 28
20 30
20 31
20 32
20 33
20 34
20 35
20 37
20 38
20 39
20 40
20 41
20 44
20 47
21 14
21 20
21 22
21 23
21 29
21 30
21 31
21 32
21 33
21 34
21 35
21 37
21 38
21 39
21 41
22 18
22 22
22 23
22 30
22 31
22 35
22 37
22 38
22 41
22 42
23 0
23 1
23 18
23 22
23 23
23 24
23 31
23 32
23 33
23 37
23 38
23 42
23 43
23 48
23 49
24 0
24 1
24 9
24 10
24 16
24 17
24 18
24 20
24 21
24 23
24 24
24 25
24 31
24 32
24 33
24 34
24 35
24 36
24 37
24 47
24 48
24 49
25 0
25 1
25 9
25 10
25 11
25 16
25 17
25 18
25 20
25 23
25 24
25 25
25 32
25 35
25 36
25 43
25 44
25 45
25 47
25 48
25 49
26 0
26 1
26 2
26 9
26 10
26 11
26 12
26 17
26 18
26 23
26 24
26 25
26 32
26 36
26 43
26 44
26 45
26 46
26 47
26 48
26 49
27 0
27 1
27 4
27 5
27 9
27 10
27 11
27 17
27 18
27 22
27 23
27 25
27 26
27 42
27 43
27 44
27 45
27 46
27 47
27 48
27 49
28 1
28 2
28 3
28 4
28 5
28 6
28 8
28 9
28 11
28 15
28 16
28 17
28 18
28 19
28 21
28 22
28 23
28 24
28 32
28 39
28 40
28 41
28 42
28 45
28 46
28 47
28 48
28 49
29 1
29 2
29 3
29 4
29 5
29 8
29 9
29 10
29 11
29 14
29 15
29 16
29 17
29 18
29 19
29 20
29 21
29 22
29 23
29 24
29 26
29 27
29 28
29 38
29 39
29 40
29 41
29 42
29 44
29 45
29 46
29 47
29 48
29 49
30 0
30 1
30 2
30 3
30 4
30 5
30 8
30 9
30 12
30 13
30 14
30 15
30 16
30 17
30 18
30 19
30 20
30 21
30 22
30 23
30 24
30 26
30 27
30 28
30 38
30 39
30 40
30 41
30 42
30 43
30 44
30 45
30 46
30 48
30 49
31 0
31 1
31 2
31 3
31 4
31 5
31 6
31 7
31 8
31 9
31 12
31 14
31 15
31 16
31 17
31 18
31 19
31 20
31 21
31 22
31 23
31 24
31 26
31 34
31 35
31 36
31 37
31 38
31 39
31 40
31 41
31 42
31 43
31 44
31 45
31 48
31 49
32 0
32 1
32 2
32 3
32 4
32 5
32 6
32 7
32 8
32 9
32 10
32 14
32 15
32 16
32 17
32 18
32 19
32 20
32 21
32 22
32 23
32 24
32 26
32 32
32 34
32 35
32 36
32 37
32 38
32 39
32 40
32 41
32 42
32 43
32 44
32 46
32 47
32 48
32 49
33 0
33 1
33 2
33 3
33 4
33 5
33 6
33 7
33 8
33 9
33 10
33 11
33 13
33 14
33 15
33 16
33 17
33 18
33 19
33 20
33 21
33 22
33 23
33 24
33 25
33 34
33 35
33 36
33 37
33 38
33 39
33 40
33 41
33 42
33 43
33 44
33 45
33 46
33 48
33 49
34 0
34 1
34 2
34 3
34 4
34 5
34 6
34 7
34 8
34 9
34 10
34 11
34 12
34 13
34 14
34 16
34 17
34 18
34 20
34 21
34 22
34 23
34 24
34 25
34 26
34 27
34 31
34 35
34 37
34 38
34 40
34 41
34 42
34 43
34 44
34 45
34 46
34 47
34 48
34 49
35 0
35 1
35 3
35 4
35 5
35 8
35 9
35 12
35 13
35 14
35 15
35 16
35 17
35 18
35 19
35 20
35 22
35 23
35 24
35 25
35 26
35 27
35 35
35 36
35 37
35 38
35 39
35 40
35 41
35 42
35 43
35 44
35 47
35 48
35 49
36 0
36 1
36 2
36 3
36 4
36 5
36 8
36 9
36 10
36 11
36 12
36 13
36 14
36 15
36 16
36 17
36 19
36 20
36 21
36 22
36 23
36 24
36 25
36 26
36 27
36 28
36 29
36 30
36 33
36 34
36 36
36 37
36 38
36 39
36 42
36 43
36 44
36 48
36 49
37 0
37 1
37 2
37 3
37 4
37 5
37 6
37 7
37 8
37 10
37 11
37 12
37 13
37 14
37 15
37 16
37 17
37 20
37 21
37 22
37 23
37 24
37 25
37 26
37 28
37 29
37 30
37 38
37 41
37 42
37 43
37 48
37 49
38 0
38 1
38 2
38 3
38 4
38 5
38 6
38 7
38 9
38 10
38 11
38 12
38 13
38 14
38 15
38 16
38 22
38 23
38 24
38 25
38 26
38 27
38 28
38 29
38 30
38 39
38 40
38 47
38 48
38 49
39 0
39 1
39 2
39 3
39 4
39 5
39 6
39 8
39 9
39 11
39 12
39 13
39 14
39 15
39 16
39 22
39 23
39 24
39 25
39 26
39 27
39 28
39 37
39 40
39 42
39 47
39 48
39 49
40 0
40 1
40 2
40 3
40 4
40 5
40 9
40 10
40 11
40 12
40 13
40 14
40 15
40 16
40 22
40 23
40 24
40 25
40 26
40 27
40 40
40 41
40 42
41 0
41 1
41 2
41 3
41 4
41 9
41 10
41 12
41 13
41 15
41 16
41 23
41 24
41 25
41 26
41 27
41 30
41 34
41 41
41 42
42 0
42 1
42 2
42 4
42 5
42 6
42 10
42 11
42 12
42 13
42 19
42 22
42 23
42 24
42 25
42 26
42 27
42 29
42 34
42 48
42 49
43 0
43 1
43 2
43 3
43 4
43 5
43 6
43 12
43 13
43 19
43 22
43 23
43 25
43 26
43 27
43 39
43 47
43 48
43 49
44 1
44 2
44 3
44 4
44 5
44 12
44 13
44 23
44 24
44 25
44 26
44 37
44 38
44 39
44 41
44 42
44 43
44 44
44 45
44 46
44 47
44 48
44 49
45 1
45 3
45 4
45 5
45 8
45 13
45 15
45 16
45 17
45 18
45 24
45 25
45 34
45 37
45 38
45 39
45 40
45 41
45 42
45 43
45 44
45 45
45 46
45 47
45 48
46 4
46 5
46 6
46 8
46 9
46 10
46 11
46 16
46 17
46 18
46 21
46 24
46 25
46 34
46 37
46 38
46 39
46 40
46 41
46 42
46 43
46 44
46 45
46 46
46 47
46 48
47 0
47 8
47 9
47 10
47 11
47 15
47 16
47 17
47 18
47 19
47 21
47 22
47 23
47 24
47 25
47 38
47 39
47 40
47 41
47 42
47 43
47 44
47 45
47 46
47 47
47 48
48 0
48 1
48 13
48 14
48 18
48 21
48 22
48 23
48 24
48 25
48 29
48 35
48 37
48 38
48 39
48 40
48 41
48 42
48 43
48 44
48 47
48 48
48 49
49 0
49 10
49 11
49 13
49 14
49 15
49 21
49 22
49 23
49 24
49 25
49 26
49 29
49 37
49 38
49 39
49 40
49 41
49 42
49 43
49 44
49 45
49 46
49 47
49 48
49 49
