2.500000000000000000e-01 2.500000000000000000e-01 5.570000000000000000e+02
2.500000000000000000e-01 7.500000000000000000e-01 8.000000000000000000e+00
2.500000000000000000e-01 1.000000000000000000e+00 4.000000000000000000e+00
2.500000000000000000e-01 1.138889999999999958e+00 2.000000000000000000e+00
2.500000000000000000e-01 1.312500000000000000e+00 1.000000000000000000e+00
2.500000000000000000e-01 2.250000000000000000e+00 2.000000000000000000e+00
2.500000000000000000e-01 2.527779999999999916e+00 1.000000000000000000e+00
2.500000000000000000e-01 2.875000000000000000e+00 1.000000000000000000e+00
2.500000000000000000e-01 4.265620000000000189e+00 1.000000000000000000e+00
5.000000000000000000e-01 0.000000000000000000e+00 6.900000000000000000e+01
5.000000000000000000e-01 5.000000000000000000e-01 1.200000000000000000e+01
5.000000000000000000e-01 7.500000000000000000e-01 8.000000000000000000e+00
5.000000000000000000e-01 8.888899999999999579e-01 2.000000000000000000e+00
5.000000000000000000e-01 1.062500000000000000e+00 1.000000000000000000e+00
5.000000000000000000e-01 2.000000000000000000e+00 4.000000000000000000e+00
1.000000000000000000e+00 2.500000000000000000e-01 2.600000000000000000e+01
1.000000000000000000e+00 3.888900000000000134e-01 1.100000000000000000e+01
1.000000000000000000e+00 5.625000000000000000e-01 3.000000000000000000e+00
1.000000000000000000e+00 1.000000000000000000e+00 1.000000000000000000e+00
1.000000000000000000e+00 1.500000000000000000e+00 3.000000000000000000e+00
1.000000000000000000e+00 1.777779999999999916e+00 2.000000000000000000e+00
1.000000000000000000e+00 2.125000000000000000e+00 2.000000000000000000e+00
1.000000000000000000e+00 2.250000000000000000e+00 1.000000000000000000e+00
1.000000000000000000e+00 4.312500000000000000e+00 1.000000000000000000e+00
1.250000000000000000e+00 0.000000000000000000e+00 1.200000000000000000e+01
1.250000000000000000e+00 1.388900000000000134e-01 2.300000000000000000e+01
1.250000000000000000e+00 3.125000000000000000e-01 7.000000000000000000e+00
1.250000000000000000e+00 1.250000000000000000e+00 5.000000000000000000e+00
1.250000000000000000e+00 3.169999999999999929e+00 1.000000000000000000e+00
1.250000000000000000e+00 8.856809999999999405e+00 1.000000000000000000e+00
1.250000000000000000e+00 1.214179999999999993e+01 1.000000000000000000e+00
2.000000000000000000e+00 5.000000000000000000e-01 8.000000000000000000e+00
2.000000000000000000e+00 7.777800000000000269e-01 1.000000000000000000e+00
2.000000000000000000e+00 1.611110000000000042e+00 1.000000000000000000e+00
2.250000000000000000e+00 2.500000000000000000e-01 2.000000000000000000e+01
2.250000000000000000e+00 5.277800000000000269e-01 1.000000000000000000e+00
2.250000000000000000e+00 1.066330000000000000e+00 1.000000000000000000e+00
2.250000000000000000e+00 1.361110000000000042e+00 2.000000000000000000e+00
2.250000000000000000e+00 2.250000000000000000e+00 1.000000000000000000e+00
2.250000000000000000e+00 2.316120000000000179e+00 1.000000000000000000e+00
2.250000000000000000e+00 2.750000000000000000e+00 1.000000000000000000e+00
2.250000000000000000e+00 4.000000000000000000e+00 1.000000000000000000e+00
2.500000000000000000e+00 0.000000000000000000e+00 5.000000000000000000e+00
2.500000000000000000e+00 2.777800000000000269e-01 2.000000000000000000e+00
2.500000000000000000e+00 6.250000000000000000e-01 2.000000000000000000e+00
2.500000000000000000e+00 8.163300000000000001e-01 1.000000000000000000e+00
2.500000000000000000e+00 8.800000000000000044e-01 1.000000000000000000e+00
2.500000000000000000e+00 2.066120000000000179e+00 1.000000000000000000e+00
3.250000000000000000e+00 6.633000000000000007e-02 9.000000000000000000e+00
3.250000000000000000e+00 1.300000000000000044e-01 1.000000000000000000e+00
3.250000000000000000e+00 3.611099999999999866e-01 1.000000000000000000e+00
3.250000000000000000e+00 2.062500000000000000e+00 1.000000000000000000e+00
3.250000000000000000e+00 4.358019999999999783e+00 1.000000000000000000e+00
4.000000000000000000e+00 2.500000000000000000e-01 2.000000000000000000e+00
4.000000000000000000e+00 4.199999999999999845e-01 3.000000000000000000e+00
4.000000000000000000e+00 5.661199999999999566e-01 1.000000000000000000e+00
4.000000000000000000e+00 1.637760000000000105e+00 1.000000000000000000e+00
4.000000000000000000e+00 4.581629999999999647e+00 1.000000000000000000e+00
4.250000000000000000e+00 1.700000000000000122e-01 1.000000000000000000e+00
4.250000000000000000e+00 3.161200000000000121e-01 1.000000000000000000e+00
4.250000000000000000e+00 4.722199999999999731e-01 2.000000000000000000e+00
4.250000000000000000e+00 2.972220000000000084e+00 1.000000000000000000e+00
4.500000000000000000e+00 2.222200000000000009e-01 4.000000000000000000e+00
4.500000000000000000e+00 1.055560000000000054e+00 1.000000000000000000e+00
5.000000000000000000e+00 1.250000000000000000e+00 1.000000000000000000e+00
5.000000000000000000e+00 7.812500000000000000e+00 1.000000000000000000e+00
6.250000000000000000e+00 1.059690000000000021e+00 1.000000000000000000e+00
6.250000000000000000e+00 2.626729999999999787e+00 1.000000000000000000e+00
6.250000000000000000e+00 4.410000000000000142e+00 1.000000000000000000e+00
6.500000000000000000e+00 0.000000000000000000e+00 1.000000000000000000e+00
6.500000000000000000e+00 1.326499999999999901e-01 1.000000000000000000e+00
7.250000000000000000e+00 1.132800000000000057e-01 1.000000000000000000e+00
7.250000000000000000e+00 1.479600000000000082e-01 1.000000000000000000e+00
7.250000000000000000e+00 1.331630000000000091e+00 1.000000000000000000e+00
8.500000000000000000e+00 3.767300000000000093e-01 1.000000000000000000e+00
8.500000000000000000e+00 1.360000000000000098e+00 1.000000000000000000e+00
9.000000000000000000e+00 1.106810000000000072e+00 1.000000000000000000e+00
9.250000000000000000e+00 3.200999999999999679e-02 1.000000000000000000e+00
1.025000000000000000e+01 2.555399999999999894e-01 1.000000000000000000e+00
1.025000000000000000e+01 6.406199999999999672e-01 1.000000000000000000e+00
1.225000000000000000e+01 5.625000000000000000e-01 1.000000000000000000e+00
