5.3004 5.0222 4.5469 3.4695 4.4476 2.4425 5.1804 3.8817 4.2626 3.0299 3.2098 2.4961 4.4016 3.2379 2.4663 2.3644 2.7774 3.3689 3.8928 4.2411
0.4071 0.7050 5.6073 6.2131 4.6852 4.6667 4.1718 0.8161 1.6567 1.9458 3.4649 0.3083 6.2012 0.3126 0.4131 6.2373 1.6026 1.4898 3.2948 0.5428
5.9736 5.5256 4.3155 3.6959 3.1372 3.3043 3.9481 3.7740 2.9274 4.0560 4.5345 4.2035 3.9753 2.8848 3.6794 3.2908 3.2317 2.9218 3.2984 1.8927
6.2649 1.1029 2.9042 1.6607 2.1155 2.2518 3.3298 2.0352 2.8344 0.9961 2.5034 2.0052 3.6942 4.4826 3.6396 2.7553 3.5757 5.3439 4.9179 5.1506
3.9503 4.4632 4.0646 3.9708 5.0681 5.7224 2.9563 3.0982 2.7163 2.0825 3.4755 4.9403 5.3972 2.4394 3.6141 3.5838 3.6557 2.8880 3.9551 2.9677
5.3651 1.0594 2.6379 1.6440 2.8404 2.7003 3.3332 5.1830 5.1751 4.4311 3.0173 2.6750 4.4854 3.7891 2.5294 1.4168 0.0594 5.4286 4.9125 5.5327
4.7286 3.9611 3.8503 3.6774 3.6273 5.0685 4.5006 3.2607 4.4645 3.0924 1.0633 6.2551 0.8600 0.5885 0.4551 5.1267 4.9385 3.8878 4.7949 4.1995
6.2781 0.3311 2.9704 1.1640 2.4665 3.0581 3.1376 2.8971 3.4250 0.1507 6.0495 1.0800 0.4278 4.8528 5.2215 1.9913 5.7112 5.3417 4.6071 0.2361
3.5015 3.8330 3.2175 3.5536 2.3119 4.5340 4.2098 4.5619 3.9803 3.2382 5.8993 5.6456 6.2628 1.8864 1.5872 5.6397 5.6257 0.6180 1.7378 3.1260
2.8052 2.6210 3.0575 2.6058 0.9686 2.2582 2.8515 2.5646 3.2247 6.0330 1.5269 1.1294 0.8237 0.5449 2.0320 2.5965 3.2818 3.0198 1.2105 0.2032
2.8318 3.7230 3.4593 0.1982 2.1813 5.3109 5.6302 4.8457 4.1297 3.6181 4.2196 3.9525 1.9977 2.1860 2.5123 5.6315 4.5529 5.2582 1.8303 2.7877
1.0904 0.2402 0.7598 0.7542 0.4825 5.5986 0.0596 4.7095 4.2679 4.1605 4.2811 6.0304 3.8482 3.7805 2.2096 2.5635 3.2944 3.5686 0.4228 5.5978
1.4187 2.8285 1.5434 1.7613 1.4182 1.5961 0.9848 1.6720 3.1143 1.6233 2.9829 2.4638 4.6117 1.1456 1.1624 5.0045 3.3257 6.1914 1.5065 1.7243
5.9988 5.9433 3.8390 5.8334 0.2938 5.8485 0.8539 4.6174 3.2123 2.8342 2.3776 3.0702 2.7137 2.2210 1.7562 2.3380 3.0832 2.0821 0.6116 5.4792
0.6296 2.8593 3.7795 3.1727 2.8561 2.4502 1.4043 1.3658 4.6781 5.8705 0.7712 0.7854 1.9021 1.4266 1.0041 0.1224 3.6745 6.1156 0.3907 0.5908
0.1828 5.2840 4.8510 5.1447 3.7445 3.7562 3.8796 4.5690 4.3066 2.9896 3.3515 3.4352 3.4777 2.7666 2.9253 4.6584 3.4641 3.5663 2.0628 5.3883
6.1474 1.8637 3.7998 3.0929 3.6478 5.7977 5.7714 0.2884 6.0619 0.1510 4.1498 3.1441 3.3224 4.0609 3.5994 2.8045 3.0909 1.4397 1.2700 0.3254
4.7199 4.7192 5.1702 6.0945 5.9239 5.0986 4.3687 4.5309 4.9859 5.2429 3.8125 3.6112 3.3328 0.9805 1.9757 1.6506 2.4308 3.0779 2.4554 4.5214
3.4792 2.1340 3.8768 4.9099 4.7375 3.7838 5.1544 5.0150 3.8666 2.3129 3.0231 1.4090 2.7659 3.5207 2.5665 2.1742 2.7215 1.3570 2.2092 1.2689
3.6505 4.2378 4.4947 5.3227 4.9555 5.1592 5.4652 5.9502 4.2512 4.8944 4.7561 5.5654 3.5214 5.4687 4.7819 4.7389 3.2391 3.2673 3.3125 3.2472
