4.4112 5.3179 4.5728 5.8383 5.9784 5.4881 4.6746 3.9003 5.1512 4.6768 5.4643 3.7754 3.9339 2.0881 3.2738 3.9854 3.4180 4.7792 4.9033 5.4935
4.8258 3.0219 3.7786 2.5315 0.6415 1.7404 0.2771 0.1718 0.1197 0.0165 5.6198 1.1295 4.2082 4.5055 5.3535 0.9182 1.1985 3.3907 3.8111 3.3988
0.0493 5.9423 4.2637 1.0829 2.0519 0.1550 0.5548 6.2433 0.2866 4.6445 4.4568 3.9471 4.8241 3.9003 5.7846 4.3177 1.0371 0.4143 1.0603 1.0282
5.6479 3.9446 4.9493 4.0911 3.9910 2.6655 0.9730 1.5027 0.7575 1.1855 0.5562 6.1000 0.0982 6.0581 6.0169 0.7774 1.1716 3.5077 1.4486 5.8698
4.9236 1.0152 0.8793 0.7576 0.4096 6.1820 0.7553 0.5074 2.0448 2.9817 2.5287 2.2459 0.6526 5.6919 5.0290 0.4912 0.0454 5.9173 5.7879 4.4088
5.5043 5.9946 5.5665 3.3642 1.3435 3.1470 2.0718 2.3200 0.5827 1.5608 1.8918 0.3325 1.6055 2.5302 4.7305 3.0459 1.4664 3.1658 5.5959 0.0831
0.1478 1.6679 0.7674 0.8861 1.1206 0.8389 6.1712 6.2307 0.4589 0.3797 1.6819 2.9060 2.5769 5.7699 5.7880 6.1828 0.6631 0.2939 6.0389 0.5399
5.6621 1.2488 1.5968 2.1290 1.4517 4.6982 0.6648 1.8227 1.2615 2.0448 2.8208 2.2080 0.6288 2.3819 6.1638 2.6481 1.8826 4.2067 4.5505 4.4815
0.6147 1.7498 1.4139 5.8940 0.2234 0.0334 0.3806 5.9931 0.8181 6.2158 1.7020 5.7697 0.3819 5.9642 0.3542 0.6455 1.0740 0.6657 4.9074 0.3416
4.8640 0.3647 0.7090 2.9009 0.6030 1.7880 1.1171 3.9057 1.0549 2.4916 1.5534 0.9382 0.3341 2.1137 0.6041 2.1655 2.5184 4.7136 4.5940 5.0806
3.6091 3.1001 1.8842 0.7401 0.7865 5.7188 6.0286 0.5112 1.7511 0.4183 1.3460 6.2736 6.0903 0.0364 0.0552 1.6668 3.3582 3.1219 3.8711 2.5707
3.7981 5.0403 5.1877 5.4496 5.3086 4.8006 2.8912 3.7871 4.0729 3.8249 3.3076 2.8292 4.4398 4.2250 4.5951 4.0692 4.6584 5.2647 3.8361 4.8680
3.7080 3.3068 4.3051 2.3404 4.3411 2.7086 2.4435 2.5155 4.2713 4.1058 4.6854 5.7171 3.9461 1.2420 5.1848 5.7765 4.8345 4.6776 4.9548 2.5304
4.8693 5.0492 4.4403 5.0141 4.4221 4.6617 4.1731 5.1353 4.3908 2.5118 4.2111 4.1986 3.4831 3.7862 4.5835 4.7434 5.3505 0.1911 5.2211 5.2486
3.8895 3.4656 4.3230 2.2827 4.9490 0.5724 3.6826 2.5558 0.6625 5.4886 5.3826 5.8716 0.5007 0.2148 0.3325 5.7600 5.1931 4.7715 4.7912 2.4418
5.2928 4.3380 4.5631 5.2654 5.4110 4.5059 4.4060 0.9240 1.6788 1.1052 0.6128 0.9267 2.0669 2.6382 2.3758 0.1052 5.7072 3.8948 4.7316 4.2295
4.3282 4.6671 4.5100 3.7297 4.6195 1.7223 3.4017 3.6240 3.6394 4.9765 5.5959 5.3563 0.5116 0.3631 4.0087 5.1363 0.5671 5.9883 5.3665 5.7897
3.7607 3.7195 4.4062 4.5189 4.3359 4.0963 4.5288 4.7622 4.4605 2.2702 4.3553 3.7755 5.6667 2.3691 4.0435 3.4857 3.0324 2.9110 3.8852 2.3069
4.4264 5.9612 4.0918 1.4780 6.1660 6.1361 4.8689 5.1067 4.1797 4.7546 5.1564 1.5330 5.4414 5.4435 4.2866 4.9030 4.8073 4.8441 4.4118 4.3595
4.1765 3.3230 4.5524 4.8403 0.0156 3.2632 4.3821 0.9457 6.0381 0.5720 5.0670 5.7480 5.0647 3.2998 3.5445 1.7977 2.9657 2.1320 5.6378 0.8097
