2.5755 2.1933 1.4709 1.4707 2.1185 1.4984 1.9802 1.5481 3.1248 1.6843 2.1517 1.7352 2.0898 0.4977 1.2583 1.5751 0.4903 1.8689 5.7109 0.9246
3.6762 4.6766 5.9909 4.1290 2.5514 3.0386 2.4013 4.0073 2.9804 4.0614 3.6983 4.3709 4.3209 3.4898 0.4491 0.2582 1.6483 4.9115 5.0818 4.6438
2.5888 6.1689 5.9116 0.7330 1.3674 1.3337 1.8850 2.0886 1.0279 1.2748 1.1328 0.3527 5.4876 5.4366 0.5345 1.2056 2.0971 2.4352 1.2622 2.4386
1.0958 2.2564 4.0917 2.7868 1.4469 2.0166 2.3236 5.1448 5.9383 5.8950 1.3411 0.9244 2.0037 1.5503 1.6432 1.3432 1.4156 0.7212 0.6123 6.2691
6.0626 4.9184 4.7968 5.8809 0.2386 0.2992 0.4743 5.9407 0.3655 1.3802 1.9776 2.4801 1.4200 4.9578 4.6262 4.7103 0.9445 2.9541 1.4590 1.2293
5.6423 3.8962 5.0037 3.8967 2.0654 2.1365 0.6509 5.2431 5.8164 4.7481 5.9005 5.9716 0.7133 0.7878 1.6764 0.5813 6.0050 0.1193 5.9190 6.1393
6.1891 0.2809 6.2654 0.6148 0.4730 0.5646 0.0699 1.5008 1.7052 2.1669 1.0816 2.1772 1.0839 2.8171 2.5767 3.9038 3.1308 2.7238 5.9001 1.2980
4.8900 5.1217 4.8727 5.3459 5.4419 4.1576 4.2457 5.5847 1.0754 0.4839 5.7378 5.5132 0.7293 1.3093 2.1077 2.4508 3.6386 5.1988 5.3513 5.1816
3.6790 2.4565 2.9506 3.5239 5.7370 3.9908 4.0834 2.7113 1.9683 3.5849 4.6525 1.8580 1.9614 3.0389 4.0956 5.2829 3.4963 5.8083 4.0752 2.8989
4.4524 4.4128 3.5105 0.4565 5.8752 6.0408 4.3168 5.1130 3.9815 4.2769 4.8098 5.0075 3.9947 5.5136 2.9806 2.3672 2.7875 2.6328 3.5495 4.2776
0.8107 1.2021 2.2461 3.3062 4.3210 3.9403 4.6974 6.1478 5.3280 0.1189 5.6914 1.5735 2.1126 2.0661 3.6625 4.7124 0.0991 5.1465 5.9415 0.3027
1.7586 3.3339 2.2091 2.0945 2.5216 2.9760 3.3251 3.2651 5.2890 5.1833 6.1666 5.6768 5.8547 4.8043 4.6640 0.9452 4.6928 6.1726 4.7890 3.3850
1.2826 1.5736 1.6055 0.9726 1.5807 0.2698 0.7101 0.2794 6.0341 4.1740 0.5217 0.7518 0.2973 2.5430 4.1451 4.2144 3.7439 3.4360 4.9319 2.7690
0.7327 0.2980 1.3628 2.0569 1.5945 3.0134 2.2662 2.7195 1.5021 1.1374 6.1282 5.0127 5.1389 5.9058 1.3405 1.7463 2.0819 0.6316 5.0067 5.9837
1.3730 1.6328 2.0212 0.9877 0.5645 1.0941 2.9392 1.6328 0.4399 0.7326 5.8779 5.7044 4.6537 2.5688 2.1135 4.6719 3.5287 3.6628 2.6426 3.0069
2.2809 3.4286 2.5897 3.6031 2.7795 4.4861 4.1645 5.3038 4.4707 4.3112 4.9813 2.7937 4.3311 0.8710 1.6290 2.1456 2.9218 1.5079 2.8084 3.1922
1.7942 0.6427 1.3761 1.4801 2.9538 1.8771 3.4120 2.4046 4.3520 5.8365 5.8316 0.2476 5.0565 5.3387 5.1035 4.5475 4.1249 3.2422 2.1938 1.5201
0.3320 3.7712 1.0612 2.4182 3.0769 4.6191 2.9724 3.4605 4.1638 3.7101 5.6920 4.9612 5.2770 4.8306 5.5304 5.0527 5.2581 5.4735 5.2806 4.9727
0.3489 0.7787 0.5545 0.5222 0.8298 0.8205 1.5281 0.3410 1.2326 0.6211 0.8611 1.1338 2.0996 1.6399 0.6818 0.8855 0.7457 2.2585 0.2539 0.4606
5.6739 5.4067 1.4321 3.2969 1.2820 1.2974 2.0779 2.6150 2.1261 3.6638 2.3957 3.0752 2.7617 3.6917 0.5387 4.1720 5.5905 5.6963 5.5942 4.4683
