0.5285 5.8118 6.2756 5.3374 5.9566 5.8548 0.7117 0.4731 6.0397 0.7116 2.1179 1.3825 4.3428 0.7405 6.2055 1.9325 0.2503 0.9154 1.2629 0.0646
2.4154 2.6899 2.5382 2.8584 4.5187 3.8294 5.8213 5.2284 6.1153 5.1497 4.1968 4.7127 4.6281 4.4878 4.2122 5.2726 5.9707 3.7938 2.5835 2.6071
1.8797 5.3921 5.0088 0.1853 4.0520 5.9490 5.3155 0.6460 6.1290 2.0258 2.4820 1.3758 6.2433 1.1612 5.9205 1.8992 1.2611 1.8231 1.3815 5.9971
2.7116 3.1558 3.6930 3.4704 2.5957 3.7670 5.1996 5.2197 6.2084 5.4451 0.6020 5.5142 0.0159 5.0067 6.1099 0.1016 1.3649 2.3226 1.8719 3.0509
2.4193 1.1771 1.6602 0.5179 6.2283 0.9408 5.8369 0.7143 5.7950 2.9383 1.4676 1.9027 1.2536 1.0232 6.2829 0.8523 0.8466 0.4945 0.6918 6.0945
2.7575 3.7229 3.1160 4.6841 5.1887 4.2585 5.9780 4.9730 5.3326 0.1356 0.6563 6.0206 4.7358 4.9765 0.1958 0.8201 0.0324 0.2957 0.5985 4.0398
3.0625 2.8747 3.6290 1.3806 2.0868 0.6028 6.2283 1.1722 4.1071 3.5709 2.3740 3.6394 2.1132 6.1404 5.8093 5.8992 1.4040 2.2130 1.3514 2.2174
5.2163 5.7247 4.2657 4.5864 3.8011 5.6837 5.7203 4.0636 3.7211 1.7521 2.2277 1.6379 1.7011 2.3497 2.8849 2.2906 4.2266 5.0909 0.0508 5.8604
3.9418 3.7471 3.6323 2.9801 3.3148 3.3334 5.5599 0.9603 1.4772 5.4973 3.6549 3.4446 2.8146 3.7522 4.0307 5.5510 3.7482 2.3640 3.9161 3.9175
5.9027 6.1334 3.1778 3.4045 3.5229 4.4519 5.0389 4.5680 1.8118 2.2945 2.9478 1.0895 1.6832 1.5449 4.5952 3.5178 4.3403 4.5702 4.7503 5.4058
4.8571 3.6334 3.9287 4.0176 3.9406 4.7953 5.0051 1.1838 1.6487 0.9492 2.5742 3.0586 2.8759 4.3949 4.7022 1.1310 1.5581 0.9471 0.2854 2.3660
5.6522 0.6114 4.3388 5.0683 3.1795 5.2073 5.1430 4.0627 4.0908 4.1908 3.9683 1.8459 2.8122 2.1259 4.6286 4.3540 3.8113 5.5569 5.0745 5.6106
4.2763 3.7395 3.2092 1.8929 2.4073 1.5221 6.1670 2.0023 3.3268 2.4540 1.7886 3.9893 3.3848 4.7831 4.4669 3.8502 3.3147 2.0499 5.2217 3.2917
4.7178 1.9780 4.0965 4.4052 3.6287 4.3187 4.5874 4.7200 5.0459 5.8213 1.4097 1.2483 2.7280 0.4599 6.1262 6.1014 2.2403 4.2345 4.3605 5.0135
4.9537 5.5260 4.1258 2.2122 3.0323 1.1310 3.5030 2.6860 4.7240 3.2385 1.2764 4.5398 3.3652 3.4865 2.4949 2.4501 2.9413 1.8375 2.9314 3.0960
5.2124 2.5862 2.8342 2.5969 1.9832 4.3108 3.6173 4.8818 4.5878 0.4258 6.1704 1.5513 1.1024 1.5322 2.6789 4.3061 3.4994 4.5383 3.8527 4.8292
5.6628 5.3885 5.7475 5.6826 1.4320 1.7807 2.2751 3.6656 4.0263 4.1735 5.5804 4.2493 4.4344 3.7782 3.0203 1.5270 3.1309 2.8557 3.9183 1.6083
6.0020 1.2269 0.5578 2.0879 0.3041 5.9675 0.7855 1.2812 1.6060 0.4421 0.5781 2.4772 3.8398 2.5917 3.0787 3.4240 3.5060 4.3486 4.1183 4.3567
5.6873 4.6525 5.9538 5.6599 1.1812 1.5201 1.7613 4.0075 2.3518 1.8222 0.5203 5.6601 4.8856 5.2379 0.0857 1.6294 2.8116 1.9247 5.8429 5.4290
6.1128 0.6322 0.0066 1.5398 5.9129 5.3455 1.8624 1.4471 1.4337 1.8732 0.8100 5.0998 5.3296 5.1688 5.5279 4.1461 3.9982 5.1918 0.5775 6.2502
