5.7820 1.4992 1.6175 1.6219 0.8788 1.7330 1.6853 1.2804 2.5050 0.0099 4.0811 3.4352 4.5563 4.0831 3.7921 3.6218 5.8459 5.4482 4.8267 5.8980
5.2570 4.4345 0.5576 5.9176 1.1441 3.0428 2.3828 2.2393 1.9618 3.2987 4.5137 5.6488 5.3141 5.7059 4.8155 5.5615 4.7001 3.8091 4.2680 4.0175
6.2341 0.2330 0.9552 1.5743 0.9963 0.3005 0.5392 0.1272 1.7700 0.2514 5.5968 2.6770 4.4648 3.7169 3.3284 2.9451 4.6056 5.6816 5.7910 5.8636
0.8226 1.1607 5.5190 5.0205 0.7502 1.8822 1.7978 2.3801 1.4463 3.1012 5.9848 5.6014 5.7093 5.1441 0.1334 5.4653 4.7465 3.8001 2.7828 2.6725
0.3382 5.0148 5.1273 5.5051 5.6347 5.1922 4.9119 0.5588 0.9105 5.9924 5.5712 5.2733 5.2231 5.2281 6.1877 1.0700 2.9906 1.6943 1.6936 0.0872
1.5494 1.8222 5.9604 0.4863 5.4419 2.8581 3.5498 3.0135 3.8586 3.9355 5.6392 0.6670 5.3952 0.1163 0.0336 5.1483 5.1897 5.5098 1.1060 2.4735
0.4433 6.0412 5.2285 4.4642 5.6885 4.4176 3.9786 5.4597 6.1431 0.7860 0.7746 4.2375 2.7453 2.6992 0.7005 2.2319 5.8792 5.9545 5.5952 0.2446
6.1645 1.4516 1.2106 0.2992 6.2388 0.9332 0.9977 2.2091 1.1250 6.2476 0.1634 1.6695 1.3524 1.2036 0.4900 5.7065 4.3228 3.1467 4.7464 5.0293
5.2964 5.8285 0.3708 2.1519 0.1834 3.3813 1.0343 5.2095 5.9881 6.2110 0.1926 5.0331 5.2836 4.0508 3.3415 3.7974 4.7112 4.2809 4.2722 5.3546
5.0981 0.8098 6.1604 0.6741 6.1268 6.2320 0.5780 1.6539 1.3990 2.1996 0.8346 1.2314 0.3640 1.0719 1.1122 1.3785 0.6888 1.4210 2.0840 2.1755
5.6893 0.8559 0.1622 2.4459 1.6384 2.0224 0.0985 1.8141 1.9910 6.0472 0.4896 5.2573 5.9605 5.6460 5.7757 5.5399 0.0770 0.2869 5.8199 0.4097
5.0847 4.4950 6.2662 5.1337 1.0967 6.1880 5.6295 4.4734 2.5323 3.4206 0.0127 2.0464 1.3152 1.6898 1.4118 2.0027 1.9969 1.9532 4.2642 4.1282
5.6479 0.8246 6.1722 1.7245 2.1739 1.9279 0.8284 1.8191 2.5093 5.6114 5.7702 6.1199 1.8204 4.3026 2.6692 5.5471 3.4762 4.4249 4.5770 5.4768
5.6328 5.8067 5.7236 5.3053 0.7528 5.3719 5.2786 4.1743 2.6890 2.3905 0.9008 1.9842 1.2209 2.4420 2.0364 2.0056 2.6286 2.2390 4.4584 3.2360
4.6579 4.6287 5.7279 2.7858 0.9804 1.7240 5.3449 0.7458 5.4650 5.9643 0.7163 6.2584 0.8516 6.1179 4.4137 4.3332 3.1041 3.0633 4.2460 4.3935
5.7529 0.4180 5.6306 0.0451 0.1601 5.7860 4.5254 4.1624 4.3726 5.8403 3.0205 2.5943 1.8920 3.8809 3.9196 0.8273 2.9015 6.0851 5.9451 0.7109
5.5224 3.3997 3.2137 4.0084 4.7144 3.6305 2.8360 2.1080 2.5137 4.1251 4.0232 4.0851 3.4136 2.5432 3.9098 4.6377 5.5302 4.0079 5.6640 4.9826
0.2789 6.0684 4.2330 0.6944 6.0169 3.9986 3.0831 3.4101 2.8407 2.2718 4.0994 0.3038 5.1437 5.6603 4.6450 1.5410 1.0291 0.9252 1.1098 1.4176
4.7312 3.9544 3.5927 3.2170 6.0729 0.5711 1.9924 2.2826 3.0922 4.0925 4.0042 3.4465 3.5337 4.9877 4.9354 4.3555 0.8346 0.6005 1.3555 5.2031
4.5098 4.6612 4.8215 5.7861 5.9124 4.4342 4.4210 4.3982 3.8389 4.2281 4.3124 5.8594 3.8695 1.0987 6.2320 0.3298 0.6316 2.2579 2.9435 3.0425
