1.9223 5.5511 5.1487 4.8938 4.0108 5.5448 5.2684 5.4741 4.9952 5.1192 5.8912 5.5579 5.2594 4.9229 4.4986 3.5860 5.7190 0.7111 0.3594 0.6983
3.2943 3.1149 3.9734 2.7568 2.9087 1.4295 4.8555 0.0606 4.3166 2.1689 0.9612 2.1063 3.6319 1.8383 4.8675 0.1008 5.2958 5.8344 5.4905 4.7259
2.0067 2.2582 3.9057 3.9000 4.5741 4.8300 4.1989 3.7750 4.3450 4.6816 5.7813 4.7343 4.9794 3.1243 4.6312 3.8804 5.3221 6.0987 5.8768 1.8709
1.3138 4.7719 5.4321 5.8292 5.2967 3.1788 3.1245 1.2984 0.6437 1.4995 5.8017 6.1502 5.9320 6.0172 5.3323 0.1577 5.6154 5.4321 5.3342 5.4989
1.8075 1.1690 0.6960 5.5576 0.6574 5.8082 3.9761 5.5901 5.0064 6.1063 5.8189 3.3574 5.2090 4.9529 5.3725 4.4847 5.1493 4.6258 5.4424 2.3050
1.7911 3.6333 1.6168 2.8275 1.3516 3.5276 3.7673 3.6059 5.0016 4.0820 4.8750 5.5696 6.2280 0.0785 0.1087 0.1646 6.2551 0.3735 5.7488 5.2176
1.6462 0.5929 0.8615 6.1749 0.4052 1.3099 6.2213 0.0575 6.0938 6.2817 5.8518 0.6586 0.8517 0.6894 0.7948 2.0706 0.0467 6.2256 5.9698 0.9672
2.2185 3.5993 1.9475 1.7862 1.6797 5.7126 0.5223 2.8671 3.8213 2.2617 0.2596 1.6116 2.0229 2.3703 1.9016 4.5158 3.8074 3.1902 5.9516 3.5599
2.6259 1.7296 2.3233 3.2623 2.8039 1.7786 0.0282 0.0385 4.5020 4.6695 0.1897 5.6517 1.5388 1.3970 1.8760 2.4975 3.8794 2.1172 2.0121 1.7254
4.3371 5.2826 1.3479 5.9878 6.1185 4.4888 5.3977 3.8662 2.3150 2.0836 1.3772 1.8513 2.2598 4.3822 4.5196 6.1475 3.5675 3.8399 3.1903 4.6271
3.0509 2.2485 1.6641 0.7261 0.3130 0.4155 5.4182 0.2583 1.7714 0.5916 1.0580 1.0243 2.7681 3.0510 3.3826 3.8189 2.2036 0.9617 0.7148 1.3323
3.2379 3.6338 3.7369 4.3167 5.5164 4.0415 5.1800 2.9186 2.4587 4.3453 0.5855 3.2949 3.3456 2.1877 2.8374 2.8900 2.4873 3.1657 3.6776 4.9151
1.5537 1.1247 1.8921 0.9819 0.5383 1.0939 0.5924 0.2046 1.9923 0.1520 1.8384 0.8339 2.3366 1.1593 2.2943 0.8261 0.9642 6.0386 2.9041 1.6616
2.3723 3.9191 2.4671 3.1954 2.1884 4.4899 6.2306 3.5018 3.1836 3.0013 2.5290 3.9586 2.1241 3.2924 2.5129 3.8479 2.3407 2.7996 3.9347 4.4567
1.8758 1.3475 2.1893 1.5716 2.1664 1.4230 1.2364 0.6874 5.8216 5.2619 3.1478 2.3954 1.7175 1.2990 1.1370 0.7295 1.4846 6.2161 0.4721 1.5605
2.8263 2.9078 2.2550 3.7477 3.7030 4.0337 1.6030 0.2678 5.5860 5.1397 3.7199 1.2215 1.7439 2.8944 4.6941 4.4676 4.5827 4.3194 3.7227 4.4127
1.4018 5.9329 0.4289 5.9235 0.5276 1.1971 2.1587 2.6115 4.1278 4.1423 3.8015 4.7351 5.3321 5.9617 5.5156 3.3376 2.4876 0.8798 2.6497 1.4885
2.7148 2.7893 1.5847 1.3804 6.1554 3.3292 5.0570 4.7797 4.2531 0.1931 6.0971 0.0501 5.9101 3.3636 5.0238 0.2055 2.0863 2.3557 2.5896 3.6864
3.8206 5.1542 4.8278 4.1711 0.0873 0.3102 4.8120 0.6759 4.8416 5.2088 5.6781 5.6112 5.7149 5.0191 0.0839 3.1250 1.5260 0.3260 6.1195 0.5866
3.4806 2.4597 5.7073 5.2180 5.5406 3.0763 4.3373 4.4513 3.6046 2.1128 0.2735 1.9056 2.3108 2.4460 0.9042 0.3065 5.9246 5.2136 6.1356 3.8153
