1.7443 5.5965 5.2551 5.3919 1.0918 2.0457 2.4087 1.0064 2.6068 4.1969 3.5885 4.7175 2.9306 5.8056 0.9000 2.0922 3.0627 3.0749 1.9263 4.7702
2.4260 2.2696 3.9456 2.6660 4.2200 5.3087 3.4507 3.4053 3.0820 2.6925 3.4513 2.6726 3.5972 3.1143 2.2512 4.1710 4.9587 5.8775 1.2987 1.2619
2.5153 4.9289 4.4044 5.2899 4.8667 2.0143 4.2822 1.7226 3.0891 6.0831 3.4964 5.2931 4.1246 0.5206 6.0567 5.5888 3.8126 3.1656 2.8669 4.0314
1.5005 2.3072 3.3386 3.0226 3.9210 4.6742 3.6636 4.5749 3.2273 3.5707 3.7253 2.8954 4.4735 4.1034 5.5501 0.0610 4.4801 0.0971 0.9112 1.7242
4.8192 4.3839 4.5043 5.5538 4.1396 2.3905 2.9364 5.8169 4.0977 5.3226 4.3225 4.4608 5.3756 5.4764 4.6969 3.3056 3.3507 3.2482 5.1207 5.2933
5.1856 5.9098 2.6380 2.7373 3.5077 4.4745 4.3675 4.1500 2.9918 2.2910 3.9174 2.2638 5.0503 4.7926 4.6954 6.1635 2.7551 3.6925 5.5195 4.8172
3.7106 3.7042 3.0655 2.4580 1.8489 0.9868 0.4844 0.5047 4.3493 5.1487 3.9512 4.2587 4.0958 3.3472 3.6259 2.7415 2.0134 5.9971 5.5522 1.0018
2.7754 1.2238 2.6097 3.2805 3.0351 4.3203 4.4699 4.4097 5.5568 1.7753 3.2442 2.6516 3.5422 1.5774 3.1489 0.3521 2.9787 1.8537 4.3331 3.7969
3.6683 3.5460 4.2476 2.2675 1.8746 2.6559 3.7217 2.3394 4.7722 5.4819 4.5999 5.1441 2.9199 2.6640 3.1595 3.8293 3.7242 4.4897 4.0319 6.2186
3.8739 4.4887 4.3719 4.2403 1.4327 0.1833 4.5952 4.6287 4.4785 2.9298 4.3842 3.8783 3.6786 5.0231 3.3846 2.6842 3.0709 3.8283 4.2722 4.1922
3.3472 1.1756 1.8670 2.2153 2.0366 3.2518 5.0002 0.4672 3.9862 4.9231 2.1424 1.2573 2.4620 1.9617 2.1353 2.4361 3.0177 1.0591 2.3582 2.9773
4.2444 4.7983 0.1180 1.1968 0.2577 5.4940 5.6785 4.7668 3.7112 4.5221 3.0381 3.2559 4.0873 4.7075 0.9216 4.8349 4.1497 3.4943 3.0888 4.8987
2.1627 1.8287 0.6456 6.0774 0.6326 1.5558 0.9949 1.1573 1.9033 0.7484 3.4573 4.5371 4.0475 3.7160 1.4540 1.9450 4.9775 0.1895 2.9249 2.4749
2.6752 2.7156 2.3863 2.9039 1.4022 5.4876 0.7545 3.2167 2.4847 3.6804 2.6815 2.3164 3.4972 6.2006 5.6555 4.9471 5.4244 4.2399 3.7233 3.1914
1.5482 0.1466 0.8532 0.6139 1.5675 2.1955 1.3612 0.4455 2.3968 1.5838 1.8421 2.0917 3.8823 3.8233 3.8798 2.0281 2.6606 1.4560 1.6162 1.0799
2.1333 2.7255 2.8389 3.2791 1.4539 0.2501 3.3494 3.8804 4.7048 4.7440 5.8934 6.0621 3.9657 1.9180 3.7195 5.0291 4.1645 4.7619 2.4502 3.4733
1.9244 6.2432 2.0134 0.7836 0.2625 5.2294 3.9432 2.0516 5.6431 0.3566 5.5343 0.0420 4.7153 4.5786 4.6708 2.4900 1.3629 1.8423 1.2261 1.6118
3.8188 4.0080 3.1113 2.5482 2.6514 2.7407 4.6704 4.8033 4.4022 4.1162 4.2860 3.2966 3.7937 0.8379 5.8548 6.1065 0.8322 6.0979 1.2533 3.6838
4.7166 5.9008 5.1651 5.6020 3.5310 5.2749 3.9690 1.6200 2.2304 0.3729 4.1574 5.1862 4.6156 4.5151 0.9058 1.7989 1.1268 2.3099 0.7246 0.4959
3.1788 3.1941 4.7329 3.5583 2.7580 2.7999 3.2997 3.4049 2.3523 2.8418 3.2679 2.6017 3.5276 2.2372 0.5665 5.2858 4.9666 5.3416 2.2311 2.9978
