4.3733 5.7751 4.7582 5.7240 4.2068 4.9174 3.3319 4.3001 5.4590 0.8846 0.4755 1.1596 6.1432 0.8102 0.3835 3.0773 4.0236 4.5850 4.4915 4.2762
3.3231 2.8018 3.6217 0.6486 3.7972 2.0298 5.6885 0.8147 0.1043 0.0172 6.1665 5.5098 4.7849 5.1129 5.7016 5.3118 4.2984 5.8916 5.7425 2.2672
4.2989 5.7866 4.7303 4.1469 5.0014 4.9979 4.8911 3.3693 4.2111 4.3588 6.1839 3.2318 4.9778 1.8702 4.0670 3.0934 3.1318 2.4591 4.0559 4.2208
6.1436 3.5484 4.4044 6.0180 0.5062 1.2969 5.8914 0.3724 0.2729 0.5814 5.8035 5.9905 4.8137 5.0703 4.5871 6.0677 4.2447 4.6312 4.0664 0.6934
1.0055 0.7553 1.5186 0.9189 0.5399 4.2995 0.4826 1.6257 0.1586 4.6935 5.2178 4.7342 3.9330 2.6963 4.0391 2.9354 4.4358 1.2223 3.7857 5.3745
1.9637 2.1465 2.0205 5.2696 1.0915 5.9183 5.9596 5.4149 0.3761 0.0792 0.0095 0.4144 4.3841 5.0416 3.6215 4.6319 3.4021 4.1829 3.8227 3.2221
1.4327 0.4583 0.7501 1.8140 1.8232 2.9336 1.1296 2.4151 2.1600 2.0966 0.9826 2.8194 3.0481 2.4441 2.1201 1.5710 2.1761 2.0882 2.1165 0.8938
5.6450 3.4762 6.0645 4.4036 2.3740 0.3411 0.5934 6.2332 1.2972 0.2362 5.7663 5.3374 4.5075 5.4929 2.2527 2.0877 3.3182 2.8050 3.3362 3.6065
5.9724 6.1820 0.3389 1.3838 1.8717 2.0431 2.3414 2.7444 2.8992 3.2017 5.5801 2.9982 3.9111 2.5894 2.6124 4.9474 4.2150 5.7398 4.4565 0.1693
6.2616 1.8460 0.6726 5.8614 0.3799 3.9599 2.6077 3.2011 3.3342 5.4492 6.1621 5.8745 4.7059 0.4765 2.6183 2.3091 3.6251 3.7757 3.2301 3.4670
0.3330 6.0438 6.0318 5.0963 0.4342 1.3394 1.4929 0.3506 4.1602 3.0978 3.8361 3.1521 4.1034 3.4884 3.2860 4.8226 5.5136 0.3159 3.1639 0.7508
6.0592 1.7102 0.7658 0.4212 0.2239 0.5557 0.6180 1.2266 5.8726 5.0466 4.9853 5.4810 5.2710 5.5099 5.7844 4.7815 5.0084 4.7757 5.8456 5.9340
5.8235 4.8121 4.2558 4.2905 5.1427 5.1282 5.0526 4.8062 5.4344 0.3638 5.8257 2.5410 1.4201 1.8158 0.9810 0.7268 0.1049 0.3247 0.1330 0.9975
5.9468 4.8229 4.7046 4.1847 5.1696 3.9140 4.6464 4.2936 5.1708 4.9609 5.7330 4.8437 0.8340 5.0986 5.3245 4.4664 5.2797 4.6795 5.5732 3.8253
4.0095 0.3679 5.8914 0.0906 6.0717 6.0635 4.0568 2.0469 0.9498 1.0617 0.7610 0.5486 1.5481 0.7554 1.4319 0.8301 0.5198 0.1249 0.6045 0.0973
3.9301 3.8595 5.1304 3.7324 4.8656 3.9220 3.2213 4.2783 5.4949 4.6644 5.5296 5.0316 2.2442 3.8107 1.6134 3.9233 0.9706 2.5931 2.0865 3.3906
5.8242 0.2347 0.1460 0.5857 5.2884 0.2789 1.6192 0.7856 5.9331 0.1135 1.4226 1.9171 1.7181 1.8229 2.0087 1.4430 1.0224 0.3778 5.9620 5.9698
0.1665 3.6469 6.2297 4.3492 4.9804 3.2693 1.7306 3.3787 5.0772 2.3821 1.5890 5.9910 0.4579 6.1441 0.0860 5.4326 0.2172 0.7031 6.2251 0.8739
5.8775 0.8132 6.2737 0.0971 4.6880 5.5665 0.2767 5.9104 5.6692 5.8576 0.4204 2.2537 0.3453 1.8599 1.3112 1.8357 0.0481 4.9563 6.0540 5.6325
5.9485 4.5838 5.1282 2.8397 2.8815 2.1987 2.2175 2.2269 4.8969 5.0573 5.5938 5.7029 5.9075 5.7205 0.4264 0.7311 5.1040 0.4679 6.0489 0.9551
