5.5760 4.8825 5.6545 2.6158 2.9220 2.5524 3.0231 4.0513 3.0088 2.5924 3.1622 2.3444 1.7705 2.4282 2.0264 1.6896 1.5566 2.6841 0.6509 5.8758
5.6671 6.0220 0.1436 0.2377 2.7930 0.7418 1.9003 0.6619 1.6174 0.2225 1.2724 1.2551 1.5177 5.0399 1.9244 0.4634 0.6083 5.5391 0.3244 5.5498
3.0478 3.0772 2.0426 1.5240 2.7809 3.3473 2.4707 3.1861 2.4313 2.2612 2.4839 1.9363 1.3175 1.5081 1.9689 1.6892 1.6910 2.4825 2.1818 2.9707
2.9606 0.5064 0.7152 2.3983 3.2602 1.6091 2.6843 1.6274 2.3541 0.7396 1.6088 1.3719 1.2515 6.1558 5.3118 0.4300 5.7809 5.4622 1.6427 6.1034
3.5381 3.9337 5.8579 5.8054 3.9686 4.0773 2.2719 3.1856 2.1484 3.9653 2.0067 2.7349 1.6996 3.4100 3.3800 3.5408 5.9834 1.4832 3.2844 3.3740
3.5433 3.6507 3.9619 3.7866 3.3716 1.4824 2.2801 2.5578 1.3390 0.6898 0.2942 0.4806 1.3440 1.1317 0.2140 0.7375 0.3576 5.9409 4.4827 3.4133
0.2995 1.0882 3.3770 2.9710 3.3551 1.7157 1.3230 0.8583 1.8902 4.5086 4.7567 4.1258 3.8091 5.0736 5.5631 4.0563 0.9473 2.5028 2.5751 1.5884
0.3070 4.0241 3.0592 2.6385 3.3564 3.6710 1.9754 1.6186 1.1098 1.1149 0.0892 1.0490 0.2349 5.8308 6.1996 0.2285 5.4134 5.9322 2.3293 6.0904
6.1739 0.1155 4.8087 4.8028 4.2239 3.3532 3.1178 4.1850 0.7254 6.0605 5.8455 5.2457 6.1050 3.2861 4.9456 4.3055 4.6621 3.2341 3.0751 2.5871
5.8047 3.2053 1.3760 2.1876 2.1315 1.5836 1.8523 1.8883 0.5891 1.6837 0.8343 0.2136 0.6455 0.0911 6.1754 0.2743 4.7487 0.0023 0.5876 5.2748
5.7877 4.6858 5.7575 5.0122 0.6719 2.4452 1.4703 5.6184 1.1977 2.1060 2.1833 2.6298 1.4185 2.4298 0.3797 3.2752 3.7881 3.1066 0.7577 1.5892
5.8631 0.5819 1.3295 1.6272 1.2076 0.5546 1.7430 2.5815 0.3694 5.8683 0.4812 5.9183 1.0771 0.3552 0.6893 5.7614 5.4262 5.9811 0.6606 0.1026
4.2425 3.6342 2.2337 5.3176 0.5170 2.5101 1.5209 1.3903 2.2329 2.7836 1.5363 1.7267 1.3260 2.3886 1.3974 2.5630 2.8443 2.8321 0.4110 3.9487
4.7864 3.7982 3.1633 1.9405 1.4519 6.2479 0.3268 6.1098 2.6824 4.9977 0.7950 0.5427 0.8624 0.4001 1.1695 0.9198 1.3837 1.1177 0.7799 0.4689
4.6672 3.9168 4.3568 5.4688 0.6721 0.2669 0.1099 5.9572 1.0790 2.1224 3.0263 3.4119 5.3313 5.2770 5.6293 5.6159 6.2702 2.8719 1.7584 3.1196
4.7470 4.4936 2.5037 2.2573 0.6367 1.9186 0.8857 0.5401 0.8942 4.8539 4.6159 5.7374 4.3601 2.8862 1.4604 2.9166 0.4908 0.5213 0.9338 6.1005
3.7704 1.9946 1.9544 0.4918 1.0079 1.5707 1.6577 1.7018 1.8748 3.3733 3.4588 2.8835 4.0810 5.3786 0.8534 6.2193 1.6484 2.8568 2.7100 3.2916
5.2067 4.3791 3.4443 3.5392 4.5531 4.8589 3.2887 4.0217 1.9000 2.9565 4.4596 0.0776 2.1033 2.2822 1.1579 1.7242 1.0730 6.2467 0.8969 0.8660
4.9222 4.0602 2.8139 2.7019 4.1153 2.9687 3.3753 0.9293 2.2085 0.8307 1.9575 2.7895 1.8803 1.9618 1.7403 1.1981 2.3494 3.0954 1.9570 4.6058
0.4245 0.7124 6.0306 5.5536 5.0651 5.6863 3.6420 3.4719 2.7073 3.4079 1.4347 0.2207 0.6341 0.7888 1.8506 3.5491 1.2794 0.8639 1.2907 2.3893
