5.8212 0.1673 4.6805 6.0544 2.7777 4.9222 4.0640 4.4262 4.0827 4.2895 3.0056 3.6129 3.9356 4.4026 4.1466 0.2127 0.5268 0.5049 0.0859 5.8723
0.2637 5.1179 3.7395 3.7726 2.7192 3.0347 4.6252 1.9538 2.6006 1.9544 3.4687 2.6917 2.9085 2.5779 3.5212 3.5580 2.4385 2.5875 0.5079 1.5571
1.9372 1.6614 0.6159 1.6264 1.0226 1.5526 5.6364 6.0471 4.3079 5.2443 5.0843 5.3901 5.2228 5.8626 4.5531 1.2233 1.8273 0.9127 1.7490 3.8811
2.4392 5.0587 0.2979 0.0170 6.1339 5.3431 5.0835 3.5306 5.2037 2.8804 3.9245 3.1294 4.4404 3.7131 4.6507 4.6149 3.7173 6.2339 2.4499 2.1415
2.6742 2.1140 2.0476 2.2283 0.5433 5.7770 6.2587 1.1266 5.7890 5.9840 4.1296 0.6899 5.6533 6.1644 5.8745 3.2020 3.1384 3.1982 2.6407 5.9413
2.0237 3.6619 1.8893 3.0709 5.9999 6.0160 6.0190 4.2507 6.0427 3.8078 3.2062 3.9133 4.9669 3.0842 5.3025 0.0129 2.0741 2.5627 2.6228 3.1172
1.3959 1.0996 2.0621 0.8966 0.5441 1.1265 1.1687 1.0734 1.0671 0.5475 1.2200 5.8489 4.9698 5.4367 6.1622 4.8099 4.5336 6.0821 1.2352 0.9403
1.7204 4.0189 2.0250 3.5779 6.1427 3.0944 2.2839 2.8432 2.1161 2.2586 1.6544 1.8312 1.1002 1.7687 0.9200 3.7079 2.7474 2.7287 1.3696 3.5536
1.8972 2.2095 0.9178 0.5290 5.4919 6.2038 0.3884 0.8714 1.3270 5.9042 4.3540 4.2295 5.2144 5.3604 0.2592 0.5635 0.1817 6.1109 1.0084 1.1935
0.6050 0.1228 6.1361 4.6517 4.6898 3.9371 6.1028 4.9100 1.6229 0.8991 1.7067 1.1572 1.5357 1.0185 0.8398 1.1007 1.4235 1.4946 1.3100 1.7448
0.6241 0.5245 0.1895 0.7607 5.8342 6.0570 0.4351 0.9424 1.6316 4.1798 2.0097 3.2015 2.7383 4.2337 5.3722 5.1313 5.9614 4.5764 1.2384 1.1663
0.2876 5.9434 5.8369 5.2997 5.2742 1.8562 6.1093 4.1795 0.9212 2.0204 1.9537 1.0321 2.2053 1.9560 0.5574 0.9345 1.2396 1.7734 0.3279 4.4146
0.1884 0.6166 5.7445 0.9599 0.0518 5.7487 5.8050 6.0213 1.2507 6.2314 1.4589 4.6042 3.4285 5.4705 5.6226 5.4422 0.1605 5.4047 0.2136 0.5588
6.0766 5.9292 4.1659 3.0461 0.7903 1.2215 1.0013 0.2668 1.1232 1.4621 1.5994 1.6374 3.3730 2.4152 0.2655 1.7526 0.6966 2.0861 1.8892 4.6849
0.2585 1.6251 6.0796 0.1000 6.1851 4.1318 5.3338 3.3772 1.7098 2.5911 3.5686 3.5878 3.7839 4.8782 6.0877 5.8160 0.8256 5.5415 1.7712 1.2446
4.3945 4.2849 5.8753 4.9276 6.0579 5.5575 5.3385 6.0145 0.7944 0.5310 2.2577 1.8477 4.1374 2.1139 3.6913 2.2664 2.4957 1.6724 3.7957 4.3222
3.8737 0.5674 6.2735 0.4222 0.4466 1.3755 5.9672 1.5846 2.8382 3.6567 3.3007 5.3760 4.6546 4.6039 5.0859 5.6734 4.4547 4.0661 4.1611 3.8075
4.9676 4.9478 4.7008 3.0847 0.2479 3.6524 4.4354 4.0382 2.9495 2.5609 2.8668 2.3497 3.8664 2.8366 4.5413 4.0186 5.6570 6.1807 5.7169 0.3070
4.9684 5.2086 4.8184 5.4776 0.8611 0.1205 4.7236 5.3513 3.5785 5.2387 3.4505 5.6251 3.4841 6.0526 5.5800 0.5766 1.0170 3.0871 3.2493 4.8482
4.8306 4.6670 4.2923 3.3779 3.2885 3.2442 4.0239 2.3477 3.2175 2.6460 3.6766 2.6655 3.8272 3.0325 3.2519 3.1957 2.5672 2.6701 2.5825 2.2665
