1.4590 5.5080 1.5802 0.1830 1.7957 3.0226 2.4414 1.7521 2.4207 3.0087 4.0351 5.7291 5.8463 5.5813 1.2097 5.3166 5.9705 5.3336 4.7963 6.0926
0.9534 1.5818 1.6750 1.4592 1.0452 1.0501 1.6503 2.4744 2.1084 5.1045 4.4577 1.9328 0.2087 2.0618 2.4454 2.4193 2.8637 2.1992 3.7432 1.6575
0.6392 1.8640 2.0211 2.7049 3.1144 3.7868 3.0006 3.6137 2.2121 3.3105 5.0795 5.0414 5.8457 4.0639 3.4847 4.0457 4.0989 4.3896 2.8455 4.1369
0.2816 0.4242 0.2425 0.4895 1.3811 0.8996 4.2149 0.3567 0.4637 0.4641 5.0154 0.5455 0.3438 2.0669 3.1309 1.2687 5.5363 0.0544 1.0437 0.7121
3.9287 3.3367 4.6972 3.9701 2.6746 2.3548 3.3815 2.9093 1.9054 4.0607 5.3849 4.1436 6.0862 4.1317 4.7389 4.6562 2.8475 3.6001 3.3708 3.6200
2.2596 1.1949 2.0716 1.8876 3.2893 2.6986 2.9227 1.4135 1.8647 1.1666 1.4127 0.3676 0.2433 1.2530 1.6706 1.6961 2.6990 3.1152 3.6117 0.5572
3.0022 3.0989 2.9604 3.9263 2.3676 3.0068 3.7528 3.9228 2.2924 3.3567 1.7501 2.7781 2.5838 1.7621 1.6544 3.2470 3.7658 3.5707 4.4741 3.8580
4.5810 5.2531 3.0244 2.1520 1.8595 0.5406 1.5065 0.8311 0.9001 0.9659 1.1907 0.1628 5.8641 5.6140 0.5758 1.1136 2.5148 1.6680 2.2510 1.1598
3.7933 3.4206 4.6740 4.1762 2.5868 2.1560 1.5306 1.5910 0.3422 0.3160 1.0368 1.6961 0.2515 0.4247 6.0338 3.5051 2.2068 2.9177 3.2147 3.4379
5.3041 5.3381 5.4959 1.2352 1.8729 2.0177 0.0342 6.2814 6.0680 5.2504 5.6126 5.4355 0.0126 3.0756 6.0305 0.6434 0.2468 5.7409 5.4177 6.0140
5.1158 4.7732 4.5255 4.4110 4.2622 4.1017 4.9953 0.9701 0.4060 0.2088 6.2224 0.5218 5.7966 5.1102 4.8701 5.7554 5.4788 3.7320 3.7252 3.4673
5.5244 0.0409 4.3961 2.2904 3.7174 6.1661 5.0516 5.0181 6.0817 4.3941 5.4029 5.7147 5.7698 0.2202 0.3783 1.4954 6.2344 5.8446 5.4932 5.4500
3.4540 2.3405 3.0832 3.2751 3.5273 3.7248 3.4937 1.1149 0.3498 0.0863 5.0845 5.5022 5.5511 5.0768 0.0128 5.9870 6.2203 0.9577 2.6831 2.1186
4.7608 5.3311 4.1994 0.2763 1.6646 0.8077 3.3306 2.3036 3.8328 3.3587 4.3851 3.3081 4.5485 2.7252 1.5917 2.3806 0.8915 5.1193 3.5761 5.1461
3.1390 1.8821 3.5798 3.1575 3.0400 3.2302 3.3670 4.3833 4.1207 4.6285 4.7311 5.5999 5.5372 6.1217 0.9996 1.4108 3.0377 2.6679 3.2817 2.5478
3.8500 5.2551 3.4186 2.4994 3.1859 2.6957 3.5849 2.5563 3.2851 1.6295 3.6179 1.7608 4.1973 3.7654 2.5233 3.8786 3.6657 3.7921 4.4691 4.0885
2.4631 2.4070 3.9330 4.5648 3.6151 4.2728 4.5802 4.2438 3.5015 4.0926 2.9678 5.2373 4.0733 5.9510 0.8627 0.7620 3.2310 1.4042 4.4570 4.2287
2.7336 3.6064 3.7842 2.5352 2.8869 2.3568 3.0568 1.7841 2.4234 1.5459 2.1383 3.4198 2.9420 2.5629 2.1155 2.9151 3.6786 4.6513 5.3296 1.2840
3.2379 4.6466 4.9295 4.3388 3.4643 3.7929 2.3942 2.4118 2.7988 4.2367 2.0897 3.9971 3.1992 6.1639 1.7151 5.7224 4.8691 4.2635 4.6634 3.7006
2.6412 2.0956 1.9002 2.0824 3.0185 0.8799 1.9254 3.9895 2.0070 1.5996 2.3981 2.3036 2.3839 2.8886 1.9914 1.4919 0.3432 1.0781 5.0453 1.5536
