2.8592 5.9919 4.9444 5.4483 5.5970 5.1199 0.4778 0.7600 0.9237 2.9334 2.7013 2.7310 3.1094 2.0506 2.4809 1.6753 3.9875 2.0154 3.3106 6.1884
2.8071 3.3674 4.5011 3.3402 4.7858 0.8871 5.3158 4.1873 0.6186 5.7892 2.7047 2.4912 3.4932 4.1026 3.6250 4.7782 3.1890 4.6038 3.5880 3.7965
1.6989 5.5232 3.6225 4.6090 4.5031 4.3492 5.9844 0.2232 1.9133 2.2784 4.1492 4.9970 4.3227 5.0700 4.0034 2.3622 2.8761 1.4290 1.1209 0.7119
2.3464 3.6828 1.6548 2.1121 3.0760 2.5397 3.5595 4.1065 3.4755 4.4135 3.6527 2.0798 3.2596 3.1793 3.5699 3.9166 2.7481 3.7536 3.4058 3.0762
2.6677 0.7573 0.4305 6.2546 6.2465 5.3735 3.8257 1.6228 2.1439 1.0463 1.8300 4.9683 3.6264 5.4208 2.8415 2.5061 2.3680 2.0133 2.8413 1.2524
2.8438 4.1553 4.9560 4.4518 0.5567 2.0774 3.0195 3.1185 2.4254 3.1993 2.7746 2.8540 3.6768 2.1636 2.5757 3.0892 4.5030 3.6972 4.5586 3.7404
1.4343 1.7713 5.4664 0.2107 0.1519 0.9047 1.6667 1.0888 1.8766 5.9353 4.9494 5.4651 3.8997 5.1131 5.8006 5.8874 5.0369 5.5633 5.0424 0.8847
2.7003 3.4950 5.2809 4.7588 5.1506 4.4687 2.8931 3.5254 2.7154 2.5614 3.0664 2.1423 3.6478 2.0624 2.7567 2.4841 4.1687 3.4651 4.7098 4.8360
1.5008 0.0746 5.6806 2.1806 5.9616 2.9521 2.9154 2.6487 3.0519 4.1730 4.1905 4.6150 4.8872 4.7438 5.3470 5.4865 4.2823 5.8450 0.4550 1.5492
5.5687 4.8318 5.2445 0.0342 4.9598 4.9934 4.0197 4.4973 3.0555 1.4666 1.4234 2.4919 1.4267 1.3136 4.5980 3.6302 4.4393 4.1869 0.7289 5.7573
0.5843 0.7158 1.7329 2.5914 3.4486 2.7877 0.7169 1.7431 2.7313 1.2943 1.1488 5.8489 6.0686 1.9458 4.6518 0.1046 5.2995 5.8784 0.1221 0.8169
1.2607 3.1819 0.9352 5.4203 4.3212 5.6873 2.2741 3.9537 3.4098 3.7636 3.2054 3.8944 0.3601 4.3845 5.1070 3.7563 3.2735 3.4036 1.4345 3.5416
0.4972 0.4703 0.9814 1.9732 3.4500 3.3576 3.7606 4.1690 3.1337 2.8223 2.7895 3.0895 1.4473 1.1519 5.7098 0.1840 1.6134 1.1414 1.4533 0.3101
1.5271 3.3632 3.2107 3.7554 3.1969 2.0921 2.0344 1.5007 2.2707 2.1066 2.1080 1.3589 1.5460 2.5468 3.5881 2.6985 2.4717 2.9144 2.5876 3.0795
0.5257 0.6946 5.5297 5.6554 3.5687 4.2130 4.3870 4.5860 3.4808 5.2823 1.6506 0.9768 0.6982 6.0085 5.8433 5.4699 1.2111 0.3649 1.6148 0.6694
3.7353 4.5388 5.4670 4.6427 2.1648 2.0520 2.4213 1.9540 2.9519 2.8222 3.0918 4.2319 1.9151 1.6902 1.1867 1.6749 3.0186 3.1477 2.0853 3.5996
3.4340 2.3072 3.5186 4.0768 3.1943 4.0499 3.8075 4.3399 4.5221 4.2665 3.5749 2.5647 1.9299 0.1980 0.4514 1.8541 1.9895 0.8058 1.5714 3.9298
5.2265 4.3985 0.2826 0.4126 1.1878 0.3362 1.8750 0.5302 6.1964 6.2386 0.5121 0.2610 1.4899 3.2994 5.5452 5.3158 5.3346 4.8060 6.0059 5.1737
0.9952 0.1299 0.2424 0.0969 0.0734 5.2560 1.5550 2.9996 2.7698 3.6829 3.2713 3.3512 2.2707 0.9690 0.6113 1.2631 0.2467 0.1311 5.7005 0.2999
2.9292 2.7770 0.6273 3.0752 1.0355 1.6102 0.7568 0.2893 1.1730 0.3235 0.3613 6.0754 4.8914 4.6585 4.7957 4.8149 4.8427 4.2842 3.6872 2.7313
