2.9965 3.2405 2.1863 1.7636 1.3510 0.3192 0.2373 0.9139 2.9410 3.2438 4.0940 0.9895 2.1222 3.7889 3.6960 4.8599 2.7568 3.1084 2.6456 3.8468
1.0205 0.2161 1.6823 5.3805 0.7937 0.7707 0.6435 3.0425 2.9496 0.7896 3.0465 3.3799 2.7748 3.0904 3.8813 1.9058 1.1478 1.3499 1.9300 1.1076
2.7887 2.9629 1.8515 2.1715 2.3644 2.4946 0.9893 0.2824 3.3994 3.7995 3.5567 6.1668 3.2198 2.6599 3.4095 5.8198 0.1312 4.3335 3.7454 3.1004
4.4636 6.1459 5.4621 5.7812 0.6887 5.8951 1.7931 3.5068 3.1795 2.6036 3.0136 3.0786 2.4544 4.9258 3.1118 3.4559 4.8179 0.0271 4.9412 5.4417
4.0619 3.2055 5.3727 4.1071 1.1124 1.6625 1.2189 1.5106 1.7684 3.2392 3.4844 1.2706 2.6952 2.9613 3.1754 5.6465 6.0876 4.4746 3.9995 2.5974
4.5233 0.0753 5.9036 6.0363 0.2720 4.5764 5.1478 4.9861 2.7055 4.8844 4.2721 4.1352 2.1772 1.5953 2.5120 4.1602 3.0430 0.9304 5.0913 5.3110
3.8701 3.2974 2.8531 2.0256 1.4094 0.9525 0.4682 1.2179 2.5915 0.5898 3.3905 3.9125 3.2219 3.6652 2.8704 6.0957 2.7126 4.7297 4.7885 2.2452
3.6834 6.0739 2.3057 3.8319 2.6758 2.8314 0.9311 4.8099 3.9383 3.3671 2.1323 2.0181 2.0783 1.8369 3.2288 3.7722 3.3589 3.8298 4.6571 4.6416
2.6285 3.1194 2.8073 1.0015 3.8866 5.7442 1.4065 1.1254 0.9714 0.3128 1.2996 2.2081 2.7349 3.5650 3.2265 2.7224 2.5186 3.4832 2.2770 1.8031
2.3053 4.5721 3.6246 4.3315 3.5866 3.5937 2.1735 3.1409 1.5531 3.0791 2.0470 2.2005 1.9081 0.3359 1.0102 0.1588 0.6435 1.1792 1.7119 6.2090
2.3670 4.1900 3.6242 4.2194 3.7860 5.5257 3.2598 3.2767 1.8115 1.4582 1.2334 0.3684 1.7715 2.9335 1.5840 2.3253 2.0309 1.6685 1.7527 2.9507
1.3946 2.0265 1.6410 1.6662 2.2222 1.3314 3.2993 2.2899 3.0252 4.2318 1.9893 3.2254 2.1307 1.4243 1.2425 0.4058 1.4797 0.3771 0.6639 1.0937
2.5455 3.5433 3.9318 3.3915 2.6145 3.4173 3.7887 5.1444 2.7255 1.0625 1.4320 6.2062 3.2388 5.0354 3.3751 3.5642 2.3968 2.3815 1.3478 2.2786
3.0227 1.3990 2.4226 0.1002 1.3565 6.0817 1.0572 1.1272 2.0519 4.1360 2.4842 1.6577 1.1561 2.3336 2.7856 2.5497 1.9595 3.3324 2.3110 3.3073
2.6028 3.9255 2.3259 2.2745 1.5214 1.7315 0.8177 0.0768 0.6146 1.3181 1.1773 4.0811 1.5509 4.1084 4.2231 5.4346 3.3705 1.1496 1.9416 1.9571
2.5289 1.1638 2.2450 3.2978 2.3956 2.3576 0.4648 1.1262 0.6080 6.0010 1.3983 1.6200 1.4702 2.7853 3.7704 2.5388 1.8989 0.7331 1.2231 3.7489
1.5537 0.0259 1.0566 0.1057 5.9237 0.3842 1.6497 3.1632 3.2171 3.3483 3.5654 4.7329 2.6901 4.7916 4.4578 0.0241 0.7725 4.9773 2.3556 1.0313
0.9887 2.8481 1.3464 1.4613 0.8692 2.5258 0.1378 5.6383 3.5302 5.0338 4.0994 3.7189 2.1120 2.7654 2.9414 3.3654 1.3949 1.6454 2.1564 0.8366
0.7614 0.1614 1.2529 0.8755 0.2530 0.1159 1.9568 3.7342 3.1819 2.3948 5.3404 2.0315 1.9218 2.1568 2.1113 1.1657 1.6104 4.7575 2.7686 3.8493
1.5109 0.7191 1.7418 4.2260 0.5070 3.7204 2.8896 3.3129 3.1888 4.7310 4.8146 4.3636 3.8517 4.5701 3.1822 3.2233 2.3528 1.5439 2.2723 1.4271
