5.8503 5.0791 4.1122 2.3276 2.5209 2.1001 2.5003 2.6401 1.4832 1.4412 3.3420 5.0600 4.1809 4.3506 4.8349 5.5979 4.2404 5.2332 5.4418 4.4506
0.3971 0.8430 5.5081 5.1120 3.3325 5.5787 4.4792 5.0914 0.7138 3.0726 2.3127 2.7143 3.7387 2.6021 4.7868 3.6820 4.0846 3.8709 4.5403 0.2225
4.0139 3.0888 2.2928 2.3252 2.4588 2.3597 1.5568 1.9325 1.3167 6.0277 0.6085 0.0901 0.9921 0.0305 5.3911 0.2717 6.1378 6.0340 4.3529 4.0596
1.6605 0.4871 0.4055 0.0133 2.1406 1.3158 1.9841 3.7148 2.2150 2.0510 1.0900 2.4183 0.8655 1.4955 0.0425 0.5564 0.5810 2.2650 2.8420 1.3297
1.6694 2.2605 1.9558 2.5913 2.8570 2.7949 2.0687 0.9516 0.5811 5.3701 0.1852 4.8540 6.1652 6.1301 6.2137 1.0339 6.1654 0.1552 1.7975 1.9203
0.1760 0.2273 0.8179 0.6111 1.2412 5.4230 4.6739 3.8205 5.5123 0.8780 1.1626 0.4999 0.9417 1.1736 5.8514 4.4760 4.8636 4.6601 5.9510 4.7548
1.1172 2.4434 0.6305 1.1619 6.2685 1.7711 5.8205 5.3821 4.9790 2.9069 2.7422 2.7402 3.4034 3.2549 6.1818 0.9650 5.6875 1.6972 1.2609 0.9475
6.1287 5.8900 5.3722 5.0823 6.0080 4.8862 5.0850 3.7313 4.9039 6.0446 0.8047 5.3440 4.6203 6.0267 6.2673 4.6292 5.1428 4.9492 4.5504 4.6528
0.1006 1.9116 1.2210 1.4616 5.6920 4.7941 5.0006 4.8705 4.9040 2.1109 1.3324 2.8423 4.5223 3.3002 6.0428 1.4427 0.3375 0.1014 6.0438 0.4515
5.8070 4.8826 5.4808 4.6712 1.0925 1.2331 2.7035 3.1970 4.8227 5.1503 6.0656 5.8259 6.1132 0.3478 0.1385 4.9659 4.7573 4.5439 5.1579 4.6491
6.0595 5.7197 4.8760 2.3319 2.5412 2.2339 3.1353 0.0581 6.1324 1.4225 0.7685 1.2047 5.8155 6.2077 1.0920 2.1914 5.0609 6.1317 4.9591 4.9840
5.6428 6.1303 5.6892 5.4828 5.6995 5.3545 1.2310 4.0847 4.7889 4.7531 4.9946 5.2661 6.1528 2.1189 2.1794 1.3992 2.2158 3.0020 3.6849 3.2389
0.6513 2.3066 4.5935 2.1154 5.7681 1.1577 1.7020 6.2336 5.8123 0.6554 3.7645 2.3963 1.7692 0.2780 1.0323 6.0531 2.1145 0.4034 1.4223 0.9275
1.6535 4.7705 4.2824 5.1278 4.0863 3.1424 3.8548 3.8116 5.0274 5.2339 4.2792 3.9125 2.8684 2.2827 1.7320 2.4682 2.6742 2.7508 2.2787 2.3409
1.5313 1.2291 3.4046 2.6469 1.8415 1.0663 2.1102 1.2927 1.9821 2.1706 2.5703 2.0848 3.2295 5.5787 5.6636 5.7127 6.1437 0.3362 0.8490 0.7979
1.4033 3.7179 3.6419 4.0973 2.5794 3.4859 2.7653 3.8797 2.8391 2.9616 2.1890 2.6368 3.7516 4.1493 4.4048 3.9682 4.5940 4.7276 2.5243 2.4656
1.2666 2.0532 3.2753 1.8206 2.2006 1.6114 2.3420 1.3129 2.0840 1.9745 3.0671 4.7682 3.6221 6.1399 6.1407 6.1371 5.9339 5.7023 1.2878 6.0527
6.0602 4.6067 4.0158 4.7299 1.9789 2.1510 2.2198 3.6748 3.4025 3.7523 4.1468 2.4788 3.3491 3.2046 3.3417 3.7272 3.6693 1.5599 1.7322 1.5852
0.5033 0.4158 1.4212 2.7276 1.9382 5.7131 4.3788 6.0650 6.2149 1.5635 3.8704 4.9257 3.9278 3.8368 3.3300 4.4148 4.5789 4.9907 5.3782 4.8877
0.2663 1.8703 1.8303 0.9997 1.5815 4.4670 4.7869 5.3338 0.2141 4.4102 3.2597 1.7745 4.3866 2.0365 2.8216 2.5587 2.9270 0.6855 6.0907 0.7659
