0 0
0 1
0 2
0 3
0 4
0 5
0 10
0 11
0 12
0 13
0 14
0 19
0 21
0 22
0 23
0 24
0 25
0 26
0 33
0 34
0 35
0 36
0 37
0 40
0 44
0 45
0 46
0 47
1 1
1 2
1 3
1 4
1 5
1 6
1 11
1 12
1 13
1 14
1 21
1 22
1 23
1 24
1 30
1 32
1 33
1 34
1 35
1 36
1 37
1 38
1 39
1 40
1 44
1 45
1 46
1 47
2 2
2 3
2 5
2 6
2 7
2 8
2 9
2 10
2 11
2 12
2 13
2 23
2 24
2 30
2 31
2 32
2 33
2 34
2 35
2 36
2 37
2 39
2 40
2 41
2 44
3 1
3 2
3 3
3 4
3 5
3 6
3 7
3 8
3 11
3 12
3 13
3 16
3 18
3 19
3 23
3 24
3 25
3 31
3 32
3 33
3 34
3 35
3 36
3 37
3 38
3 40
3 43
3 44
4 0
4 1
4 2
4 3
4 4
4 5
4 6
4 7
4 10
4 12
4 14
4 15
4 16
4 31
4 32
4 33
4 34
4 35
4 36
4 37
4 38
4 39
4 40
4 41
4 44
5 1
5 2
5 3
5 4
5 7
5 14
5 15
5 16
5 29
5 31
5 32
5 33
5 34
5 35
5 36
5 37
5 38
5 39
5 40
5 42
5 43
5 44
6 0
6 2
6 3
6 4
6 6
6 7
6 10
6 11
6 17
6 18
6 20
6 31
6 32
6 33
6 36
6 37
6 38
6 39
6 44
6 47
7 0
7 1
7 2
7 3
7 4
7 6
7 7
7 10
7 11
7 12
7 17
7 18
7 19
7 23
7 30
7 31
7 32
7 36
7 37
7 38
7 39
7 40
7 44
7 49
8 0
8 1
8 2
8 3
8 4
8 5
8 6
8 7
8 8
8 9
8 10
8 11
8 12
8 13
8 15
8 18
8 19
8 29
8 30
8 31
8 36
8 37
8 38
8 39
8 40
8 41
8 45
9 0
9 1
9 2
9 3
9 4
9 5
9 6
9 7
9 10
9 11
9 12
9 13
9 15
9 18
9 19
9 28
9 29
9 30
9 31
9 35
9 37
9 38
9 40
9 41
9 42
9 45
9 46
9 47
9 48
9 49
10 0
10 1
10 2
10 3
10 4
10 5
10 6
10 7
10 8
10 9
10 10
10 11
10 12
10 13
10 18
10 19
10 20
10 21
10 24
10 25
10 26
10 27
10 28
10 34
10 35
10 37
10 38
10 45
10 46
10 47
10 48
10 49
11 0
11 1
11 2
11 3
11 4
11 5
11 6
11 7
11 8
11 12
11 13
11 15
11 19
11 20
11 21
11 22
11 25
11 26
11 27
11 28
11 37
11 38
11 41
11 42
11 45
11 46
11 47
11 48
11 49
12 0
12 1
12 2
12 3
12 4
12 5
12 6
12 7
12 11
12 12
12 13
12 14
12 15
12 17
12 18
12 19
12 20
12 21
12 22
12 23
12 24
12 25
12 27
12 28
12 32
12 42
12 43
12 46
12 47
12 48
12 49
13 0
13 2
13 3
13 4
13 5
13 7
13 8
13 9
13 11
13 13
13 14
13 15
13 18
13 19
13 20
13 24
13 25
13 29
13 30
13 31
13 32
13 33
13 34
13 36
13 40
13 41
13 42
13 46
13 48
13 49
14 2
14 3
14 4
14 5
14 6
14 7
14 8
14 9
14 10
14 11
14 14
14 15
14 17
14 18
14 19
14 20
14 21
14 22
14 25
14 27
14 28
14 29
14 30
14 31
14 32
14 33
14 34
14 36
14 40
14 41
14 42
14 43
14 44
14 45
14 46
14 47
14 48
15 0
15 2
15 3
15 5
15 6
15 8
15 9
15 10
15 20
15 21
15 22
15 23
15 27
15 28
15 29
15 30
15 31
15 32
15 33
15 34
15 36
15 39
15 41
15 42
15 43
15 44
15 45
15 46
15 47
15 49
16 2
16 3
16 4
16 5
16 6
16 8
16 9
16 10
16 18
16 19
16 20
16 21
16 23
16 24
16 27
16 28
16 29
16 31
16 42
16 43
16 44
16 45
16 46
16 47
16 49
17 3
17 4
17 5
17 6
17 7
17 10
17 15
17 16
17 17
17 18
17 19
17 20
17 21
17 22
17 23
17 24
17 29
17 38
17 39
17 42
17 43
17 44
17 45
17 46
18 2
18 4
18 5
18 6
18 7
18 10
18 11
18 12
18 13
18 14
18 18
18 21
18 22
18 23
18 24
18 28
18 29
18 32
18 33
18 34
18 37
18 38
18 39
18 40
18 41
18 42
18 43
18 44
18 45
18 46
18 48
19 4
19 5
19 6
19 9
19 10
19 11
19 12
19 14
19 17
19 18
19 24
19 26
19 27
19 28
19 29
19 32
19 33
19 34
19 35
19 37
19 38
19 39
19 40
19 41
19 42
19 43
19 44
19 45
19 46
19 47
19 48
20 4
20 5
20 6
20 7
20 10
20 11
20 12
20 13
20 17
20 18
20 27
20 28
20 29
20 30
20 33
20 34
20 35
20 36
20 37
20 38
20 39
20 40
20 44
21 0
21 5
21 6
21 7
21 13
21 14
21 26
21 27
21 28
21 29
21 30
21 33
21 34
21 40
21 41
21 46
21 47
22 1
22 2
22 3
22 4
22 5
22 6
22 7
22 13
22 14
22 15
22 20
22 23
22 24
22 25
22 26
22 27
22 28
22 29
22 30
22 34
22 40
22 41
22 45
22 46
23 2
23 3
23 4
23 5
23 6
23 11
23 12
23 13
23 14
23 23
23 24
23 25
23 26
23 27
23 28
23 29
23 32
23 33
23 34
23 41
23 47
23 48
24 1
24 4
24 5
24 6
24 12
24 13
24 14
24 15
24 23
24 24
24 25
24 26
24 27
24 28
24 29
24 30
24 31
24 32
24 39
24 40
24 41
25 6
25 7
25 10
25 12
25 13
25 14
25 15
25 18
25 19
25 20
25 23
25 24
25 25
25 28
25 30
25 31
25 32
25 33
25 34
25 37
25 38
25 39
25 40
26 6
26 7
26 8
26 9
26 10
26 12
26 13
26 14
26 15
26 16
26 17
26 18
26 19
26 23
26 25
26 27
26 28
26 29
26 30
26 32
26 33
26 34
26 38
26 39
26 40
26 47
27 3
27 4
27 6
27 7
27 8
27 9
27 10
27 14
27 22
27 23
27 24
27 25
27 26
27 27
27 28
27 29
27 30
27 31
27 32
27 33
27 38
27 39
27 43
27 44
27 45
28 4
28 5
28 6
28 7
28 9
28 13
28 14
28 15
28 16
28 17
28 20
28 21
28 22
28 23
28 24
28 25
28 26
28 27
28 28
28 29
28 30
28 31
28 32
28 36
28 41
28 42
28 43
28 44
28 47
28 48
29 0
29 1
29 2
29 3
29 4
29 5
29 6
29 13
29 14
29 15
29 16
29 17
29 18
29 22
29 27
29 28
29 29
29 30
29 31
29 32
29 33
29 39
29 40
29 41
29 43
30 1
30 2
30 3
30 4
30 5
30 6
30 8
30 14
30 16
30 17
30 18
30 19
30 21
30 22
30 27
30 30
30 31
30 32
30 33
30 34
30 37
30 38
30 40
30 41
30 43
30 46
30 47
30 48
31 1
31 2
31 3
31 4
31 5
31 7
31 12
31 13
31 14
31 15
31 16
31 17
31 18
31 19
31 21
31 22
31 23
31 30
31 31
31 32
31 33
31 34
31 35
31 36
31 37
31 38
31 44
31 45
32 0
32 1
32 2
32 3
32 4
32 5
32 6
32 7
32 8
32 9
32 10
32 12
32 13
32 14
32 15
32 16
32 17
32 18
32 19
32 20
32 21
32 22
32 23
32 26
32 27
32 28
32 31
32 37
32 38
32 40
32 44
32 47
32 48
32 49
33 1
33 2
33 3
33 4
33 5
33 6
33 7
33 15
33 16
33 17
33 18
33 19
33 22
33 23
33 24
33 26
33 30
33 31
33 32
33 33
33 35
33 40
33 42
33 43
33 47
33 48
33 49
34 4
34 5
34 6
34 7
34 8
34 15
34 16
34 17
34 18
34 19
34 22
34 23
34 26
34 27
34 31
34 33
34 34
34 35
34 36
34 37
34 38
34 39
34 40
34 43
34 47
34 48
35 2
35 4
35 5
35 6
35 8
35 10
35 13
35 15
35 17
35 18
35 23
35 24
35 27
35 28
35 33
35 34
35 35
35 36
35 38
35 39
35 45
36 4
36 5
36 6
36 7
36 8
36 9
36 12
36 13
36 14
36 15
36 16
36 17
36 20
36 24
36 28
36 34
36 35
36 36
36 37
36 38
36 42
36 43
36 44
37 3
37 4
37 5
37 6
37 7
37 8
37 9
37 10
37 12
37 13
37 14
37 17
37 18
37 19
37 24
37 28
37 31
37 32
37 33
37 34
37 35
37 36
37 37
37 42
37 43
37 44
37 45
38 0
38 1
38 2
38 3
38 4
38 5
38 6
38 7
38 8
38 9
38 10
38 14
38 15
38 16
38 17
38 18
38 28
38 29
38 30
38 31
38 32
38 33
38 34
38 36
38 37
38 38
38 47
38 49
39 1
39 2
39 4
39 5
39 6
39 7
39 8
39 10
39 14
39 15
39 25
39 30
39 31
39 32
39 33
39 36
39 37
39 39
39 43
39 46
40 0
40 5
40 6
40 7
40 8
40 9
40 18
40 25
40 27
40 29
40 30
40 31
40 32
40 34
40 35
40 37
40 42
40 43
40 44
41 1
41 2
41 3
41 5
41 6
41 7
41 11
41 18
41 19
41 20
41 25
41 29
41 30
41 31
41 34
41 35
41 36
41 37
41 42
41 43
41 46
41 48
42 4
42 5
42 6
42 7
42 11
42 12
42 13
42 14
42 16
42 17
42 18
42 19
42 20
42 22
42 24
42 25
42 26
42 29
42 30
42 34
42 35
42 36
42 37
43 4
43 5
43 6
43 8
43 9
43 10
43 12
43 15
43 16
43 17
43 18
43 19
43 20
43 25
43 27
43 28
43 29
43 30
43 31
43 34
43 35
43 36
43 37
43 38
43 44
43 45
44 8
44 9
44 10
44 11
44 12
44 13
44 14
44 15
44 16
44 17
44 19
44 20
44 25
44 27
44 28
44 30
44 31
44 34
44 35
44 36
44 37
44 38
44 39
44 43
44 44
44 45
45 8
45 9
45 11
45 12
45 13
45 14
45 15
45 16
45 17
45 27
45 28
45 29
45 30
45 35
45 36
45 37
45 39
45 40
46 7
46 8
46 9
46 10
46 11
46 12
46 13
46 14
46 27
46 28
46 35
46 36
46 37
46 39
46 40
46 46
46 48
46 49
47 0
47 7
47 9
47 10
47 11
47 12
47 13
47 20
47 22
47 23
47 24
47 26
47 27
47 31
47 34
47 35
47 36
47 37
47 46
47 47
47 48
47 49
48 0
48 1
48 3
48 4
48 10
48 11
48 13
48 14
48 18
48 22
48 23
48 24
48 25
48 26
48 27
48 33
48 34
48 35
48 36
48 46
48 49
49 0
49 1
49 2
49 3
49 4
49 5
49 7
49 8
49 10
49 11
49 14
49 18
49 19
49 20
49 21
49 22
49 23
49 24
49 25
49 26
49 27
49 33
49 34
49 35
49 36
49 40
49 44
49 46
