3.8941 4.7145 5.0029 4.8677 5.1470 4.9587 4.2884 5.0884 3.0896 3.6612 3.8961 4.9563 4.2237 3.9896 3.0794 4.2348 3.3848 3.5029 3.2203 3.8886
5.5324 5.7903 4.8903 5.0289 4.7405 4.2661 5.1231 4.5915 3.9018 5.2233 4.0846 4.1488 4.9733 3.7312 3.6401 4.7276 4.1136 4.5224 3.8121 5.3239
5.6705 6.1395 4.0472 4.4169 4.1258 3.5126 5.3806 5.0033 3.2348 4.6595 4.1975 4.2974 3.7965 3.1908 2.9989 3.0761 3.7904 4.4761 3.4061 4.9481
6.1293 4.8131 4.5405 3.6691 3.8491 4.1702 5.2516 4.8797 4.4425 3.4553 3.0517 3.3832 3.0370 3.9567 3.8730 2.8607 3.7778 4.8499 4.6682 4.5610
4.0875 3.2843 3.9403 3.5137 4.1355 4.3837 3.7259 4.0674 5.0890 4.0318 4.1100 3.6275 4.6144 4.1830 3.6648 3.1627 2.7873 3.1913 3.0478 3.6336
4.2665 5.0656 3.9909 4.4899 5.3376 5.9323 3.4853 1.8637 0.9953 4.0994 3.3434 3.6480 4.0357 4.6750 2.9669 2.4927 2.1163 3.4839 3.4214 3.8052
4.0581 4.5081 3.7289 4.3452 4.4227 5.9016 1.5492 0.9830 2.2002 2.4815 3.4490 3.4431 3.5139 3.1401 2.3283 1.2973 1.8544 4.5442 4.2873 3.3804
4.1919 4.5194 3.5134 4.0288 0.1642 5.8745 6.1841 1.8805 2.1995 3.1668 2.2738 2.3139 3.0052 2.5453 3.1311 2.6796 3.1453 3.6113 3.7692 2.9320
4.2000 4.9590 4.7951 0.6987 0.0876 1.1086 0.4032 1.4173 2.7690 3.0930 2.7409 1.9759 2.1679 1.7530 3.0358 3.7113 4.2610 4.4602 3.3579 2.5912
4.3127 3.6369 2.1145 1.6527 0.2370 0.0051 0.5208 0.9444 1.5575 2.0269 2.9893 2.8833 2.4192 2.9621 3.1993 3.6257 3.6290 4.6297 3.3783 4.2502
4.4126 3.7431 2.9566 1.9278 1.5725 0.9335 1.2200 1.2456 1.2482 1.0402 2.6261 2.4333 2.2949 4.1901 3.7574 2.0999 3.0051 3.5545 3.0682 4.0747
3.8802 4.4856 2.0762 1.4363 2.7158 1.4014 1.0383 1.1506 0.7920 1.2103 2.0694 1.3769 1.6067 3.4970 2.7944 2.3700 3.2457 2.3980 3.5472 3.4201
3.4836 3.4017 4.2354 2.3329 2.5342 1.5154 1.4063 1.1676 1.3048 1.0759 1.1987 1.1486 1.8425 2.8898 2.9277 2.7669 3.4249 2.7760 4.5949 4.4150
2.7803 3.1897 1.9492 2.6122 1.9813 2.3187 1.2794 1.0113 1.6756 0.9327 0.0411 2.5942 2.7500 2.1673 2.8225 3.0299 2.0837 3.3761 3.7719 2.9040
3.2269 3.6620 3.8966 3.3838 2.1077 0.9257 0.7951 0.9216 0.8055 1.7638 2.5216 2.1996 1.3683 3.5453 4.0484 3.0448 2.9085 3.7945 3.5956 3.2185
3.8697 3.4428 4.3119 3.3104 2.1484 1.1505 1.1138 0.3711 0.9658 0.4483 3.5178 2.2887 2.6388 3.1272 3.1937 3.0688 3.6182 3.3638 3.4805 3.7297
3.6306 4.4008 4.0918 3.5406 2.0559 1.7871 1.1523 0.4915 5.6572 0.1997 5.5800 1.9927 3.2371 3.8533 3.8124 3.0689 3.1327 3.3131 3.0867 3.8107
5.0096 3.2052 3.8698 3.9227 2.5625 3.3634 2.6682 1.1499 5.3541 5.5932 4.0940 4.8995 3.5895 2.6382 3.9082 3.1300 3.5424 2.5942 3.3468 3.7940
3.6196 4.3061 3.8975 3.8584 2.7770 3.0783 4.1083 5.9602 4.7948 4.0018 3.9838 4.6432 4.5492 4.9471 4.2683 2.9780 3.6874 3.8451 3.7458 3.5539
3.9656 3.7651 4.5403 4.5891 4.7214 5.9123 5.1634 4.7309 3.1861 3.9224 3.9416 4.1726 4.6662 4.1332 4.3244 4.6330 3.6390 4.0868 3.1868 3.4840
