2.1765 1.9580 2.2515 2.6974 1.9567 1.9096 2.6131 3.1341 2.6647 2.1960 1.6862 0.8328 1.3222 3.2993 1.5460 2.6072 3.6701 3.3190 3.7000 3.0709
2.3751 2.1055 2.4550 2.5544 3.0456 2.7570 2.4989 2.2361 2.0687 1.2580 0.7582 0.4228 1.0765 1.5764 2.4364 2.4623 3.2405 3.6488 2.9300 3.2488
1.2155 3.4318 3.9012 3.7070 3.4852 3.0125 2.8414 3.0240 2.5936 1.3501 1.6996 1.3077 0.7823 1.4796 2.6536 3.5088 2.8468 2.3048 2.0168 3.1522
0.9491 3.8319 3.7771 4.2439 3.9158 3.3810 2.5519 1.6516 2.1640 0.9770 1.3375 1.4007 0.8410 1.6176 1.9359 3.0314 2.6680 3.0661 2.4723 1.7327
2.9651 2.3931 3.2462 3.8119 2.0144 2.4436 3.3965 2.1227 1.8130 1.8735 2.1951 2.7360 2.2899 1.5827 1.8307 0.6147 2.0888 2.5524 2.3762 1.3603
2.7379 2.2668 2.9533 3.1247 3.3841 3.4484 3.3864 3.1388 2.6817 2.0725 2.7729 2.8268 1.3601 1.1727 1.1252 0.9416 2.5799 2.7389 2.6118 2.7393
4.4697 4.2191 2.9426 3.5842 3.9782 4.4105 3.0499 3.0176 2.1256 1.8861 1.7924 2.3075 1.9779 3.2301 0.2026 5.5112 0.0608 2.6459 2.1586 3.1734
1.9044 2.5514 2.6373 3.3782 3.7252 4.4501 3.1228 3.3642 1.2980 1.6810 0.8714 1.9229 0.3037 0.3010 5.9661 0.9258 0.3316 0.4600 0.8271 1.2905
1.7634 2.7374 3.5237 2.4054 3.4122 4.8904 3.7589 2.6868 2.0367 1.9985 0.3840 0.5654 5.9146 0.3851 0.7208 0.8000 1.4606 0.8820 0.5272 1.1562
0.9358 4.2391 5.0146 3.3730 3.8444 3.3416 2.9308 3.1768 2.8858 3.2357 2.3642 0.5280 1.3279 0.7735 1.3465 1.1027 0.7493 0.9044 0.5349 0.8561
2.4469 2.6451 4.0697 3.2135 3.8319 4.2489 3.1992 1.9679 2.1533 2.7715 1.2134 1.3887 1.5813 2.2043 3.1226 4.1240 2.2873 1.1709 0.5155 0.0088
0.4636 0.8281 5.2070 5.3283 4.4658 6.1889 0.6220 2.2122 2.8439 3.3508 2.8635 1.7941 2.5696 2.8908 2.6083 2.4267 2.2860 1.1423 0.1021 0.0767
0.2230 0.1493 5.5857 5.3419 5.2156 5.1674 5.4855 1.4936 2.7812 3.0751 3.1782 2.4768 2.0887 2.6553 2.5603 2.1662 0.3005 0.6964 6.2613 0.0936
5.7429 5.3721 5.9448 0.3391 5.3151 6.2531 6.1519 1.1607 2.8029 3.8084 3.7573 4.2489 3.7720 3.4085 1.8868 2.0149 1.0210 0.1298 0.5167 5.9920
0.6458 6.2076 5.1240 4.2008 5.6877 0.3063 0.0209 0.5347 0.4287 6.0304 5.5257 4.2465 3.5749 4.0008 0.5514 1.6982 0.1976 0.2768 0.4908 6.2065
6.0428 4.4401 4.8948 4.3537 0.0008 5.9986 0.7675 0.6109 6.1982 5.8080 5.6660 4.6436 2.2709 2.2127 0.3492 2.0042 6.0543 5.8583 5.8325 0.4574
1.3169 2.3973 3.3384 2.8530 1.5663 0.9108 1.6576 1.9356 1.6535 0.7612 0.8182 3.0975 1.4902 0.9802 1.2702 1.2103 0.9339 6.1588 6.2526 0.2775
2.3329 2.4619 2.7111 3.0307 1.4146 0.1397 2.1287 2.2709 1.5612 1.1163 0.7859 0.5386 0.0725 0.3797 0.7443 1.9284 3.7757 4.4689 0.8753 2.6129
2.5105 2.7928 1.6403 2.1351 1.7633 1.3242 0.8783 2.7271 1.6767 1.2278 1.1736 0.3282 6.1960 1.0410 0.3135 1.6921 3.8894 3.0092 3.4874 4.3149
2.3929 2.4591 2.7862 2.2920 2.2545 2.0079 4.3063 2.9052 2.1603 1.7602 2.2126 1.9137 0.6393 1.3310 1.4472 1.9025 3.9884 3.0315 3.4459 2.9405
