4.1602 2.3471 3.2614 3.0883 2.0596 1.1494 1.5360 3.0092 2.9973 2.7864 3.1838 1.8001 0.2058 6.0753 0.6015 1.0859 0.6457 4.3689 4.1335 3.0063
4.1895 2.5386 2.3849 3.3666 2.6860 2.4522 1.4763 2.7590 2.5923 3.6316 4.0328 2.9899 1.5528 0.7902 0.0595 1.8560 5.7088 3.2642 4.6271 3.1912
3.6019 1.9624 3.6546 3.6005 2.8897 3.1511 3.0758 4.6566 3.7791 4.3722 3.8287 3.8873 3.9564 5.0036 5.0930 0.5269 5.5960 4.9430 4.9777 4.2147
4.4891 4.2275 4.1145 4.0565 3.5906 3.8715 4.1367 4.1673 3.7207 4.2259 4.7751 4.4478 4.1992 4.2587 3.8177 4.6098 3.5532 4.0109 3.5765 5.1345
4.0326 5.0081 4.3099 3.9233 5.0725 4.1532 4.7911 4.7532 6.0575 5.1322 3.0010 4.3769 4.6549 4.1388 4.6196 4.5388 4.7032 3.0959 4.6519 4.5117
4.1075 4.3067 4.5822 3.8864 4.1721 5.2367 5.3768 5.4872 5.0425 5.4782 3.0644 4.7823 4.3627 3.5199 4.0687 4.4548 4.5486 4.4661 4.4146 4.9502
3.9078 4.1637 4.7387 3.2615 4.5318 4.8923 5.1834 5.5844 5.9056 5.1520 3.4507 4.2263 3.7204 4.6909 4.5898 4.4811 5.3067 5.1505 4.5901 3.4758
3.7468 4.1067 4.7032 4.6561 5.7937 4.9223 4.9896 5.5486 5.0661 5.2208 4.2754 3.8154 5.1539 5.8855 5.9526 5.5471 4.1723 4.4024 4.6111 4.0719
3.9147 3.1977 4.6096 4.6200 6.0999 5.8585 5.6976 5.7997 4.9563 4.6440 5.0329 4.4702 5.3384 5.6722 6.1837 5.0670 3.5504 3.1646 3.5362 4.1258
5.3849 4.4749 5.6629 5.7015 5.9099 5.7562 5.7668 0.2015 0.2548 5.4968 5.4938 0.0058 0.0980 5.6471 5.4028 1.0268 2.4673 3.1907 2.3948 5.1717
4.5459 5.4291 5.5462 5.2981 0.5943 0.0390 0.3211 5.6708 1.3364 5.8295 6.2582 0.5642 0.0736 0.2334 0.2467 1.5332 2.2157 2.6565 2.1790 5.4121
4.2604 2.7146 0.2749 0.2807 6.2377 1.2863 6.2068 1.3877 0.7410 6.0758 5.7875 5.6771 0.4037 0.9012 1.2048 1.4109 1.1275 2.7064 1.8250 2.6554
3.3067 2.6285 6.2560 0.1558 6.2471 5.9584 0.3149 0.3355 1.4727 5.2689 5.6650 6.1829 6.0180 1.4022 2.1267 2.1094 1.3720 2.4220 2.1338 3.1609
3.0506 1.4717 1.0290 0.5515 1.8516 1.4321 0.5768 0.5492 0.2938 0.1912 1.3696 2.0989 1.2909 1.3466 1.5077 2.3939 2.3520 2.8053 3.5189 1.9897
0.8206 1.3466 5.6510 6.2010 0.1981 1.4529 2.7170 4.6289 5.7992 0.0792 1.2165 1.3015 1.8328 2.0775 1.5848 1.7706 2.0589 3.2291 4.4506 3.8433
0.7476 1.1320 0.9205 0.8383 0.2581 2.3891 3.1279 1.6395 2.5062 2.1188 1.2318 0.8037 0.6757 1.5812 1.5558 1.1274 1.5671 1.7925 4.0853 2.3134
0.9154 0.5712 0.2152 0.8817 3.6217 3.1473 2.0085 2.8535 2.1558 2.0111 1.6367 2.3144 0.5310 1.0011 1.3628 1.0127 0.4435 1.6679 4.7199 4.3251
5.2222 5.0083 5.4640 5.5362 4.7215 2.5382 2.8408 2.3144 2.5552 3.4309 1.9429 2.4178 1.6756 2.5700 1.4170 0.0078 5.8460 5.6102 6.1722 6.0448
4.1394 4.9567 0.2058 0.4681 6.1044 2.7301 3.4149 2.1353 2.5635 2.1402 1.8430 1.7524 2.1798 1.8717 1.3185 0.0597 6.2257 5.7492 5.5266 5.3284
4.3391 4.1692 2.5395 3.1371 2.3578 1.5804 0.9702 2.2470 3.4875 3.1810 3.4405 2.3954 0.7287 0.4131 0.0766 6.2808 6.1012 5.4877 4.8536 4.4605
