3.9161 4.7311 3.3024 1.7957 0.3410 1.8856 1.1051 0.5075 0.1282 1.1482 1.6788 1.9240 3.1690 3.0701 2.7718 2.1108 3.1673 4.5629 3.5746 3.7225
5.4502 4.6779 5.6903 0.5121 0.1308 1.4246 1.0745 1.0107 0.7952 2.0254 2.1349 2.7131 1.1243 1.9790 1.7204 5.5852 6.1687 5.3955 0.5703 6.1194
4.5094 3.8147 4.8281 0.3961 0.6515 0.4250 0.6943 2.3223 2.3345 2.6896 2.5749 2.9279 3.1626 1.4985 1.1946 6.2235 5.4739 0.2961 0.8254 3.5676
5.3240 3.9971 4.8521 5.7913 5.8970 0.8653 1.2934 2.7226 2.5059 2.8533 3.2954 3.7952 1.9936 0.9121 1.4322 0.4877 0.1366 0.4926 0.5127 4.5760
4.7890 5.0090 4.4225 4.4555 5.6235 4.9135 0.6095 2.4391 2.8582 2.3468 2.0656 1.8839 1.0456 6.2142 0.2526 6.2587 5.9093 0.5071 0.3469 4.9290
3.4300 4.4389 4.2193 4.6202 6.0367 6.1491 1.0179 1.4098 1.6041 1.3882 1.7836 1.8968 1.2425 3.0822 6.1750 1.0440 0.4636 0.5006 6.2721 5.0761
4.1203 4.1483 4.0706 4.8831 4.9121 2.3673 1.2212 1.4285 1.6333 0.6386 1.4383 1.2265 1.5766 0.9454 0.2150 1.1030 0.4936 6.2093 0.1471 5.9842
1.3855 0.3378 3.2599 3.1256 3.6669 1.8072 0.8045 1.3923 0.9383 1.8920 1.5784 1.6836 1.5897 1.1311 0.8645 0.7743 0.7606 0.5100 0.9708 1.8125
2.1312 2.4345 2.6248 2.9451 4.2557 5.0672 0.4371 1.9705 1.7803 2.3859 1.8850 1.6957 1.9005 1.9083 0.8198 0.9630 0.9965 1.2644 1.1082 1.1778
1.2504 1.0530 2.1017 4.8086 5.2950 4.9431 6.0337 1.9246 1.2626 1.9161 1.7258 1.8763 1.4168 1.8734 1.1105 1.5851 0.9841 1.5354 0.9035 1.6777
1.3288 1.1957 0.2668 4.8406 3.7905 3.3690 4.9248 2.1532 1.7724 0.9009 1.5151 1.3833 0.7594 1.1857 0.2922 0.8422 1.9450 1.0672 2.0844 1.9106
1.5362 3.1723 5.5708 4.1055 3.4454 3.9115 3.1100 2.7327 2.3678 1.7426 2.1769 0.9476 1.3034 1.1560 1.4350 0.3162 1.5390 1.3740 2.1515 1.3475
1.3626 1.8355 4.3445 3.1406 3.7135 3.1268 2.3981 2.6288 1.7071 2.3316 3.1507 2.1884 0.2185 1.1007 1.4919 1.2829 2.1006 0.9601 1.0722 0.7616
0.7654 2.1223 3.1110 4.3147 3.8980 3.5522 3.3688 2.9908 2.1970 2.4315 1.8782 2.2130 1.8859 0.8699 1.6879 0.4854 6.1133 0.8464 5.5787 1.2669
2.7463 2.9551 3.5241 3.2643 3.5289 4.3261 4.2959 2.2233 3.1416 2.4037 0.6873 1.4411 2.3357 3.1603 1.4111 0.9974 1.7844 2.1691 4.4641 2.5350
3.1925 3.6913 4.5707 3.2703 3.4334 4.1993 4.5758 2.8857 3.1024 1.6081 1.9123 1.7763 2.2397 3.5617 3.4440 1.5624 3.5218 3.0241 2.4447 2.8736
3.1997 3.9037 3.5606 3.4959 3.4831 4.2247 3.6981 2.8277 2.0939 1.5255 1.5064 3.0644 3.5547 4.0618 3.7137 2.9407 2.4267 3.3536 3.2927 2.7966
4.4887 4.1009 2.9405 2.5828 3.8478 3.9728 4.1160 3.5984 4.0553 2.0903 2.8809 3.4599 3.3453 3.1297 3.4561 2.2300 2.5769 3.7668 2.6555 2.8735
3.8978 4.0513 2.2231 2.1663 1.7213 3.8866 6.0920 3.4598 3.8270 1.9355 1.8185 1.6120 2.8344 2.7944 3.4827 2.5117 3.4312 3.8442 2.7713 2.8975
3.6212 4.2686 2.3502 1.5641 1.1229 2.9847 0.7643 0.3536 0.0348 1.3085 1.4635 0.5291 2.1223 2.0321 2.9828 2.9787 3.0032 4.8456 4.3204 3.4217
