5.4166 4.8955 3.2209 1.8585 2.2342 2.6061 2.8383 4.3661 4.5403 4.6784 4.1818 5.6132 6.0777 0.5546 1.2326 6.2053 4.9782 4.8137 0.6582 0.0320
5.1160 4.8856 0.3447 1.5062 2.4257 2.6302 2.8361 4.4907 4.9691 5.1317 3.6258 3.9625 5.1853 0.2395 2.0359 3.2813 2.3336 5.0921 3.8411 5.6101
5.2415 5.0642 0.2920 1.6330 1.8455 2.9089 3.8409 4.3071 4.1058 4.8236 3.5175 4.6532 3.5239 4.0041 1.3615 2.5000 2.9002 3.9012 4.1158 4.6327
4.6539 4.5097 0.5023 1.5071 2.0198 2.7084 3.4810 3.3831 3.2810 4.0460 4.5513 3.3276 3.2917 3.2974 3.3645 3.2848 3.0364 3.6019 3.7852 4.1972
3.4844 4.1820 3.7132 3.0873 4.7469 2.4778 3.6060 4.0162 3.4798 3.8498 4.6327 4.1114 3.4067 4.1928 4.4474 3.4858 3.4825 3.3481 3.9819 3.2954
3.3163 3.5804 3.5424 3.8449 4.6208 2.7304 1.8036 3.0502 3.6848 4.4074 5.1157 6.0606 3.5913 3.7984 4.1577 2.6379 3.4983 4.1524 3.0371 3.9811
3.1315 2.8686 2.4923 3.8230 3.6823 2.9061 2.2552 3.0469 2.8988 4.5456 5.4524 1.5552 2.7296 3.8039 3.8329 3.8840 3.1803 3.3687 3.8251 3.1740
3.3367 4.7102 3.1908 2.8176 2.2127 3.6080 2.1738 0.7867 1.1268 1.6975 2.3380 1.8285 2.5133 3.0852 4.3461 4.1734 4.2396 3.3262 4.3754 3.4818
4.0529 4.0552 4.4706 4.7025 4.0756 3.2150 1.6919 1.1248 1.9945 1.0133 3.2238 1.4056 2.1877 0.7461 5.1531 5.8285 5.2968 4.9689 5.2100 2.6385
4.3559 3.9381 4.7903 4.3690 3.3797 3.8640 3.3677 1.5586 1.5616 2.1090 2.1108 2.2472 2.1230 0.3017 5.0092 5.9235 4.4400 4.4004 4.2953 3.9501
5.6593 4.9237 4.4740 3.8657 3.9401 3.5292 2.7948 1.9264 2.0638 2.1035 2.5332 2.8010 0.7981 5.9545 5.8557 5.7704 6.1940 5.9166 0.8664 1.2412
1.1491 5.5821 5.1675 4.0997 2.7317 3.6071 2.6122 2.1813 1.0952 1.0911 1.8331 2.7009 0.5228 6.0507 0.2024 6.0361 6.0720 0.4357 1.4586 0.6620
0.5578 3.7764 3.6235 4.1655 3.5391 2.6929 1.0372 1.7178 1.0955 1.4139 2.1785 0.7453 0.6109 0.1703 2.6051 0.0937 0.4779 5.9520 0.3334 0.9312
1.4952 3.0142 3.1939 4.9719 3.9129 3.0146 2.5374 1.8833 0.5402 1.3712 1.2991 0.2855 5.7758 0.3806 1.4239 1.2069 6.0799 5.1164 5.5121 0.1873
1.6584 2.7101 2.6865 3.4840 3.8027 2.9269 3.2421 1.3788 0.8072 0.8596 0.6668 0.3524 0.9306 1.0279 2.2616 2.0964 5.9919 0.6467 0.1259 0.2778
1.6679 1.7503 3.4713 3.1079 3.3946 2.8470 2.6412 0.7270 5.8779 5.9436 6.0742 0.2170 0.4498 1.9486 2.3452 2.9031 3.8984 0.0138 0.1218 6.0360
1.2866 1.7500 2.9013 2.6231 2.9532 4.2019 5.8639 6.2650 5.1047 6.0350 4.7759 4.9017 5.2884 4.7748 4.3160 4.2564 3.0743 0.1964 5.2493 1.6032
2.3397 1.9039 2.2956 3.0416 6.0868 5.2039 6.2251 6.1666 4.6018 4.9983 5.2211 5.5430 4.7610 5.2854 4.5312 3.5878 5.7887 0.4637 0.4808 4.8410
1.2823 2.6338 2.0763 1.6314 2.0928 1.9312 5.6224 4.9024 4.4670 4.3170 4.2929 5.9307 5.2910 4.7692 4.5454 5.4338 5.9914 0.3884 0.2052 5.2254
0.2436 3.4213 1.9594 1.4825 1.5376 1.8368 0.0860 4.8614 4.2262 4.9806 4.4636 5.3461 4.9910 4.8970 3.9797 6.2331 6.0292 5.2104 5.9855 5.8667
