0.0857 1.5101 0.8894 1.1478 0.2715 1.7146 0.7336 6.0469 0.0442 0.0963 1.2207 3.0405 2.9598 2.7428 3.0079 2.1495 2.2062 4.1017 3.7970 3.5320
1.5989 0.5660 1.1669 1.4199 0.8588 0.5542 0.2966 5.6796 6.1800 1.1496 1.4991 1.5418 2.7824 1.9257 2.1816 1.6034 1.6124 0.4595 1.0222 4.2565
6.0734 5.7395 0.2550 0.9356 0.4894 0.2633 5.8699 4.6822 5.1766 0.8447 0.9757 1.4254 2.5246 0.8283 1.4056 0.6606 0.1194 5.9510 5.8688 5.4774
6.1668 0.2651 0.4326 6.1763 0.0499 5.7766 5.4990 5.6247 5.5414 0.8908 1.0373 0.5629 5.5379 0.0152 5.6099 6.0885 0.3711 0.0879 6.0854 6.0147
5.6294 5.7886 6.2187 0.1112 0.0016 5.8735 5.2639 5.1261 5.8606 0.6419 6.2590 5.9220 5.8765 4.8391 5.6771 0.5495 0.8902 0.0093 5.8040 5.5609
5.1545 0.7130 0.2751 6.0226 0.0958 5.9027 6.1621 5.8986 0.2248 0.0315 5.9791 4.3438 3.3824 4.6806 5.6088 0.7430 1.7708 1.3121 6.0678 5.4626
4.1479 6.1919 5.3097 4.7470 4.6561 5.0842 5.2396 5.3721 6.0575 5.7201 4.9337 4.2316 3.9851 4.9596 5.6999 4.5104 1.7667 1.8750 3.6739 4.0970
3.2674 4.8481 5.4730 4.9262 4.2301 4.6646 5.1486 0.2199 5.6365 5.5243 4.7753 4.4878 4.0615 4.5226 4.7891 3.8534 2.7722 3.1681 1.5738 3.6893
2.5919 3.9705 4.1515 4.6950 4.2048 3.7077 5.1714 6.2275 0.0284 5.6899 4.4609 5.1450 3.7167 3.7344 3.6473 2.7896 2.5780 2.3614 2.7932 2.3250
3.7672 3.5975 4.4780 4.6442 3.9726 4.1887 4.7240 5.2901 4.8715 5.2559 4.9710 5.3001 4.5377 4.1714 3.1354 2.2803 2.6177 2.3436 2.5766 3.1113
3.7168 3.3698 3.0620 4.4084 3.6049 4.7583 3.4704 4.0439 3.2004 2.3916 1.7132 2.6753 2.9317 2.6747 2.7356 1.7092 2.1840 1.9979 1.8828 3.7612
3.4260 3.5729 3.4987 3.6295 3.6579 4.3361 3.0899 3.4582 2.7652 2.0408 1.6061 1.0836 2.8451 2.1672 2.3676 1.3812 2.8444 1.7893 2.2686 3.5338
4.4114 2.7876 4.1233 3.7327 3.5588 3.0860 2.7806 1.7547 2.1690 1.5239 2.1620 1.8360 3.6484 3.3724 3.3904 2.6613 3.2826 2.5722 2.3398 3.0997
2.4930 2.7564 5.2802 4.2191 4.4874 2.3943 1.8106 1.1146 2.0398 1.8887 1.0668 0.2944 5.0057 3.8089 3.7014 3.7733 3.5589 2.6387 2.2968 2.9341
3.4594 1.5990 4.2250 2.9068 3.1435 1.2911 1.1846 2.1108 1.7411 0.8821 0.8174 6.0467 4.8737 3.8410 3.8525 3.9698 4.0929 3.5489 2.2875 4.1158
3.3857 3.1229 3.0532 2.4546 1.7807 1.1671 0.7795 1.0015 0.7221 0.6712 5.5957 0.2375 5.8085 4.7377 4.3672 4.7893 3.6500 3.9249 4.1408 3.6080
4.5402 2.6047 2.4250 2.1928 2.3109 1.4808 2.9845 0.7370 0.0936 0.0546 6.0304 5.6537 4.8218 4.3704 4.0358 5.1782 6.2248 3.2144 4.2100 3.3727
5.7934 0.1303 0.8152 0.9801 1.9126 2.1433 1.4182 1.4993 0.8987 0.4763 5.3834 3.9021 3.7061 3.8645 4.2936 5.0787 4.1658 2.8463 1.4190 5.8966
1.9703 1.4721 1.2710 0.4755 1.1265 2.2570 1.4619 0.9853 0.1602 5.6079 4.6814 3.6840 3.2271 3.1212 3.9036 4.4280 3.0522 2.9636 2.5952 2.0573
1.6258 0.7602 1.0681 0.0655 1.3164 1.7163 0.6380 0.7188 5.8099 5.9667 0.5333 3.2962 3.1912 2.9249 3.2417 3.0329 4.0286 3.1421 3.7042 3.0438
