3.8613 3.9470 4.6142 4.9448 5.0215 4.9499 0.2114 5.6822 0.5100 0.4242 0.6767 0.3182 6.1937 5.3539 0.1446 0.6272 4.9692 5.7138 4.6505 3.2425
4.6924 4.8989 4.4960 5.1573 3.9815 5.5195 6.1285 6.2546 6.1757 0.1901 5.2666 0.2126 0.1838 5.6484 0.0528 0.6970 5.4736 4.6927 5.1452 4.4097
4.9826 5.2468 5.3662 5.1246 5.9311 5.4166 5.6921 6.1556 5.5647 0.1105 6.2297 6.1573 4.7233 0.4013 0.8125 0.4020 5.8508 6.1043 5.5906 5.2937
4.0389 2.2673 4.6128 5.2775 6.0960 5.8709 5.7364 6.0228 5.1693 0.3306 1.1262 0.7492 6.2302 0.1729 0.3809 5.9495 5.4417 5.9568 5.2630 5.6358
4.3233 4.1334 3.8915 4.5399 4.9789 4.5713 4.8099 4.8660 4.4053 2.6999 3.2755 0.4858 6.1494 5.5948 0.1240 5.7738 5.6322 5.2146 5.1458 4.9958
4.3693 4.4212 2.6598 1.9479 3.3332 4.4808 3.4205 2.7302 3.5128 3.2211 3.5828 3.6141 3.0663 3.7752 6.1960 0.2303 6.2778 5.2078 4.7884 5.1951
3.0954 5.0372 1.9898 2.7728 4.5116 3.4882 3.9058 4.0070 3.3399 3.4870 2.6370 4.5087 4.8345 4.2672 0.2850 6.1562 5.1617 5.7853 6.1903 5.5180
4.3487 0.0899 1.0728 0.4950 6.1466 4.4831 3.0643 4.2746 3.2707 3.7249 4.9287 5.3454 5.2059 5.3118 5.6604 4.2794 5.5883 5.0690 6.1854 1.5247
0.8851 1.0183 1.2740 1.0334 0.7708 2.2985 3.0880 4.1343 4.2960 5.5081 5.2987 5.9808 5.3370 5.6449 5.0563 5.0401 6.1512 5.2457 0.5565 0.8128
1.6149 1.2014 0.4180 0.6333 1.3408 2.1601 3.3022 3.4751 4.9346 5.4143 0.3776 5.8398 5.6868 4.7451 4.4271 5.4399 5.8155 5.8479 0.5701 0.7540
1.8292 1.6167 0.4461 0.1976 0.8006 1.2584 2.4455 1.6952 3.9180 4.6439 4.5101 4.9843 6.2219 5.7118 5.7055 5.2375 5.2265 0.5083 0.5797 1.2386
2.1511 2.1043 0.9544 1.3956 1.3919 1.6369 1.8986 2.2619 3.9465 3.8336 4.6061 5.4962 0.0802 5.9305 0.0508 5.3131 4.0435 5.2202 0.1715 1.5094
1.1305 0.5632 5.6657 1.1825 2.0096 2.0588 3.0783 3.1079 3.6519 5.2664 4.5195 5.3575 1.3046 0.2433 5.7835 5.2459 4.8157 5.3997 5.9287 0.4060
2.2207 1.2211 0.8609 1.1227 2.5216 2.4479 2.8983 2.7756 3.8472 3.5955 3.9424 4.8688 2.5997 3.1103 5.0028 5.6943 5.2011 5.0593 0.9175 0.8404
5.7073 6.1865 0.6672 1.4370 1.6941 1.2816 2.3447 2.2948 2.0399 2.7423 2.1789 0.7759 1.1334 4.9886 4.9098 0.3368 5.1060 5.0156 0.9611 0.5151
5.2770 5.7685 0.1343 0.6558 3.2586 2.3382 2.4431 1.9862 1.0202 1.0943 0.8158 0.6034 0.0594 0.3354 6.1464 5.6367 5.2322 5.6790 5.6173 0.6860
5.7111 5.4228 0.1185 6.2674 4.3738 3.9215 3.3052 2.2769 1.0347 0.6416 0.5629 0.0950 6.1178 0.6931 6.0442 5.4933 5.5076 5.8704 6.2630 0.1834
3.7414 5.7233 6.1247 6.0748 5.1127 5.6242 3.2361 3.6302 1.7992 0.1786 1.5377 0.1580 5.1944 0.6295 6.1840 5.5339 6.1792 0.3804 0.4000 0.8134
2.6490 5.1021 4.8582 5.0010 0.0153 0.1414 5.0559 4.8645 6.2330 6.0858 0.5667 5.5055 5.5113 5.9002 5.5210 5.5913 5.7255 0.8888 6.2172 1.3315
3.5523 3.6307 4.9209 5.0198 4.7619 5.3626 4.8813 5.7686 0.6104 5.8816 0.2765 0.1630 5.7854 5.5064 0.0160 0.5487 6.1385 6.0590 5.4342 3.2789
