1.3350 0.1800 5.9833 4.0894 4.5890 5.0471 5.5855 5.5816 5.8268 0.2181 0.1482 0.2569 0.1715 0.4595 0.6451 1.7373 1.0752 1.7003 1.4740 2.4296
2.5591 5.9783 4.3594 5.0983 5.5296 4.9176 6.0234 0.3460 0.5860 0.5807 6.1296 6.0375 0.1377 0.1786 0.8299 1.1106 1.0582 2.0020 2.2627 1.4582
1.2059 0.3195 0.2556 0.1296 5.6935 6.2270 0.1745 6.1774 0.1484 0.1668 6.0405 5.8060 5.4487 5.3654 0.7067 4.2240 0.0055 1.3420 1.1994 1.4438
0.7096 0.6380 0.7153 0.1375 5.5419 6.0641 0.0784 0.5231 6.0998 5.9739 5.9073 4.7308 5.4281 4.9930 0.4381 5.5122 4.0776 1.5526 2.7186 2.7149
1.6299 6.0922 1.6797 0.4745 6.1002 0.2990 1.1090 0.2423 5.2835 5.1439 6.0254 6.2307 5.5939 5.3118 1.7292 5.2181 4.4346 3.3771 3.2674 2.0692
3.1562 0.1584 0.8132 0.5459 0.6243 0.7201 0.9769 1.4229 5.7050 4.6712 5.0609 6.0966 0.0587 5.5115 5.9247 4.4249 4.4328 3.6721 3.8271 2.2869
3.4005 1.7049 0.8270 6.0958 1.4170 0.5866 1.3171 1.3069 5.9522 4.3708 4.4023 1.2329 0.4803 5.5335 0.7323 5.1890 4.9432 3.6518 4.3699 4.4336
4.9341 4.3053 1.3481 1.1511 1.2800 1.2054 0.9943 2.4972 1.9978 0.0658 0.7599 0.7126 0.3373 5.5849 0.3158 0.3813 4.2588 4.8195 5.0847 5.1837
4.7031 3.3767 2.5776 2.7665 2.2338 2.8856 2.2081 2.5602 2.0246 0.3311 0.5911 0.6024 5.7257 6.1118 6.2628 0.3753 6.2320 5.3835 4.5650 4.2845
3.9389 3.9686 2.5979 2.6508 2.2731 3.0803 2.7496 1.7449 1.3518 0.4399 0.1322 1.6338 2.5067 1.4640 1.5307 1.0216 0.7884 5.8546 4.3511 4.4953
3.9099 3.8847 3.5933 3.1437 2.8920 3.4166 3.6361 2.0911 2.0159 0.6782 0.2993 0.7635 0.9908 2.4964 1.6573 0.8423 5.7441 4.7889 4.5359 4.2528
3.1708 4.1554 3.3461 3.5417 3.8928 3.4192 3.5572 3.3182 3.4797 4.5089 0.2179 6.1012 0.4148 1.2433 1.2937 0.9657 0.7357 4.9500 5.0928 2.2232
4.2162 3.6320 3.8394 4.5437 4.2333 3.4548 3.5890 2.8918 3.6395 4.9013 5.6139 6.0313 0.4264 1.1174 0.9982 0.8400 0.3164 4.8633 4.9937 6.2098
3.4293 4.1392 3.9778 4.2145 4.1066 3.8379 3.7203 3.1756 4.8245 5.1420 4.6422 0.2262 5.9503 0.0697 5.8698 0.5205 5.9821 0.8380 1.0081 0.1179
0.5538 3.3549 3.9743 4.2170 4.2491 4.3816 4.2921 4.0185 4.1565 5.0503 4.5088 5.3077 0.2603 1.5964 0.7985 0.2055 6.2220 5.8911 0.4461 1.4347
2.3691 2.7914 4.1894 4.7196 5.4068 4.0096 2.7974 3.1486 3.1498 4.4060 4.6131 5.0854 0.6512 2.2519 2.0963 0.7377 0.8557 0.4285 0.5732 1.3756
2.5361 2.8382 4.1211 4.1179 5.2032 4.0620 3.7176 3.7181 4.1610 5.3746 4.8099 4.7253 5.6184 0.3822 1.2214 1.4856 2.3970 0.8806 1.9178 1.4198
2.0125 3.4611 3.4890 3.8844 5.2314 4.5022 4.3740 5.7264 5.2765 3.9554 3.8729 4.6062 4.2114 1.2538 0.6524 1.4887 1.9165 1.1440 2.1739 1.6671
1.7539 4.0995 3.9977 3.9147 4.1078 5.3692 4.1805 5.0373 4.3304 5.1354 4.5294 5.6409 0.2477 0.2372 0.4213 1.9135 1.6357 1.7409 1.9390 1.4618
2.1665 2.1319 2.0134 3.4142 3.2908 5.3150 5.2364 4.8874 4.6709 5.6203 5.0964 0.2505 6.2149 5.9779 0.2729 1.1553 1.1394 2.0730 2.3760 2.9269
