4.9946 2.3917 3.4411 3.4888 2.9939 2.6582 2.8074 2.6016 2.7925 2.1043 2.4294 2.0106 1.0021 0.4041 0.2254 1.7836 0.5794 0.4393 5.3129 4.6962
4.1669 2.0688 3.4884 2.3715 2.7777 3.4654 3.3866 2.0952 1.8294 1.9022 2.3313 1.7004 0.5924 0.9443 0.4537 1.2311 0.4524 0.0696 5.3958 4.5749
4.0178 2.7715 2.6799 1.8867 3.1739 3.7348 3.8298 1.9016 1.6613 2.3966 3.2510 1.9240 2.3471 0.7642 1.4158 0.7671 0.9062 0.9759 5.0254 4.5861
3.1917 3.9261 4.0176 2.9634 3.4270 3.3170 3.5200 3.8055 1.9684 2.6914 2.8863 2.1055 1.8195 0.9053 1.6370 1.9115 0.6899 5.3426 5.9195 5.6269
4.9620 5.4067 5.2685 3.6310 4.1722 5.0105 4.5710 4.4313 4.7403 3.7785 3.6188 3.4464 4.0634 1.7961 1.8429 0.2933 0.0298 0.0373 5.7517 5.7491
3.9688 4.4213 4.7847 4.7796 5.4624 4.5850 4.3236 4.3375 3.7662 3.0449 3.4954 2.7225 2.1671 2.0699 1.4726 0.0976 0.1829 5.6585 0.1119 4.3898
4.5491 5.4140 5.5908 5.0695 5.6529 5.6430 0.0491 3.8127 3.6848 4.4679 3.4529 2.6914 1.9660 1.8005 0.8619 0.8765 6.1019 5.9280 5.1358 4.8096
4.9050 5.2282 5.8778 6.0867 0.6319 5.8738 0.8387 3.2348 2.7328 4.0134 3.7449 2.6013 2.6472 1.9928 1.4346 1.0881 5.2581 5.3007 4.5824 5.0808
4.4030 4.0514 3.5364 3.6074 4.7249 4.8671 3.4442 3.7201 2.5590 4.7989 5.6042 2.7781 2.7400 2.5489 1.2592 0.3763 4.6918 3.8460 3.8720 3.9496
3.3697 2.8308 3.3429 3.3270 3.0466 3.4895 2.8534 3.6209 3.9523 3.1739 4.3950 2.4794 2.7769 3.6847 2.4530 2.7970 3.2121 4.0936 3.1715 4.0147
2.5958 2.7653 1.5545 2.9265 2.8994 3.1356 3.7829 3.7461 3.4507 4.1570 3.7546 4.1127 3.7535 3.5242 3.7523 3.8854 2.6163 3.7678 4.0620 2.5986
2.8932 2.1004 1.7021 2.4643 2.6074 2.3032 3.1773 2.9324 3.4632 3.6240 4.4800 4.2208 4.7261 3.9452 3.9795 3.1570 3.4388 4.7665 4.5072 3.3535
2.2975 2.0089 2.3465 2.9692 1.7423 2.3515 3.4663 3.8102 3.7907 4.0761 3.5355 4.0816 5.2199 3.8761 4.7625 4.1833 4.3856 1.7446 1.5072 1.9028
1.3986 1.7423 2.1489 1.9339 2.7578 3.3571 4.0826 3.4004 3.3975 3.0744 3.8907 4.0814 4.8387 5.9579 4.8252 5.0811 5.5562 0.5849 1.4499 0.8022
0.5991 0.6924 1.8533 1.2721 1.5006 2.8939 2.6822 3.2949 2.6162 2.2814 5.9555 5.1637 5.7822 6.2057 5.7840 0.3457 0.1646 1.1596 6.0086 1.0872
0.9951 0.1616 1.3591 1.0968 0.9827 1.9490 2.4622 2.8738 2.3478 0.8334 0.9654 4.9715 0.0003 0.1046 5.7791 6.2126 0.4106 1.3302 0.0770 0.0174
0.9011 1.0786 1.0193 1.7631 1.7010 2.5270 3.0330 3.0228 3.7213 6.2751 0.4539 5.2900 5.9415 0.0155 1.6445 0.9536 1.8223 1.5663 1.2353 5.8307
0.5225 1.2741 1.5969 2.1245 3.0623 2.2474 2.0832 2.8153 3.2264 1.5259 0.1779 5.2941 6.1296 0.2261 0.9409 0.9286 0.7637 1.1806 0.4162 0.1949
4.9603 2.9648 2.9559 3.4835 3.1388 3.3187 2.7850 2.5014 2.5002 1.2699 0.6392 5.8921 5.4740 6.0299 1.0009 0.1793 1.0452 6.0358 1.0706 5.0025
4.0734 2.9690 3.3012 3.9326 3.2956 3.3271 2.3455 2.4650 1.9237 1.6996 1.0654 0.2101 0.5523 6.1660 5.0000 0.2902 0.2800 0.6429 6.1294 5.0955
