1.8293 5.5211 6.0514 6.2140 5.6178 5.5232 5.7518 6.2039 0.0628 0.8286 0.3935 6.2236 5.5573 5.5652 5.8323 1.2299 1.8706 2.4199 3.2331 2.8130
2.3861 4.2229 5.8667 5.7054 5.3201 4.7534 0.3773 6.0829 5.8165 0.0408 5.9296 6.2179 5.6380 5.6848 5.9125 0.1018 2.3546 3.0307 4.3721 3.8414
3.6514 5.2316 5.5332 5.6452 5.4511 5.0431 5.4567 4.9574 0.7491 0.6050 0.7763 0.3839 0.6322 6.1545 0.6210 0.6509 2.5221 3.0221 2.6493 3.3780
3.2784 3.7041 4.4078 4.6634 4.8124 3.9522 4.9078 4.8777 5.1644 0.2140 0.5640 1.8739 1.5260 1.7078 2.1408 2.9067 2.2597 2.0404 2.9352 3.0730
4.7087 4.3535 4.7119 4.1168 4.5596 4.1715 3.9311 4.7353 0.1138 0.8495 1.0979 1.1323 1.9298 1.5698 3.0170 3.1102 2.7485 2.9467 3.6405 4.4317
4.1102 4.3608 5.5376 5.4350 5.7447 5.0448 4.4343 3.6200 1.2935 3.0758 1.6326 1.6829 1.8859 1.9671 2.0215 2.3124 3.0886 3.1039 3.8735 4.8523
3.8053 4.7066 4.5895 5.2696 3.7800 3.6395 2.3170 3.3586 2.4937 1.9429 0.5053 0.8403 1.5512 2.1313 3.3431 2.7296 2.3373 2.2491 2.7907 1.8834
1.8822 2.7110 3.1884 4.0883 4.5247 3.4099 2.3697 1.8356 1.9187 2.1198 1.4045 0.9631 1.1205 2.7066 3.6219 3.8937 3.5735 4.0152 2.4742 2.0566
2.9543 0.8650 2.7436 3.2173 2.9936 3.1558 2.0382 2.8296 2.6094 1.5232 2.1061 2.2174 1.8817 2.5162 3.4133 3.1475 2.8084 4.1560 2.9045 2.3727
3.3690 2.7040 2.5505 3.9597 2.3577 2.2488 3.5521 3.0573 2.0333 1.3705 1.4692 3.0864 1.1521 1.6039 1.2559 2.4127 2.8541 3.6311 3.8244 2.6395
2.8787 2.8642 4.0327 5.5318 1.9080 1.2780 1.9707 2.6836 2.4958 1.5549 1.9414 3.0126 3.6903 1.7866 1.3058 2.1515 2.2767 2.4615 2.3897 2.3645
2.1238 2.8600 1.7501 1.6793 1.7014 1.6094 2.5442 2.1480 1.9228 2.0821 2.6585 2.8934 2.8458 6.0498 1.3109 2.1907 1.7265 2.2521 1.4903 1.6165
1.9569 2.7955 3.2231 1.6779 1.1875 2.1744 1.8705 1.9372 1.3374 1.1469 2.6177 2.2894 3.0979 1.7102 1.1802 2.0079 2.4990 2.4276 1.1749 1.6401
1.6348 2.0240 2.9429 1.1592 0.8554 1.5822 0.9185 0.9956 0.3320 0.3687 0.7344 0.3615 0.6556 1.1414 1.2932 1.8720 1.9895 1.8596 1.3968 1.2118
1.5557 0.4346 1.8512 1.3313 0.9620 0.2524 2.0626 0.1457 0.8057 0.7974 0.8446 1.2842 1.5345 2.6754 1.3388 2.8749 1.5751 1.3914 1.0778 2.2187
0.8814 0.2028 2.0251 1.1065 0.7953 1.4515 0.8670 1.2484 0.7619 1.2411 1.5708 1.0950 6.1297 1.2335 4.5881 2.7711 1.3330 1.2739 0.6922 1.8629
1.2260 0.4617 0.4579 0.3735 1.5444 1.2279 1.3515 1.4422 1.2248 1.7467 1.4437 0.4751 0.0998 5.7885 3.9357 1.9951 0.9175 1.5068 5.9217 1.1487
0.5305 0.9648 1.6297 0.7402 0.7207 1.1088 1.0632 1.2933 6.1644 0.4950 0.6860 5.7442 0.3901 6.1475 1.5405 1.5517 1.9499 1.7646 1.9748 1.0297
1.6403 0.9696 1.2767 0.9572 5.6937 6.2777 0.9717 1.3400 0.3725 0.4202 5.7422 0.1000 0.1031 0.1683 1.3705 1.3051 1.5623 2.0421 2.3190 1.9591
1.6146 0.4001 5.6595 0.3150 6.0479 0.1815 5.0977 0.2004 0.1543 0.8004 0.0731 0.3996 0.6491 6.2543 0.1280 1.1896 1.6343 1.8307 1.0809 1.7653
