0 4
0 5
0 6
0 7
0 8
0 9
0 10
0 11
0 13
0 14
0 15
0 16
0 17
0 18
0 19
0 27
0 28
0 29
0 30
0 31
0 32
0 33
0 40
0 41
0 42
0 45
0 49
1 0
1 1
1 2
1 3
1 4
1 5
1 8
1 9
1 10
1 13
1 14
1 15
1 16
1 17
1 22
1 26
1 27
1 28
1 29
1 30
1 31
1 32
1 33
1 34
1 35
1 38
1 39
1 40
1 41
1 48
1 49
2 3
2 4
2 5
2 6
2 8
2 9
2 12
2 13
2 14
2 15
2 16
2 21
2 26
2 27
2 28
2 29
2 30
2 31
2 32
2 33
2 34
2 35
2 46
2 47
2 49
3 0
3 3
3 4
3 5
3 6
3 7
3 8
3 9
3 12
3 14
3 15
3 16
3 17
3 18
3 19
3 20
3 21
3 22
3 25
3 26
3 27
3 28
3 31
3 32
3 34
3 35
3 37
3 38
3 41
3 46
3 47
3 48
3 49
4 0
4 1
4 6
4 7
4 8
4 15
4 17
4 18
4 19
4 20
4 25
4 26
4 34
4 35
4 36
4 41
4 46
4 48
4 49
5 0
5 1
5 4
5 7
5 8
5 10
5 15
5 16
5 17
5 18
5 19
5 20
5 21
5 25
5 26
5 27
5 32
5 34
5 35
5 39
5 41
5 42
5 47
5 48
5 49
6 1
6 2
6 3
6 4
6 6
6 7
6 8
6 9
6 10
6 11
6 16
6 17
6 18
6 19
6 20
6 21
6 22
6 25
6 26
6 27
6 29
6 30
6 44
6 49
7 1
7 2
7 3
7 7
7 8
7 9
7 10
7 11
7 15
7 18
7 19
7 20
7 21
7 22
7 23
7 24
7 25
7 26
7 28
7 29
7 30
7 31
7 33
8 1
8 2
8 3
8 7
8 8
8 9
8 13
8 15
8 18
8 19
8 20
8 21
8 22
8 23
8 24
8 25
8 26
8 28
8 31
8 32
8 33
8 44
8 46
8 47
8 48
9 1
9 7
9 8
9 9
9 11
9 12
9 13
9 14
9 17
9 18
9 19
9 20
9 26
9 31
9 33
9 36
9 43
9 44
9 46
9 47
9 48
10 9
10 10
10 11
10 12
10 13
10 16
10 17
10 18
10 19
10 20
10 28
10 31
10 32
10 35
10 36
10 43
10 44
10 45
10 47
10 48
11 0
11 2
11 5
11 7
11 8
11 9
11 10
11 11
11 12
11 13
11 15
11 17
11 18
11 19
11 20
11 21
11 22
11 23
11 28
11 30
11 31
11 32
11 36
11 39
11 41
11 42
11 43
11 44
11 45
11 46
11 47
11 48
12 0
12 2
12 7
12 8
12 12
12 13
12 14
12 15
12 16
12 17
12 18
12 19
12 20
12 21
12 23
12 28
12 29
12 30
12 31
12 32
12 33
12 35
12 39
12 40
12 41
12 42
12 43
12 44
12 45
12 46
12 47
13 0
13 1
13 7
13 8
13 10
13 11
13 13
13 14
13 15
13 16
13 17
13 20
13 21
13 22
13 23
13 28
13 29
13 30
13 31
13 32
13 34
13 35
13 38
13 39
13 40
13 46
13 48
13 49
14 0
14 2
14 5
14 7
14 8
14 9
14 10
14 13
14 14
14 15
14 16
14 17
14 18
14 20
14 21
14 22
14 23
14 26
14 29
14 30
14 31
14 32
14 33
14 34
14 38
14 39
14 40
14 45
14 49
15 0
15 1
15 2
15 3
15 4
15 5
15 7
15 8
15 10
15 12
15 16
15 17
15 20
15 22
15 23
15 26
15 31
15 32
15 33
15 34
15 35
15 38
15 39
15 40
15 41
15 42
15 45
15 46
15 49
16 1
16 2
16 3
16 4
16 5
16 7
16 10
16 16
16 17
16 18
16 19
16 20
16 21
16 22
16 28
16 31
16 32
16 33
16 34
16 35
16 37
16 38
16 39
16 40
16 41
16 42
16 46
16 47
17 1
17 2
17 3
17 5
17 13
17 15
17 18
17 19
17 20
17 21
17 22
17 23
17 24
17 28
17 29
17 30
17 31
17 32
17 33
17 35
17 36
17 37
17 38
17 39
17 40
17 41
17 42
18 1
18 2
18 3
18 6
18 7
18 8
18 9
18 13
18 14
18 15
18 20
18 21
18 22
18 23
18 24
18 29
18 30
18 31
18 32
18 33
18 34
18 35
18 36
18 37
18 39
18 40
18 41
18 42
19 0
19 1
19 2
19 3
19 6
19 8
19 9
19 13
19 14
19 15
19 16
19 17
19 18
19 21
19 22
19 23
19 24
19 25
19 31
19 34
19 35
19 36
19 37
19 38
19 39
19 40
19 41
19 42
19 43
20 0
20 1
20 2
20 3
20 6
20 7
20 13
20 14
20 15
20 16
20 17
20 18
20 23
20 24
20 25
20 26
20 30
20 31
20 32
20 33
20 34
20 35
20 36
20 37
20 38
20 41
20 42
20 43
20 45
21 0
21 1
21 2
21 3
21 9
21 10
21 13
21 14
21 15
21 16
21 17
21 18
21 19
21 20
21 24
21 26
21 28
21 29
21 30
21 31
21 32
21 33
21 34
21 35
21 36
21 37
21 38
21 39
21 40
21 41
21 42
21 43
21 44
21 45
22 0
22 2
22 9
22 10
22 12
22 13
22 14
22 15
22 18
22 27
22 28
22 30
22 31
22 32
22 33
22 34
22 35
22 36
22 37
22 38
22 39
22 40
22 41
22 42
22 43
22 45
23 0
23 2
23 5
23 7
23 8
23 10
23 11
23 12
23 16
23 20
23 25
23 27
23 30
23 34
23 37
23 38
23 39
23 40
23 41
23 42
23 43
23 48
23 49
24 5
24 6
24 7
24 10
24 16
24 22
24 23
24 24
24 26
24 37
24 38
24 40
24 41
24 45
24 46
24 47
24 48
24 49
25 4
25 5
25 6
25 7
25 10
25 17
25 20
25 21
25 22
25 23
25 24
25 25
25 26
25 27
25 29
25 37
25 38
25 39
25 40
25 45
25 46
25 47
25 48
26 4
26 5
26 6
26 7
26 8
26 9
26 10
26 13
26 22
26 23
26 24
26 25
26 26
26 29
26 36
26 37
26 38
26 39
26 40
26 42
26 46
26 47
26 48
26 49
27 0
27 12
27 13
27 17
27 22
27 23
27 25
27 28
27 29
27 31
27 35
27 36
27 37
27 38
27 39
27 49
28 8
28 12
28 15
28 16
28 17
28 18
28 24
28 25
28 28
28 29
28 30
28 31
28 32
28 38
28 39
28 40
28 41
29 0
29 1
29 2
29 3
29 10
29 12
29 14
29 19
29 20
29 21
29 22
29 24
29 29
29 31
29 32
29 36
29 39
29 40
29 41
29 44
29 45
29 46
29 49
30 0
30 1
30 2
30 6
30 15
30 16
30 17
30 20
30 21
30 22
30 23
30 24
30 25
30 28
30 29
30 30
30 31
30 32
30 33
30 36
30 37
30 38
30 39
30 40
30 41
30 42
30 43
30 44
30 45
30 46
30 49
31 0
31 1
31 2
31 3
31 4
31 6
31 10
31 11
31 12
31 13
31 14
31 15
31 17
31 20
31 23
31 25
31 27
31 28
31 29
31 30
31 33
31 34
31 35
31 36
31 37
31 38
31 39
31 40
31 42
31 43
31 44
31 45
31 49
32 0
32 1
32 2
32 3
32 4
32 5
32 6
32 7
32 9
32 10
32 11
32 12
32 13
32 14
32 15
32 17
32 19
32 21
32 22
32 23
32 24
32 25
32 28
32 29
32 30
32 31
32 32
32 33
32 34
32 36
32 37
32 39
32 40
32 41
32 42
32 43
32 48
32 49
33 1
33 2
33 3
33 4
33 5
33 6
33 8
33 9
33 10
33 11
33 12
33 13
33 14
33 15
33 16
33 17
33 20
33 21
33 22
33 23
33 24
33 26
33 27
33 28
33 29
33 31
33 32
33 33
33 34
33 35
33 36
33 37
33 38
33 39
33 40
33 41
33 42
33 47
33 48
34 1
34 2
34 5
34 6
34 7
34 8
34 9
34 10
34 11
34 12
34 13
34 14
34 15
34 16
34 17
34 18
34 21
34 22
34 23
34 24
34 25
34 26
34 27
34 28
34 29
34 30
34 33
34 34
34 35
34 36
34 37
34 40
34 41
34 45
34 47
34 48
34 49
35 0
35 2
35 5
35 6
35 7
35 8
35 9
35 10
35 11
35 12
35 13
35 14
35 15
35 16
35 17
35 18
35 20
35 21
35 23
35 24
35 27
35 28
35 32
35 33
35 35
35 36
35 37
35 38
35 41
35 47
35 48
35 49
36 0
36 7
36 8
36 9
36 11
36 13
36 15
36 17
36 18
36 19
36 20
36 21
36 22
36 23
36 26
36 27
36 28
36 29
36 33
36 35
36 36
36 37
36 38
36 39
36 44
36 47
36 49
37 0
37 1
37 5
37 6
37 17
37 18
37 19
37 20
37 21
37 22
37 23
37 24
37 25
37 26
37 27
37 28
37 29
37 30
37 32
37 34
37 35
37 36
37 37
37 38
37 39
37 40
37 44
37 45
37 46
37 47
37 48
37 49
38 1
38 6
38 17
38 18
38 21
38 23
38 25
38 26
38 27
38 28
38 29
38 31
38 34
38 35
38 36
38 37
38 38
38 39
38 40
38 41
38 43
38 45
39 16
39 17
39 18
39 19
39 21
39 22
39 23
39 24
39 25
39 26
39 27
39 31
39 34
39 35
39 36
39 37
39 38
39 39
39 40
39 41
39 46
40 15
40 16
40 17
40 18
40 19
40 20
40 21
40 22
40 23
40 24
40 25
40 26
40 27
40 30
40 31
40 32
40 33
40 34
40 38
40 39
40 40
40 41
40 43
40 44
40 45
40 46
40 47
40 48
41 1
41 7
41 8
41 15
41 16
41 17
41 18
41 20
41 21
41 22
41 23
41 24
41 25
41 27
41 31
41 32
41 38
41 39
41 40
41 41
41 42
41 43
41 44
41 45
41 46
41 47
41 48
41 49
42 9
42 17
42 19
42 20
42 21
42 22
42 23
42 24
42 28
42 29
42 30
42 31
42 32
42 33
42 34
42 37
42 38
42 39
42 40
42 41
42 42
42 43
42 44
42 45
42 46
42 47
42 48
43 5
43 13
43 14
43 15
43 19
43 20
43 21
43 25
43 26
43 27
43 28
43 29
43 30
43 31
43 32
43 33
43 34
43 35
43 37
43 38
43 39
43 40
43 41
43 42
43 43
43 44
43 45
43 46
44 5
44 6
44 14
44 21
44 25
44 26
44 27
44 28
44 29
44 30
44 31
44 32
44 33
44 35
44 36
44 37
44 38
44 39
44 40
45 1
45 2
45 15
45 21
45 23
45 24
45 25
45 26
45 27
45 28
45 31
45 32
45 33
45 34
45 35
45 36
45 37
45 38
45 39
45 40
45 41
45 43
45 44
45 45
46 0
46 1
46 6
46 8
46 15
46 16
46 17
46 18
46 19
46 21
46 22
46 23
46 24
46 25
46 26
46 27
46 28
46 29
46 30
46 31
46 32
46 33
46 34
46 36
46 37
46 38
46 39
46 40
46 41
46 45
46 46
46 48
46 49
47 0
47 1
47 2
47 3
47 8
47 13
47 14
47 15
47 16
47 17
47 18
47 22
47 23
47 24
47 25
47 26
47 28
47 29
47 30
47 31
47 32
47 33
47 34
47 38
47 40
47 41
47 45
47 48
48 0
48 1
48 2
48 6
48 7
48 8
48 13
48 14
48 15
48 16
48 17
48 18
48 19
48 20
48 22
48 23
48 24
48 25
48 26
48 29
48 30
48 32
48 40
48 41
48 44
48 45
48 46
48 49
49 0
49 1
49 5
49 6
49 7
49 8
49 10
49 11
49 12
49 13
49 14
49 15
49 16
49 17
49 18
49 19
49 26
49 29
49 30
49 31
49 33
49 35
49 37
49 40
49 41
49 42
49 44
49 49
