4.6931 0.9390 1.3853 4.4271 0.6966 0.1870 5.9063 4.7403 5.6834 6.1871 5.0711 5.3404 5.3788 4.8824 5.1033 0.7290 3.1666 2.3249 1.3287 0.9827
4.3332 3.7100 1.9807 2.3921 1.9143 0.6678 0.7348 1.1265 0.5969 0.7859 5.3553 2.3095 2.2812 1.1408 2.8557 3.2282 4.4183 3.6178 3.6292 3.7863
5.5709 5.3675 5.8368 5.6559 5.6290 4.1796 0.7421 4.7876 5.4429 3.7484 0.6248 4.6811 2.5705 0.9950 0.6593 2.0374 1.3196 0.9768 2.8758 5.9469
5.7713 4.0717 6.1321 5.2597 4.1256 2.4135 2.0048 1.9491 3.0474 2.8410 4.3505 1.3011 1.8419 2.1145 0.7520 5.0814 2.6977 1.6361 1.8615 1.9835
0.2810 5.1564 5.2766 6.2495 0.9219 5.7713 2.9398 6.0491 0.8072 5.5042 5.0324 5.2428 1.4492 0.3823 1.0284 0.8222 1.9325 4.3449 1.4142 0.3946
5.2429 1.8810 1.4230 4.3225 3.2008 3.8324 3.4991 2.5954 3.8718 3.1223 4.7845 0.9111 1.2702 1.0050 3.6400 3.1331 3.0230 4.3563 6.0267 4.2327
0.3322 5.8402 0.3826 5.9514 2.4448 1.6032 2.6818 1.2239 5.5047 4.8332 4.3918 5.0370 5.9132 5.1412 4.7763 5.2361 4.7263 3.8291 1.0242 1.2638
1.9926 2.4180 1.2109 2.1841 4.1512 3.6848 3.8605 4.7480 5.4485 5.8467 5.7697 0.9391 3.2723 2.1244 3.9440 3.1768 4.2432 2.3066 2.4131 3.6133
2.7677 2.3618 1.4186 4.2313 1.3571 1.3135 4.1200 5.7432 5.7765 6.1098 6.0815 4.6189 3.8806 4.7163 3.4634 0.6969 5.0014 4.4635 0.6861 2.1938
4.7657 5.0672 6.0489 1.4604 0.2908 5.9168 4.9756 3.3291 4.2783 3.1042 0.2889 1.0346 2.2725 5.1598 3.0657 3.8035 3.9705 2.5297 0.4201 5.2129
1.7770 1.8807 1.9396 2.5058 1.4230 4.5068 1.2260 0.8580 5.7493 0.1409 4.8586 3.8595 2.1392 1.9384 3.3266 6.0226 3.8097 3.6793 4.8323 1.6016
1.2881 2.4873 2.1441 6.1215 0.7270 1.3583 5.2810 3.7054 5.3920 0.4585 0.4030 0.8991 1.4955 2.7760 2.9505 2.5756 3.8026 0.2585 5.0154 3.4820
0.3409 0.1422 3.5017 1.7763 0.4280 4.9283 4.5651 0.5790 0.0725 4.1685 5.4822 4.0594 0.8647 0.4472 1.3847 0.8058 1.6785 2.7950 1.3329 0.7299
3.9925 4.1176 4.6183 4.5208 2.9778 1.3712 4.7714 4.9212 0.2133 4.0791 1.7133 1.9726 1.6006 3.1068 1.1913 1.4163 1.3350 5.9421 1.6154 0.8925
2.8203 1.9039 4.9492 0.2026 5.6654 0.0729 0.2736 0.7450 1.2369 0.4345 1.1459 5.7915 4.2346 4.6333 0.6794 5.6107 1.8585 2.3352 3.0017 4.0362
1.5023 5.1997 5.4151 3.6655 4.5574 3.5817 0.7073 6.2534 1.8890 5.6777 1.1603 1.7405 4.8579 1.3118 6.1991 0.9350 0.6632 0.2094 5.8711 0.6144
0.5055 2.4244 4.0149 6.2409 0.4750 0.2501 1.1621 6.0143 0.4162 6.2656 0.3160 6.0138 5.2677 4.5311 6.1147 5.4303 0.7600 0.8494 5.8035 5.9714
0.7013 5.8970 5.0995 3.1088 3.1344 3.0128 2.1056 1.3836 4.8344 3.9661 5.7769 0.8402 0.3946 0.7694 1.1288 2.2997 2.8994 3.5790 3.7228 0.6563
6.0014 2.1546 3.2041 2.8503 2.8027 5.8636 3.1199 4.0883 4.4271 0.8406 3.3479 2.5297 1.4121 3.5691 3.2526 0.3208 1.4266 3.3136 3.3125 2.5146
4.6180 3.8140 2.2755 1.8324 1.7550 2.1019 1.0553 1.5148 4.2815 3.9773 3.6829 1.8853 1.1319 5.9643 5.3372 3.6606 3.8869 5.7821 2.6968 3.2444
