4.1633 4.2051 5.9719 3.5785 2.3250 2.2725 1.0382 6.0484 5.3610 6.2275 1.6532 1.5135 2.3732 3.7700 4.1779 4.7499 4.6402 5.4021 4.7610 1.5736
5.4014 0.8865 0.0027 0.3139 1.0241 1.5573 1.0037 2.5034 3.5096 3.6830 3.8460 4.6987 4.1883 3.9260 3.4690 3.9494 3.7366 4.3373 6.2019 0.9153
3.2094 4.7109 1.6869 1.0428 6.2778 6.0193 0.8713 0.3031 3.9618 0.5002 4.8019 5.3959 5.0120 0.4930 4.9791 6.2382 5.9992 2.3878 3.5143 3.1449
3.2309 2.6219 4.9605 4.9544 5.1465 5.1315 3.5574 3.4147 1.6035 3.8378 4.1212 2.4919 4.0975 3.4612 5.5101 5.3489 5.6505 5.9634 2.9959 2.9389
0.5219 1.2927 1.1498 2.6063 2.8561 1.9722 1.6289 0.8575 1.8976 5.3721 6.1773 6.0952 6.0184 4.9440 5.2815 6.2640 5.1589 0.4491 1.7907 1.0740
1.8420 1.9375 0.9288 1.2968 1.9933 5.8282 2.4460 4.1467 3.1015 4.7452 3.1815 2.7276 0.6760 1.1519 5.6572 4.4180 5.4016 4.3425 3.0182 3.5292
4.3094 5.0993 0.1005 5.1774 5.2715 0.8836 1.1858 1.2601 1.1429 1.2373 1.9120 5.9133 4.1635 4.8917 6.2504 0.9292 6.1511 1.2770 4.2370 4.3986
6.0243 0.5978 0.7833 1.3359 4.1684 3.5608 4.6596 4.3054 4.5575 4.1166 6.0895 3.8101 3.2588 3.3106 2.8995 3.2439 4.8765 3.9173 4.7186 0.9901
5.1725 4.4692 5.6184 5.6305 4.7334 0.8107 3.4173 1.6847 0.7276 1.5560 2.7112 5.9993 6.0541 0.1963 5.0586 5.5579 5.5200 3.5412 4.7428 5.4560
4.1465 3.8511 2.5598 3.5232 1.3483 0.8471 0.1452 6.1185 5.8902 2.6614 3.1027 2.0552 0.9155 2.2401 0.8105 1.8499 5.7907 0.7971 3.6458 4.5860
4.0235 3.2376 1.4677 0.7212 1.2643 5.3260 5.1475 3.6950 1.6235 0.8545 3.0998 3.6000 2.0964 2.4649 0.0503 0.2224 5.4575 4.8825 4.2071 3.6572
0.7338 2.0331 2.3736 6.2044 1.0567 1.0505 0.6130 0.7266 1.0915 2.8850 2.0697 1.8567 1.2132 5.9401 4.8693 3.1594 3.9569 3.6865 3.5534 6.0395
2.4504 4.7984 1.8305 1.7377 1.2366 5.1202 2.1756 2.4298 2.3317 1.3234 2.0368 0.3665 0.7294 4.3864 3.6331 5.5791 5.1183 5.2696 3.1408 2.1911
1.1714 2.2428 0.8592 5.5627 4.2421 1.3529 1.1960 4.4116 1.6918 3.9038 2.5561 3.5106 3.4413 3.8113 3.0203 3.2563 2.7870 1.9446 4.3421 0.3006
0.0316 0.1410 2.6275 3.2464 2.6698 5.4026 5.6991 0.3544 1.4778 4.2627 5.0735 6.2495 0.7028 1.8647 2.1476 1.1670 0.4022 1.1135 3.7068 4.1128
0.3962 2.4455 4.6332 4.6870 5.5994 4.6896 5.6811 2.4370 2.1346 5.1846 0.0012 0.1289 0.5043 1.1940 3.7458 4.0501 4.2440 3.7917 5.8813 0.6028
3.2754 5.9449 5.9280 5.1780 5.7616 5.5058 5.7143 0.8232 1.0801 2.1788 5.6035 5.4613 0.4321 4.5063 4.0569 4.4181 5.0545 5.6958 4.0251 2.7288
1.6227 5.3122 5.0515 1.0312 6.0683 5.3731 5.6882 5.7798 5.9203 3.5354 4.1227 4.9121 1.5618 0.9010 3.2950 2.8070 3.3454 2.0673 3.3705 3.8197
2.7711 2.7359 0.0198 0.0402 1.1604 1.3617 6.1965 0.0404 0.9764 1.5664 2.1247 4.6568 3.7222 3.8546 3.7571 3.8996 3.4416 4.7073 3.3559 2.3760
3.7720 4.7810 5.5098 0.3132 0.5339 4.9751 5.2440 5.2267 5.3134 4.6610 2.3244 2.4383 2.4065 1.2990 3.4397 1.6234 1.9694 2.3631 4.2574 5.2777
