4.1078 1.0889 1.5299 1.0574 2.5834 2.6872 4.8763 4.0144 2.7890 1.3343 5.5618 0.0260 2.7729 1.8473 1.9544 3.7279 6.0466 5.0642 3.5869 3.3164
3.2677 3.9929 2.0646 3.8208 4.5574 4.5560 4.1045 0.0198 5.3993 4.9599 5.4002 5.4912 3.1379 3.8020 2.7460 0.7611 4.6377 4.7627 5.2564 5.1252
2.6101 1.6910 0.1397 0.6093 4.9550 1.4117 6.2793 6.2274 3.5827 1.6458 2.0727 0.8462 2.5906 1.4041 2.0348 2.5487 4.2185 3.1088 3.3514 1.4499
4.9255 5.3423 4.5066 4.9721 4.5682 4.9193 5.0505 5.0622 5.1039 5.0804 3.9442 2.4241 3.4413 3.4980 1.7085 0.7298 5.5967 4.1813 3.5751 3.7193
4.7746 0.2887 4.4070 1.2981 4.9638 3.0958 3.7181 3.1705 5.0706 2.4799 3.3605 3.3062 4.4233 1.8820 3.8861 6.1436 1.0212 1.1151 2.3152 5.6015
4.7166 4.1372 4.3478 4.6740 4.5217 4.8359 5.8199 5.5980 5.3809 4.4139 4.8643 4.6461 3.1119 5.3719 4.5864 4.3642 3.2742 4.3249 4.2464 4.6377
5.2141 6.1752 4.7596 2.1585 1.5649 6.0027 0.0192 0.2728 5.6182 6.2151 4.5815 1.3371 2.2906 2.1584 3.9238 3.0722 0.1243 5.9728 4.7146 5.4467
2.5693 3.9186 2.5856 5.7361 1.3884 2.6755 2.2925 1.2777 4.8074 4.5067 3.5180 3.7067 2.9972 4.3838 5.9858 0.0822 6.0320 5.0665 2.8195 2.5633
1.1803 0.4556 1.4057 1.0262 6.1049 0.8471 5.1207 4.5336 5.3392 0.9533 0.9531 0.5579 1.4250 3.3473 4.4648 4.1633 4.2377 3.0750 3.4406 0.4649
4.7986 5.6575 0.0879 3.0651 5.5847 6.1177 5.7733 0.9444 6.0041 5.2287 1.5739 4.4914 6.0578 0.8645 5.7366 1.5263 3.9431 5.9836 1.8620 4.2365
3.9871 3.4210 4.9144 4.4692 5.1292 3.6548 4.4843 3.3152 4.5445 1.4156 0.4973 5.7501 5.3870 3.5696 4.6891 3.9483 4.0600 3.8414 2.1787 4.6549
4.0344 0.1438 0.4742 1.1426 1.0820 1.2856 3.8656 0.2188 5.2058 4.6602 0.0972 1.9797 1.0745 0.7299 5.4668 5.4012 4.3481 6.2217 0.5664 5.3580
5.4338 2.2527 6.1778 4.4949 4.0843 2.9385 3.7890 3.7829 5.4286 1.3072 5.4946 5.0869 1.1155 3.0682 4.3874 2.9416 3.8547 4.3231 3.6862 2.8402
5.0617 5.2269 3.9815 1.0639 3.6724 3.5718 4.4863 3.7506 4.5871 4.3188 5.6889 0.6535 5.7288 5.4356 3.7147 5.7706 0.6886 1.0765 5.5445 3.1102
0.9997 1.9458 6.2396 0.5216 2.2639 0.5862 4.4172 5.6770 4.7243 0.3450 5.5856 5.0852 4.9124 2.5302 1.1710 1.7771 1.3797 2.4763 3.0175 0.1722
2.6446 3.2069 0.2436 1.4653 2.4062 3.6443 2.8764 2.2497 4.6424 5.4277 6.1278 1.1512 1.5774 0.0334 3.5705 3.8591 3.9237 3.8040 2.7914 2.6482
1.2320 4.3165 0.8898 2.3082 2.2832 1.9968 0.5552 0.6547 5.9886 0.3241 0.3240 5.8070 2.1820 2.4999 2.3519 0.7643 3.8817 0.8597 2.0703 0.2693
0.3902 0.5376 1.3850 1.6065 2.6239 3.2353 3.4239 3.3324 0.1731 3.3147 2.6667 2.1658 1.4151 4.3850 2.7779 2.9367 5.1379 6.1164 3.4292 3.3028
5.7777 1.0312 0.7196 0.6851 6.1442 1.7664 1.1449 1.3646 1.6065 1.0744 2.1966 0.9613 2.3088 2.4520 2.3912 3.8674 4.6027 3.2244 5.4623 5.7811
5.5237 5.1859 2.2575 4.1349 4.6803 6.1456 1.0719 3.0490 3.2542 3.4175 4.3574 4.0952 4.2809 5.1645 3.2564 5.7442 5.6362 5.1744 5.1301 3.9714
