1.5840 6.0886 5.1557 3.8524 1.7953 1.0856 1.5443 2.3041 5.0368 4.8171 2.5695 2.9831 2.9629 5.5671 4.4404 5.4326 1.1740 1.1286 3.1111 1.9656
5.8220 5.9088 0.4787 1.2120 2.5572 2.5376 2.8715 1.7739 4.3334 2.0927 2.3291 2.3774 3.6292 3.8382 4.8090 0.9206 2.6130 0.4187 2.8852 6.2569
1.3975 2.1357 2.7260 3.5001 2.5015 4.2484 4.4018 3.7445 3.3232 0.0355 5.8363 6.1099 3.1561 1.4244 1.5346 3.6085 2.4263 2.6725 2.0309 2.4907
2.6033 3.1258 2.8307 0.9214 0.0569 0.1090 0.7947 1.3058 1.3071 1.6265 0.9855 4.0010 2.7278 1.8726 1.9496 2.2477 1.7684 2.7266 2.0127 2.0859
0.3638 2.3789 0.6983 5.9686 5.9751 5.9417 5.8640 4.9815 1.4120 5.6265 0.0507 6.1260 3.8534 4.0241 0.7266 0.0299 5.9669 5.9403 1.3737 0.0022
4.6846 5.8672 1.7293 1.7253 1.7719 0.7534 0.3951 0.8128 1.5802 2.6069 5.2906 0.2484 2.9963 0.5229 0.5753 0.0005 5.7022 0.7298 2.0233 3.5709
0.2770 2.4635 2.8211 0.4694 2.0994 3.1709 3.6236 0.3892 1.5752 1.8601 4.1756 4.1178 3.9065 3.7719 0.4158 4.2936 4.5038 2.1499 1.3519 1.4279
5.0195 0.1356 0.8732 1.7941 0.6882 6.1147 3.6892 3.8555 5.7230 5.4813 0.9853 1.7941 4.5257 5.7530 5.6480 5.2939 5.3739 5.1742 0.8290 5.4196
1.0467 5.9692 0.5907 1.6045 1.2217 1.3372 4.7544 5.8185 1.2851 5.9666 6.1311 5.6851 0.3260 1.2058 1.4598 1.2137 5.2004 2.5966 1.4233 3.3983
1.0319 0.5960 5.3552 5.7806 0.9051 3.9484 3.6670 4.3148 5.4637 1.0055 6.2761 0.8751 0.6866 2.4433 0.8093 0.0222 6.1567 0.0248 1.2487 1.0078
5.8279 6.0056 6.0156 0.6994 1.0209 5.8096 5.3635 0.1049 6.1718 5.2641 5.6011 5.2034 5.8383 6.0901 5.0481 2.7707 0.8866 2.7847 3.9968 4.3598
1.6308 1.7508 6.1265 6.2404 0.1169 5.3781 5.5601 3.6361 1.0640 0.6179 6.2328 0.3748 4.6653 3.5448 4.6086 4.3863 3.9497 4.7349 4.7238 1.3353
5.2737 3.8169 5.2558 3.1727 2.1444 2.0821 1.2170 0.8652 4.9592 4.6838 5.9310 5.2417 5.4772 5.4770 5.8062 0.1708 4.5042 4.8771 4.6626 3.8864
2.5768 1.2443 0.0542 1.4912 0.7642 1.7145 1.3280 4.1066 4.4323 4.8119 5.1661 4.1793 0.1727 1.2697 0.6288 4.0274 5.0797 3.9825 5.0055 1.4477
4.1220 3.8559 6.2724 5.0720 0.2526 5.1752 1.2235 1.4830 4.3709 3.3482 1.6649 1.9488 1.0965 6.1318 5.1495 0.1922 5.5649 1.9536 3.2866 0.4854
2.9491 6.1547 2.8867 2.1471 0.5968 0.4080 0.3617 3.8293 5.7273 5.8161 6.0013 3.0289 5.1127 3.7628 6.2537 1.8038 4.2415 4.9955 4.1133 3.8046
2.7240 3.1807 3.0346 5.1423 4.0468 0.0210 5.5659 0.0109 5.0717 3.5826 3.1265 1.1649 3.0322 1.8536 1.1685 5.4437 4.0426 1.6022 2.6324 1.2081
4.8537 3.2297 3.0332 2.9588 4.9247 3.4772 1.0702 1.8483 4.1088 1.1756 2.4781 3.7539 2.6441 4.9127 6.0270 4.0119 4.5900 4.8690 3.8095 3.8339
0.1355 0.8241 2.8100 1.0057 2.6126 1.1007 0.5256 6.1024 3.6037 2.5043 3.1385 1.6661 2.7483 2.0716 1.5223 5.8843 1.2966 3.4159 4.4874 0.4013
0.1884 4.1072 3.9297 4.4718 3.2303 4.0874 5.0733 5.4083 5.2613 5.1709 3.4991 4.3893 2.2334 2.2193 2.9749 2.7848 2.5400 4.4431 3.6584 5.4482
