4.5476 2.8785 1.4788 2.2746 6.1955 1.3640 5.8311 0.7831 0.7018 6.1563 5.9901 2.0714 1.3857 2.1423 3.6295 3.2065 2.3196 6.2157 4.5204 4.3541
3.6059 0.5709 1.8353 4.3529 0.1612 5.7739 6.2120 3.3379 0.0011 6.1920 5.0621 4.3730 0.7734 2.0852 1.8225 3.0157 2.3107 3.8805 5.2835 1.9435
3.6125 4.0021 1.7267 2.4144 0.8665 5.1161 6.0868 0.6806 5.6017 2.9350 4.4117 0.1175 0.6809 6.1867 4.4852 6.2767 5.6739 0.3426 5.3260 5.2931
2.4042 6.2246 0.3247 0.0313 0.8597 2.3546 1.8116 1.5835 5.7173 6.1110 2.6774 3.4441 2.7703 3.1288 3.5848 3.1081 0.3016 3.3337 3.5427 2.8838
3.7552 3.6377 0.2414 6.0014 1.9380 0.1391 1.6430 5.5041 2.1691 5.0785 6.2250 5.4728 2.8200 3.3941 2.8904 0.4403 0.2671 0.0148 5.8797 5.9483
3.6430 0.5560 1.3868 2.2366 2.2088 1.1499 0.6211 1.1584 1.0816 1.3527 0.3993 1.1641 1.9734 1.9603 1.7909 2.3636 2.9182 3.9302 4.5437 3.0946
3.5678 2.9840 2.4181 4.3158 5.7339 5.3795 4.6520 4.5667 6.0702 5.0382 6.1222 5.3312 5.1618 4.9814 5.7105 3.8258 2.4755 2.4627 4.3738 3.1907
4.7489 6.1231 0.0728 0.2104 1.4267 0.7212 5.9869 0.6519 0.9322 1.0210 1.8513 1.5115 0.3499 0.9526 5.2213 5.5075 2.9824 4.0618 4.2412 5.6109
4.0967 3.2083 4.7660 5.6314 4.9471 2.5587 5.8867 5.2186 1.1036 3.6693 3.0104 4.2754 4.5270 3.6721 5.7294 1.9688 2.5787 0.8480 4.1158 4.6861
4.7585 5.4013 4.3476 3.4042 5.5255 1.1871 5.2310 3.1508 1.0445 1.7431 0.8259 0.5798 1.7813 1.3326 2.5357 4.4679 3.5346 4.3878 3.7860 1.9909
3.8896 5.4831 4.6115 4.8020 0.9663 0.8467 0.2091 5.0998 5.4594 5.6490 4.7169 4.2705 3.6327 2.8296 2.4279 2.2197 3.7750 2.5231 3.9164 5.0325
0.8952 2.0491 4.6605 5.1822 0.4044 3.9415 3.6349 3.6998 4.0641 3.7266 3.1627 3.0524 3.8805 3.9611 3.7545 5.1496 5.8524 4.7547 3.4140 2.7085
2.1010 5.9702 6.2693 0.1044 6.1674 6.2723 2.2301 0.9220 2.0024 1.4522 1.4227 1.0756 2.1691 1.4377 2.5716 2.5777 5.1223 2.2256 2.6935 2.3285
4.3661 6.0004 5.4696 3.0189 5.5242 5.3249 4.7558 5.0149 3.6020 4.0417 4.4578 3.7446 3.0812 3.1372 0.7162 4.9319 4.9108 3.2701 3.9710 0.3180
4.3590 3.2059 4.1479 3.1436 3.7701 3.2227 3.1120 2.8157 3.2451 0.3675 5.0008 5.2618 5.6092 0.3587 0.3452 3.4644 3.5396 4.1347 4.2196 4.1449
4.5276 5.6125 0.7025 5.1911 4.6332 3.5108 3.0203 3.2104 2.4699 2.8258 0.7720 1.3366 0.2941 0.3992 0.2083 1.1430 3.3055 0.3640 3.3270 3.4137
0.4987 0.8035 5.7528 1.9587 1.4710 6.1779 5.9334 0.7045 1.4984 6.0515 6.2114 4.3683 2.1890 2.7080 1.8900 3.2506 2.0290 2.1502 2.0327 0.7740
3.7239 3.4160 6.1768 5.8774 1.8184 1.9655 4.6294 4.0001 3.1143 3.0205 1.8984 2.7696 1.9349 1.1033 0.8676 6.2154 1.8248 0.5397 4.5044 4.7231
0.0515 6.2495 0.5410 1.2801 1.8226 4.1795 4.2594 1.6581 5.2984 5.5832 0.3293 6.1928 4.9028 4.3921 4.2710 3.4474 2.8962 3.9609 5.8039 0.4107
5.9819 5.9653 6.1803 5.7563 6.0503 5.8675 4.7233 4.4902 4.5032 2.8968 3.9786 4.5676 5.9235 5.6653 5.4549 5.9807 0.9819 0.5607 5.9357 0.2989
