5.7206 1.7988 4.0062 4.0536 4.8438 4.8027 4.1499 0.0831 0.5666 5.6055 5.9923 0.2570 2.1528 2.1398 1.4093 2.4547 1.1997 2.5176 2.6055 4.7069
1.9662 1.8604 3.3109 1.2993 2.8140 1.7226 3.0252 0.5876 0.9326 1.4103 1.5368 1.2506 2.3400 3.9985 5.0693 4.9413 4.8758 5.1473 1.4530 1.0992
4.3386 3.2990 3.9911 4.0343 2.3218 3.1746 4.3139 4.5511 2.8645 2.1502 1.4667 0.9762 0.6742 0.7779 6.2830 0.6077 5.6613 2.7589 3.9401 3.6466
5.6827 0.5038 5.1873 4.2284 3.9207 5.7426 0.8693 0.2218 0.8744 0.2204 0.2001 4.6344 4.9015 4.9977 3.9016 4.5036 5.0984 5.8960 6.1452 4.9059
5.4820 5.9643 5.9452 5.8091 3.7531 2.0518 3.0992 1.0693 5.7547 3.7865 0.3250 0.7006 5.7780 0.2545 2.4614 1.7647 2.5537 1.7117 2.3341 5.5124
0.2460 0.0503 5.4065 1.5678 4.0432 5.3650 2.6268 3.4617 3.7454 6.2141 0.2253 3.2925 3.6391 1.8083 3.1413 5.3623 2.5649 2.8625 2.1183 2.7506
2.5475 3.8883 4.7783 5.4301 5.6354 3.0621 1.9080 0.3201 6.1036 1.3327 5.4456 0.3957 2.8146 3.4495 2.9545 2.6997 2.8501 3.1155 2.5071 3.5528
2.0019 2.1433 4.5644 1.3606 0.6595 0.0823 0.0711 4.3305 3.9154 4.3202 2.7136 3.8120 3.1802 1.1557 3.8369 6.0178 5.7864 2.1927 2.7663 1.0447
2.9518 4.8912 4.3144 3.5484 6.2406 5.0308 5.5392 1.9646 2.3675 1.2560 0.9997 0.4579 3.0577 3.7519 2.2425 4.5461 5.4418 4.6599 3.4767 4.0678
0.6040 0.9924 0.9485 0.5280 5.0931 0.3306 6.1139 0.0480 4.9160 4.1395 3.9951 3.6007 2.7977 0.9078 2.0113 0.9471 0.8156 1.3515 2.6435 1.6321
4.3289 4.1901 5.5191 4.8760 4.8005 5.2195 5.0930 4.2872 4.7153 4.9279 4.8671 6.1623 4.4399 4.4513 3.3052 4.1710 6.1850 4.0595 2.6418 3.6951
1.1218 2.9882 5.4722 6.0895 1.0388 0.4586 0.3435 5.8803 5.3704 5.4955 5.5226 4.7131 4.6320 4.4218 5.1109 0.1634 0.8612 2.5670 1.7566 1.2202
0.6374 6.1289 4.6893 2.3354 1.8653 2.1734 0.4010 3.7052 4.6306 2.4805 4.0451 1.5649 1.7092 1.4509 2.4664 2.1945 0.6829 6.2037 0.7756 6.1071
1.6742 3.7195 4.4256 0.2668 3.9142 5.0867 0.4039 0.1755 5.1491 5.5517 4.7099 0.0060 1.8565 4.7889 1.1163 0.4829 1.2217 1.4832 2.2703 1.1956
2.8387 4.7220 4.1138 4.4217 2.8721 2.5475 2.5984 3.7043 4.8536 2.4021 3.8645 6.1597 0.6394 1.1713 1.5437 2.7925 1.4475 2.4228 3.0034 4.4962
1.9801 2.1927 2.2481 3.3253 2.8512 5.9521 6.0061 0.4324 4.5083 3.7980 4.1104 2.6244 2.0483 3.9939 0.8452 1.2332 2.0341 2.6939 3.6041 1.0603
3.4153 5.3809 6.0528 5.1404 1.8101 5.8034 4.3613 4.2523 5.5042 4.6311 5.2309 0.5160 1.2821 0.2053 0.3596 5.3286 3.5923 3.3630 3.9081 4.9350
3.9151 2.3421 0.6630 1.5082 2.2920 2.7756 3.2363 0.9587 0.0132 5.7812 4.9854 3.3206 1.3553 2.8759 1.7116 1.7482 2.3036 1.8736 4.2376 3.3173
3.4247 4.5761 3.5896 4.5795 4.8270 5.7423 3.2678 3.8014 1.0101 0.3785 6.0638 0.3062 1.3207 3.0579 2.7983 2.8486 3.2115 4.6805 3.8716 3.4639
4.6512 5.3944 4.2938 4.6446 3.6928 3.0778 2.3413 2.1196 0.5594 0.4332 0.3376 4.5649 1.0761 0.7361 6.2114 0.8840 1.1548 0.1565 2.3354 1.2721
