1.7668 3.4181 2.0207 0.8913 1.0277 0.4155 6.2741 0.6885 2.1868 3.9211 4.1877 4.1139 3.5267 2.6103 1.7249 0.7214 4.4553 5.5892 5.1463 4.9991
1.9281 0.8394 1.2306 5.3260 2.1233 2.6138 1.6703 2.7769 1.9421 2.2360 2.3446 1.8752 1.6665 1.4491 3.8380 2.3722 3.5945 2.4993 2.5403 1.3989
3.5435 0.0688 0.4320 1.2265 0.2996 5.9872 1.8259 1.5404 0.0368 1.1786 1.8993 4.0958 2.9517 5.0732 4.7275 4.6611 3.1664 4.3278 3.9697 4.2345
3.5876 3.3703 2.0401 4.6621 4.9842 4.1110 4.0300 5.2866 0.2013 0.6999 0.8644 0.7621 1.5293 1.7360 0.4689 2.4905 2.4736 4.4485 5.2593 0.4658
4.1014 3.6969 2.5660 2.1609 4.5773 6.0502 2.8251 1.0073 0.7132 1.6849 6.1489 1.2842 0.4243 6.2656 0.3919 4.6197 2.1204 4.5249 5.9746 3.7584
5.8546 0.7003 0.6850 4.7445 4.1650 1.9205 2.5963 2.5129 1.1784 4.4244 0.4980 5.7808 0.3994 1.3032 0.4784 6.1617 2.4711 1.1102 5.5136 0.2687
5.5359 4.6424 5.8998 1.4510 4.9671 3.2915 3.9747 2.0074 1.7835 0.9562 0.9898 1.1503 5.4705 3.5550 0.9018 2.3611 4.4906 3.0944 3.7329 4.5617
2.9105 1.5165 5.9630 4.5050 5.0480 4.8362 4.7375 5.2775 1.4539 0.9875 5.7253 4.4351 5.8735 6.0104 5.4816 5.8941 0.1917 5.1538 4.4507 3.2599
3.5590 3.6244 3.2157 2.2851 5.4147 0.6463 2.4986 2.0740 2.3216 3.9742 6.0266 6.0938 0.1622 6.0602 0.6988 0.1858 1.0832 1.7083 4.9931 5.3205
2.9520 2.4726 3.6037 5.1527 2.9680 5.1029 6.0338 5.0543 1.6687 0.3305 1.7412 0.4464 1.2893 1.5719 0.3103 0.7685 0.5846 4.6545 3.8853 2.8707
3.8326 3.8789 4.3946 3.8323 3.2002 1.4818 0.1891 0.7039 2.2117 2.1378 1.6549 2.4496 0.4789 6.2387 6.0899 5.8168 5.3929 5.3519 5.2599 4.7737
0.6977 0.9070 5.2629 5.0289 5.2824 6.0414 0.5156 2.8697 0.5960 1.1507 5.9476 0.2304 0.0883 4.2083 2.6206 2.3468 4.6063 2.1376 1.8155 1.3896
4.4982 4.4898 5.5905 1.4501 0.7732 0.9762 0.2172 6.1525 0.2154 4.1238 4.9619 3.6589 0.9451 0.5168 1.1556 4.7632 4.8195 5.1881 1.3553 5.9969
3.8315 2.5180 3.0129 4.6712 5.8043 5.1253 4.3190 4.4138 5.5116 0.6459 5.5784 5.2106 6.1707 0.9272 0.5652 5.3951 4.6425 5.2147 0.5779 3.9498
3.6939 2.2768 3.1148 2.3855 2.5077 2.9546 3.4554 4.0873 5.2642 4.2703 5.6009 1.0402 3.2343 4.5731 0.9316 0.6170 4.0156 2.8732 1.9185 3.7481
2.7066 1.8485 2.4945 0.5136 4.9004 5.3750 3.9266 5.3020 4.8393 5.7373 6.0036 5.1459 3.5650 2.0118 1.5968 3.4034 3.3202 5.3077 1.4975 2.6996
2.8940 3.1586 2.9604 4.7635 5.8346 3.4193 2.7879 2.2710 0.4553 1.6208 0.9542 3.1206 5.1850 5.6482 2.5707 3.4019 3.9881 2.6512 1.2183 1.4682
6.0472 0.1534 3.2461 6.1401 5.9323 0.6231 1.7654 0.0676 4.8243 0.4068 0.5163 0.3313 2.6024 2.0939 2.9981 5.9827 2.8985 3.9986 5.3460 5.3998
0.3329 5.8565 4.2166 3.2381 2.4644 3.9051 3.4719 3.4115 3.7698 3.2550 3.5437 2.9187 3.3233 3.4774 4.4313 4.3212 3.0259 0.5663 1.6875 1.1996
0.1309 1.0406 0.7268 1.3119 2.6221 2.9438 3.1497 0.4555 2.0837 2.0057 4.1893 1.3518 3.2118 2.7171 3.3569 2.3686 3.5883 3.0655 1.5378 0.9203
