4.6687 1.4022 0.9126 3.5179 3.4784 3.6869 4.5940 5.1139 1.1394 1.5783 3.7125 4.3906 2.5440 2.6154 0.9109 0.8237 0.5793 0.9007 5.4361 5.4662
1.8200 3.2370 3.3445 4.6658 0.5827 0.0666 5.1408 0.5760 0.4958 5.5155 1.8034 6.1349 0.8291 5.4502 5.8377 3.5804 0.1361 5.2526 5.6875 1.7643
6.1549 0.6291 2.3888 1.7767 0.6647 1.2077 0.1166 5.1850 3.7509 1.9279 2.1022 4.0242 0.7031 1.9194 5.3811 0.0784 5.7351 1.7134 5.2179 4.5466
5.9601 5.2570 1.1566 0.0792 5.8944 5.4612 5.5841 1.8761 2.0640 3.3059 3.0297 5.6906 5.8095 6.2275 6.1493 5.4307 5.7253 5.1623 5.6944 2.7552
2.7747 2.9688 1.2631 1.6885 4.2126 4.8964 4.8939 5.0918 2.9067 2.6742 2.3162 2.0976 3.0597 3.1383 5.5501 5.5671 5.6895 1.4049 0.4168 5.5686
5.4913 5.4592 1.7276 4.7129 0.0502 1.7844 2.2455 1.2604 0.7365 0.2042 3.2629 2.6279 6.0213 6.1790 4.3783 3.4280 5.2573 5.8264 5.5536 0.7208
5.9521 2.0403 2.6707 3.8223 3.0871 4.4449 1.2168 1.8527 0.7958 1.7072 4.7086 5.0895 5.6009 5.7067 4.9521 5.9189 3.9750 3.8740 0.3923 6.2598
2.6808 5.9773 0.4636 0.6114 0.7755 0.5566 0.2794 5.1836 5.9741 5.1038 1.5720 2.2452 2.7440 2.0670 2.2675 1.8393 2.2285 1.3668 0.7984 0.9090
2.8950 1.4357 2.2363 3.9506 0.2393 0.7215 0.4488 2.1211 5.1557 5.8980 0.6473 6.1687 4.6381 2.5755 3.3491 5.6558 5.0309 6.0594 2.6818 2.3061
4.6993 5.4984 4.1312 0.7092 6.1888 5.7240 5.4400 3.9501 4.2845 3.0710 1.2399 2.8435 0.9175 5.3295 3.2218 2.6566 4.1473 3.7803 4.1553 4.0922
2.6240 1.2605 4.3405 3.7853 4.0881 1.6242 5.1335 5.9377 6.0849 6.0645 0.5781 5.5927 0.3447 2.3879 3.0044 3.4248 3.0687 2.5160 3.4575 2.3295
4.7648 2.6039 2.8022 1.8493 4.2022 5.1708 5.0090 3.5830 5.0866 1.9521 1.3584 0.7616 5.6616 5.1011 5.9828 0.8916 2.3144 5.4845 6.2381 5.9280
5.5583 5.2940 4.6637 1.6566 2.0976 1.3099 6.1323 0.4848 0.1843 1.0308 1.9517 2.4826 1.3997 0.6076 5.4455 4.4324 2.3404 2.6948 5.6669 1.6185
5.5056 5.4556 6.1713 0.3552 1.1552 2.6838 2.9901 3.9551 5.3914 5.6553 5.5310 5.7654 1.5255 2.2221 0.6571 0.3329 5.5087 5.4968 4.8111 5.1586
5.4632 1.4840 6.1764 4.2443 3.9639 5.1115 2.1964 1.2631 5.0708 6.1565 4.6131 2.2122 1.2356 5.4083 4.9408 5.4871 5.7310 3.6809 3.9084 2.3738
2.7621 4.5750 4.8829 5.4016 2.5321 2.9883 2.7742 5.1876 5.9396 5.6975 4.8170 5.5919 1.9952 1.2538 1.0579 1.2122 6.1560 1.4588 3.2690 3.8637
2.8852 2.8425 3.5944 3.5193 3.6555 0.1312 2.5662 2.3033 0.3006 5.7864 4.7300 2.3698 2.5438 5.4466 2.5916 4.2415 4.7795 5.7809 2.9009 1.3378
2.0189 6.1455 2.9278 4.0527 3.6150 3.9696 5.4955 5.2811 0.1517 6.0077 3.2548 1.7803 2.5987 5.8768 2.1497 0.1078 4.2612 1.6389 2.9593 2.7405
2.6125 1.9994 3.2080 2.5146 1.4183 1.6519 0.8676 0.0479 1.2938 2.0704 2.3194 3.0412 3.2469 2.8731 2.8134 3.3114 3.9715 5.1175 4.2182 1.1566
3.9211 3.9602 2.5723 2.1984 1.1614 0.0301 1.2215 1.3627 1.2847 3.2981 3.7785 3.1682 2.5095 6.2302 1.4271 1.0331 4.4965 3.9904 3.6405 3.4913
