4.1056 3.5087 0.7453 5.5566 5.2232 4.1860 4.6277 2.7169 3.3010 3.3758 2.1050 5.2183 2.4142 2.0106 1.5203 1.8947 1.3358 2.0472 3.7447 4.2408
4.8240 4.4586 4.2098 1.8075 0.3130 0.1910 0.6645 1.6884 1.3754 0.6736 1.0569 1.0396 3.1308 3.3864 2.0599 1.1470 0.5271 5.4170 2.4597 0.6821
5.3710 1.2713 4.5645 5.3691 0.7715 1.1423 5.6892 5.7836 2.5707 0.8703 6.0574 5.7255 1.2083 0.4658 1.1284 5.1747 0.2942 2.5146 1.9091 4.8551
0.0726 4.0219 4.6346 2.1716 1.6271 4.3297 4.0318 5.9378 3.4180 4.8087 5.0672 2.1725 1.1703 5.5386 6.0169 1.5627 1.8294 6.0530 6.1291 1.2566
5.8780 4.9816 3.8970 3.0937 2.5816 2.8164 2.0802 4.3962 0.3280 0.7874 5.3270 5.6243 5.3616 6.2065 5.2837 4.1007 2.3564 3.1742 0.4034 4.2559
0.0275 1.0803 2.5820 3.3065 2.3150 1.7085 3.7892 1.0196 0.6965 3.6568 5.6182 4.6396 3.0933 2.4092 3.1543 1.8695 1.7345 0.9018 0.6511 1.3329
2.2363 3.6535 2.1591 5.6352 4.8828 4.8261 4.2016 0.5256 5.8538 0.3112 0.0523 2.3341 4.0401 6.1898 1.8358 5.0411 1.0177 1.3923 0.4437 2.9618
6.1787 0.2038 4.0302 4.0359 3.3132 1.5916 2.4162 2.3614 2.6709 2.3974 0.6212 5.6380 4.8037 0.9655 1.2714 1.5542 1.6833 0.0554 1.0040 0.3359
2.5630 2.5120 2.6269 2.3769 2.0127 3.4020 2.5925 3.4983 2.4733 1.8884 1.6212 4.5131 5.0353 5.0469 2.3446 2.9187 3.1363 2.4962 1.3911 2.4502
3.7536 4.0396 3.4346 4.8970 3.0092 2.0120 2.9226 5.0369 2.9917 2.4605 0.4801 0.3039 0.5244 1.9132 1.9726 3.8360 4.3551 4.9307 0.4481 2.6824
1.7106 3.1403 2.9587 2.3891 2.7133 6.1054 3.5066 1.7671 3.2087 1.9794 1.1197 2.5883 0.6981 1.5584 2.7856 1.9056 4.7722 2.1833 1.6455 1.6640
2.5030 4.8102 4.9199 5.7812 5.1675 2.2389 3.0004 5.7972 1.5094 5.7058 5.7486 0.4673 1.1673 1.5322 2.6152 0.7496 4.3976 4.1622 3.4674 3.7106
2.0369 2.2339 3.0160 3.0487 0.7578 5.8077 1.7156 2.1052 0.8067 0.5450 6.2313 4.8060 3.8665 5.4678 3.7039 3.8252 3.1496 2.3576 2.0519 2.0369
1.5115 0.3375 2.5800 2.5827 6.2788 2.3511 3.5431 4.8132 4.8002 5.1322 5.8689 5.0539 5.6077 3.2117 1.3193 0.6869 2.2217 4.4398 2.6353 1.7421
2.2175 2.6562 2.0032 5.7817 5.1249 5.0278 4.2129 5.7462 4.7981 1.5497 0.9645 1.5074 5.2352 5.1165 3.0817 3.8578 2.5956 2.0333 3.1106 3.5365
0.7958 6.1762 1.5012 2.0517 3.9946 1.4065 3.8151 3.5647 5.3261 0.8324 5.6743 5.7936 2.8800 1.5690 2.6658 2.5959 2.1421 4.4227 3.0824 5.8298
0.7117 5.6001 0.8102 1.3071 4.3855 4.5580 4.7198 0.1960 5.8240 4.3516 5.0833 1.1384 3.8757 4.4865 4.1041 3.4863 4.0170 5.6660 5.9976 1.0646
1.8603 3.2949 0.9455 1.3532 1.4517 2.2382 4.5557 4.9288 5.4960 4.2849 4.4159 3.2271 4.5345 4.3331 3.9093 3.0010 4.5332 1.2496 0.5123 2.4563
2.0107 6.1220 5.7627 4.9211 4.5614 5.1740 5.7788 1.0996 0.0623 0.2881 5.2943 0.4268 5.3830 3.3865 4.7195 4.4199 4.6223 3.7241 1.7617 0.2167
2.7372 2.3733 0.8005 2.7423 1.2005 0.2909 5.9983 5.4123 4.5769 3.4662 3.4944 3.1327 5.7927 6.2666 1.3994 0.8236 3.7119 6.0269 5.0219 3.2075
