3.9437 4.5818 3.0739 2.9679 1.5418 4.4236 1.8651 3.2304 5.2888 4.9996 3.4321 1.7245 4.7701 5.0112 3.5538 3.0868 1.1758 0.8203 2.0987 1.0224
3.9975 2.9945 2.6087 1.4453 0.1945 1.4499 1.9087 0.6067 5.4362 2.9210 3.3833 3.1062 3.2224 2.3903 1.9782 2.3972 0.6434 5.2971 0.1536 3.6624
4.9028 6.0545 1.2555 0.7147 2.5723 2.8632 1.5578 6.1228 5.3064 5.5980 2.7228 2.3140 3.3387 4.2255 3.5130 3.8848 0.5239 0.6658 0.3987 5.6380
1.3815 2.9928 1.9892 2.6323 3.3532 5.0622 3.7641 2.9816 3.6621 2.1026 2.3359 1.8344 1.4512 1.4896 4.1091 1.4553 6.1532 5.8456 4.6799 2.1186
2.9954 3.6554 2.7319 3.5543 2.1196 3.2529 2.6479 2.9712 3.1399 4.3586 3.5766 4.5211 5.7937 4.6988 4.6814 3.7837 3.6841 0.3102 4.3213 2.9077
2.4227 1.8091 2.2145 0.2312 5.9542 6.2490 1.7269 1.7399 2.4343 2.7877 2.4417 1.0717 0.9611 1.6220 0.7794 4.7580 4.8774 3.8310 4.2200 3.1399
1.4098 5.8566 1.4639 1.5838 0.9690 2.1211 4.1627 4.2225 1.3387 2.8457 2.9818 4.3933 4.5919 4.3114 2.3444 1.2284 5.7684 1.0902 5.9042 1.2935
2.4936 1.9193 1.4125 1.4235 2.1025 4.8682 2.6192 0.2841 0.5920 2.5417 2.9017 0.8111 0.8502 5.7060 3.1231 4.5878 4.9615 3.7523 0.6736 3.6197
2.8074 2.9326 2.3547 2.7845 1.8949 1.2489 2.3398 3.8316 0.3147 4.4585 3.5161 3.7475 3.1227 3.2995 2.7259 2.6554 2.8463 2.5771 2.6315 2.0448
2.7744 4.7248 3.4666 3.2594 1.6974 3.2343 1.5881 0.5279 4.8672 4.6077 4.4904 4.4947 3.1815 1.6629 1.3881 5.7652 4.6424 5.7208 2.4152 2.8598
1.7659 2.3677 2.4437 2.5163 0.4384 6.2296 0.2589 4.8762 4.6358 0.7685 2.6698 1.4819 1.7865 3.4063 4.1965 2.9389 2.8843 2.2234 2.1729 2.2053
0.6994 1.1135 1.0532 0.8828 1.9238 2.9199 1.7744 0.4593 5.7484 4.7779 2.7283 1.7542 1.4206 1.2612 1.6634 0.0435 2.7359 6.0571 4.4105 1.2905
1.1185 0.5982 2.4608 3.4179 5.5168 4.8131 0.4258 2.8897 2.3756 2.5486 2.6817 4.0845 1.6793 5.2635 0.8426 2.7303 3.7967 3.3887 3.0073 3.0527
0.0666 0.2527 4.7987 4.9468 0.6625 2.4879 3.8958 1.1376 1.3037 0.6736 1.2309 1.1821 1.1066 1.9535 2.7764 2.5916 4.6543 0.2290 2.6447 6.0382
5.3911 3.7275 5.6313 5.5938 6.0880 5.4777 3.5329 4.1720 2.2725 2.4944 4.6369 4.1306 6.1547 5.2855 4.1209 5.9371 4.3926 1.6515 2.7836 2.8963
5.2471 0.0998 0.3347 1.3138 1.1494 2.0678 1.9606 1.3553 1.9483 5.8790 4.7257 1.8512 1.4792 3.2438 4.0832 0.5080 0.5395 5.6603 5.4474 5.1095
3.4874 2.7595 0.2079 5.2722 0.4465 4.3443 1.9461 2.4647 2.4799 3.8825 3.6649 2.9230 4.6992 5.1105 3.6264 2.9347 1.0321 2.4161 2.9153 1.9637
5.1256 6.0932 5.3920 4.3680 2.8517 2.1717 2.3682 4.2493 1.7185 1.7417 2.9709 3.8856 4.3959 4.2524 5.3945 0.4618 6.0792 6.0033 4.2648 5.7081
5.1676 5.6134 4.7833 1.2711 3.8683 4.8637 0.5801 1.0804 0.6182 5.8663 2.4427 1.3840 0.8394 1.3361 3.9864 3.4422 2.0585 2.2560 1.2830 0.5179
3.9588 1.4319 2.4123 3.0556 5.3703 6.0695 0.1558 5.8113 0.4813 1.9750 2.2766 5.5023 0.8073 5.4337 5.7875 0.7378 2.0163 3.7943 1.9318 4.2845
