1.1041 5.4383 0.9919 0.7536 1.4845 3.5926 6.2516 1.5718 1.9130 1.0902 1.0047 0.7965 1.6861 0.6198 1.0816 1.0651 6.0197 5.2421 5.9590 1.0493
0.8393 4.7277 5.5685 4.8481 0.2666 5.9465 5.3064 4.1250 1.6616 0.9790 0.9610 2.2294 2.1542 3.7457 2.8579 3.5078 1.3895 2.9412 2.3212 4.6329
0.8789 1.4508 1.8464 2.6854 1.2057 2.8140 3.7382 0.9649 0.1948 1.6622 1.6642 0.0086 1.0159 1.5700 0.7873 0.1299 0.2705 6.0754 2.5414 0.2920
1.7455 3.3892 2.7841 0.8255 2.9375 6.1155 5.1259 2.7813 5.3637 4.2520 1.1608 2.3573 1.5777 1.9995 4.3457 3.6422 3.9421 3.2228 4.6508 3.8305
0.5810 6.2251 3.9263 4.6162 3.4741 3.4160 4.1833 3.9180 5.4004 0.2103 0.4219 0.4267 1.0370 0.1621 2.8373 0.3435 3.2650 1.8017 5.4925 6.0473
0.2607 2.8633 3.7797 1.8659 2.2425 1.4190 6.2800 6.1099 5.9736 2.6161 1.9718 3.0291 1.5168 2.4169 3.5370 3.4645 1.4755 2.0366 5.8717 1.0567
4.4419 0.4284 0.8632 1.6575 1.6043 1.1795 2.3886 2.7384 5.9848 0.6294 1.3290 0.8326 0.6440 6.2752 0.2628 5.1477 4.3151 5.1006 4.8674 4.7197
3.5715 4.0941 5.2458 5.8956 2.1925 3.7784 4.9477 0.0098 5.6567 4.2858 5.2147 4.0185 1.9813 3.7507 3.0672 2.6208 3.5460 1.5478 5.8524 0.0099
3.5338 1.2879 0.9851 3.3559 2.4100 2.0678 5.0197 1.2981 2.0360 1.9525 5.7272 4.0940 2.8430 0.4238 3.8330 5.4405 4.9720 4.7058 3.3951 3.3655
2.6496 4.0923 2.5433 0.9082 5.6234 6.2429 5.2141 5.7951 5.7344 4.8268 5.3921 6.0784 3.4784 4.2506 2.9245 3.2661 5.8059 4.7877 6.0049 0.4351
2.0841 0.3970 1.8500 3.2753 4.4147 3.5197 3.9449 3.4107 6.0442 6.0453 5.3312 2.5613 2.5511 5.6160 4.6910 5.2470 4.6428 5.3726 2.4454 1.3382
2.2247 3.6176 2.1565 3.9824 4.3415 3.8763 3.3340 1.1301 0.0989 0.7285 5.9451 3.7753 2.4401 4.4633 3.7619 2.5122 3.9538 3.0102 3.9466 3.3450
1.6663 2.0976 2.9694 0.0600 5.4579 4.2338 4.0257 4.9981 5.1682 1.7862 1.4532 0.7924 1.5846 1.3340 1.3715 5.8563 4.7569 4.6126 3.6014 3.0523
1.3507 4.6512 1.5522 1.2175 1.5002 2.3390 3.6853 4.5189 5.2827 4.8147 2.0578 4.4342 4.3781 3.5020 2.7156 1.4017 4.1595 4.1011 2.8444 0.4901
2.9579 3.4272 2.3466 2.6383 2.3051 4.1283 1.3667 1.9866 1.6829 2.6878 2.4798 1.9571 3.9935 1.7154 3.3746 3.7200 0.9558 2.2336 2.7024 2.7246
0.7078 0.4681 1.7973 1.2148 1.4716 0.5409 5.5156 0.1316 0.3938 5.9031 3.4776 4.5424 5.0000 4.7656 3.9406 1.7394 2.2055 4.3380 4.1861 0.0795
0.6038 4.5326 4.6303 4.7700 5.7856 4.7144 5.1564 4.7685 5.2578 3.7494 3.9979 0.1165 5.6422 2.4023 3.8434 3.5430 1.9867 2.2195 2.8281 3.1566
1.1416 0.2592 6.2014 0.1355 0.0932 1.0971 5.9175 5.8105 1.0387 1.0910 0.5017 5.7769 5.2975 5.4222 4.8299 6.2398 4.0550 4.9715 5.7932 5.8432
2.1414 1.1516 4.1748 3.6138 4.2654 4.0255 5.3472 0.0676 1.2239 0.7337 1.3023 5.8726 5.0558 2.7043 3.2107 2.8444 4.3191 0.9325 6.2493 0.6905
2.0755 1.5968 0.6524 0.6481 1.5853 6.2700 0.4407 4.8086 3.0007 3.3129 2.5850 3.2795 2.1821 0.6236 1.3817 6.0968 5.7048 2.8138 6.0866 3.7876
