0 5
0 6
0 7
0 8
0 11
0 15
0 16
0 18
1 6
1 9
1 10
1 18
2 8
2 9
2 10
2 21
2 23
3 24
4 20
4 21
4 22
4 23
4 24
4 25
4 26
4 27
4 28
4 29
5 19
5 20
5 21
5 22
5 23
5 25
5 26
5 27
6 20
6 21
6 25
6 26
6 27
6 43
6 49
7 20
7 21
7 22
7 23
7 24
7 25
8 7
8 8
8 16
8 20
8 21
8 22
8 23
8 39
8 40
9 7
9 8
9 21
9 22
9 23
9 24
9 38
9 39
9 40
9 43
10 33
10 38
10 39
10 40
11 8
11 9
11 37
11 38
11 39
12 10
12 26
12 37
12 38
12 39
13 5
13 38
13 46
14 5
14 6
14 46
15 6
15 19
15 29
15 38
15 39
16 21
16 30
17 2
17 3
17 10
17 11
17 12
17 13
17 29
17 30
17 32
17 39
17 40
18 8
18 30
18 38
18 39
18 40
19 28
19 29
19 30
19 31
19 39
20 27
20 28
20 29
20 30
20 31
20 37
20 38
21 7
21 27
21 28
21 29
21 30
21 31
21 34
22 15
22 18
22 26
22 28
22 29
22 31
22 32
22 34
22 35
23 13
23 14
23 15
23 18
23 19
23 30
24 14
24 18
24 19
25 0
25 14
25 18
25 19
26 0
26 6
26 18
26 19
26 30
27 18
27 19
27 45
28 3
28 25
28 37
28 38
28 45
28 46
29 45
30 11
30 36
30 37
31 10
31 30
31 31
31 32
31 36
31 37
32 2
32 3
32 32
32 35
32 36
32 37
33 0
33 1
33 2
33 3
33 4
33 49
34 0
34 1
34 2
34 3
34 11
34 29
34 34
34 47
34 48
34 49
35 0
35 2
35 3
35 47
35 48
35 49
36 0
36 1
36 2
36 46
36 47
36 48
36 49
37 0
37 1
37 2
37 49
38 49
40 10
40 27
41 4
41 5
41 27
41 35
42 5
42 8
42 37
43 5
43 9
43 10
43 11
43 24
43 49
44 11
44 30
44 36
45 11
45 19
45 20
46 17
46 18
46 23
46 27
47 17
47 22
47 23
48 5
48 6
48 7
48 23
48 38
49 2
49 4
49 5
49 6
49 7
49 15
49 16
