0 2
0 3
0 14
0 17
0 18
0 35
0 47
1 14
1 17
1 35
2 35
3 20
3 38
4 38
6 9
7 0
7 9
8 32
8 33
9 15
9 16
10 5
10 17
10 18
10 33
11 11
11 29
11 30
11 47
11 48
12 2
12 26
12 28
12 29
12 30
12 31
12 47
13 27
13 28
13 29
13 31
14 5
14 6
14 21
14 27
14 28
14 29
14 30
15 20
15 33
16 9
16 12
16 19
16 20
16 33
16 38
17 9
17 10
17 11
17 12
18 5
18 9
18 11
18 16
18 28
18 40
19 24
19 46
19 47
19 48
20 3
20 4
20 6
20 7
20 8
20 20
20 31
20 47
20 48
21 25
21 45
22 6
22 25
22 32
22 41
22 45
22 46
23 41
23 45
24 0
24 7
24 8
25 0
25 49
26 0
26 1
26 2
26 49
27 0
27 1
27 2
27 15
27 27
28 0
28 1
28 2
28 3
28 6
28 17
28 22
28 41
28 45
28 49
29 0
29 1
29 2
29 3
29 6
29 7
29 22
29 45
29 47
30 0
30 1
30 2
30 3
30 4
30 5
30 6
30 7
30 8
30 32
30 43
30 44
30 45
30 47
31 1
31 2
31 3
31 4
31 5
31 6
31 7
31 8
31 9
32 0
32 1
32 2
32 7
32 8
32 12
32 17
32 49
33 0
33 1
33 2
33 17
33 30
33 49
34 0
34 1
34 2
34 14
34 15
34 36
34 37
34 49
35 0
35 1
35 13
35 14
35 15
35 28
35 34
35 37
35 49
36 0
36 1
36 14
36 47
37 7
37 8
37 13
37 23
38 10
39 23
39 24
39 31
39 32
39 40
40 3
40 4
40 10
40 11
40 12
40 13
40 14
40 15
40 20
40 21
40 22
40 23
40 24
40 25
40 33
40 36
41 12
41 13
41 20
41 23
41 24
41 25
41 26
41 27
41 28
42 22
42 23
42 24
42 25
42 26
42 27
42 28
42 29
42 31
42 44
43 22
43 25
43 26
43 28
43 29
43 44
44 24
44 25
44 26
44 27
44 28
44 32
44 34
44 36
44 44
45 16
45 24
45 25
45 26
45 27
45 45
46 26
46 27
46 34
46 43
46 44
47 16
47 23
47 48
48 8
48 15
48 16
48 17
48 27
48 34
48 38
48 48
49 1
49 2
49 3
49 8
49 15
49 16
49 17
49 26
49 27
49 34
