0 33
0 34
0 38
0 39
0 40
0 41
0 42
0 43
1 12
1 40
2 20
2 26
3 10
4 10
4 25
5 6
5 7
5 10
5 32
5 33
5 45
6 6
6 23
6 24
6 25
6 32
6 33
7 7
7 11
7 23
7 24
7 25
7 32
7 33
7 34
7 35
7 39
8 15
8 32
8 33
8 34
8 35
8 38
8 39
8 40
8 41
8 42
8 43
8 45
8 46
9 29
9 32
9 33
9 34
9 35
9 36
9 37
9 38
9 39
9 40
9 41
9 42
9 43
9 44
9 45
10 0
10 1
10 2
10 6
10 14
10 20
10 30
10 31
10 32
10 33
10 34
10 35
10 36
10 37
10 38
10 39
10 42
10 44
10 45
11 2
11 6
11 13
11 14
11 15
11 20
11 21
11 29
11 30
11 31
11 32
11 33
11 34
11 35
11 36
11 37
11 38
11 44
11 45
12 5
12 13
12 14
12 31
12 32
12 33
12 34
12 35
12 36
12 37
12 38
12 41
12 42
13 13
13 14
13 25
13 30
13 31
13 32
13 33
13 34
13 35
13 36
13 37
13 38
13 39
13 40
13 41
13 42
14 13
14 14
14 15
14 25
14 28
14 29
14 30
14 31
14 32
14 33
14 34
14 35
14 36
14 37
14 38
14 40
14 41
14 42
15 0
15 14
15 25
15 30
15 31
15 32
15 33
15 34
15 40
15 41
15 42
16 0
16 13
16 14
16 15
16 34
16 41
16 42
16 43
16 46
16 47
17 3
17 9
17 13
17 14
17 42
18 3
18 4
18 14
18 25
18 26
19 13
19 14
19 26
19 40
19 41
19 45
20 7
20 11
20 12
20 13
20 14
21 11
21 12
21 13
21 14
21 20
21 23
22 11
22 12
22 20
22 33
22 34
22 35
22 41
22 48
23 2
23 3
23 5
23 6
23 7
23 11
23 12
23 20
23 33
23 34
23 40
23 41
24 1
24 2
24 3
24 4
24 5
24 6
24 7
24 8
24 9
24 10
24 39
24 40
24 41
24 45
25 2
25 3
25 4
25 5
25 6
25 7
25 8
25 9
25 10
25 39
26 2
26 3
26 4
26 5
26 6
26 7
26 8
26 9
26 10
26 12
26 14
26 41
26 42
26 46
27 8
27 9
27 10
27 42
28 17
29 6
29 26
29 45
30 12
30 20
30 22
30 23
30 24
30 25
31 12
31 20
31 21
31 22
31 23
31 25
32 20
32 22
32 23
33 23
33 40
34 7
34 8
34 29
35 8
35 9
35 37
35 49
36 35
36 37
36 38
37 37
38 8
38 9
39 8
39 9
39 20
39 21
39 37
40 26
41 4
41 5
41 6
41 7
41 24
41 25
41 26
41 27
41 36
41 37
42 4
42 5
42 6
42 7
42 8
42 9
42 10
42 26
42 27
42 33
42 41
43 6
43 8
43 49
44 6
44 18
45 18
45 49
46 20
46 21
46 28
46 37
47 0
47 1
47 27
47 28
48 30
48 49
