0 3
0 19
0 20
0 21
0 22
0 27
1 2
1 3
1 19
1 21
1 27
2 5
2 18
2 19
2 20
2 21
2 27
2 28
2 29
2 31
2 48
3 2
3 3
3 4
3 5
3 16
3 17
3 18
3 19
3 20
3 21
3 28
3 38
4 2
4 3
4 14
4 17
4 18
4 19
4 39
4 48
5 2
5 19
5 24
5 27
5 31
6 2
6 27
6 37
8 11
9 14
9 28
9 30
9 37
9 45
10 1
10 3
10 4
10 28
10 29
10 33
10 35
10 37
10 45
10 46
10 47
10 48
11 1
11 2
11 3
11 13
11 28
11 29
11 35
11 36
11 37
11 38
11 43
11 44
11 45
11 46
11 47
11 48
12 3
12 4
12 6
12 7
12 13
12 23
12 27
12 29
12 38
12 43
12 44
13 2
13 3
13 4
13 6
13 7
13 8
13 9
13 10
13 27
13 34
14 2
14 3
14 4
14 5
14 6
14 7
14 8
14 9
14 10
14 34
14 35
15 5
15 6
15 7
15 8
15 9
15 10
15 25
15 34
16 6
16 7
16 8
16 9
16 10
16 11
16 28
16 32
17 6
17 7
17 8
17 9
17 10
17 11
17 15
17 45
18 8
18 9
18 11
18 12
18 13
18 26
19 7
19 8
19 19
19 21
20 5
20 7
20 8
20 9
20 35
21 7
21 8
21 34
21 39
21 43
21 44
22 6
22 7
22 17
22 35
22 42
22 43
23 1
23 35
24 1
24 5
24 49
25 1
25 25
25 48
25 49
26 12
26 13
26 17
27 9
27 10
27 12
27 19
28 8
28 9
28 10
29 8
29 9
30 8
31 17
31 18
31 25
31 49
32 22
32 24
33 14
33 23
33 24
34 14
34 15
34 16
34 23
34 24
34 25
34 40
34 46
35 16
35 26
35 32
35 49
36 2
36 3
36 4
36 5
36 29
36 49
37 2
37 3
37 4
37 5
37 10
38 3
38 4
38 25
39 3
39 4
40 3
40 4
40 5
40 28
41 3
41 4
41 5
42 1
42 2
42 3
42 4
42 5
42 8
42 11
42 12
43 3
43 4
43 5
43 6
44 4
44 5
44 19
44 20
44 29
44 30
45 4
45 5
45 6
45 19
46 4
46 5
46 6
46 8
46 27
46 48
47 5
47 6
47 7
47 8
47 10
47 11
47 12
47 28
48 33
48 34
49 20
49 22
49 23
49 26
49 27
49 33
