0 11
0 12
0 13
0 26
0 27
0 29
0 38
1 8
1 11
1 29
2 10
2 11
2 21
3 10
3 18
3 24
3 32
5 3
5 4
5 5
5 25
5 26
5 32
6 4
6 5
6 26
6 32
6 33
6 43
7 31
8 47
9 2
9 14
9 15
9 45
10 13
10 14
10 15
10 27
10 33
10 34
10 35
11 12
11 14
11 33
11 35
11 39
12 12
12 13
12 35
12 39
12 49
13 4
13 35
13 45
13 49
14 11
14 12
14 13
14 27
14 38
14 49
15 13
15 27
15 49
16 8
16 33
16 42
17 40
18 40
18 45
19 27
19 28
20 0
20 7
20 8
20 9
20 10
20 22
21 7
21 8
21 11
22 3
22 33
23 20
23 37
23 45
24 37
25 27
26 14
26 32
27 3
27 4
29 3
29 4
30 10
30 23
31 1
31 23
31 24
31 38
32 20
33 20
33 21
33 32
34 0
34 8
34 9
35 3
35 7
35 8
35 9
36 6
36 7
36 8
36 21
36 22
36 36
36 43
37 21
37 22
38 21
38 22
39 5
39 6
39 40
40 21
40 37
40 41
40 42
40 43
40 44
41 39
41 40
41 41
41 42
41 43
42 39
42 40
42 41
42 42
42 46
43 39
43 40
43 41
43 42
43 44
44 3
44 4
44 5
44 6
44 39
45 6
45 7
46 37
47 43
48 21
48 32
48 43
48 44
48 45
49 34
49 42
49 43
49 44
