0 12
0 20
1 12
1 23
2 4
2 22
2 28
3 0
3 4
3 26
3 28
3 29
3 39
3 41
3 42
4 20
4 23
4 28
4 29
4 37
4 38
4 39
4 40
4 41
4 42
5 2
5 20
5 23
5 24
5 36
5 37
5 38
5 40
5 41
5 42
5 43
6 2
6 6
6 22
6 23
6 24
6 35
6 36
6 38
6 40
6 41
6 42
6 43
7 2
7 15
7 16
7 22
7 24
7 25
7 30
7 36
7 37
7 38
7 40
7 41
7 42
7 43
7 44
8 0
8 1
8 2
8 15
8 34
8 35
8 36
8 37
8 40
8 41
8 42
8 43
9 0
9 9
9 10
9 11
9 21
9 36
9 37
9 40
9 41
9 42
9 49
10 15
10 28
10 33
10 41
10 42
11 13
11 14
11 15
11 28
11 38
11 41
11 42
11 43
11 44
12 13
12 14
12 15
12 41
12 42
12 43
12 44
13 3
13 7
13 14
13 18
13 41
13 43
13 44
14 21
14 22
14 23
14 24
14 44
14 45
15 0
15 4
15 5
15 35
16 6
16 35
16 40
16 41
17 6
17 19
17 40
18 14
18 19
18 39
18 40
19 10
19 19
19 38
19 39
19 40
20 8
20 12
20 19
20 21
20 27
20 38
21 8
21 15
21 16
21 17
21 31
21 32
21 33
21 38
21 39
21 41
22 14
22 15
22 16
22 17
22 32
22 36
23 15
23 17
24 7
25 24
26 13
26 27
26 34
27 26
27 31
27 32
28 11
28 36
29 7
29 8
29 14
29 17
29 32
29 36
29 43
29 45
30 3
30 17
30 18
30 21
30 32
30 33
30 36
30 40
31 0
31 14
31 17
31 33
31 36
31 40
33 12
33 33
33 46
34 9
34 12
34 44
35 9
35 10
35 13
35 35
35 44
36 9
36 34
36 35
37 9
37 15
38 27
38 32
39 3
39 4
39 8
40 3
41 16
41 22
41 32
42 1
42 7
42 26
42 32
43 1
43 25
43 26
43 29
43 31
43 32
43 47
43 48
43 49
44 11
44 12
44 25
44 28
44 29
44 30
44 31
44 47
44 48
45 30
45 47
45 48
46 3
46 4
46 33
46 34
46 35
47 4
47 35
47 36
48 27
48 36
48 37
49 3
49 4
49 8
49 26
49 36
49 43
