0 29
0 33
0 48
1 9
1 17
1 28
1 29
2 7
2 8
2 9
2 17
2 21
3 9
3 26
3 40
3 46
4 9
4 27
5 17
5 19
6 2
6 17
6 23
6 24
6 25
7 23
7 24
7 25
7 46
7 48
8 0
8 24
8 25
9 6
9 24
9 25
9 28
10 5
10 6
10 7
10 26
10 27
10 36
11 5
11 25
11 29
12 22
13 12
13 30
13 44
13 45
14 35
14 42
14 43
14 44
14 45
15 42
15 43
15 44
15 45
15 46
16 41
16 42
16 43
16 44
16 45
16 46
17 19
17 40
17 41
17 42
17 43
17 44
17 45
18 19
18 40
18 41
18 42
18 43
18 44
18 46
19 41
20 12
20 14
20 41
21 20
21 26
21 27
21 38
21 46
23 16
24 36
24 37
24 41
24 44
24 45
25 45
26 3
26 7
26 14
26 16
26 17
26 22
26 45
27 3
27 4
27 47
28 7
28 33
29 5
30 1
30 44
31 7
31 28
31 47
31 48
32 1
32 2
32 7
32 45
32 46
32 47
32 48
32 49
33 0
33 1
33 2
33 34
33 46
33 47
33 48
33 49
34 0
34 1
34 34
34 48
35 0
35 1
35 13
35 31
36 7
36 30
37 34
38 1
38 22
38 33
38 34
39 33
39 34
39 36
39 37
39 41
40 16
40 22
40 32
40 33
40 34
41 33
42 7
42 45
43 22
43 23
43 25
43 26
43 43
43 44
43 45
44 22
44 28
44 45
45 4
45 7
45 20
45 21
45 22
45 25
46 25
46 29
47 25
47 26
47 36
47 47
48 7
49 5
49 36
49 45
