5.6995 5.5306 1.3942 2.3048 2.1364 2.9802 2.4277 3.4242 2.6630 3.9655 3.4721 4.2915 3.3456 5.0557 4.6424 4.8567 4.8431 6.1275 5.8867 5.6882
4.2173 1.9245 1.2289 1.3471 1.7827 0.6418 0.8880 0.7980 2.4732 2.0432 2.4871 2.3539 3.4345 3.3118 4.1052 2.6585 4.2591 3.6583 4.9057 2.5194
4.9457 6.0931 0.7771 2.4258 2.0046 2.4785 1.6829 2.1997 2.5263 2.9454 3.6780 3.5687 3.0991 4.7590 4.2318 5.2101 4.3381 5.4690 5.1372 5.3261
5.1242 0.1259 6.2642 0.1749 0.6284 0.2828 1.4632 5.6240 5.7076 6.2351 3.7899 6.2419 1.3813 0.8911 3.3859 2.4408 2.9081 1.5385 5.6574 0.2668
3.6507 3.0293 1.3031 1.7501 1.5334 2.2071 1.9731 2.6766 4.4895 3.6092 4.2686 2.9938 1.9938 3.6617 3.3390 5.7847 5.3830 5.4426 5.1896 3.6996
4.6159 4.6733 0.0669 1.2710 0.8085 1.0044 0.9552 0.5526 5.4514 6.0084 5.4265 5.8333 1.4201 0.7257 1.6346 1.6751 0.0909 0.4143 6.1801 0.9340
5.0424 0.2994 6.1268 5.2382 0.4431 4.4459 4.9978 3.9340 4.1527 3.5040 5.2849 2.1601 1.3646 3.1222 0.3838 4.3148 5.4190 4.1102 4.9047 4.3666
4.7782 4.8761 6.1791 0.2022 1.0721 0.5620 5.9561 0.2063 5.1665 6.0227 5.9948 5.8671 1.1744 0.6878 5.9130 0.3127 5.4776 0.3849 5.9372 6.0023
3.8083 0.3249 0.4319 2.2327 1.8817 1.8471 2.8159 3.4438 2.2380 2.6185 1.5466 2.0248 0.6140 5.1049 4.9868 3.9753 4.5874 4.1047 3.7705 4.1692
2.9687 3.3879 5.2765 5.1434 5.4394 4.9703 3.3551 1.0399 1.3859 0.7849 0.9431 0.3584 1.1782 0.8349 0.5017 0.5909 5.7258 0.3519 4.4418 3.3324
3.6265 6.1225 5.2288 0.3605 0.3525 1.0110 1.9841 3.7336 2.6712 3.3248 3.0002 2.6616 2.3596 3.6398 4.2790 4.7569 4.5704 4.8073 5.1118 4.9178
4.0182 3.4522 4.8432 5.5268 5.8379 0.4009 2.0557 1.3043 2.6086 0.0942 4.1221 5.2874 4.5158 5.5817 4.9291 4.0905 4.7571 4.9127 4.7489 3.2246
4.7995 5.5643 4.3081 4.5754 5.1945 3.7728 3.3749 3.4065 2.9645 3.1746 3.7516 3.0661 4.0162 2.8669 2.1688 1.5308 6.0865 6.2641 5.5986 5.0970
2.6675 3.0595 3.1730 0.9211 0.2644 0.4670 1.2831 0.9115 2.5354 4.4629 4.7662 5.7339 3.9519 3.1973 3.2810 3.7597 4.4526 3.9991 2.6213 2.7280
2.5578 5.5021 3.8665 4.2368 4.4608 3.4964 2.1216 3.2138 2.5394 3.1728 2.9966 3.0872 4.5305 5.6098 3.8354 5.9045 6.1910 6.0969 2.1777 2.9302
1.8348 2.9077 3.2440 2.2146 4.6592 0.1545 1.2258 0.7028 1.6716 1.4079 2.5885 2.5241 4.0040 2.7774 3.3676 2.6630 3.5735 2.3955 2.1555 2.3635
0.3095 5.8936 5.8513 5.1524 4.7089 3.6514 3.2625 2.6568 2.1977 4.5010 3.4018 4.2856 3.5562 5.3447 4.3698 5.0467 4.2591 4.7597 1.5712 5.8880
6.0062 1.8773 0.8259 6.2372 0.1144 0.2709 2.6342 0.6992 2.0078 1.9030 3.0606 1.6090 2.9650 2.5632 3.3379 2.9531 3.8176 1.5393 0.8491 1.5699
5.4141 5.4940 0.7154 1.5596 1.0912 2.1972 1.3930 3.7837 2.7460 3.6101 3.6023 4.1413 3.7119 5.3219 3.9503 4.4120 4.5186 5.1666 6.0464 5.5572
1.3567 1.0908 0.5491 0.6469 0.8586 0.5596 1.8549 0.9520 1.8602 1.6034 2.5716 1.7206 3.1238 2.6188 3.6751 2.4346 3.9573 2.8410 1.1869 1.5755
