3.6213 1.5094 2.2619 1.6876 2.7936 3.0724 0.1944 2.4709 3.0005 2.7224 4.3375 2.9211 4.2512 1.9156 3.0254 1.8588 2.8790 4.8070 4.3179 4.1342
2.6337 3.6677 3.0015 3.4995 3.0287 5.2020 5.7587 0.1262 5.8095 6.0737 5.6942 5.6651 4.7220 4.3394 4.3479 4.2799 3.2360 1.9537 2.8255 1.7250
1.8113 0.4336 1.7092 1.3725 2.8704 3.1921 4.2328 3.6406 4.7097 3.6667 4.9690 5.1301 5.1332 3.8530 4.4790 3.3711 2.8220 4.3982 3.1249 4.7734
1.7768 2.6900 2.4537 2.7076 2.3317 0.4360 5.3461 6.1736 5.6618 0.2658 0.2795 0.3394 0.5792 0.5380 0.2292 0.6720 0.8554 0.1772 1.5105 1.2767
0.2627 4.9328 4.6770 5.2637 4.2847 4.3469 4.9393 4.3624 5.6623 4.6407 5.0570 4.5064 0.7223 4.8320 5.8924 5.3063 0.6693 0.2238 1.4976 3.1351
0.7201 1.5726 6.0962 0.9222 5.5763 0.5344 6.0094 0.8867 6.0773 2.3132 0.8317 1.5668 1.2297 2.0363 0.3402 2.0673 1.4261 3.3042 0.9947 1.0377
0.1773 5.7758 6.2760 4.5073 4.5400 4.7236 5.8539 5.4517 5.8134 5.6035 0.4944 5.1671 4.9036 5.3703 0.8874 5.8764 0.7274 5.8064 0.3024 5.9028
0.4045 1.2038 6.1179 0.6122 5.8407 5.4105 5.7885 0.8194 0.9989 0.8640 0.9295 2.3045 3.6548 2.3856 2.2870 2.4111 1.6259 2.1509 1.3652 1.3055
0.2184 5.9220 6.1447 4.4729 5.7217 6.0513 5.8084 4.9969 0.1223 5.4929 0.3547 5.3294 4.2439 4.4938 3.4615 4.5577 0.6460 5.2519 4.9196 4.5893
0.2241 2.1089 1.5916 0.5798 0.2106 2.0640 0.2393 1.1605 2.4873 1.9221 1.4497 1.8063 1.7459 1.2488 2.0581 1.5875 1.5524 1.0346 0.0668 0.9003
5.8956 5.5639 0.2122 4.8428 5.7166 5.7172 0.0071 4.5196 3.9340 3.9132 2.0384 2.5000 1.8699 3.3499 2.6300 2.4795 1.8273 4.0967 0.2813 5.1117
6.0056 1.0836 0.3622 2.0986 0.3482 2.3801 6.2806 0.3179 5.0378 0.8590 2.1392 0.7986 1.5473 0.9008 1.7595 0.7422 1.2576 0.1999 6.1556 0.4896
5.2663 5.1606 5.6724 5.8612 5.6418 5.1069 5.9093 4.1151 4.9138 3.0461 2.8656 3.5732 3.3652 4.0486 3.0856 3.2955 1.9999 3.2983 4.6808 3.9570
0.4403 1.1791 5.8206 0.6030 5.4825 0.7221 0.3004 0.3741 0.4220 1.2507 1.7443 1.5488 2.3592 1.2512 1.1859 0.4371 0.9772 0.4055 6.1435 0.2230
0.7008 5.6706 5.5257 5.4695 4.6269 4.9304 0.2114 1.1238 0.6881 4.2638 5.1622 3.5615 2.4164 2.7693 2.2722 2.4707 1.6355 2.3798 1.8807 1.4611
1.4233 2.4645 5.2898 3.0177 2.8345 2.4145 4.2483 5.1540 0.1285 0.2908 5.1740 0.4131 1.2780 0.7329 1.1396 0.6451 0.7727 5.3294 0.6456 0.7759
1.6719 0.8280 0.4991 0.1768 4.7285 4.5563 4.8506 0.4298 0.9750 2.7391 4.7823 4.2145 3.5715 3.5633 2.8271 2.9524 2.4443 1.5549 1.2798 3.0985
2.2053 3.7567 2.8729 3.5809 5.1899 5.4484 4.4510 4.8307 1.3112 0.1046 6.0261 0.6730 2.1996 1.3770 2.6439 1.4061 2.9135 2.5129 2.1883 1.2081
2.3008 1.1162 1.7166 0.5360 4.4788 2.9828 3.4938 2.0047 1.9101 3.4689 4.9781 3.1096 3.8421 4.2264 3.4003 3.2699 3.1586 3.5690 3.2521 4.0615
3.0926 3.7558 2.9586 3.6786 4.2402 5.3842 4.1524 5.3742 1.4508 5.4818 3.8226 4.9997 4.8867 4.0787 3.6890 4.1989 2.9155 2.1249 3.2898 2.3357
