2.3751 2.6570 3.5323 2.6552 2.0546 1.2487 2.5430 2.5500 2.7754 2.9867 3.0849 2.1269 3.8289 3.5221 3.5958 3.8822 4.4879 3.7630 4.9295 3.7523
5.0714 5.0566 4.2067 4.9534 5.4524 4.8681 3.9673 4.4912 4.4452 4.9390 3.5200 4.5068 5.1500 5.3586 6.0496 5.8720 5.5239 5.5747 5.4487 6.0613
5.0385 2.8758 3.2481 3.0241 3.5444 2.0342 2.9407 2.2656 3.5523 1.9450 2.9145 1.7333 4.5481 2.9032 5.1655 4.1369 4.7915 3.5512 4.7200 4.5526
5.6147 4.9852 4.4028 5.5208 5.1879 5.6015 3.8234 4.3488 3.6154 4.2784 4.6103 5.4299 5.0002 4.4614 5.0044 0.1330 5.2627 0.0121 5.4790 0.3588
5.2613 6.1538 4.6838 4.5984 5.5808 3.6081 2.4237 2.6293 1.3755 1.0729 5.8761 1.6899 5.9181 0.5810 5.6537 3.9498 5.1205 4.2973 5.5825 3.0978
5.3336 4.3259 5.0238 0.1339 6.0312 0.2911 0.7413 5.9502 0.5602 5.0302 5.8364 5.0310 5.3329 5.5589 5.8427 5.8478 5.4256 0.6800 6.1768 0.8864
5.0660 3.3475 5.2029 4.1346 5.2223 3.3571 1.1573 2.5787 2.6056 2.2856 0.3736 0.7043 5.8551 5.2527 5.0437 4.1130 4.8065 4.7642 5.1681 4.3846
5.1576 0.2878 5.9331 1.2356 0.2761 6.0211 0.4987 6.0525 0.2552 6.1878 5.4923 0.5043 0.2772 1.1689 0.0710 0.4463 0.0543 0.1518 5.0305 0.6680
4.8678 4.4595 5.8852 4.9443 6.0079 3.6518 4.5739 3.8536 5.0003 3.6876 4.7550 4.5388 5.1673 4.1084 4.8052 4.2832 5.3603 4.4989 4.9318 4.3758
5.8296 0.7764 6.2052 0.4712 0.6454 0.8555 4.3626 0.6302 6.0413 0.2747 5.2412 6.0297 6.1034 0.7688 5.8551 1.2321 5.4432 1.6716 4.7364 5.7736
5.6385 5.2714 5.7454 4.6417 0.1877 4.9242 4.3970 4.4058 3.8887 3.6604 3.7903 3.6124 5.5889 4.2045 5.0233 4.7861 3.8048 3.9392 3.9761 3.4863
0.1391 0.6443 0.1596 0.5227 1.0117 1.6886 3.0693 3.9008 3.9547 4.3981 4.9572 5.8300 5.7296 6.1396 5.8423 0.7133 2.8105 2.2248 2.6848 0.7940
2.2971 2.4082 0.2455 3.4441 3.5971 4.0950 3.6759 3.9501 3.7468 1.9727 4.3507 3.5817 3.2417 2.9955 4.3592 4.5680 3.2993 4.0538 2.7779 3.4409
1.6748 6.0103 0.4808 5.2565 4.9091 5.7945 3.5223 3.2164 3.3412 3.9796 3.9792 4.1794 3.1375 5.3560 3.9642 2.4029 2.9188 1.3181 1.7053 0.7073
2.6453 1.8352 2.0045 1.6844 2.2729 3.1155 3.4339 2.3173 3.0476 2.8677 2.7293 1.7054 2.9928 2.7237 3.7797 4.1094 3.9616 3.1871 3.4778 3.1210
3.4071 5.2280 3.9206 4.6080 4.2580 5.1789 3.8050 4.7837 3.8676 5.4291 4.4598 4.6260 3.4724 5.6129 4.3366 0.0464 5.1265 5.4858 3.7496 5.4053
3.8576 3.0634 3.3678 2.4286 2.4258 2.3794 3.3909 2.6625 2.9207 3.0320 3.5101 2.6722 2.9486 3.1587 4.1633 3.8177 4.2867 2.5551 3.3417 2.4580
4.9412 4.9154 4.4613 4.7747 3.1605 4.9578 3.1979 6.0267 3.9645 5.5057 5.3040 5.1849 3.5315 5.1839 4.9051 6.0867 5.6533 0.1402 3.9047 4.6319
4.0778 4.5327 4.3936 2.6001 2.7297 2.3204 2.6854 3.2725 2.7019 2.8932 4.6437 3.3996 3.5076 3.9103 3.6559 3.2452 3.9626 3.4856 4.1247 3.8614
2.5161 1.2588 3.6731 3.8601 3.1434 4.7123 1.0396 0.5486 2.1869 4.6954 3.7671 4.0918 2.9984 1.7361 1.9962 0.8296 5.1317 6.1607 5.5852 0.4729
