4.7140 5.0927 5.9830 5.2412 0.8504 1.1799 1.1071 0.6400 1.5566 0.2524 1.6566 0.9838 0.6612 0.1456 5.7621 5.3434 5.4821 4.2864 4.3751 4.2085
2.7972 2.9703 1.3914 1.2492 0.5189 4.8449 4.2445 3.8289 3.2633 3.0625 3.1378 3.6313 4.6071 4.7953 6.1430 1.5644 0.1496 1.1484 1.7197 1.4422
4.3160 0.1834 0.6489 5.8564 6.0622 1.4719 5.2817 0.1377 4.6258 5.5178 4.8092 4.9658 4.6817 0.0894 5.5692 5.8152 6.2605 4.8565 5.8225 4.9497
4.5067 4.4859 5.9710 5.3049 6.1273 4.6964 4.9826 3.4623 3.0668 3.0476 3.5938 4.0030 4.5570 2.9221 0.9008 1.3942 0.4058 1.9109 6.0874 5.5166
4.9719 1.8267 0.6812 1.3072 0.5877 0.9027 5.5779 6.1270 6.2275 0.3838 5.8695 6.1015 5.6628 5.9362 6.0413 0.2915 6.0969 5.5665 5.2715 4.2573
5.7198 5.1111 5.3637 4.2525 0.5484 5.5821 5.7252 4.6488 5.5044 4.6499 5.0693 5.0035 4.7186 3.6084 2.5926 2.4220 0.2942 5.9219 0.0522 1.2655
5.8807 0.3823 5.8884 0.8585 0.5381 0.9518 0.5816 0.9423 0.2874 1.5186 4.3828 4.0255 4.8536 0.3854 1.0215 6.2124 0.0804 5.8776 5.6684 5.5660
5.9834 5.6335 5.4846 4.6123 5.8487 5.3120 5.5789 5.3553 5.3741 4.2092 4.9685 5.8859 4.9293 3.1489 2.1133 2.4813 0.9665 0.1426 6.0696 5.5516
0.6961 1.3584 0.2405 0.8977 0.3139 1.8843 0.1345 6.2658 0.1092 0.5262 6.2173 2.7085 6.2663 0.3606 0.5339 5.3615 2.0064 2.9762 0.9341 1.5533
5.2761 4.8609 5.1004 4.0932 5.2559 4.7184 0.1346 6.1876 5.6787 4.4142 5.4683 5.9625 5.8786 3.7849 1.8431 1.2209 1.4345 0.7268 1.0047 5.1706
2.0123 2.6520 5.5759 1.2793 0.4533 6.1596 1.3057 4.2802 0.2249 0.4142 0.3989 1.0392 0.1734 1.2547 2.7573 1.6872 2.2178 1.4769 1.0356 1.6995
0.0264 5.7160 5.3565 5.4228 0.7240 2.3241 1.7803 1.1746 0.8026 1.3852 0.5430 5.6026 5.5279 4.1696 2.7133 4.7263 3.9474 4.0348 0.5544 0.0457
1.5305 1.6112 1.0008 0.9808 0.9216 0.5926 0.5444 5.1502 0.1979 0.4491 0.2457 1.0466 0.2640 1.3761 2.5414 0.7080 4.9285 6.2624 0.5711 2.7184
1.7312 5.3306 1.6530 4.2305 4.0638 5.0258 5.9268 5.7721 0.6990 4.3726 4.9161 4.6268 5.2750 4.0936 3.9063 3.9512 3.8047 3.3765 0.3350 0.6350
1.8257 2.1264 2.1335 1.5013 1.9346 1.9099 0.7457 1.9460 1.4549 1.1170 5.9577 0.2454 0.0294 0.5981 2.5658 1.0996 0.3074 0.0904 0.3045 2.2018
0.7425 0.3895 0.4064 5.9661 0.9530 0.2323 0.4711 0.1690 5.5563 4.1129 4.9258 5.0601 5.5115 3.8389 3.6875 3.4899 4.5874 5.1859 5.6595 5.3285
0.3152 2.4502 1.8410 2.3104 1.0912 1.6449 0.6756 1.6684 0.7218 0.5170 5.9979 0.7592 5.4077 0.1005 4.2070 4.7168 5.2361 4.1053 5.9052 1.3989
5.8388 6.0880 0.8613 0.2044 0.4991 4.6344 0.5964 4.6315 5.7916 4.5502 6.2022 4.7686 5.7909 4.4891 5.0296 6.1086 5.2675 0.2892 5.8759 6.1214
3.7708 3.5328 0.7621 2.1099 1.6119 0.8324 0.9745 1.1678 0.7879 0.5424 0.8316 0.7162 5.9183 0.4523 5.0262 4.1642 4.3973 3.9685 4.3970 3.8568
4.9417 5.8238 6.2801 0.0610 0.3742 3.5624 1.8367 3.1689 1.8494 2.3956 2.3749 3.8810 5.8903 4.6432 5.2421 0.1472 5.4541 5.5604 5.0078 5.8681
