1.4981 1.2256 1.2321 2.6200 1.0176 1.2758 0.4286 4.6534 4.9325 3.7497 2.8031 2.8232 2.1042 3.0667 3.4512 2.3960 2.5476 1.6025 0.9982 0.9000
3.1961 4.1227 1.7456 6.0521 0.7413 0.6621 1.0611 0.9422 6.0975 0.0878 1.7102 1.6056 2.2260 0.1667 3.9441 4.7103 3.9820 4.2106 4.1690 3.3628
3.3344 0.8936 1.7571 2.3407 0.9083 1.5942 1.7469 3.1503 5.5747 4.1848 4.0003 4.6319 2.4825 4.0425 3.5193 3.2901 3.6870 4.1421 3.5014 5.1152
3.5409 2.5398 0.8725 0.2394 0.9519 5.6929 0.6775 1.5003 1.1075 0.9126 2.2721 0.8667 1.9270 1.6660 3.3676 2.1396 3.1124 2.5244 2.3405 1.8600
3.7632 5.5755 1.1766 2.6157 1.9340 2.3430 1.3961 6.2562 0.5930 5.3128 2.0685 2.2293 2.4448 4.3518 4.0570 3.9122 3.2317 4.0157 3.2688 4.5824
2.9710 2.3347 0.8499 6.1611 2.1419 0.9920 1.4053 1.9031 0.8600 0.9037 1.1460 3.7089 2.8530 1.4132 3.4002 2.0791 2.0038 1.4741 2.7210 2.5849
2.9744 3.2448 2.1844 3.3139 3.2537 3.2979 1.3858 5.2060 1.7714 2.9380 2.0709 2.4529 2.7126 3.7573 3.3307 4.1796 3.2988 3.2001 2.4687 4.1242
1.6918 0.7354 1.1808 0.3540 0.9840 1.3768 1.8082 0.8702 0.4314 0.0398 1.1496 0.5043 2.8075 2.9880 2.1329 0.2522 1.7937 0.4095 1.4460 0.7652
1.8998 3.5285 2.0786 3.7340 3.1754 4.2538 3.1387 3.4490 2.4974 3.0443 2.3826 2.7217 2.0213 1.3846 1.9835 3.5009 2.0815 1.9055 1.3527 1.4316
0.8258 0.2215 0.8490 0.5034 2.6109 0.9521 0.7749 1.2728 2.5852 1.0066 1.5983 1.4779 1.8609 3.2635 2.3607 3.0591 3.0375 5.9898 0.7706 5.7999
1.4269 3.6538 2.0509 3.4123 3.4875 3.8575 1.5057 4.6713 2.6999 2.9809 3.5308 3.9552 2.1098 0.4791 2.8564 1.8730 2.7242 2.3158 1.3668 3.1097
1.9190 1.4846 2.1678 0.2772 1.9684 2.2050 2.7251 3.0329 3.1144 3.8291 3.1477 3.5068 2.7914 3.6567 3.4528 4.3096 2.4662 4.8851 1.5368 0.9159
2.1906 2.7913 2.2547 2.4829 0.9825 1.7697 1.4967 3.1299 1.8189 1.7018 2.6585 0.1942 1.2347 0.8476 1.6737 1.7062 2.4566 1.8418 1.4300 3.3847
0.9057 1.6630 0.3673 5.3280 5.9187 0.1891 1.2177 0.3859 1.6209 2.7613 2.1964 3.0885 2.6451 1.8038 1.9756 3.6979 3.2354 3.6601 1.3213 0.1405
0.5687 0.2442 0.3854 0.9775 0.7417 1.3352 1.2474 2.8091 1.6390 1.2094 1.3472 0.0173 2.9266 1.5149 1.6088 1.3478 3.1858 1.9034 1.6858 1.5076
6.1573 5.1418 5.8364 4.9971 5.2104 4.7687 0.1348 0.4638 0.1835 0.8767 1.0814 2.5670 3.0474 3.6325 2.8367 4.0843 4.1695 5.3583 0.2674 5.9911
0.6208 2.4313 0.3657 0.5998 0.8317 0.7817 0.0369 0.3283 0.2313 4.8431 1.3432 4.3503 2.9795 0.4591 2.0515 2.6679 3.0783 2.4045 2.0402 1.1528
5.2886 5.1840 5.3442 3.8140 5.4092 4.6531 0.6188 1.6238 0.6061 0.9774 2.1759 1.7176 2.7434 3.8750 2.5628 5.4973 4.3879 4.6933 3.3010 4.2404
0.3103 1.0018 0.3823 0.1150 6.0577 0.6922 0.2794 5.6276 0.0982 4.5707 2.4385 3.5635 2.7507 2.0310 3.1630 2.5899 4.3584 1.8650 3.3694 0.7376
6.0598 4.9969 6.1171 5.9196 6.0157 5.2782 0.3814 1.3693 0.8682 0.6723 2.0810 1.2696 2.6289 5.3009 3.9037 4.7513 4.5698 4.2989 4.0704 4.1870
