0.2318 1.3949 5.7584 0.6277 4.0859 4.8192 4.1813 4.4268 4.0301 4.1397 3.8571 4.3453 0.1591 0.4780 0.5796 1.3335 0.9832 1.5465 0.0965 0.6159
0.4281 5.7424 0.2330 5.4646 4.7825 4.2293 4.3438 4.4899 5.1401 5.0720 4.6855 6.1573 6.1247 5.9671 0.4339 5.5042 0.2552 5.9389 5.7330 5.6619
0.6710 1.8408 1.0853 1.7415 2.3298 2.4692 2.1644 1.9135 5.3267 3.3988 5.0018 3.4079 5.8586 5.7158 1.1555 1.3508 0.2838 6.0127 0.2137 0.9886
5.3905 5.5384 1.6301 3.2142 1.5116 0.5744 0.8545 5.4746 0.2895 0.4023 0.2579 0.7225 2.1226 1.7217 2.3934 3.2808 4.0674 3.8140 5.1513 4.7515
2.9942 2.2643 0.7064 1.0639 1.3557 1.4246 1.5453 2.5762 5.1347 5.0960 5.2581 2.9293 3.3734 2.6102 3.1211 5.3381 4.5945 5.4376 4.3537 0.4197
3.3457 0.5196 0.1055 0.8725 6.2223 5.1914 5.8920 5.6993 0.2890 0.1448 5.9911 5.8578 4.2230 4.2006 3.5518 4.5036 4.1984 4.1704 4.2926 3.2121
3.7741 3.9478 5.7142 5.4767 0.3572 1.1756 6.2803 2.4468 0.8228 1.8506 0.7584 3.2410 3.5500 2.1986 3.2946 2.3611 3.4275 2.6804 3.5548 4.8033
2.7986 1.9430 0.7195 0.7585 6.1339 5.7331 0.0549 5.5463 5.9490 5.5640 0.0084 0.2557 4.0205 5.3942 3.5424 4.5260 4.3196 5.4326 3.4749 2.4021
3.2828 4.4752 2.0055 2.0019 1.5728 2.3792 0.5654 2.6390 0.4683 1.6775 2.0262 1.9446 2.4141 2.0558 2.8056 1.2491 3.6198 2.2725 3.4547 3.7279
2.1639 1.5437 1.8131 0.8567 1.5155 5.8264 0.4473 6.2504 0.0787 5.5358 3.6076 5.5606 3.2736 3.7819 3.4311 5.0269 3.4923 3.9949 3.5534 0.0207
2.4800 4.0452 2.2786 3.3725 1.8876 2.7085 1.7384 2.6006 1.4686 2.2926 2.9227 3.2806 3.0338 2.2569 2.1235 1.8532 2.2617 1.2047 3.3532 2.7647
0.4942 0.9846 1.9790 1.4503 2.3165 0.7460 1.0833 0.2840 1.0449 0.9788 1.7740 0.5327 3.7036 5.3982 4.4474 4.5752 3.4909 3.9988 3.8428 5.1584
1.4886 3.3886 2.9823 3.3195 3.0507 4.0363 4.9697 3.0438 2.1246 3.3134 2.5481 2.7806 3.1393 2.8339 3.1432 3.6761 3.7035 2.3093 2.2739 1.9372
1.3662 5.8844 1.2595 1.0247 1.9434 1.5364 5.3710 0.9400 1.1804 0.6477 1.2898 1.4703 1.0307 0.3574 0.7138 6.2581 5.2358 5.4731 1.5040 1.1306
1.3787 2.2823 1.8205 3.9249 2.6202 5.9831 5.4014 4.6251 2.0132 2.7527 1.4318 0.8535 1.2394 1.7103 1.7017 1.5683 1.9355 1.3377 1.5899 1.7810
0.6001 6.1086 1.2305 1.6340 1.9546 1.7880 0.0513 0.2687 1.4449 1.5592 1.8639 2.5532 1.1692 5.7834 5.9676 5.6990 1.7644 2.6334 1.4690 0.4355
0.8988 1.9179 2.1625 0.6362 5.3993 4.8966 5.0671 4.7478 1.1219 1.4681 0.9921 5.4634 1.3306 2.0280 1.2701 1.2455 1.1368 0.4406 0.5706 1.2106
6.2702 5.6462 5.0735 4.1287 5.7244 0.5966 5.5994 0.8820 0.8580 1.6707 1.0190 1.5551 0.5193 6.1554 5.8669 6.2287 5.8634 5.4062 5.6712 4.9888
1.7967 2.9772 4.6618 6.0777 5.6625 5.1535 5.4943 5.4945 4.9127 5.7019 1.2711 5.3253 5.6096 3.5473 4.3107 4.0135 0.1784 1.8947 0.5387 1.5125
5.5366 6.1349 5.7054 3.6675 3.8576 3.2248 3.4217 2.8040 3.1951 2.5397 1.9165 1.9205 0.0201 5.3602 4.5058 5.7816 5.5717 5.5735 5.7728 5.0720
