2.1607 2.4761 2.0440 1.2754 0.8323 1.0689 0.1507 4.5304 5.9356 2.1286 1.1861 4.7484 5.5542 4.7555 5.4171 4.0754 0.0312 1.0723 3.3392 2.2414
2.6179 4.0705 2.9842 3.6098 1.9967 1.7968 0.6283 1.2885 5.0101 5.8795 1.6776 0.8245 5.7384 5.1673 5.4948 0.0371 6.0648 4.5371 3.0417 3.3275
1.0871 0.9696 1.4013 0.9521 0.6033 4.7873 6.1413 4.9308 4.9394 3.3765 3.2816 2.8750 2.6114 3.4292 2.9597 3.1125 1.4686 0.9063 2.2452 0.2149
1.8211 1.8570 0.6401 1.9092 0.4933 0.5510 5.2347 0.3466 5.7315 0.6862 2.2021 5.7516 1.0003 1.1077 2.5862 0.5922 1.9394 3.0494 2.3400 3.1482
1.5928 0.0130 0.6576 5.6570 5.9518 4.5914 4.8493 3.9957 3.8828 3.4889 3.2909 1.7961 1.9861 2.9551 2.8800 3.5163 2.8006 0.8926 1.4518 0.5503
2.7287 2.6896 1.3436 1.6446 0.1537 1.2740 5.9472 0.1681 4.3932 3.1870 3.8053 4.0681 3.6539 5.7424 2.5432 1.8256 3.2762 4.0229 2.0903 2.9404
0.6274 6.0932 0.0675 6.2063 6.2434 4.3120 4.3299 3.8483 5.2686 0.7343 3.2923 2.4798 2.4171 2.7480 2.8071 2.2747 2.8896 2.0323 2.0235 0.1410
0.8535 2.4078 0.3586 1.1713 0.3902 0.7141 3.8020 4.5229 4.7760 3.0443 3.4952 4.0751 4.3157 4.1955 3.1584 3.2633 3.1557 3.7299 2.7264 2.9756
0.9402 5.2034 6.1867 5.1512 5.6351 4.5042 5.1236 0.0037 6.1973 5.3322 3.0400 1.0456 2.3942 1.7157 2.6085 2.1481 2.7152 0.7766 1.4586 0.8733
1.1868 1.6395 1.1233 1.6495 0.2922 0.6258 1.0704 2.8847 1.0758 2.7744 2.4980 3.9334 3.0497 4.1760 3.3285 4.2720 2.4693 3.6562 1.2828 2.5897
0.1982 6.2505 0.0057 5.3019 6.0385 5.0324 1.2494 0.2461 1.8489 0.4286 1.6526 2.0759 2.2221 0.8847 1.3469 1.6350 1.8038 0.9340 1.6282 6.0476
4.5646 3.3151 2.1100 2.1644 1.9363 2.5557 3.0305 3.4235 3.2120 3.3746 2.1611 1.6425 2.3367 2.9490 3.4042 4.2319 2.7769 2.7946 2.8144 3.5845
5.5097 6.1927 5.1704 5.2264 5.8603 5.8735 5.1680 5.7774 1.3772 0.8919 1.1983 1.5216 3.0242 4.9227 2.9894 2.1670 4.1913 1.0354 1.6778 0.5479
4.4270 4.2192 5.4329 0.2501 0.3256 3.9665 4.0763 2.2829 3.9924 3.6951 3.5280 3.2112 2.8921 1.9618 1.6408 4.7411 4.0435 4.5797 3.1991 3.8400
0.1779 0.6106 6.2720 3.1099 0.9879 0.5834 4.9107 5.1318 4.9910 4.4978 3.9018 2.3919 3.1822 4.1101 2.9143 2.6493 3.0158 2.2499 2.3614 0.9991
5.3227 5.1872 5.6969 6.1495 0.0906 3.9330 4.7330 4.4204 4.9070 5.2247 4.3165 4.2189 2.9284 2.0410 2.0626 2.6625 3.2035 4.0265 2.7039 3.7612
6.2403 0.7432 0.3783 1.6882 0.3265 0.4473 5.3505 5.9539 6.1080 0.7945 5.2524 4.8803 3.3245 5.5791 2.0363 1.2927 1.7902 1.5210 2.0971 0.1806
4.1273 4.3168 5.3656 4.7850 5.7949 5.7777 0.6780 0.4809 0.6056 6.2634 0.8195 1.4432 1.9504 1.8193 1.4480 4.1878 3.1729 3.8794 2.6585 3.3737
2.0031 3.3656 3.0397 1.2391 0.6385 1.1112 0.2339 5.4751 0.1286 2.7167 0.7703 4.7162 4.7494 5.2137 0.8450 1.7954 2.8729 1.4395 2.7958 1.6904
0.9276 0.4840 1.7253 4.3229 4.3517 4.5227 6.0029 0.8261 0.2681 0.3114 0.5730 0.5263 0.4486 1.0353 0.4273 6.0186 4.3904 4.2522 3.7590 6.2239
