4.2109 3.9474 3.8915 3.6614 2.5100 3.3536 2.1279 2.0208 1.5648 0.0032 0.5200 5.6673 4.7739 5.2975 4.9613 1.7455 5.3161 5.5686 4.8453 4.5612
5.6831 0.6360 1.6359 0.5643 1.3410 0.8216 1.7792 2.6676 2.5764 2.8435 2.1499 2.5923 3.7767 3.6328 4.7316 4.8561 4.4579 3.6419 5.6699 5.9133
5.4591 2.3692 1.2876 2.7363 1.8716 4.9036 1.2751 0.5056 1.0946 0.7389 2.1779 1.3263 4.8157 5.9534 1.7451 1.3155 0.6125 0.4283 5.4773 0.6517
4.6729 5.3544 5.9604 5.7316 1.1991 1.4638 1.5443 3.2645 1.5781 2.6138 2.2376 3.6249 3.7402 3.4635 2.6218 2.3701 1.1992 4.4618 5.0991 4.3458
3.2630 1.7589 0.6223 0.7619 1.7150 1.6202 2.7345 1.4481 2.0752 1.6541 2.7458 2.6517 3.1188 3.1253 2.6869 3.0525 1.0994 1.6140 4.5925 0.8113
4.4659 4.9096 0.3570 5.0785 2.0111 3.2380 3.1465 3.4904 2.2046 3.7094 3.6889 4.5363 3.0881 0.5704 2.1852 6.2306 5.9509 4.8657 4.2181 4.8281
1.3881 1.6286 2.0387 1.7588 1.4570 0.7011 2.3487 0.9943 2.5824 1.3491 1.9851 1.3318 2.5252 3.7162 0.7510 2.5403 1.1242 2.2664 2.6153 1.7586
3.0935 3.9788 1.9536 3.5403 1.9893 2.5657 2.5670 3.1823 2.0575 2.9561 2.1670 3.0568 2.6305 0.6980 0.1464 5.8429 1.3457 2.2546 2.2179 3.2490
1.9095 1.6758 2.1696 1.8105 2.1140 0.9954 1.8676 0.6660 1.2984 0.8017 1.4253 0.3451 1.8478 2.5725 2.0897 2.7816 1.0810 2.0106 2.0936 1.3006
3.3609 3.7297 3.1501 5.6054 5.6056 3.9147 2.9092 4.0973 2.3680 3.6705 1.9840 2.4867 0.9447 5.9096 0.8829 0.7969 1.2206 1.0359 2.7106 3.2561
2.7521 1.8748 3.1523 3.3618 5.9513 5.8542 5.9886 0.7134 1.7136 1.5221 1.8111 1.0829 1.4556 2.2839 1.3417 1.5846 1.5050 1.8482 2.3782 1.4420
1.9799 4.3604 4.6482 5.8098 5.5121 1.2804 5.8343 3.6725 2.8401 3.6536 2.8097 4.4548 0.5737 5.9918 0.9487 5.1967 1.2877 1.0981 2.7396 2.3304
2.4158 2.0958 3.9126 4.1082 4.1806 3.6318 5.6766 6.1599 0.5744 0.5544 0.2378 1.5328 0.7999 1.6054 0.9676 1.7497 2.4184 3.3064 2.4123 3.0180
4.5198 4.3911 3.7850 1.7953 5.5112 5.8174 0.4310 0.5195 5.9507 6.1753 0.3642 5.1939 1.2401 4.4024 5.1850 4.0320 3.1740 6.2275 5.3742 4.5820
5.2890 2.6432 3.5294 3.5684 3.4469 2.3246 1.3136 3.1404 4.9171 3.1017 0.8530 1.1248 1.6417 1.2542 5.9457 1.0060 3.6779 4.0886 5.2798 0.1100
4.9492 4.8496 4.0273 6.1815 3.8718 6.2704 1.1659 0.4161 6.1807 6.1927 0.3484 4.8379 4.2715 4.7427 5.0602 3.8510 4.8834 4.6386 4.5673 4.5066
0.7389 2.2760 2.8707 3.8126 3.0887 2.6210 1.8982 2.4850 1.8907 2.8976 1.8120 1.6912 3.1357 1.7141 1.9412 1.4484 5.7206 0.5575 0.5523 1.3892
5.9990 5.6295 2.1843 2.4502 2.2169 0.8734 2.1940 1.6155 1.4573 1.4735 1.7325 2.2197 2.8943 3.6997 3.9522 4.5938 4.5920 3.8465 5.1627 5.0857
4.2384 2.8630 2.8839 4.8979 3.1730 3.4604 2.5040 2.9073 2.4949 3.1785 3.1888 5.3319 4.7768 5.3805 4.8581 0.0199 5.1635 5.5346 4.6303 2.6729
4.7887 5.1199 3.6535 2.9254 3.4987 0.5729 1.6829 1.2321 2.0457 2.4360 3.0510 2.8798 3.6777 2.3254 4.7697 4.0061 4.6134 2.7737 4.2461 5.5815
