0.2621 5.0331 5.3941 4.9182 5.9615 5.5834 0.0285 4.9710 4.5848 3.0316 3.4169 4.4304 3.3435 6.1929 1.9055 6.2092 0.4140 5.8610 0.5488 0.0576
1.4547 2.0733 0.3833 1.5684 6.2262 1.3537 6.1988 0.1650 5.8625 5.5094 2.3038 1.4201 2.8354 3.2663 2.3502 3.1830 0.8670 1.6210 1.9626 2.4494
0.2919 5.6807 0.4322 5.4455 5.3775 4.7293 5.7142 1.1102 0.2684 2.0472 2.5064 2.7457 2.9131 0.1904 5.9211 6.1578 0.3792 6.0167 1.1720 6.2761
0.9712 2.3935 1.0674 2.1668 1.1654 1.2643 5.6045 4.6530 5.7676 3.7952 2.6125 2.3891 3.2127 2.4452 1.6413 2.4536 0.6431 1.5939 1.8855 2.2851
5.1733 5.4710 4.8892 1.0928 1.4135 0.4092 1.2974 0.8186 0.4539 0.6293 1.7412 4.3219 4.0318 5.7570 0.2219 0.0142 5.9620 0.2441 0.6792 0.5200
4.0896 4.0417 4.4572 4.0996 2.5799 2.8880 2.1416 2.1366 1.7521 2.4445 1.4436 1.3174 2.0824 2.3149 5.6593 4.0717 3.7377 2.6624 5.0022 1.8447
3.7895 3.2777 2.9051 2.3253 2.3743 2.6411 2.3681 5.4361 1.1343 0.6022 5.6921 0.2678 0.3255 4.5514 5.8116 5.3487 5.5786 4.6923 4.8372 4.0415
1.8624 1.1970 1.6153 1.3576 1.6987 1.4896 2.3500 2.3345 2.2895 3.4912 4.2044 3.7268 0.4330 0.7486 6.2675 1.5493 6.1999 2.5361 3.1565 1.5301
5.8712 4.9243 5.8290 5.4422 1.0122 4.4640 4.5249 4.8238 5.9989 5.4420 4.4631 0.5655 0.7635 5.6986 5.5112 5.3642 5.9755 4.9130 4.5886 4.6330
0.0662 1.4124 0.3980 1.8119 1.9261 1.3536 3.6873 2.7113 3.5515 2.1091 3.2673 3.1266 0.9132 1.9673 1.9576 1.9991 0.1026 1.7822 2.6383 0.0829
1.3463 5.9283 6.0219 5.3626 5.6539 4.5831 4.2900 5.1082 4.0931 5.7509 3.4307 0.8710 0.7431 4.9473 0.1811 5.6780 0.5268 1.2793 2.0961 2.8405
0.5872 0.9230 0.5889 0.2982 0.3362 1.8782 2.4067 2.0082 3.1918 3.2830 4.1501 5.1713 1.8025 2.4591 0.8611 1.8161 0.7790 2.4654 1.2295 1.0831
5.6716 4.1452 4.8202 3.5843 3.2073 4.5581 3.2341 4.7823 4.2611 5.2293 5.1696 2.5206 1.6943 6.2497 0.4360 5.8769 6.0625 5.5026 0.4067 5.2202
0.7977 0.6617 5.8736 1.2195 3.4819 3.2911 3.4714 3.1663 3.9747 3.4674 4.5204 3.8774 2.7962 2.8604 1.2121 1.9299 0.9611 2.5570 1.1921 0.8205
1.5276 2.7218 3.9879 4.4210 4.5506 5.9539 5.0019 5.7055 5.2781 6.1887 5.3946 0.6855 0.8010 6.2114 1.3542 6.1543 0.6542 0.0485 0.2347 5.8824
1.2104 0.3444 5.1594 3.4783 4.9804 4.4791 5.4029 4.0750 5.2902 3.5374 5.5208 4.4164 3.1605 2.7150 1.7228 2.4124 1.4697 2.2478 1.0484 2.1883
1.0160 4.0909 4.7473 5.1072 4.7339 0.1744 0.6593 0.8109 0.1252 0.4305 0.1881 1.2544 1.6678 0.5709 1.0856 6.2754 6.1548 5.6060 6.1708 5.8297
0.5412 1.4834 4.7559 2.1045 5.5952 6.1033 0.3289 4.5706 5.8160 5.0044 4.3552 4.0761 3.2979 3.5827 1.8248 2.6227 0.7185 1.8753 1.8376 1.6720
5.5392 4.6682 4.7406 5.3792 5.7060 5.1861 6.0273 1.1384 0.4410 0.6927 0.0219 1.1223 2.1361 1.0303 1.3666 0.1817 0.8330 6.1386 6.0356 5.3262
0.2911 0.4880 0.0763 0.8065 0.2295 1.5070 6.2490 5.2673 4.8123 4.7296 4.4501 3.8769 3.1220 2.9457 2.2273 3.0624 1.8336 2.8690 2.1533 1.8393
