3.8832 3.6278 3.6646 1.5850 3.3324 2.8594 4.5642 5.7274 6.1572 0.3737 5.3345 4.1100 4.1320 4.6859 5.5351 5.2734 5.1502 3.0317 5.2152 4.6551
1.6726 0.1123 2.2137 3.8630 3.4666 4.6363 4.5231 3.6659 5.2824 3.4293 4.7131 4.4451 4.1591 2.0799 1.8383 2.5334 5.3215 5.5295 5.4406 0.7765
2.4222 3.3018 2.8419 1.4538 1.3686 0.7138 5.6134 5.9071 5.4517 1.4299 6.2169 0.6604 1.2139 5.5579 0.0411 5.8440 6.0199 0.4162 5.9789 2.7165
1.7076 0.8981 2.7710 2.9947 2.1993 3.8313 3.6302 2.3235 4.4778 4.7525 4.8093 3.9285 2.4576 2.9622 5.7950 2.6397 1.2518 6.0816 5.4071 5.3144
1.7258 2.8676 2.3527 3.0317 1.8228 2.2025 2.1448 5.2772 4.8391 3.7541 3.9653 1.4090 1.9704 0.0430 6.1368 5.5850 0.8498 0.3326 0.5915 0.8971
0.9578 0.7441 1.0334 0.6057 1.4017 0.0885 1.3908 1.6654 5.4849 5.1754 4.2046 3.7776 2.4702 3.1758 2.9685 1.9980 1.9672 3.6041 0.4321 5.4723
1.8803 3.4010 1.7912 2.6720 1.6138 2.8624 0.5667 5.7239 5.9874 2.8094 1.7659 1.3341 1.7891 1.0651 2.2635 0.4182 1.1174 0.7522 1.3546 1.9682
0.7178 0.2475 0.8310 0.8405 1.5352 0.7413 1.0657 1.6233 4.8208 6.0008 0.3784 3.4097 2.8157 4.2360 2.2266 3.9920 1.5950 2.2869 0.5207 5.5784
1.0285 2.9763 2.6800 2.4553 1.1877 3.3313 0.5142 4.5534 5.1355 1.7959 0.7870 0.9169 2.1055 1.0739 1.6193 0.9612 2.1938 0.6685 1.3061 1.6893
1.9450 1.2007 1.7325 5.8384 1.2269 1.3434 1.4536 1.2575 5.0001 5.5257 5.8437 4.5451 2.8387 4.7261 2.8256 3.3533 2.4644 3.5125 3.3109 3.4492
2.4965 3.0095 1.7427 2.5626 1.7469 2.8794 2.3756 3.6219 3.6353 1.7443 1.0723 2.1475 1.9628 1.3152 1.8374 1.5797 2.0729 2.0127 2.6311 1.0667
2.2356 0.4686 0.6051 0.4321 0.7150 0.0680 2.0345 1.1069 0.9244 5.7930 1.5576 2.5137 2.4699 2.7708 2.8418 3.5084 2.2895 2.9460 2.0091 2.2759
2.9406 4.2249 5.9696 5.0942 0.5818 3.2587 2.4132 2.2179 1.7819 2.5749 0.9960 5.7680 0.4812 0.4849 1.3617 1.0840 1.1692 5.4173 6.2342 5.2954
1.6137 1.6475 6.2797 0.6049 5.3351 5.2024 5.2827 5.7987 0.2312 5.9074 0.5891 2.6813 1.7300 2.6689 2.2081 3.5058 2.5315 2.0490 0.9042 1.1037
3.4763 4.5383 3.7615 3.8125 5.9940 2.9657 0.9971 1.5244 0.8519 1.1884 0.4548 0.1548 0.8440 0.1197 1.7916 0.6694 0.9248 5.5862 0.5207 5.5384
2.7485 1.9586 3.0612 5.8339 5.5513 6.0425 5.7588 5.3272 5.6811 4.4422 6.1537 4.2671 0.8710 3.2509 2.1555 1.9090 1.5829 2.0268 1.2106 2.6582
3.9394 4.8094 3.7048 3.6452 4.1084 3.0721 6.0373 1.6781 0.5496 0.3435 6.0296 1.2255 0.5681 0.5644 2.0132 5.1138 5.7947 5.2077 5.5770 5.2286
3.9314 2.0937 2.6458 0.0112 4.8461 5.2962 5.9204 5.1659 0.0214 4.6393 5.3293 5.3207 0.1803 2.1669 2.3437 1.8563 1.2724 1.4377 1.3312 2.6180
4.0443 4.4546 3.9063 3.0759 3.8935 2.0625 1.8272 1.1720 0.1170 0.9103 5.4223 1.2152 5.3553 4.6693 0.2543 4.9608 4.7878 4.1854 5.4610 5.2673
3.6875 6.1507 4.3598 4.6443 4.8088 5.1419 4.3185 3.9335 5.0499 4.5289 5.4214 6.1533 0.0322 1.2690 6.2043 1.2767 0.2200 0.4637 5.5061 2.7114
