4.6848 3.6710 3.4364 2.8504 3.4474 3.4942 4.2125 4.4440 5.5371 4.8404 4.5437 4.9173 4.4570 4.6567 4.7713 4.2484 4.6214 6.2521 5.4589 4.9610
5.4905 5.7579 4.7205 5.5849 5.0212 5.6036 5.3488 1.3804 1.3490 2.0646 3.6191 2.3291 3.2332 2.8786 3.7126 3.1813 4.1514 3.0429 0.1866 5.8591
4.7966 3.8032 4.1971 5.7488 0.0212 0.4383 5.5858 4.3166 5.7070 5.3402 5.1025 4.9572 3.1560 5.4896 4.3395 4.9995 4.7942 6.1708 6.0746 4.4184
4.9998 5.9987 4.2163 4.4328 5.6029 4.7482 5.0218 1.0468 1.8581 2.6621 2.3799 2.4230 2.0348 2.1865 3.0067 1.6027 5.1645 5.2882 6.0710 5.9699
3.2685 2.8654 2.9841 1.9522 1.6216 1.3876 3.3085 4.1184 1.9037 1.0078 2.0237 1.5037 1.7180 4.5888 4.0952 3.4824 4.8037 2.8461 3.0102 2.9564
5.1722 4.5422 3.7460 4.2901 2.8048 4.1659 2.3790 1.5061 1.6602 3.6189 2.4184 3.7669 2.3674 2.2695 3.6138 0.9093 5.3342 6.1314 5.6281 5.2393
6.1261 1.5239 1.9591 1.1863 1.8952 1.2129 2.1919 3.3085 2.0711 1.3342 1.8321 1.9086 2.6649 3.2490 3.5561 3.5074 4.2479 3.3071 5.6032 1.0152
0.2728 6.1237 3.0045 3.2878 2.2267 3.8734 2.0344 0.8891 2.1687 2.3436 2.7725 4.5781 3.6693 5.4312 4.7115 5.0649 5.5608 5.6785 5.7703 6.2017
0.8925 2.1573 2.6893 1.3997 2.7227 1.2473 1.9449 3.4201 2.9955 3.7558 3.6918 2.4032 2.9119 2.9708 3.1923 2.9041 4.2260 2.9233 3.6764 2.7657
5.1081 5.0910 4.0870 4.8276 2.8517 3.9023 2.5597 2.5005 2.4889 5.3028 3.8546 4.9327 4.3953 4.8596 3.0649 5.4255 4.7678 6.0041 4.3543 5.4512
5.3278 0.8547 0.5582 1.0051 1.8790 0.8236 1.4505 5.9784 2.1094 1.9008 1.6936 2.2402 3.7153 2.7012 2.9155 2.7683 4.1951 3.2044 4.4174 4.3442
5.1466 4.4596 5.0331 3.6302 2.6982 3.1584 1.9955 1.4675 1.6911 0.7343 1.0396 6.0007 5.3804 5.6393 3.8723 0.0434 5.4922 5.6534 5.1934 6.2050
4.3739 5.0558 5.7384 0.9637 1.8035 1.0005 2.3711 3.4177 2.5823 2.9255 1.8619 2.9390 3.9366 2.0517 4.1189 3.7592 4.6455 5.1563 4.8839 4.4015
4.2473 3.0808 5.0267 3.6058 2.4785 3.1566 2.8669 0.4836 2.0389 0.2695 0.2584 0.3713 4.4246 4.7221 4.1583 4.4876 3.6478 4.1554 3.8181 3.6570
5.1793 5.7572 5.7108 1.1947 1.6229 1.8823 3.4784 3.3084 3.4516 3.3275 4.4328 4.2171 3.7598 3.2899 3.1155 1.3528 2.8407 2.2933 4.9590 5.5623
3.8338 3.5498 5.2622 4.0521 4.1866 4.2835 4.2757 6.2116 4.7829 4.8681 4.1476 3.2250 3.8351 5.0551 3.7957 4.3929 4.2288 3.9107 3.8486 3.5161
5.6741 0.1157 5.4761 6.1536 5.3002 6.0201 4.7028 4.2114 4.1323 2.4854 3.4207 2.1569 3.7156 3.0385 3.6374 1.6003 6.1991 0.0477 5.2350 5.8027
4.5623 3.4633 4.7346 4.2949 4.5471 5.3817 5.5280 5.8493 4.9302 5.1241 3.9365 3.8742 5.0384 3.9887 3.6286 5.0145 0.0841 4.2755 4.3210 3.6153
5.5120 6.1876 5.7413 0.1890 5.2273 4.3812 4.6496 3.4076 4.3314 3.9619 3.8396 0.8084 5.7184 0.8641 1.9499 1.1510 0.1728 0.2455 5.3912 0.2830
4.8018 4.9485 5.0336 4.8406 4.9458 5.4234 5.0531 0.2871 6.2147 5.3535 4.4653 4.0645 4.5895 3.9523 3.7157 4.4655 4.8605 3.9015 4.6459 3.3095
