0.6407 4.9357 2.3362 2.8590 2.6747 3.5354 3.4319 3.8214 0.2974 6.1653 0.1923 0.2133 5.8778 5.9015 4.2764 3.2408 5.4855 4.6239 6.2034 5.1549
1.2436 1.9160 1.0082 0.6962 0.4127 0.8696 1.0016 1.7777 0.0768 5.6873 6.1820 3.5331 4.6707 3.2853 3.7823 6.0593 0.0092 5.7996 0.0744 1.1448
0.2382 5.6595 5.9183 5.3014 5.8074 4.6057 5.5392 4.5371 6.2212 1.5090 6.2476 0.1529 5.6062 0.5236 0.7832 1.9616 1.6243 2.1677 0.1084 5.2242
1.0734 1.6758 1.4826 0.7392 0.6230 1.0227 0.1239 1.5389 5.8839 6.0891 5.0064 3.6005 4.5321 4.9420 0.2251 6.2657 1.4728 6.0846 0.7313 1.4755
1.2433 4.6974 4.2411 4.5259 5.7728 5.1801 4.9317 5.2131 4.7471 4.4995 4.5502 0.6009 2.1211 1.7183 1.3775 2.0551 2.0834 2.7266 0.9132 1.5996
0.6445 2.4130 3.0285 1.7743 0.8447 2.2373 3.6334 2.1968 3.2214 2.9811 3.9496 4.0884 4.3423 6.2209 0.4191 0.5028 0.4193 5.6575 0.2271 6.1280
0.5999 6.1267 1.5653 3.5108 6.2533 5.5674 4.8280 4.7208 3.7957 4.1273 4.0614 6.2692 5.1895 3.6457 1.4712 1.8287 1.6982 2.2472 1.0792 2.3603
0.6270 1.9676 0.5797 0.2387 0.0937 3.6601 4.3018 3.0665 3.0629 2.7715 3.2136 3.5095 3.8977 0.2834 0.6589 6.0844 0.8183 5.8042 0.6439 5.9481
0.5222 0.2340 1.7024 2.2399 0.5888 6.1112 5.3329 0.1899 1.4725 6.0700 6.2120 1.7345 2.5816 2.1639 1.0534 1.7544 1.4451 1.3753 0.2497 1.8350
6.0770 1.3359 0.8230 5.8005 0.6366 4.7025 5.2721 2.1511 1.7431 2.9531 2.3038 4.1369 4.4212 5.9984 0.5628 5.7512 0.0128 5.6096 5.4143 5.3630
5.7240 6.1612 0.7329 1.8003 0.6832 0.7116 0.1499 5.3213 6.2309 0.5457 1.8130 0.8380 3.0028 2.3609 2.0983 2.3094 6.1602 3.1182 4.6165 4.0502
0.2345 0.9676 5.9587 5.2167 5.6893 5.3383 0.2942 0.6794 6.1014 2.7298 2.9557 2.5200 4.0363 5.5072 0.6064 0.1493 6.2517 6.1480 5.7406 0.4116
5.5651 4.2041 0.2252 2.6022 4.2430 1.7313 6.0880 4.8780 5.8408 4.9559 3.9569 4.0913 3.9666 2.5180 1.4483 3.1263 3.2160 5.1583 4.7934 4.3341
0.4975 0.6917 0.0468 0.2518 0.0595 0.3649 0.5221 0.7008 6.2297 1.8977 3.0576 2.5453 3.9565 5.9212 1.0074 2.0250 1.5455 1.8051 1.1058 1.0967
0.6944 5.2692 6.1239 4.2248 5.7810 5.3866 5.8463 3.0275 4.5304 5.0864 5.0121 4.4564 3.8750 4.2254 5.7345 5.3573 5.3443 5.7256 5.4081 0.0005
0.6422 1.0032 0.5253 0.8892 0.6369 1.6478 5.8626 0.4419 3.8136 2.6396 3.5307 1.3861 3.0742 2.5402 3.1080 2.3555 6.0363 1.0582 6.2357 0.9160
6.2147 4.9881 5.6023 5.1934 0.3597 5.7502 5.0255 5.1475 4.9741 5.1300 3.7962 4.7418 3.4274 5.0197 4.1255 5.3010 5.8283 4.5209 5.0230 5.5528
0.7740 1.0736 6.1854 0.9231 1.6660 1.5275 2.4546 1.9738 3.8234 2.7233 3.7493 2.5768 3.4470 2.5816 4.5150 4.8662 5.8761 0.3086 6.1180 1.4210
5.2603 4.2853 5.4446 3.8536 2.8846 2.8996 2.6493 4.7443 5.0990 5.2713 3.5693 4.5251 4.7441 4.5754 4.0850 3.8736 5.1152 4.1726 5.5128 5.3279
0.7482 0.8874 0.7203 0.3685 0.9644 0.6394 1.7887 1.2569 0.7531 2.0468 1.8709 2.6618 3.6702 2.7301 4.2269 5.8503 5.7521 6.1897 6.1466 0.8671
