4.0602 3.7915 3.6717 3.4191 5.3892 4.7911 0.2377 5.6548 1.0614 1.5357 1.5359 2.7321 1.6078 2.8835 1.8479 3.7382 5.2084 4.1949 4.2794 3.4306
5.1140 0.2734 6.0579 5.5659 4.1737 2.1198 0.5344 2.0987 0.7612 0.1315 0.4399 0.4370 0.1426 0.3351 1.7141 1.5797 0.3395 0.1829 5.5081 5.7746
4.4174 3.9318 4.2476 3.4628 3.9623 5.7832 0.0169 5.4675 0.4999 2.4756 2.5511 3.2987 1.4890 3.2839 2.5282 5.0321 6.1931 3.9577 4.0699 3.2334
4.2611 5.5723 5.3910 5.3635 4.3873 3.8894 4.8156 1.9247 0.1670 0.7305 2.1007 0.8910 2.2085 0.8006 1.8483 0.9932 6.0127 6.1699 5.3360 5.3314
4.1332 3.2616 4.0805 3.1411 4.3058 5.2327 5.4366 4.9733 5.8144 3.0649 3.5003 3.4774 3.2431 3.2425 4.6668 4.7962 4.9530 3.3228 4.5420 2.1986
3.9409 5.6939 6.0269 5.8274 5.6952 5.4565 6.2040 0.4073 0.0430 0.8413 0.6275 0.7505 4.8307 0.2565 5.3165 0.4575 5.9485 0.7693 4.6857 4.2871
6.0568 0.8899 0.3686 6.1429 5.9612 5.5787 5.5186 4.5965 5.4107 4.8650 4.8962 4.2548 4.6005 4.4676 5.2931 4.8323 5.4991 5.0174 4.5623 0.4010
5.4038 5.1417 5.4859 4.8495 5.1059 4.1994 5.7215 1.0582 0.3288 0.7773 5.8130 1.6029 0.2850 1.2356 0.0554 2.3516 1.0224 2.1761 4.8239 4.4778
0.3920 0.8771 0.1971 1.8059 5.5232 0.0169 5.6156 4.7109 5.2584 4.4772 5.4437 5.1776 6.1455 5.0451 6.0968 5.6360 6.1114 5.2913 5.2600 1.4939
5.7101 5.0233 5.9596 5.1299 4.2731 3.9040 4.6394 0.2930 6.2764 1.2221 6.2711 1.7126 2.3230 2.2542 1.5430 1.7669 0.4148 4.5042 4.3619 4.9155
0.9420 1.0488 1.2336 2.5305 3.6880 2.8187 4.5763 4.1597 0.2232 5.5837 5.4874 5.0316 4.8567 3.6095 1.0704 5.4001 6.0486 0.8543 2.0201 1.5880
3.7732 3.7107 2.4241 5.0409 3.6107 4.9860 4.6856 0.2288 0.2722 1.5784 6.1428 1.1234 5.7243 0.8162 1.3975 1.0709 3.0720 3.6914 3.5749 4.9973
3.4340 2.7723 2.9631 3.1755 3.5578 3.8160 4.5637 4.5915 5.8290 5.2529 6.2544 4.9037 3.8069 3.9575 1.9257 2.0398 2.6064 2.6451 3.8515 3.8332
4.0845 4.9147 3.2704 4.1301 3.2077 1.7305 2.3456 2.1403 0.5938 1.0199 0.0144 1.9419 3.8381 1.5201 0.7855 5.1532 4.6135 6.2116 5.6960 5.1929
3.7425 1.7518 2.1394 1.8731 3.3910 4.2547 2.0510 6.2600 0.4742 5.2133 4.9722 4.6331 4.6066 4.7569 5.4208 3.8523 4.8603 3.4357 3.3486 2.9989
5.0611 4.8333 2.2889 2.6075 2.4377 2.3506 1.5161 1.9961 1.7144 1.6775 0.9142 5.9940 4.8194 0.7711 5.8038 5.7691 5.1328 0.0624 4.0838 5.0400
0.5193 1.0221 0.8013 0.3537 0.8103 6.1358 0.3308 6.1924 0.8559 5.1457 6.0416 5.1212 4.9604 3.7863 5.5754 3.9294 4.6490 4.1965 4.3344 2.3351
6.1533 5.0092 6.0464 5.0190 0.0686 0.7571 1.0718 2.1180 1.8864 1.6566 1.2106 1.5817 5.5895 5.2909 0.7295 0.6075 0.4279 5.7114 4.7732 5.9426
0.7038 1.4690 0.8492 1.6165 0.4541 5.2088 6.2645 5.4216 0.4719 5.5003 6.1350 6.0773 0.4419 1.0942 1.0495 1.8251 0.6981 2.4983 3.9386 2.2869
5.4750 6.2800 1.4481 0.2866 0.4082 1.3970 0.7095 1.7000 1.3495 6.2389 0.3351 0.3788 0.7148 5.9193 6.2827 5.8798 6.1368 5.4144 4.2278 4.9582
