4.9609 1.3967 1.0327 1.5539 0.7157 4.2476 3.3623 3.9635 4.8898 4.4612 4.3186 4.2681 2.8119 4.9836 5.5459 4.5216 4.8607 5.0394 5.0534 4.4049
4.9024 0.4059 0.1160 0.5659 1.9043 4.6218 3.8732 5.1472 5.0990 0.0546 4.7708 4.8314 4.9298 4.8905 5.1488 0.9876 6.2618 4.3519 4.1126 6.0875
4.6731 1.1449 4.5310 1.0058 1.4607 1.2281 6.1049 5.7015 5.6340 5.9054 5.5103 5.3231 3.5876 4.5876 4.3398 4.6241 5.3586 4.9367 6.1233 0.5725
6.0800 1.7587 5.4202 0.1455 5.3611 0.7055 5.2920 1.5436 2.1745 1.4213 0.2963 0.4033 2.2302 3.7783 5.2462 4.4403 5.5520 5.2060 0.8873 0.1026
6.2079 0.8409 6.0337 0.7655 0.2161 0.6168 6.2296 0.9560 2.7569 2.4484 0.8792 0.6840 1.4536 2.8551 5.3688 6.0551 6.2738 0.0110 1.3492 0.9372
6.1548 0.2296 0.5476 0.5703 1.5151 0.8832 0.8796 0.7430 5.4613 1.3579 0.7918 1.0618 1.1518 2.0614 5.9034 0.0490 0.3555 1.4043 0.7848 5.6318
6.0037 5.4865 4.9509 1.2892 0.5480 0.1996 0.2875 0.8152 5.6822 0.4240 0.6303 4.4793 0.9464 1.5330 0.8590 1.9761 1.1151 0.5616 0.3631 0.4248
4.7420 5.9024 5.7382 0.6665 3.6759 4.5121 6.0106 0.1165 4.2857 4.3253 5.6150 0.1029 0.9422 1.5071 2.1930 0.8148 0.3727 1.2817 1.8426 5.0072
5.4539 5.5586 5.8707 1.4458 3.1526 3.3480 4.8298 5.1382 5.5544 3.6988 2.8681 2.9571 2.0750 1.5805 2.2183 2.3728 0.0052 0.8760 5.5713 5.4008
4.1835 4.8207 0.1355 0.6561 3.9794 5.3089 4.7253 3.8893 3.7696 1.8616 1.4674 2.0453 1.9169 3.8012 3.2844 2.7250 5.5363 5.4088 0.1367 3.7315
4.6731 4.6686 5.9068 0.9861 0.2682 5.1631 1.8428 1.2718 0.2487 0.5753 5.8729 6.0942 2.8876 5.0536 4.8639 2.9301 5.8212 4.1432 1.6068 4.9494
4.0253 4.7631 0.4492 0.0453 0.5690 5.3053 1.1932 0.7093 6.0930 0.0696 1.1759 1.6627 2.6672 3.6932 3.8568 4.7770 4.8784 4.0014 4.8409 5.6200
1.1283 0.4064 0.0179 1.0009 0.2804 5.1931 0.7565 1.6964 1.8110 0.4430 3.0985 2.0025 2.5610 0.0003 3.8603 5.2226 0.8924 1.3834 0.9152 5.8471
3.5497 1.4626 2.7044 1.4481 0.0920 5.6626 0.2944 1.4000 1.4833 0.9409 0.4143 5.9578 1.0225 0.4276 4.4641 5.1729 4.6944 4.4220 4.5167 3.6148
6.0883 1.4171 4.4666 5.7777 5.5704 0.1795 3.2222 0.9275 1.3692 1.4003 1.0575 0.4818 0.4246 6.2635 5.5505 5.1730 5.9529 5.9341 4.8442 5.7346
4.6018 2.5603 3.0151 5.8184 6.0244 4.1532 3.3666 1.6071 0.2034 0.7509 1.7573 3.8789 6.0901 6.2665 6.1984 5.9498 4.8563 6.0086 4.5007 5.5100
4.6308 1.9366 2.5839 1.4673 0.8258 4.3253 4.5246 4.3131 5.6396 3.5681 2.0982 1.5352 2.9998 0.3504 1.2058 6.0948 0.1256 5.6523 4.5575 5.1893
4.9868 4.7598 6.2793 0.6274 6.2793 5.5920 1.5733 2.9411 3.1080 2.9324 1.2469 1.9775 0.8148 0.8283 6.0805 5.8098 6.1332 5.9928 5.3411 5.7019
5.4109 4.4824 5.2817 5.8291 5.6949 0.7747 2.5960 4.8297 2.8834 2.6861 3.2866 1.4787 2.0360 6.1040 1.4989 1.2278 6.2356 4.3387 5.8466 5.5409
4.8623 4.1349 3.2267 2.2854 1.8702 2.8824 2.4093 4.6044 1.5947 2.4532 3.0239 0.6549 2.4297 2.5581 1.2227 0.4164 5.7328 5.8554 5.3089 5.5798
