0.1762 6.1363 6.1903 1.9415 6.1852 0.5201 1.5563 1.7583 0.1381 2.2043 2.6701 1.9568 1.8067 3.0291 3.0351 1.9134 1.1663 1.5201 3.6625 4.4429
0.8851 0.5895 2.2763 2.5101 3.4209 3.2313 3.3414 1.7750 1.6433 1.8044 5.3474 0.4769 1.6656 2.8733 3.4632 5.3079 5.1047 2.8078 1.8507 5.1972
0.9145 1.2601 2.4059 0.3754 2.2575 0.5655 2.4491 1.6953 0.9476 0.1972 1.2614 4.6123 2.1379 1.3242 2.4305 5.0011 4.7143 2.5676 0.3567 0.3014
1.1440 0.0256 3.9653 0.0991 1.8561 1.7187 1.6052 6.0700 1.2619 0.2160 0.8890 2.6902 2.1313 0.6594 2.2159 5.1730 5.0114 1.2221 0.3328 0.6437
0.5844 6.1714 3.2842 1.4684 1.7592 3.0738 1.7438 1.4757 1.8874 0.5020 0.6703 1.4648 0.9578 5.9957 1.8598 5.8237 0.1351 5.5227 4.6447 0.5707
5.5096 4.5050 2.7026 3.8619 5.8198 3.6961 3.3409 3.9548 3.9587 0.1696 1.0139 1.2490 1.1267 1.6125 2.0958 5.7801 4.5671 5.5243 5.3506 5.9552
4.0643 4.8250 4.5428 4.8170 5.8471 1.1172 2.7761 1.6854 4.2915 3.4317 1.9717 2.6688 1.7044 2.0385 3.0698 5.1338 5.2139 0.1687 6.2161 5.7264
4.7544 4.5625 5.0412 5.2817 4.7076 5.4204 4.1811 1.8985 2.3549 1.1337 0.8343 1.6348 1.1830 4.0310 0.4362 5.8701 5.1488 3.4777 4.3579 6.0779
5.0027 4.5100 3.3640 3.8557 4.6094 4.0091 3.0242 1.2526 1.5515 1.4246 1.6715 2.5562 2.3994 4.7182 5.9027 0.2699 6.1555 3.0209 4.8672 4.5101
5.2414 5.4047 4.3933 3.9265 5.1222 4.1799 2.2494 1.6274 1.7915 0.7571 2.6373 2.5358 3.3195 3.6058 4.3867 6.0855 0.9704 5.5358 0.4024 5.7963
4.7164 4.2122 4.4448 3.7754 4.3558 4.8026 3.0135 2.8310 1.5971 0.8503 2.4934 1.2711 4.7994 5.8896 4.0364 2.4674 1.8519 1.8444 1.1894 6.0558
4.9026 3.4421 0.4391 4.4097 5.5580 5.4939 2.2600 1.3573 3.1416 2.2913 0.9306 0.2988 4.0275 4.0397 4.0326 3.6114 1.8844 6.1518 5.9484 5.6620
5.8060 3.2922 4.0577 4.9870 4.5062 4.8996 4.5516 3.9225 3.0551 3.6000 0.8995 6.1920 4.2797 0.7507 3.0101 1.1476 6.1669 5.6297 5.1911 5.5822
4.7590 4.6177 5.0724 5.0673 4.1875 4.4242 5.0110 3.2395 3.6667 4.2640 1.0929 5.3715 0.6756 0.9862 1.6831 1.7768 1.3051 1.1614 4.3456 3.9730
3.0845 2.6497 3.6449 4.9249 5.1211 5.5986 3.8274 4.2706 4.1981 2.5462 2.9734 5.2832 0.8482 6.1046 1.6050 1.9127 2.0445 1.6719 3.3811 3.1583
3.1470 4.3602 3.0373 3.5205 1.7549 5.3733 5.2527 4.7002 0.4775 0.4146 0.3431 0.1782 0.7009 1.6871 1.9994 2.1468 2.7096 4.0917 2.6935 3.0717
3.5694 4.3510 3.7473 4.7225 2.4525 4.5346 5.1608 4.5014 2.5853 5.5664 5.8062 0.4035 2.0733 1.3505 0.9089 2.1506 2.1798 1.7549 1.9865 1.3475
3.5741 4.2563 0.7680 4.5995 3.5170 3.1158 2.6567 0.9439 2.9607 0.4284 6.0065 5.0738 2.5275 2.3625 1.6324 2.6021 2.3953 1.4545 1.7396 5.8937
4.4973 1.2069 0.9012 0.8194 2.9458 3.7987 2.3260 2.7675 2.1122 0.7103 1.0403 1.4528 1.8224 3.3571 2.0271 2.5410 2.8059 0.8573 2.0932 2.9738
5.7421 0.8494 0.2688 0.3286 3.7627 5.4269 3.5963 2.4055 1.5573 2.7666 1.9149 2.1704 2.3117 4.9103 6.1659 1.1749 1.6065 5.8649 0.8131 0.2169
