1.9621 2.7437 1.1821 0.2621 4.0157 2.0153 1.8529 4.2345 2.8046 3.3742 2.6532 3.1599 3.4826 4.5136 4.0040 5.4605 0.7907 0.0331 0.6126 1.6703
2.6128 2.4839 2.6254 1.7508 3.0105 1.7627 1.6284 3.2204 2.4649 3.0504 3.8989 3.2099 3.2806 2.9585 3.6670 4.6796 5.8525 6.1164 0.2475 2.4260
0.1811 3.8313 2.8537 3.7856 2.2674 0.9820 1.4633 3.2242 2.7884 2.7539 1.6953 2.9875 1.5080 3.6107 3.1844 4.2701 3.3502 0.1850 0.3131 0.7308
2.9055 2.1405 2.4368 0.4395 0.7750 2.1144 3.1566 0.0160 3.0039 3.0391 3.0549 1.2022 0.9521 2.8421 4.4261 3.9125 3.2670 5.8094 5.4292 0.4038
5.2542 0.9589 2.3441 2.4504 5.6492 4.8675 3.4694 3.8033 2.9273 5.1819 4.1498 3.4613 5.9992 2.4913 4.0627 3.9371 4.9814 3.2677 5.5952 6.0414
2.9748 2.9920 3.0497 3.1304 4.2236 3.7478 4.6537 4.2137 3.6333 3.6076 4.3347 3.9056 3.8816 3.1604 4.4905 5.1814 5.1130 3.9440 3.2729 3.4899
2.1522 4.9731 4.8585 4.1390 3.8619 2.6515 3.5336 1.3286 6.0218 6.0043 4.6277 4.9803 3.8716 3.6609 0.2349 5.0718 4.8267 4.2756 3.7780 3.1347
4.1143 4.9603 5.1622 4.8229 3.9461 4.6398 2.8897 4.5690 3.8679 4.9751 4.6822 5.0919 5.1392 5.0878 5.1054 5.4368 0.0665 2.7280 2.3651 3.8254
5.3146 3.8558 3.9886 3.7657 4.8145 4.0844 4.2972 4.4701 5.7017 5.8947 5.8661 5.0118 5.1368 0.6867 5.9171 0.2219 0.8547 2.0530 1.1859 2.7452
5.9960 4.3146 2.5179 3.0071 3.7207 3.4164 3.9380 4.5363 3.3354 5.1016 5.4121 5.2164 0.3727 5.7931 0.1171 5.7692 1.7829 2.8440 1.8561 2.1736
0.4381 3.2666 3.4054 3.9796 4.0128 2.6924 2.4725 2.5481 2.9544 5.0023 0.2256 0.1278 5.7531 0.1557 5.3954 5.4612 4.2278 0.7773 1.7477 0.4735
0.8679 3.1119 3.7579 2.5427 3.7180 2.8942 3.5340 3.9992 3.3743 5.7943 0.8984 0.6292 5.9981 5.2504 5.5229 5.1263 1.5847 1.3556 3.1449 1.1948
2.0725 1.4769 1.0025 3.0989 2.2377 3.1306 2.8720 3.1299 3.4986 3.0394 0.2217 0.9568 1.0833 0.5353 4.7660 3.5915 3.7323 2.1206 0.0562 0.7391
2.6312 3.7049 2.6138 2.8274 2.4087 6.2339 5.7734 4.5837 1.9612 0.9777 1.2554 1.3997 1.5130 0.0338 4.9500 3.3419 2.9254 1.4470 6.2084 0.3126
3.9911 3.7518 1.6893 1.5228 1.3207 0.6043 6.2809 5.1167 0.5220 0.7845 0.2325 1.6363 2.4056 4.4626 5.2641 2.9589 4.5081 4.1359 4.5466 5.3953
4.5539 4.3810 4.1928 1.4759 5.6852 0.9235 0.5103 1.0362 0.0584 0.9214 5.1944 0.0425 1.4640 6.1798 3.7710 2.6709 4.0357 4.4011 3.1984 3.7293
5.7325 0.6843 4.6402 0.3552 6.2296 6.2374 0.5987 2.0699 2.0103 0.5636 5.2684 5.5256 6.0954 5.3733 4.7080 3.4728 6.1291 4.5713 4.4739 3.9045
5.6854 5.6572 5.8184 5.3836 0.2496 5.0998 6.0339 1.1986 1.5488 0.8410 0.6647 5.6351 0.6903 0.8426 4.5070 5.2881 6.0589 5.0754 4.7641 4.7652
5.9461 0.3138 4.9955 5.6382 5.3454 3.9174 5.1808 5.8608 4.1099 3.9130 3.6505 5.8723 1.1653 4.4230 4.0985 4.1270 4.3098 4.8212 5.6757 5.7668
0.0464 4.3927 4.1856 5.0584 2.7812 3.0246 4.4244 0.0176 4.0581 3.5943 3.9342 4.0544 5.2352 4.4075 3.9580 4.5761 2.2137 4.7622 6.0154 6.0140
