2.5246 1.1661 1.0541 1.5736 1.0713 0.2038 0.7555 3.6272 1.7784 3.1763 3.7933 2.8264 3.5507 4.5074 3.5109 2.1557 1.0061 0.1512 0.3437 0.1886
2.4835 1.7521 1.6082 2.2057 2.3323 1.0094 2.0620 3.6420 4.0306 3.4340 4.0041 3.4498 3.6215 5.6532 5.2952 0.4472 5.4921 0.7568 1.0781 1.2687
1.3653 2.0558 0.7805 2.2712 2.7588 2.8346 2.6437 3.8316 4.2168 5.5991 4.5665 0.1216 0.0485 5.8408 0.2606 0.4140 2.3911 1.9622 6.0404 0.4975
1.0177 1.6033 1.2050 1.9169 3.5181 3.5558 3.6940 4.2484 5.2616 0.1065 5.7214 6.2104 6.1050 6.2756 0.6823 0.4960 2.1159 1.5785 0.5658 1.2668
1.0136 0.5625 1.0047 2.1217 4.9415 3.8709 5.7564 4.4435 5.2735 5.5311 5.0336 5.0816 5.8973 0.3910 0.1780 1.0678 0.9610 1.2674 1.2861 2.0754
1.2748 1.1039 5.3625 2.6498 4.2522 2.6515 1.5534 0.3538 0.2093 0.5694 5.7035 4.8690 5.6253 1.3397 0.9397 2.8853 1.5507 1.5915 0.6210 1.6217
1.0958 1.5002 6.1970 3.1311 3.2158 3.9827 4.8034 4.8871 5.3442 6.1158 0.0861 5.6266 4.7257 0.3054 2.4611 4.3043 6.0228 1.3596 1.6125 1.9010
0.4788 0.7740 0.1104 3.0208 0.8694 2.9195 2.5570 4.7864 5.0867 5.0478 0.3709 5.3228 6.0941 3.9060 1.5939 2.3590 3.4082 1.5354 2.3843 0.3698
1.4906 0.9794 2.1634 2.7210 2.9001 3.0022 2.2918 4.0774 3.5068 3.1538 2.7638 3.0066 1.4326 1.4946 3.1208 2.1304 3.0762 5.3819 6.1012 1.1344
3.3713 0.8110 1.2383 5.6403 6.2668 2.2204 3.7656 3.8117 4.1889 2.7074 2.1719 1.9662 1.1156 4.9680 3.0132 1.2139 1.0822 0.6800 0.5650 1.6685
4.0843 0.8823 2.1503 0.1761 5.7458 4.1275 3.8708 3.2852 1.6863 3.1973 3.0348 3.1759 3.4740 4.9577 4.4885 0.3481 4.1964 0.2541 1.2850 0.7388
3.2001 0.4264 0.3005 5.7173 6.0696 5.6859 4.5675 4.3125 4.6943 4.0082 3.5050 3.0016 3.5214 3.9506 3.8477 1.4515 4.7236 5.6632 5.7871 0.3745
0.8856 0.6315 1.4125 5.6375 5.4099 0.2589 5.4551 5.3077 5.8473 4.4479 3.7515 4.5165 5.3525 1.1353 3.6443 2.1168 4.3538 5.4124 6.2193 0.0694
0.1299 1.7834 3.2606 4.5932 5.8699 5.5693 0.1243 1.2161 0.7447 5.0039 3.9747 3.8117 3.3730 4.1407 3.4533 4.3017 0.0963 5.3566 6.0099 6.1643
0.6143 0.7663 4.6264 5.0968 0.1019 1.6322 2.2193 1.6473 1.1918 5.6242 2.5904 2.7910 3.3939 3.4203 3.0103 4.2487 2.1476 6.1653 4.3850 5.9243
0.7201 1.2829 1.2278 0.9899 0.4796 2.6088 3.0024 0.7434 6.0375 6.1072 4.6214 3.4958 2.7609 2.2533 2.7302 3.2737 2.6656 0.2315 5.9197 0.1002
0.8638 0.4769 0.7030 6.1223 2.4587 2.9259 2.6384 2.0788 5.7716 5.5533 4.3973 3.2234 4.0983 0.4376 3.1966 3.5549 4.1582 5.1763 5.3094 0.9068
5.2803 0.8625 0.0054 6.2092 0.8070 4.8127 2.1955 1.1573 1.2182 6.1343 3.2527 4.1529 5.0794 4.7192 4.4444 3.8354 4.9212 5.4090 3.9872 0.1306
0.1926 5.0616 5.4588 5.7724 6.1820 5.2827 5.8773 0.7396 0.6810 4.7312 3.8431 5.1786 5.1607 4.5909 3.9758 4.0540 3.7922 5.2658 4.9337 6.1352
5.9031 0.1793 6.1768 1.5748 2.6526 4.9168 0.7090 1.1187 2.6405 2.6907 4.0431 5.3237 4.1599 2.9953 5.1062 4.1648 4.6539 4.5524 5.3507 5.6597
