1.7162 5.8632 0.3133 1.6165 3.1013 4.0337 4.5893 1.9765 1.3158 0.8262 2.2291 4.2931 2.9714 3.7533 2.1145 0.4096 0.2053 1.6198 6.1002 0.4137
4.8979 1.6647 1.2585 1.5806 3.1979 2.6642 1.3585 1.2801 2.2485 1.9387 4.7305 4.3048 3.7430 2.5381 3.4898 2.4935 0.6025 0.0052 0.9929 1.2101
0.6407 1.5630 0.5513 0.2370 5.8920 5.9394 6.1821 0.7782 0.8917 3.0659 4.0199 4.5635 5.4336 5.4069 4.1548 5.4329 5.3209 1.1026 1.8889 1.0140
1.0159 0.1116 5.9420 5.3083 5.5821 0.7736 4.9816 5.6594 2.3142 3.9400 4.3608 4.7481 3.5900 2.3575 0.1052 4.8973 4.5027 0.8294 0.1491 1.0527
5.9571 0.2314 6.2140 0.3626 5.2638 6.0750 0.0062 6.1720 4.8449 4.9482 5.1885 4.8702 0.5002 0.6319 1.5509 2.4731 2.9939 3.9088 6.2757 0.2696
5.6267 5.4895 6.1610 5.1425 5.2743 4.6780 0.0787 5.1559 5.5683 4.9726 5.1826 5.5816 5.8943 3.6759 1.5709 3.4558 3.3885 2.8116 1.0320 6.2675
0.0369 0.2796 5.6343 4.7559 5.6881 5.2498 1.9678 4.2979 5.2427 5.6645 5.8871 5.9613 1.1969 3.0043 3.8211 2.2394 5.3230 2.7653 1.3046 1.6302
5.9076 0.1605 0.1166 6.1882 5.9810 0.5374 3.2576 4.6194 5.0413 4.4219 0.7362 1.1991 1.3298 1.9715 3.6574 4.1692 4.4636 0.3621 2.7521 1.7717
4.7033 2.2335 3.4695 5.0334 4.0752 5.2780 5.5203 2.0234 0.0848 3.4724 1.6918 1.5367 0.9667 0.9450 4.0922 3.1648 1.9221 1.9342 1.8071 2.0825
4.1996 1.7408 6.1598 3.7842 3.8437 4.3700 5.3017 5.5517 5.8898 4.3818 4.9547 1.8239 1.3082 2.6351 2.2743 2.7857 3.2977 3.2038 5.4766 5.7707
4.3780 1.5683 1.1204 3.1953 3.4164 4.0664 3.3776 5.4867 5.7444 5.7718 5.9753 0.8037 1.7865 2.3381 2.7534 2.9555 4.1504 3.4424 4.1863 4.9418
2.5893 1.4417 1.1789 3.3575 3.9735 3.9409 4.7920 2.9108 0.9399 0.6470 1.2135 6.0658 0.8193 1.1575 1.6548 2.4008 2.5704 4.3707 4.3196 5.5865
2.3674 6.1496 6.0623 4.9455 4.2050 4.3978 2.9853 3.1352 1.5657 0.5542 0.3341 5.5591 6.1829 5.9077 2.4260 3.2513 2.9736 4.0969 4.6192 5.1976
1.5926 2.1474 4.1059 0.4037 5.4029 4.9635 5.1880 2.4262 2.2374 2.1641 0.4705 5.4780 5.3131 4.6288 2.9396 3.3383 5.0087 6.1371 1.1787 1.9276
5.4523 0.0754 3.3749 0.1800 5.8834 6.1218 0.9714 0.2900 0.6836 1.8540 1.4521 0.7917 2.4333 3.6207 3.0493 2.7871 2.2986 1.2415 1.6157 1.8156
6.1067 0.1743 3.1403 0.6601 0.9310 1.3871 1.5395 1.4024 1.6524 1.5838 2.9348 1.7292 5.7687 2.5413 1.8173 2.9663 3.0114 0.1719 0.1985 0.1779
0.2862 0.6376 2.6367 1.4763 1.3154 1.8945 2.6236 1.0322 1.6331 1.7732 1.7763 2.0125 0.8597 1.6907 1.6749 2.1836 1.3529 6.0933 0.9287 0.9417
6.2332 1.2001 6.0399 0.0382 1.7736 1.7169 2.5851 1.6811 2.0134 0.5016 2.1542 1.4141 1.7612 1.7712 3.5953 4.7010 0.5839 0.3559 0.4056 0.2024
6.0171 0.0695 0.0646 5.8109 1.3469 3.0923 3.0418 1.6138 1.0013 6.1949 6.2431 1.3525 0.5013 1.3672 5.7933 3.0170 5.2178 6.0385 6.1962 0.0537
6.0012 5.4545 0.2714 1.3816 2.6120 3.2545 4.3290 5.8380 0.6323 6.0934 2.7214 1.0003 2.3469 5.6255 6.0828 5.8599 0.4025 0.6764 1.4663 2.7905
