3.3754 5.7514 5.2664 6.0274 1.5585 2.6608 4.8826 4.6810 3.5291 1.4673 3.1455 5.4156 5.5998 1.5270 2.2005 4.6476 3.0741 3.6050 3.2611 4.0033
3.3277 1.3195 5.2239 4.7196 1.1697 0.4021 5.3203 4.1745 2.7622 2.2529 1.2824 0.7787 5.8237 1.7396 3.7294 5.8899 2.8111 3.2916 3.5276 5.2916
2.7985 0.8196 5.3131 3.3157 0.8231 5.2751 5.5181 2.8093 2.5452 1.8519 1.0919 0.6255 5.4970 0.6681 2.0376 0.5273 3.8500 3.2875 3.3726 3.6008
2.2806 0.9638 6.2686 5.6131 4.1930 1.8980 2.2047 2.3747 0.2206 0.2663 5.1261 1.8907 2.3805 1.0185 1.7302 4.6655 4.3851 4.1023 4.2913 3.2604
1.9132 1.8322 0.2312 0.5226 6.0838 6.1282 0.1232 6.2688 0.3503 5.8415 5.8801 0.8222 1.5621 1.5178 2.1142 5.0213 4.8146 3.8150 4.1449 3.4629
2.7661 2.6771 1.3050 5.9385 5.2465 0.0645 1.0128 0.4565 2.0102 0.3968 0.7354 1.5801 0.5266 0.5129 1.7562 2.6673 5.0239 4.7568 2.5702 3.0877
3.5630 3.1653 2.3564 1.1799 5.4703 5.1079 5.8724 4.7132 5.0865 5.3554 4.6741 5.7743 1.0192 0.2413 1.2528 0.4376 0.1859 1.0308 2.4796 4.6323
3.0911 3.0547 3.0953 3.3762 5.3880 4.5116 5.3561 4.7806 5.6265 6.1856 0.3241 5.5952 4.2338 6.1717 0.2438 1.1354 0.2711 0.8653 1.5907 1.9399
1.6003 5.7347 5.7134 5.8114 5.7563 0.2733 5.1287 0.0931 0.2729 5.8420 5.3857 4.5890 5.5643 0.6039 5.6547 2.1271 1.0833 1.4803 1.6215 1.0562
1.2450 2.2838 0.7481 5.8807 0.1432 0.0182 0.8170 5.6471 5.6614 5.4988 5.9495 0.0537 0.4368 0.5010 5.9850 0.9988 2.0103 0.4898 1.0822 2.0162
0.7153 1.4437 0.1572 5.3213 5.9984 6.2261 0.2587 0.2054 0.5721 5.7437 5.9081 6.2601 6.0117 1.8778 0.3736 1.8176 1.4192 0.0498 1.6508 1.9951
1.7644 1.8935 5.5309 5.9909 4.7383 4.8717 4.5820 5.9025 0.0817 1.5211 2.2308 1.0623 0.5108 1.8854 0.2260 4.7312 2.3745 0.1221 1.0334 2.2094
2.2859 0.8139 5.2887 5.9618 4.6276 5.3077 4.4121 5.3877 5.5736 4.9737 0.5332 0.0121 6.1532 1.4386 1.4597 3.5791 2.9003 1.0067 6.1533 1.7882
2.8634 3.6062 4.9086 4.6345 1.2706 1.7306 2.0224 2.9700 4.4766 4.8080 0.2359 6.1252 1.1809 0.5792 5.1788 2.7384 3.2224 2.4553 0.7034 1.9434
1.9343 2.3381 1.5566 2.7289 1.3114 2.6665 2.3370 2.2827 1.9228 5.8902 4.6450 4.2563 2.4968 3.0349 4.5532 3.2981 0.0117 0.6650 1.6675 2.0346
1.3953 0.7415 1.4298 2.7496 2.1904 3.0255 2.3493 2.3834 2.0776 1.0062 1.8931 2.9433 2.7112 3.3480 3.4395 2.8525 2.2465 1.8333 1.9931 1.3900
2.4449 2.7382 1.6211 3.6534 3.7856 3.0171 2.5608 2.8297 0.9043 1.0461 1.5600 1.4807 2.0708 2.6442 3.6449 2.8975 2.9913 1.5056 0.9904 1.9292
1.9990 3.8736 2.9005 2.9757 1.2821 2.4346 2.9732 2.0396 2.1653 5.5918 0.6594 0.8649 2.1116 1.3263 3.7724 2.3147 2.1021 1.4842 0.5855 1.7459
4.0348 4.6120 4.1139 2.7499 1.4003 1.6560 3.4898 1.5198 3.1515 1.4916 2.6650 0.2287 1.0297 0.9259 3.1207 4.4000 3.6520 3.7090 1.5159 2.5579
4.3990 4.9417 4.9261 2.0036 2.1621 1.9552 3.4626 2.7680 3.8196 1.8087 2.8065 3.9885 5.6567 0.5567 3.8854 3.2550 3.1782 3.7237 2.4184 1.9183
