2.6770 3.9345 3.5855 3.0009 2.5496 3.9028 4.0704 5.1143 1.6798 2.6971 2.8892 2.8406 2.4983 2.3015 1.5055 2.6366 1.5914 2.9883 1.6407 2.9779
2.1572 2.5095 2.7135 2.5339 3.2712 2.8752 4.5446 5.8131 1.6081 3.9602 3.9354 5.9616 1.3268 1.8822 0.9774 2.0866 2.1678 1.9713 3.0079 2.3352
2.7868 3.3558 3.6945 1.3141 5.1247 6.1180 5.5453 5.1717 6.0697 4.6977 4.6300 4.8901 1.2467 1.1799 0.7864 2.3812 1.3615 1.2802 2.6917 3.5085
3.2534 3.4063 4.0065 4.6079 1.2858 6.0165 1.0995 1.0415 1.8534 4.5367 5.1122 0.2400 2.5481 3.9436 2.2467 1.2415 0.5019 4.2505 3.0369 2.8167
5.3189 4.4842 4.7282 4.0309 4.9960 5.3514 5.8649 0.0293 0.2923 0.6290 5.2356 1.3384 3.0353 4.1607 3.2396 3.2188 1.8162 4.6333 4.9409 4.8373
0.1065 5.1654 4.5951 2.9351 4.5818 5.6515 1.8163 2.7742 2.6423 0.2511 0.4918 3.0765 2.8076 3.7686 2.9170 2.4164 1.2256 4.0647 6.2064 5.3199
0.6732 2.1692 2.9296 1.8687 1.6289 0.1973 3.3198 3.0595 3.2300 1.2766 6.1629 1.2997 4.0567 4.3055 0.8385 1.4852 1.7719 2.1380 0.8173 1.0030
1.7415 3.1887 2.9554 1.3014 1.6148 1.3350 1.2585 3.3281 3.5218 6.0231 0.3115 6.1433 5.7654 4.5019 6.1688 0.7321 2.3693 1.2274 0.9202 2.0421
1.7518 2.2170 4.5393 5.8432 4.5741 4.5670 4.3439 1.1374 3.1742 4.8833 5.2783 5.6236 3.6056 5.7686 0.3514 0.8099 1.5639 0.1611 6.0531 2.8754
1.2060 0.6402 0.5804 6.1287 4.7192 4.9738 4.8727 4.5292 4.1745 4.5416 5.2849 5.1160 0.0212 0.0889 1.1337 0.9655 1.9261 3.3561 3.7803 0.6151
2.2114 2.2656 0.6839 0.7115 4.5435 4.8002 5.5630 5.6156 4.0734 4.8973 5.4833 3.7013 0.2032 1.3182 0.7603 4.0651 3.4971 3.1258 3.8542 3.9036
3.6128 2.6103 3.1776 2.6410 1.9924 6.2158 5.0870 5.3005 4.1560 4.3173 5.3366 2.9359 1.1092 5.2412 3.6646 5.5948 3.8117 4.5573 4.6102 4.7804
1.7413 2.9130 3.5781 1.7677 1.1408 1.5999 2.6254 0.0050 5.7953 6.0199 0.8199 1.7022 1.0572 4.9209 4.9230 3.9462 3.2228 4.5107 4.8196 5.5199
3.5218 3.9714 3.2181 4.0072 2.7062 2.3376 3.5778 0.3235 5.2231 1.0346 0.5258 1.9096 0.7776 2.9586 2.8535 2.7485 3.4537 5.1681 5.1136 5.5759
3.8286 5.0053 3.1358 2.8106 3.3186 3.3088 1.9588 0.4530 2.1279 0.4903 0.9003 0.7701 5.5729 5.2205 0.7891 5.0858 5.9660 0.2141 5.6904 5.2374
3.4153 3.6696 3.9784 3.2907 2.1077 1.4123 0.6636 4.5097 3.4524 5.2343 5.9126 5.9384 5.7604 0.0545 0.3296 5.5011 0.3766 5.0062 2.5577 5.2072
4.2826 3.4922 5.0418 5.4742 3.8766 3.8512 3.8406 4.3615 4.5956 0.5938 5.8027 6.0087 5.6380 0.6831 1.1204 3.9540 4.6131 3.7632 3.8579 4.8125
5.1612 4.6968 4.8712 3.4011 3.7662 5.3636 0.6726 5.1901 5.2060 4.5242 2.5567 1.3602 0.9984 0.7458 5.9958 2.8952 2.4120 3.1466 3.7136 5.3708
5.5274 5.3391 3.7271 2.9989 3.1434 4.8143 5.4799 4.6670 5.5007 3.5723 3.0680 2.1661 3.5726 0.4863 0.7872 0.2424 1.2195 2.0413 2.2383 3.2523
2.7621 3.6589 3.5303 2.6153 2.6453 3.7540 4.9735 4.6767 3.6404 4.4292 2.8950 3.3871 3.0797 0.1719 0.0911 1.1727 0.9317 2.4864 2.1723 2.9189
