2.8610 3.0302 5.3878 5.9139 6.1797 1.7237 5.7232 2.2443 0.2438 5.7538 0.2329 4.8938 3.2204 4.7359 5.4435 4.6067 2.6216 3.7584 3.1561 2.9859
3.2299 2.0090 0.8423 5.8567 5.5636 1.5953 1.1582 1.1219 5.7680 1.8274 1.3505 3.7238 3.0334 4.8020 3.4676 5.3594 1.3961 0.7003 2.5942 4.3712
3.0513 2.2639 2.4242 2.2368 0.6435 0.7253 1.6946 1.7517 2.0633 2.6779 1.1898 1.7126 3.5910 4.3931 4.8303 3.8608 4.1788 3.0808 2.8524 3.7772
2.6262 2.4091 1.5621 0.8785 0.6823 1.3495 1.3283 1.2699 0.9191 1.7851 3.2265 3.8141 4.3269 4.9988 5.3181 3.3195 3.4611 1.4166 6.2670 5.3621
4.0984 3.6549 3.4166 4.6923 0.8530 2.0980 2.5797 2.2395 1.7231 2.2358 4.8158 3.4334 2.3975 2.4487 2.5329 2.6135 0.2796 5.9275 5.8199 4.5903
0.5784 1.4916 4.7125 4.5543 1.5958 1.2460 1.8229 2.4193 1.6584 2.7300 5.2094 3.7174 3.9580 2.0090 2.7304 1.3590 0.0507 0.4273 0.1780 1.2442
4.1913 3.2666 3.5219 5.1262 5.1492 2.0697 5.9892 2.4314 1.1022 3.6521 3.6584 3.5092 3.7783 3.4531 2.1463 1.7585 5.9851 6.2145 5.6576 0.1683
5.5196 4.8801 3.6196 5.0556 5.5147 4.3538 3.3061 3.4790 3.4548 3.3043 3.1933 3.1057 4.2512 3.7870 0.7340 1.5061 6.1761 0.0625 5.8787 0.3596
0.3159 5.2254 5.9881 5.6963 5.2054 4.1759 2.4031 4.5691 3.9851 2.5243 4.8416 5.0068 4.2510 5.5873 0.1082 0.0619 0.1645 0.6603 6.0244 0.3639
1.1632 6.0532 0.4040 5.9292 3.9756 4.0452 3.9867 4.4774 2.9575 2.6208 5.6920 0.6186 0.6473 4.6695 1.7018 5.4855 5.9071 4.0353 5.0808 1.1987
0.4370 0.0118 1.4012 1.3826 5.6179 4.1819 3.5619 4.7882 3.3030 2.4822 4.0797 3.4873 3.5421 4.4845 2.2856 4.1992 3.2320 4.9445 1.5992 0.8092
5.5634 0.1091 1.0180 5.6428 4.6174 4.2924 3.1140 4.0161 4.9266 1.9967 3.6254 3.8468 3.7344 4.2067 1.9386 2.6867 3.1763 3.7586 3.3259 5.2577
0.7641 1.4168 1.4526 0.1398 4.3535 5.8108 2.4564 2.3955 3.6439 2.9033 3.3611 2.6181 4.4423 3.5978 1.7944 3.0811 3.5333 2.2900 3.9025 1.3661
0.7894 1.2305 5.4074 5.1825 5.2748 6.1195 4.6839 1.9884 2.2669 2.1646 2.9378 2.0331 4.1308 4.7018 4.3441 2.5844 2.1509 1.8439 3.1948 3.0150
1.2149 1.5321 5.9365 4.1346 4.5970 0.1043 5.5982 3.2777 2.5256 2.6060 2.1282 3.2088 3.0474 2.8396 3.7879 5.7087 1.7088 1.7287 2.1553 2.2728
5.4868 0.5392 5.7534 5.6451 0.2841 0.6714 1.9655 2.4928 1.1954 0.9767 1.2591 2.7953 3.5734 3.0535 1.6652 0.5058 1.2021 0.0268 5.0502 3.6896
2.3524 1.3942 3.1808 3.4190 5.4921 6.0377 0.8150 1.7923 1.2590 6.0459 6.0444 0.0975 4.4907 0.2396 1.5539 0.7066 1.3216 0.7113 4.1817 3.7830
3.1442 2.4733 2.6915 5.0889 0.2173 0.8545 1.2182 1.1748 1.0539 1.2468 5.7613 0.1573 5.4554 0.0254 0.9773 1.1273 0.8658 0.6977 3.2231 2.5623
6.1280 2.3662 2.1524 5.7243 5.8213 2.3563 5.6904 6.1015 5.0035 5.0074 6.0070 0.6563 1.3945 1.0076 0.0996 2.2297 2.1151 0.7990 0.6059 1.3688
2.1756 2.5753 4.2246 5.7125 5.6378 4.5735 0.0600 5.3300 5.7288 5.9703 5.6131 5.4715 0.5975 3.1231 0.1862 3.2898 3.1795 5.8202 1.7136 1.6306
