0.5364 5.9122 0.1967 5.5864 4.1876 3.6613 5.6300 2.7061 3.8953 2.0279 4.2719 4.5420 6.2801 5.0930 3.3439 3.4123 0.3788 0.0637 3.7420 6.2586
0.5419 1.2125 4.5755 4.2943 3.7626 4.0568 5.0198 5.3789 1.8206 0.2304 1.8260 0.6883 5.6586 3.9381 3.8291 4.5490 5.2781 4.8952 4.2138 5.2881
1.0167 0.7409 5.8820 3.7815 3.0205 4.7215 3.6538 0.2690 5.0054 5.2925 0.7460 1.2462 5.7935 4.2967 4.3121 4.4501 3.8446 5.2358 5.4263 0.3979
0.6548 6.1800 5.8393 5.8438 5.6537 5.6108 4.1647 4.7972 5.4209 5.6422 6.0126 0.0153 5.6450 4.8518 3.6555 4.4999 3.6282 1.6596 1.6783 1.0845
6.1979 6.0693 6.1687 3.5502 2.9288 2.9665 3.1967 3.1345 5.8786 0.4923 4.7562 3.1440 2.0852 2.7436 3.9823 4.3744 0.3521 2.1443 1.4860 0.2279
1.2469 1.7034 4.2627 3.4074 2.7342 2.7443 3.0336 2.3779 0.9400 0.5403 1.1554 3.2990 1.8977 4.2667 4.6237 3.5495 3.9520 3.5375 2.0163 6.1557
1.6776 1.8393 1.9015 1.6724 1.3434 2.2689 3.3652 3.1342 1.6903 1.3022 1.7086 4.5557 3.3312 4.0701 4.4909 5.1768 3.6607 0.9806 1.9898 1.3697
1.1774 3.5687 2.5544 1.7531 2.4964 2.2713 2.2872 2.3558 2.5265 2.1701 3.3358 3.5083 4.1058 5.0722 5.2681 5.5546 5.9106 1.2217 1.6132 0.7775
1.4958 1.4804 0.7032 1.4924 1.2234 2.4914 1.6395 2.1758 2.4052 2.2854 1.7924 2.2840 3.9454 4.4608 4.3030 5.3242 4.8217 6.1327 1.9498 1.0546
5.7658 0.5438 0.7827 1.3588 0.5074 1.5421 1.9210 1.1118 2.6926 2.8893 0.6549 1.3422 4.4322 5.2913 3.8480 4.3146 5.2332 1.5245 1.0973 0.0593
5.9393 0.7138 5.9164 0.6347 0.4286 0.8150 0.7604 0.9632 3.9079 2.6265 0.8332 0.4521 0.3906 0.2964 2.7350 3.2322 3.7068 1.3354 4.8162 5.1967
4.5212 5.9360 6.2467 0.0060 5.7000 6.1245 0.4391 1.3158 1.3807 1.1100 5.8018 0.4645 5.0145 6.0669 5.3998 5.5446 4.9756 6.1185 5.5780 4.0367
5.4968 5.1496 4.8307 4.9573 4.2677 4.6959 6.0231 0.4833 1.3024 0.8332 4.7910 5.3054 5.7163 1.2370 5.9940 6.1360 4.7803 0.4283 1.2568 4.5239
5.1760 4.8347 5.2897 5.2390 4.7830 4.3969 5.2836 0.5850 0.9975 0.3965 1.8935 5.5426 1.3056 2.6620 6.0028 5.6570 4.5696 5.7195 0.3648 4.7238
5.4668 3.9939 5.4552 5.6245 5.0537 0.1629 0.6821 0.8083 0.8599 0.0724 1.1957 6.0416 1.4501 1.3203 0.5951 1.0342 3.1522 3.7492 2.5090 0.7910
5.6470 6.0582 5.9941 5.6110 5.3539 5.8080 5.7687 1.2548 0.5508 4.0264 2.0150 1.6247 1.2985 6.1285 6.0516 6.1431 0.1022 0.1395 0.0207 0.9371
0.9560 5.8610 6.1597 0.4011 4.8620 5.6778 4.4243 1.5622 2.2896 2.1421 1.1782 2.0009 5.9284 0.1245 6.0943 0.6864 3.9287 1.4251 1.1289 1.6589
0.8930 5.2419 4.3170 6.2761 5.0938 5.4033 4.9818 1.4452 1.0754 1.8501 1.4656 6.2475 5.8569 5.3937 4.9839 5.7515 4.3043 2.5624 1.4103 1.9250
0.9911 4.8708 4.4328 0.7872 0.2278 5.6408 5.7741 5.1051 0.2812 0.2680 6.2012 5.8004 5.9035 6.1589 4.3540 4.9691 4.4955 3.8986 1.1936 1.3671
6.2165 5.6889 5.5772 1.1275 1.4296 5.2572 5.3635 1.7172 2.3482 1.9384 5.9445 5.5658 5.5314 4.2295 3.7833 4.3775 3.3090 3.3151 5.6851 0.9852
