5.7074 5.4220 3.6848 5.9314 0.4950 4.5965 5.5875 0.7007 6.0368 0.1414 0.0881 5.7992 5.7773 0.3185 0.1205 0.0732 1.3910 1.0164 3.1266 2.6897
3.9368 2.0373 3.7808 2.5543 3.1896 2.9713 2.4057 5.6997 4.8535 0.6778 0.1660 4.7225 0.1763 6.2415 6.0173 5.3019 0.4273 1.1129 2.5940 3.1112
4.2228 5.2076 3.9157 2.3291 2.6651 2.3079 2.4607 5.2799 5.1725 6.1485 5.1697 5.2535 5.4671 5.3704 1.5287 3.8254 0.8643 2.5452 2.7667 3.1430
0.0163 5.2481 4.7285 6.1754 0.8090 2.9237 1.1963 4.5675 4.4409 4.2959 6.2592 5.3277 5.3595 4.8955 4.8449 5.5993 1.2343 2.0188 3.4538 1.3129
1.2776 2.6586 4.3083 5.2763 4.2732 3.3293 4.8369 4.9513 5.4088 1.4229 4.9961 5.9000 4.8442 5.3178 6.1483 5.0214 1.7319 1.3757 5.5612 1.7498
1.5310 2.8774 3.0884 4.9464 4.6199 3.3460 3.1641 0.7498 5.4809 5.2846 4.8671 5.8519 5.5447 5.8519 0.4516 5.4596 3.6192 0.8197 2.0684 2.0112
6.1344 1.4589 3.7240 4.4698 2.2868 1.7394 1.5560 1.8377 0.0474 5.6878 5.8536 6.0365 0.3557 5.9173 5.5311 5.9629 0.2984 1.2026 2.1557 0.2513
0.4062 3.0209 3.7029 4.7091 4.4281 2.2217 0.5915 0.1942 5.3119 6.0024 5.8700 6.1014 4.9408 4.7967 4.3426 5.8087 0.7766 1.7186 1.7005 1.4659
1.9521 1.9598 2.4097 1.4691 2.8635 1.0781 0.3721 6.1108 4.5434 4.6335 5.9595 5.8527 5.4364 3.5919 6.0136 5.7950 0.6664 0.8840 0.5226 1.1513
2.0756 1.9731 1.6048 2.2732 0.3526 0.1403 5.4140 5.5665 5.7755 5.6526 1.9495 0.3558 5.9793 6.2377 0.5666 1.0774 0.0051 0.2980 6.2226 1.3474
1.9796 0.5996 4.3552 1.7955 0.4783 5.1099 5.4886 6.1740 0.6483 5.9290 1.2120 4.1152 4.6015 0.2958 5.6832 1.4080 5.9639 0.2623 0.3899 1.9435
2.6469 1.6842 2.6615 1.9437 0.9961 0.5217 0.2438 4.9037 3.6638 5.9707 5.5398 4.6200 4.8237 1.4944 1.8830 0.7562 6.1153 0.4497 1.2723 2.0535
1.8871 1.9535 2.4117 0.7548 0.6882 1.3563 1.7495 2.4718 3.5556 4.1779 3.2213 4.2109 4.2899 2.7880 2.4163 2.3913 1.9411 5.9889 2.2063 1.2642
2.8158 1.7608 1.0936 1.0173 1.6381 1.2879 0.4965 6.2115 4.6056 5.0328 3.6516 4.3648 3.6361 3.1013 2.4537 1.3639 1.2061 0.4543 2.1244 1.5830
1.8088 1.4252 1.7717 1.3118 1.2571 0.7975 1.3296 5.8947 4.9889 4.4326 1.1187 4.2816 2.6213 3.1810 1.3168 1.8523 2.0112 2.1986 2.7452 1.7873
2.1976 1.2286 1.9139 2.1087 1.1304 0.5746 1.7866 0.5087 5.9634 4.9713 5.5141 4.6394 3.9582 2.9793 1.6782 1.8243 0.6406 1.2921 4.8563 2.0667
5.4767 2.4186 0.8125 1.6887 0.8811 0.6256 1.3196 1.5660 4.3491 3.8436 4.5195 3.8089 2.7026 3.0872 3.0251 2.3403 5.7583 6.2417 4.9329 4.0837
4.7714 2.5621 5.6590 2.6628 2.6205 3.0765 1.5691 1.2726 3.2469 3.8329 3.6273 4.7107 1.7672 2.6200 1.3474 1.7880 2.1551 0.6292 5.7633 5.0638
4.7397 1.1436 3.2226 3.1219 4.1308 2.2703 0.7925 1.4903 4.6154 4.7572 3.7703 5.9774 1.3575 5.7751 1.3629 1.7524 2.5492 0.0952 0.4558 4.8038
5.7599 5.5183 3.8181 3.0156 4.2453 4.7637 0.1077 0.4227 5.4110 5.1711 5.6822 5.2488 2.1637 1.2060 1.8211 5.3920 1.0473 2.8786 3.0547 2.2734
