0.9949 1.9880 1.5749 1.0007 1.9709 6.2688 0.5428 1.1237 1.0582 3.3829 3.4562 4.0273 4.6883 4.2482 4.3312 0.0254 5.0568 1.4997 2.1425 0.7381
2.2947 1.8709 1.3245 2.2232 1.5339 1.4367 1.3587 1.2230 1.0738 2.8822 1.6743 2.8604 4.2138 5.0069 3.6903 3.0045 2.5709 2.3839 1.3977 1.1931
3.1177 2.8849 1.7748 1.5110 0.7530 2.4873 2.3806 2.0578 0.9928 1.3808 2.9089 4.0045 3.2276 2.7283 2.9507 3.3480 3.4731 4.3472 4.0799 3.1960
2.4110 0.7989 1.4676 0.8880 1.0023 0.1325 0.0279 1.8156 2.4175 2.4678 2.7587 3.1563 0.6404 2.7245 2.0116 1.7142 1.9634 1.9785 2.7182 2.2157
3.7695 1.0706 2.3384 1.9551 1.1797 2.8035 2.3538 0.0981 0.9549 1.2816 2.8396 4.6307 5.9779 5.4145 3.7970 1.8411 0.4674 2.9114 2.6306 5.8319
4.0537 4.4844 2.9651 3.3358 3.0907 4.0837 1.2688 0.6790 0.2536 0.4349 1.4376 5.3929 5.9840 6.0639 3.9439 3.4426 3.1571 1.4789 0.3539 3.7145
3.1076 2.3007 2.4770 4.0667 4.2251 3.8142 2.0357 0.0011 0.2027 0.1759 1.4576 6.2478 0.1125 2.9767 4.6066 4.1341 4.0816 4.2285 0.1933 3.2118
4.3264 1.5592 2.0383 2.6762 4.5521 5.7984 3.2731 2.0397 1.5349 2.8348 2.1041 3.9975 3.2338 4.0378 4.3957 4.0170 5.6873 6.0295 4.2550 2.8616
5.7363 3.6636 2.8985 2.4823 4.1930 2.6758 2.3548 1.9087 0.9793 1.8130 1.4135 5.6358 1.8470 3.0788 4.6610 3.6474 3.2325 3.3896 4.0433 4.0750
3.0349 2.2108 2.1970 2.4045 1.8790 2.2582 1.5824 2.2128 0.9117 1.8637 1.7232 1.9902 1.6269 2.4451 2.6201 3.7774 4.2849 4.0855 3.8924 4.2220
2.7702 1.9719 2.3745 0.2107 1.0540 3.2171 2.4682 1.9686 1.7799 1.1493 3.0437 2.0660 2.3522 2.4245 2.1350 4.6613 4.7997 4.6611 4.7283 3.8361
2.6925 0.6719 0.2608 5.7676 4.9195 0.0585 0.9268 0.7569 0.9276 0.3989 0.6021 0.4033 0.6213 2.1279 0.3742 3.9689 1.6287 3.5719 2.8156 1.7236
3.6400 1.1061 1.0788 5.1057 5.5380 6.0861 6.0136 1.3517 1.9058 1.8220 3.2717 1.8508 0.4718 1.2517 5.8476 0.9401 1.4623 0.9887 1.2507 3.1244
1.0443 1.8925 3.1430 5.4788 4.2649 5.0356 6.0616 4.5958 1.9601 1.5105 0.6058 0.8051 0.2367 4.8491 5.8388 2.5347 2.7093 0.6285 0.0108 4.6579
0.1784 6.1585 0.7754 5.4139 5.0927 2.2562 0.1074 0.6647 1.7307 1.2960 0.6605 1.1071 0.1336 5.6930 5.5107 0.4447 0.7400 1.0188 5.5755 6.0723
5.7576 0.3240 1.2329 1.3112 2.0225 4.4987 5.8086 0.6405 0.8442 1.2170 0.8840 1.0139 5.7087 4.9628 5.5888 5.4542 6.1584 5.9453 5.9787 5.9286
4.6159 0.3922 0.9981 0.8549 1.3115 4.8938 5.8345 0.5746 0.6235 0.7833 0.6191 1.6935 4.5132 0.3758 5.3883 5.7307 5.7684 6.1710 5.0680 5.4524
5.6763 6.0940 1.2066 1.1875 5.4817 0.2184 0.2986 1.0936 0.8013 0.5146 5.3550 3.2347 2.9417 3.2529 3.4247 0.3134 6.1301 5.3950 5.8861 6.1337
1.1324 6.1172 5.8460 0.8954 0.6670 5.8656 0.4341 6.2504 6.0460 5.7272 5.7653 5.6006 3.2678 2.6500 3.4983 4.7082 3.2406 5.1103 0.0526 0.4795
1.3119 0.7649 0.6343 0.6176 6.2203 0.4678 0.8060 0.4042 5.9968 4.5292 4.2409 4.3126 4.0916 3.5108 3.2691 6.0086 5.4753 0.3757 1.0834 1.8859
