4.3148 5.9973 0.4618 1.9962 1.2825 3.0606 4.0408 3.2703 4.0548 5.4643 0.4965 1.1581 1.0093 2.5889 4.3433 5.9487 0.1216 0.9156 4.9648 4.7578
5.2955 5.8340 0.0150 0.4699 0.2594 6.0385 4.8639 4.6619 3.7955 3.5998 0.3554 1.3185 0.0082 2.4117 1.9595 6.0492 5.1906 0.1289 5.8498 5.5201
4.3112 5.1978 5.6518 0.0651 1.2281 0.7466 0.7680 0.8068 0.6746 2.1473 0.5486 6.2760 5.8491 2.0780 2.4801 3.2495 5.1019 5.3396 4.7367 4.1191
4.3459 0.3052 4.9656 4.5395 0.5584 1.5881 3.1863 1.2479 0.6188 2.1439 1.2225 2.9561 1.7107 1.6167 3.3275 3.7863 1.8410 4.4360 5.0164 3.9620
4.3586 4.9791 3.8006 3.4487 2.6087 2.6235 2.8070 2.5132 1.0312 1.1886 0.6543 0.4311 1.7699 0.3871 5.8169 4.0275 0.9299 0.0358 1.0652 6.0179
0.2240 5.6664 2.0392 2.0263 2.0010 2.4418 3.8557 2.2888 0.1364 0.4219 6.0113 5.0837 0.6507 6.1851 0.6283 2.6511 2.4457 0.2762 0.6339 0.1811
6.0382 3.9324 3.7065 2.7550 2.6158 1.2059 1.5108 0.2551 3.7746 4.5202 5.2842 4.5858 0.2399 0.6041 1.9668 2.2885 3.4928 0.9903 2.4016 6.0815
0.3663 1.7936 1.7769 2.1537 1.9829 2.4733 2.1452 4.8317 5.0211 5.0673 3.2583 5.0143 4.9363 1.9718 2.4061 1.6796 0.5061 0.7667 0.1857 5.4896
0.8864 1.3556 1.4593 1.4386 1.2774 3.8980 1.3287 0.0705 4.8132 4.3695 3.9530 3.9039 3.4059 2.3956 2.9708 0.0066 5.3794 2.4149 1.2354 0.8250
0.3437 0.6287 1.2796 1.3799 0.4656 2.8746 0.4273 0.3626 4.8364 5.8808 5.7536 5.0226 4.2274 3.2399 3.3805 1.0231 5.9940 0.8718 1.2115 1.0379
2.9576 2.9621 1.6417 1.0088 1.4116 1.9462 1.6530 6.0856 5.4186 6.2537 0.1587 4.3568 5.2913 4.6924 3.3203 2.2865 0.9892 0.2031 0.8899 0.8268
1.9674 2.7227 1.2471 2.5525 1.6601 1.2178 0.2310 6.1416 5.8976 5.9129 6.0823 3.7171 4.0877 4.7520 4.6438 2.4970 2.0967 2.7041 2.0447 1.1573
2.3312 3.0401 0.6796 0.0814 0.4783 0.6907 1.6353 1.5709 0.4484 5.6549 5.6289 5.4776 3.2556 4.7880 5.3020 1.0057 0.5476 0.9613 2.0261 1.8514
2.4234 2.5155 6.0464 5.5639 4.9660 4.4302 2.8640 2.5719 1.9545 5.4830 6.0275 5.7887 4.8925 4.8113 4.6644 6.1458 0.7264 1.4646 1.7642 2.2771
2.3110 1.7393 1.0910 1.5099 5.0529 5.0600 3.6938 4.6168 4.2562 3.5713 5.1645 5.7640 3.7677 4.2255 5.1305 6.0680 0.7935 2.3035 1.4907 2.5652
3.1020 1.3775 1.2314 1.5310 5.4644 3.7626 4.1805 4.3196 4.9979 4.4321 4.8104 5.3379 3.5809 4.7909 4.6060 0.1210 1.6522 2.8634 0.6945 1.6711
4.3373 4.4728 5.2281 4.3506 5.2795 3.8347 4.2554 3.6030 5.2416 4.9167 4.2424 5.7323 5.6891 5.6425 4.7629 0.5206 0.7910 0.7364 1.6176 0.8726
5.6383 5.7496 5.8234 4.4935 0.7314 2.3757 3.7923 4.7429 5.8233 0.2971 0.5006 6.1932 0.2169 5.7746 5.9263 6.1918 0.9066 4.3191 2.2897 3.3008
4.1100 5.2840 4.2282 1.9389 6.1584 2.2010 1.9369 1.4628 0.9112 1.2791 1.8226 1.3914 1.9570 0.0419 5.5162 5.3783 0.2949 1.4455 1.5552 3.5176
3.7394 0.0345 5.7616 0.4263 0.9068 2.8431 2.8770 3.8360 4.7846 4.0381 6.0670 0.9272 6.2484 6.0251 5.6841 5.0910 5.5281 0.1498 5.4812 3.8881
