0.0573 6.0836 4.2649 5.4872 3.3222 0.2492 5.2037 5.0146 3.7265 5.9281 5.6921 5.3554 2.6392 3.6527 3.3162 2.2500 0.2288 0.4498 4.8126 2.9641
5.9685 4.9863 3.8890 4.2147 3.0426 2.6939 4.9022 3.5987 1.9366 5.7064 6.1933 1.0520 1.9584 2.3982 3.6954 1.5580 1.0992 6.0399 5.4138 4.9223
5.5835 4.7194 4.2289 3.3808 3.1644 3.4641 4.0928 5.0178 2.3838 2.1759 3.9447 4.5464 2.9536 3.4681 5.0090 0.7074 0.3733 4.7096 4.9027 3.8830
4.7184 4.0885 4.2923 0.3920 1.3620 3.4982 3.4449 4.5668 2.6673 2.1558 3.3375 5.3731 4.7881 4.9337 4.8592 5.1026 4.6601 5.5744 3.6500 4.2429
3.6623 4.9654 4.1241 2.8723 1.9499 2.3738 3.2886 4.9234 3.0006 4.2254 4.3892 4.7996 4.4216 4.7280 5.0169 5.6500 5.0834 5.1447 4.0885 3.6802
3.9222 3.8787 3.1056 4.0921 3.2072 0.4383 0.8448 3.5918 3.5996 4.5692 4.0061 4.1517 3.9375 4.4856 3.8332 3.2474 3.1311 3.2586 3.2581 2.8118
4.4723 2.6945 1.8758 3.7771 3.5930 6.0083 5.3752 4.6174 4.1748 1.9374 2.8593 2.8220 2.2083 2.9193 2.9247 3.5427 2.7702 1.8551 2.6109 2.5933
3.4366 3.5342 2.0394 3.5730 4.0167 0.3452 5.2002 4.8758 3.2783 3.2027 2.6783 3.4304 3.3225 3.4895 1.9939 2.5769 4.2064 4.1549 3.3247 3.7628
3.0402 2.8327 3.8015 3.5297 5.6276 6.0057 5.5417 4.3080 5.2166 5.3990 3.4059 3.5006 3.0402 1.8633 2.7412 5.5555 4.4711 3.5668 5.0505 3.1319
3.7978 1.8515 4.2003 0.1132 0.3351 5.6238 4.1737 3.9429 4.0389 4.5877 4.4990 3.5178 3.1331 3.2985 1.0946 5.7559 4.4609 3.0623 0.8694 2.4913
3.5952 4.9163 5.2052 5.0850 5.0754 4.8752 4.6500 2.4130 4.4278 4.2796 3.6444 4.0083 3.0441 2.6088 4.3620 4.8017 4.4128 2.9162 2.6252 1.3590
6.2406 5.8482 5.9219 4.5802 5.7674 5.9415 0.6167 0.4782 5.5564 4.5987 4.7377 5.1218 3.9904 6.0264 6.0316 2.9104 3.5745 4.5085 2.3275 1.3913
0.7654 5.1988 0.7607 6.0660 0.6080 0.3801 0.2333 6.2535 0.1892 0.3738 5.6441 4.4834 3.1140 2.4146 5.5697 4.9861 4.3990 1.7959 0.7780 2.5247
6.1384 5.6303 0.8150 1.3973 1.6811 1.4776 0.9117 1.0900 0.1832 5.2999 4.5792 1.0620 2.9214 3.2910 5.3468 4.4498 4.1503 5.3961 0.7143 1.4082
4.9482 5.1815 5.5066 0.8465 1.3107 1.9103 2.0076 1.8127 1.0431 1.3025 4.5308 3.0367 2.4576 3.7958 4.1466 3.3083 2.8271 0.8392 0.7867 0.6372
0.3402 6.2415 6.0079 3.8078 0.2992 2.2664 2.7844 2.1082 2.0982 1.3747 3.3252 4.4649 3.0158 2.9368 2.4819 2.5788 2.0475 2.7547 6.1000 6.0621
0.3038 0.3997 0.4995 4.2300 6.0263 3.6888 2.4671 2.0767 1.6704 2.0963 2.3840 3.2077 3.1426 2.8517 1.7364 1.8418 0.2238 1.1221 5.8171 0.1589
0.4146 2.6703 4.6671 3.3703 3.6270 2.2518 2.4215 1.0425 1.1569 0.0992 0.4496 3.9475 2.5509 1.8423 2.0946 2.9535 2.2189 5.8611 6.2313 0.9575
6.1628 5.4679 1.1211 2.0155 3.6925 1.6692 3.4959 4.6428 5.9665 5.0802 3.4718 4.3350 2.9238 2.9522 3.0622 0.4880 6.1478 5.3185 2.4420 0.9991
0.0974 5.4004 5.5468 4.2020 4.1739 2.9817 4.6659 4.9132 5.7192 5.1374 5.6169 4.1524 6.1438 4.0845 3.5467 6.0517 5.6720 5.6534 0.5302 2.3718
