0.1101 1.0067 3.1905 2.9183 3.6956 1.3410 1.0697 1.0820 5.9346 0.9402 0.0247 0.7971 2.0570 5.9853 5.4469 4.4043 4.7048 4.3678 0.3334 1.9784
5.2597 4.9856 4.2667 4.1695 5.1055 5.9035 5.8214 5.1152 6.1979 5.4351 5.2228 3.0468 0.9607 0.9965 0.4652 0.5722 0.1473 1.1722 5.5259 4.9225
5.3582 0.3886 5.4065 0.1135 5.3984 5.1960 5.8212 1.6325 0.1682 2.1295 0.0496 0.3115 6.1005 4.5621 5.4396 4.9980 5.3164 5.0097 6.0612 6.1304
5.0806 4.2773 3.9226 3.9766 4.7986 0.8951 6.0821 0.0537 0.0621 0.1035 1.2989 1.1042 5.2949 0.4756 5.6313 0.9020 1.0129 1.1155 0.2028 4.0095
5.6865 0.3182 1.3801 5.9936 4.1283 2.8509 0.5943 1.8256 2.1208 3.5788 3.5248 4.7408 4.5546 4.2880 6.1847 4.6142 0.3367 5.6258 5.6581 0.2194
3.7273 2.7097 1.5353 1.6689 4.9960 1.0485 0.2536 6.0633 1.0309 1.3214 3.3032 1.5460 6.0951 0.8816 6.2007 1.4289 1.5176 2.5021 4.0997 3.1338
3.0289 4.4636 3.3987 3.8853 4.7101 4.1900 5.9750 0.8311 0.6052 2.0915 5.2296 5.6270 4.2923 3.3065 2.9194 4.5467 4.0117 5.3718 4.6587 0.2883
2.2795 0.4065 5.1816 5.3288 4.5284 0.1104 5.5062 5.2780 5.2529 4.2358 5.0421 3.7621 4.3765 5.6904 2.7002 1.9094 3.6060 3.5194 3.9743 2.4046
4.3272 3.3307 3.8550 2.8796 3.4078 3.5088 5.3099 3.7489 4.5744 4.2984 4.2059 5.3376 4.8133 3.9602 3.6575 3.7035 4.2902 3.0110 4.0939 4.1735
4.3300 5.7674 5.4866 5.0800 5.2895 0.0077 0.5193 0.4446 2.5725 3.9788 3.6844 2.1172 5.8891 0.1958 0.5141 0.2955 4.8514 5.6731 4.9164 5.7759
4.0135 2.9652 1.5587 1.5717 0.5817 2.0238 0.6202 2.6693 2.9305 2.4791 3.2681 4.7841 5.7555 4.2063 5.0917 4.0333 4.5884 3.5364 4.3691 3.6937
4.6070 5.8493 0.4781 6.0728 6.0351 6.2317 6.0611 6.2005 2.7567 3.7190 2.7535 0.9538 6.1975 0.1399 5.5643 0.9271 5.0889 0.1325 3.5189 2.5245
5.1301 0.9821 0.0635 0.9845 5.6757 5.1079 4.0266 3.8439 2.9071 1.7940 3.0527 2.8268 4.0873 2.9757 5.3186 4.2943 5.2964 4.4348 3.9887 4.1884
4.3293 4.7402 5.4701 4.3092 5.4744 4.1707 4.4060 2.4611 2.8391 3.8602 4.5729 5.3424 5.6031 0.3957 0.5951 0.6566 5.6238 0.3047 4.8076 4.1792
5.1842 2.3373 5.4775 1.0424 0.5459 1.0493 5.1315 0.1297 1.5115 1.9614 1.0836 1.5498 6.0163 5.2628 5.7551 4.7452 5.5540 4.7533 4.3448 0.5319
5.1287 5.2321 5.4253 3.7757 3.8920 4.0934 4.6540 4.1376 5.6431 4.6463 5.7618 3.2162 1.6802 1.4475 0.3338 1.3994 5.7692 1.9986 3.9586 4.0519
5.9343 0.8293 5.8238 1.1359 2.9663 0.4312 0.1777 6.2142 6.1136 6.1005 5.5308 6.0139 5.6163 6.0473 5.9368 4.5322 5.2749 4.7208 4.2429 0.0328
5.8523 5.1892 5.4189 4.6951 2.4859 3.0673 5.0462 3.5639 5.6134 4.8755 5.0845 3.8014 3.7758 2.6097 2.8995 2.5386 5.8166 1.2557 4.3382 4.6327
5.8499 6.2255 5.0821 1.2026 1.7136 0.7660 6.1480 0.2959 5.4717 0.8403 5.4488 0.7151 5.7554 5.5219 1.4673 0.5985 5.7895 4.4750 5.3010 0.5859
6.0445 3.9075 3.4153 4.4360 3.0450 5.4115 0.2594 4.8765 5.2675 4.3425 5.6395 4.6580 3.7343 2.9843 3.7944 3.7740 4.6681 0.1287 5.4273 5.7533
