0.9659 1.8908 1.1573 1.9991 0.9214 2.3967 1.1383 1.7752 1.9165 1.7533 2.1044 0.9759 0.3118 1.2421 0.7461 1.7204 1.2043 1.9753 2.3809 2.3650
6.1192 5.9733 0.6721 5.9662 0.9757 5.4165 0.9504 3.6579 2.4590 4.7793 4.9172 4.3044 3.5858 4.4934 4.8090 5.6522 0.1546 5.4790 0.1869 5.2242
1.7156 1.3836 0.8983 1.5665 1.5513 1.6591 1.5292 0.9584 1.6941 0.8375 5.3978 0.6131 1.4123 0.7853 4.7097 4.6207 1.0697 2.2861 1.3228 1.4417
0.4096 6.0758 0.4813 4.1930 3.9026 4.5334 3.2199 4.3923 4.1269 4.5937 4.5564 2.9104 3.4103 3.6064 3.7660 1.2580 1.1976 5.7385 0.6155 5.3348
1.9053 2.3055 2.5006 2.1735 2.4893 1.8856 2.5573 2.2046 2.1114 1.1829 5.6616 6.1208 1.1125 0.9546 2.0883 2.9200 1.4897 2.3714 2.3764 2.0788
1.2692 3.3285 4.1443 3.5821 2.9827 3.5768 3.2310 5.4172 5.2950 5.0990 5.8482 5.0731 5.9461 4.5308 0.1491 5.9006 1.9955 4.4070 2.0648 2.1075
1.0799 0.3794 2.1791 0.8444 3.9255 4.7359 2.7984 2.4778 2.1961 1.8959 0.7434 1.9335 0.6569 1.2106 1.0384 2.1329 2.2577 2.1171 1.9614 3.3078
1.5601 2.7204 2.0273 3.3101 3.4793 1.9443 2.0280 1.4120 1.7835 0.5633 5.8846 4.5709 0.0092 6.2536 0.5909 4.8389 5.8529 5.2812 1.3872 1.1744
0.2948 0.1544 1.6783 1.1386 3.2800 3.8330 3.5277 5.0808 4.2037 3.9899 4.9877 0.5263 0.8269 2.6801 0.4017 1.7567 0.0887 5.4066 0.1743 5.3905
0.7128 3.6793 3.1223 4.0592 3.2252 2.3042 3.0267 2.3829 2.1389 1.6432 5.0929 4.6561 5.8227 6.0392 0.1060 6.1856 0.0633 1.9038 0.8986 1.7286
6.1823 0.8494 2.2264 0.7650 3.9471 4.7353 3.5396 5.1574 3.0767 4.0513 5.1911 6.2357 0.1360 2.8984 0.5675 5.3776 5.8740 6.1875 0.8561 0.2502
5.5973 4.8256 3.6117 4.3721 3.1927 3.1710 2.3634 2.5868 3.4254 6.2246 4.6544 3.6672 4.7687 4.7055 0.3117 0.1972 0.5381 3.2205 4.0829 3.8610
6.1714 1.3473 1.3132 2.1278 2.3879 2.6467 2.1468 4.3513 3.3327 3.5078 3.3440 2.2651 1.6491 2.9212 1.7593 1.7464 0.7936 0.0620 0.2422 0.3352
4.7683 4.9024 0.9239 6.2494 1.1575 0.4113 0.7667 0.7517 3.1463 5.9760 4.3514 5.8233 0.4967 5.7512 1.1827 0.5940 0.1410 3.4198 4.5119 4.4115
6.1204 1.2229 1.9704 1.4369 1.9757 4.5479 3.3144 3.5903 3.5131 3.4982 3.3053 3.1224 1.5920 2.7483 2.1340 2.7044 1.3517 0.7272 5.9874 0.5381
4.6908 4.0986 4.4780 4.8170 2.6478 2.4856 2.8481 4.2040 3.5563 5.6455 1.3651 0.3272 1.4014 1.1463 1.3829 1.4583 2.6784 3.4882 3.9381 4.4870
2.7335 2.9016 2.9188 2.0586 2.9261 4.6575 2.8515 2.6423 2.8364 2.3476 1.9231 2.1608 2.2305 2.6233 1.8089 2.2252 1.5250 1.2729 2.1589 1.9823
4.5952 4.7124 3.2480 3.9648 2.3087 2.0461 2.4670 5.3454 3.8725 4.5825 0.8647 6.1935 1.1894 0.8355 1.2965 5.7603 0.1282 4.9859 3.8782 4.1882
0.6779 2.1109 2.8496 2.2926 2.6721 2.8931 2.5195 2.6951 3.1938 2.6862 3.1679 2.4722 1.2530 1.4701 2.4955 1.6610 1.8169 2.7547 3.2648 1.6941
0.0670 6.1431 1.1620 0.0443 1.6783 1.1656 2.9253 4.6353 1.9672 5.8920 3.8886 4.3082 6.0713 4.3678 0.5518 5.1267 1.3160 5.2977 3.8313 4.4706
