0.7571 2.0273 0.9659 0.7964 3.6026 3.4715 3.5300 2.1813 3.4188 3.9401 4.7741 4.6282 4.5788 5.1922 5.0170 5.4853 5.7353 1.0848 0.5842 0.7658
6.1341 4.9050 4.0785 4.4336 4.8696 6.0343 4.7786 4.3506 3.4475 6.0166 5.8376 0.4778 5.6337 0.7334 1.3422 1.4979 5.8069 5.6553 0.0049 4.7856
0.3140 1.1192 2.8727 2.2272 4.0375 3.2486 4.3249 2.2671 3.7300 2.7932 5.3409 3.9071 5.6962 4.7275 1.7892 2.4363 0.8901 1.9184 1.4607 1.4553
5.4171 5.3890 4.2667 4.5693 4.7191 5.7609 5.5138 5.7196 6.1378 6.0891 5.5552 5.9997 5.2445 0.9291 0.9945 0.5524 0.7134 5.6950 0.3293 0.4235
1.9446 2.8230 3.2527 4.0955 4.2079 3.6567 0.8433 2.6061 5.3233 5.2103 5.6061 4.9971 5.2134 3.0425 4.4095 4.2467 0.5510 1.5108 1.9545 2.2065
3.4843 3.4338 3.8588 6.2432 4.8966 0.1793 0.2069 5.5159 5.8566 1.4344 0.6671 1.7309 5.8987 5.6864 4.9129 0.4683 5.7929 4.5867 3.3110 4.0151
5.7681 6.2637 3.9252 3.3557 2.9685 2.5254 3.2454 3.1532 5.0023 5.8843 5.3995 5.2766 5.0976 4.1681 5.3230 3.0426 4.1074 1.0300 2.2620 0.3675
2.3612 3.2582 4.2898 4.4080 4.5198 4.6610 3.2608 5.1126 4.4094 4.1894 5.0987 0.9594 6.1580 6.2306 6.2422 0.4111 2.5466 2.8047 3.0745 2.2658
0.9399 6.1722 4.2938 4.9949 5.0842 1.5520 2.0695 1.2934 4.9282 5.0645 4.9540 4.5498 5.8873 3.5363 3.3357 4.0899 4.3910 0.9532 0.7553 5.8120
2.0924 3.2467 3.7042 3.0321 4.6321 4.3166 3.2642 3.9827 4.2238 1.5643 5.8868 0.9349 0.2237 0.5937 6.2609 6.1795 3.9300 4.4102 0.2348 2.1639
1.4577 1.2008 4.6510 5.8811 5.7361 0.9789 5.2831 0.2073 4.5646 5.5014 5.7577 5.3439 5.4621 5.4774 5.2694 2.0097 1.7257 2.0132 2.2648 6.1119
1.2711 4.3218 5.0362 3.7914 3.9504 5.4078 5.1716 3.1011 2.9665 2.6213 3.2285 2.6204 4.9485 2.7065 3.0289 3.8327 2.1357 2.9581 3.3766 2.9505
1.3635 1.0885 0.5427 1.6882 3.0207 3.4832 4.6744 4.8201 3.0807 4.1426 4.3950 4.0148 3.7597 2.0804 3.5958 1.7464 2.5637 0.9675 1.3935 0.9015
2.7851 4.2980 5.3418 5.0673 1.2922 0.4294 0.8255 0.3923 2.6782 2.1290 3.5176 2.0430 4.0605 3.6838 5.0006 3.9580 3.6130 4.6380 1.4020 2.3977
2.1928 1.2927 0.3764 0.6403 1.5445 2.0604 2.2820 3.4164 3.8242 4.5980 4.5902 5.5670 4.9020 5.9053 5.9860 0.0902 0.1611 1.1264 0.9795 1.1223
3.0211 5.1371 0.7123 6.2057 0.7861 6.2015 1.7193 2.1206 3.4537 3.6180 4.5942 2.9479 4.9453 4.5233 4.5963 5.2578 5.8363 4.5935 5.1891 4.9529
1.4330 2.1050 2.3141 2.7111 2.4024 3.4178 3.3240 3.6249 3.0971 3.1089 3.8202 6.0459 4.2421 3.5228 3.5962 1.0475 0.2960 0.5825 0.8687 1.4735
5.6766 4.7506 3.9254 4.8077 4.9532 4.8953 4.7420 5.1183 4.4181 5.0943 3.4280 2.7933 3.4748 6.1492 4.4221 3.4314 5.3401 3.5741 4.9893 4.6575
0.2824 1.6327 0.7857 1.0409 1.6701 2.2580 3.8180 2.8338 4.0108 1.9539 4.6679 5.3150 4.5572 4.6545 5.2409 6.0324 5.8074 0.5055 0.2774 1.2244
6.2224 4.8054 5.8451 3.9612 4.4765 5.0387 4.0639 5.4456 4.7506 5.3778 5.7500 0.4851 5.8368 0.2869 5.4853 3.6822 5.0807 4.6426 5.5778 4.6892
