1.5361 1.8661 0.7437 1.7563 5.6836 3.5652 5.5624 4.3317 4.2071 3.1066 4.6511 4.8906 3.5315 1.7976 2.9133 3.3260 2.4714 2.0969 0.2184 0.6935
6.1905 0.1550 0.2111 5.1287 5.6627 5.4419 5.8788 0.7821 5.0155 6.2732 4.9148 4.8681 3.8464 4.7788 3.6701 0.4783 2.1778 5.5803 0.1631 5.4728
0.9940 1.0278 1.2131 0.5411 0.4691 0.9775 0.4566 1.4584 5.8405 3.7115 3.1167 2.6524 2.9739 2.1613 2.3728 2.8460 2.5643 0.6237 0.3955 1.7716
1.8148 1.9276 3.1868 3.6785 5.8041 5.3924 0.1108 5.5551 0.1969 0.3573 0.7260 5.7805 5.4736 5.4655 3.9201 4.0974 3.6364 3.8980 1.3360 0.3427
2.0126 2.8693 3.3195 0.2403 0.9981 1.9376 0.1671 6.1407 2.7206 4.0518 1.0905 1.9449 0.5065 1.7600 2.0886 0.9625 1.3141 1.1743 2.0612 3.4031
2.0003 0.7762 3.3540 3.2971 0.5782 5.9019 6.1483 0.5959 6.0673 0.2227 0.1995 5.2516 5.8798 4.0895 2.8772 3.3705 2.7134 3.8885 2.4670 1.7371
2.5631 3.7514 3.6347 4.9686 5.6028 5.0258 5.2178 5.1565 0.2482 5.9364 0.1060 0.6654 5.6328 0.3531 1.2216 1.2687 2.0382 1.2586 2.5803 3.0221
2.3009 1.1046 1.4999 1.8443 1.5284 1.4132 1.1043 1.0654 0.1817 0.1173 5.7050 4.2159 5.1600 3.6568 4.3383 4.1003 2.2205 3.4948 2.0099 1.7665
1.9198 2.2255 2.2427 1.5014 0.7266 1.7795 0.9778 6.2280 0.6532 5.4149 5.4971 0.6198 0.1223 0.2635 5.0517 6.2424 0.5825 5.9370 6.2450 0.7191
3.4975 3.6496 2.5944 4.5254 1.8533 2.7542 2.2559 2.9700 1.8116 2.0561 5.1383 4.5358 5.0829 4.0897 4.4764 3.1223 0.3719 1.4893 2.7926 3.4016
2.9227 1.7452 1.5114 1.5724 1.3905 0.0633 1.8661 0.7107 1.0990 0.5707 5.5362 0.3077 5.5954 0.0724 5.4803 4.6203 5.9322 5.1747 2.7490 1.3158
3.5075 3.0603 3.1338 3.2979 2.6833 2.8467 1.5083 4.2551 0.1647 4.3966 5.5474 4.3127 4.9810 4.5089 5.4608 5.4843 5.4911 2.3776 2.0252 4.0782
1.2825 0.1553 1.5764 1.4279 1.9141 0.8117 0.4047 1.2406 1.1205 0.6839 0.0947 0.9400 0.0006 0.6116 5.9704 6.1067 4.7180 0.0626 1.1143 1.0182
1.5480 1.8836 2.0476 3.2027 2.5480 4.2454 4.1608 4.8042 4.6053 5.0333 5.8634 4.9715 0.5596 3.8766 4.6986 4.4860 4.7636 2.9006 2.7847 3.1411
0.6199 6.2617 1.0113 0.2904 1.4763 0.6186 4.6557 5.1087 5.7993 0.7767 0.7362 0.8193 1.0621 6.2665 6.0346 1.0673 5.3306 4.7175 4.5019 1.1069
0.0671 0.8059 0.3445 2.8924 3.2283 3.6025 4.6057 2.9089 4.5497 3.5660 2.5612 3.1856 1.7693 2.6624 0.1265 4.7285 0.2145 0.2236 5.5596 5.3828
0.7894 1.0552 5.9165 5.4870 4.8991 5.1455 4.9494 5.7267 5.0137 5.3611 5.4454 6.1630 0.2291 1.0015 6.1527 1.3234 1.3967 3.1330 1.7093 1.5313
0.3478 4.6868 6.0388 6.1987 5.7155 0.1013 5.2220 3.6297 3.8797 3.2829 3.8510 2.4189 2.4193 4.8988 4.4140 5.3652 0.2245 1.0705 0.8490 5.3128
0.1650 0.2350 0.1900 0.8124 5.7797 4.2389 5.5674 5.2771 4.8765 4.2970 4.3208 5.4291 2.9059 2.6143 3.1081 2.4285 1.8109 1.8698 1.5975 1.4111
5.5953 3.4106 0.5747 3.7616 5.8036 6.2571 6.1111 0.6043 5.3137 2.8605 3.5739 2.0624 2.9102 4.5971 3.1646 4.5808 3.8382 5.1359 5.1226 4.2991
