0.3431 0.5154 0.6092 0.8531 4.1761 3.8733 4.4518 4.0516 3.9486 4.5928 3.4806 5.3275 4.5815 0.2811 3.5069 0.1965 1.7449 1.0037 2.7254 0.9430
0.8870 4.1723 5.0342 3.5653 2.6425 1.4781 2.2389 0.3777 1.0901 1.4405 3.0129 2.5869 2.7810 3.4342 2.4338 3.0504 2.0850 3.1325 2.7401 2.8490
0.8935 0.0215 4.1392 5.4017 4.3525 4.3744 2.8365 3.6188 2.3114 3.3061 3.4724 3.2192 2.8014 0.6751 1.3314 6.0757 2.1351 1.0401 2.1871 6.1110
1.6386 2.3910 3.8009 3.6303 4.5654 0.4277 0.9599 0.7647 2.1353 1.1006 3.4541 1.8225 2.1827 2.6206 1.1560 1.2689 0.2031 1.6290 2.4027 2.3916
1.0578 5.9118 4.3504 0.5586 4.5426 3.3701 2.7421 2.3631 3.0800 4.1109 4.0865 4.1580 1.8074 0.2968 6.2082 5.3504 5.0278 5.0555 5.6014 5.7498
2.8534 3.9514 4.1405 4.6318 4.5311 3.6271 3.5186 3.8764 3.6014 5.7988 0.7382 1.5536 1.2490 4.1534 3.1990 3.5884 4.7185 3.9357 5.4711 2.6746
4.6334 3.2787 2.9571 2.6941 3.3424 3.1609 3.5785 3.8282 3.9120 2.8389 2.9318 3.4982 2.5282 2.2075 3.2026 5.4555 0.0142 0.6459 6.2416 0.1148
5.3525 5.0011 2.1529 3.6718 2.9076 5.5227 5.6835 4.6726 3.6208 3.5800 2.1725 0.8795 0.7177 5.6848 3.8876 2.5690 5.4126 4.4911 5.8883 3.7054
0.2705 0.4246 1.2314 1.5107 2.3420 1.3029 0.5701 1.0000 1.8529 0.8600 0.9975 1.7191 1.6632 2.8945 3.1834 6.1707 5.7908 6.1943 5.5578 5.8469
3.2673 3.7547 1.0342 2.9526 2.8372 2.1622 0.6977 3.2149 2.7203 3.3107 0.2768 1.7505 0.3377 6.2641 2.9851 3.7288 4.1556 3.9023 5.3754 3.1960
2.5515 1.6955 1.2957 1.7021 1.9760 6.1110 0.3404 0.5306 1.0198 0.7775 0.4605 1.2234 0.3932 2.0010 2.1523 0.6796 5.4201 5.6189 5.0420 6.0175
2.2314 2.7466 2.0755 2.1908 1.5970 1.5734 1.0731 2.5915 1.6238 2.0892 0.4416 0.4289 6.0713 5.4147 3.5115 3.4102 5.0844 3.1814 3.3792 2.6287
2.2385 0.6441 1.7205 5.2729 6.2733 4.8475 1.1044 2.0595 2.5630 5.7660 4.8882 5.6484 5.1665 4.7549 4.5709 6.2734 4.9627 5.5047 3.6737 4.0531
2.1721 2.2118 1.8191 2.1742 1.2967 3.6577 2.9050 4.9025 2.7037 2.7921 4.1939 4.0642 4.2315 3.2976 3.6671 2.8850 3.9610 3.3069 4.2000 1.5465
2.1785 6.0380 1.2187 0.7821 1.4515 2.0953 2.2030 2.8324 3.4927 4.7157 3.7000 5.4559 6.0635 0.3294 4.4640 5.3013 5.7648 5.8433 4.9922 4.9937
2.8488 2.8945 2.7221 3.2017 4.9379 5.0684 0.3640 6.0210 3.3421 2.3153 3.4601 2.7524 3.5471 4.0988 3.5500 3.2395 4.9160 4.9440 5.4372 3.0641
5.2435 5.0794 4.0273 0.4894 5.7360 6.2261 0.3227 2.5835 2.9664 2.9368 2.9671 2.4141 3.3935 0.3278 3.9676 0.3722 0.9750 0.7945 0.1573 5.9115
4.4989 3.9398 4.5228 4.1433 4.9345 4.4080 4.8566 5.0092 3.1955 0.9022 1.2179 6.0085 4.5291 4.0026 4.4223 3.0060 1.8698 2.6795 1.9919 3.1826
5.7011 0.6420 5.8967 0.3190 4.4208 1.7766 4.4091 3.6073 3.5679 4.6245 2.4918 3.4974 3.8487 2.4386 2.3729 1.0247 1.4482 1.0470 1.3471 1.4891
5.1605 4.2605 4.7709 3.8141 3.9476 4.3215 4.4011 1.7842 3.1899 1.8660 2.9846 3.4375 3.5676 2.5015 2.8780 3.3399 1.7083 4.1877 3.2078 4.6773
