6.2670 2.0647 0.4798 0.8479 0.9467 2.1065 0.5550 5.1244 4.5772 5.2424 4.8341 5.1361 4.7057 5.2530 4.8270 5.6329 4.5725 3.5036 4.7260 5.0299
0.0853 5.5852 0.4840 6.2328 6.1998 0.3357 6.2425 2.7998 3.7678 3.0528 3.2648 2.6781 3.6172 4.5643 4.0150 2.8412 3.4280 1.2677 5.4675 0.2761
2.0840 2.1068 2.0421 3.6454 0.0243 5.8146 5.4158 5.9330 5.0923 6.2593 0.1733 0.2650 0.3763 1.2716 3.2328 4.3493 4.4110 4.1585 5.5806 2.1666
1.9295 2.0287 1.8672 0.1639 5.5377 4.9178 4.7418 4.3650 5.2509 3.4147 5.1365 5.4976 0.5977 4.3315 2.8017 0.7774 0.2509 5.7449 5.7716 5.7768
0.6569 1.3103 2.2700 3.4143 2.9530 2.9633 4.6686 5.7967 5.7246 0.4843 1.7461 2.5030 1.4759 1.9283 2.5346 3.2152 0.2077 0.8692 0.2909 1.1144
3.2816 1.2563 1.9343 0.7303 1.0986 6.0186 4.9064 3.1416 5.3446 3.6757 5.6346 5.5193 5.8354 5.7610 4.4880 5.9093 5.6440 4.7568 5.0392 4.5957
1.5384 2.2535 2.7664 3.7701 2.5224 3.7897 4.7723 6.1152 0.1441 0.3144 1.0210 1.4577 1.2792 3.1135 3.3372 2.8569 6.1009 4.4898 5.6882 2.4491
2.1167 4.0181 1.9222 1.9961 1.8843 2.0520 2.9223 2.1520 3.4003 3.8125 2.5086 2.4688 2.2720 1.8093 3.4350 0.2930 5.6379 1.0481 0.2360 5.6323
2.2736 0.8497 1.1692 0.8718 1.3537 5.9252 1.6421 3.1798 2.9635 2.1587 2.1180 6.0228 3.0710 4.5472 4.3731 4.5623 5.7907 0.1800 0.8895 1.3366
2.6494 2.5855 1.6741 3.2936 1.7019 3.1579 2.0641 1.8626 2.3310 2.8169 2.5243 2.6266 2.6241 3.4245 3.4840 3.2753 4.7134 4.1923 6.1146 4.4792
4.6394 5.8060 1.1379 0.8319 1.2956 0.9869 1.7734 2.7555 2.6261 0.8165 2.1965 1.8399 1.3987 0.6966 4.7693 5.1001 4.2131 5.9105 0.2557 1.5319
3.7492 1.8632 1.9779 2.4093 1.3513 2.4877 1.2061 0.6482 2.8195 2.4350 3.0043 3.0177 2.8802 2.6330 4.1262 3.0226 3.8021 4.9593 4.5517 5.0392
3.0220 4.7031 0.6358 5.4406 0.6371 0.6792 1.8113 2.7476 3.1084 4.7469 3.6558 4.7168 4.3855 5.1643 4.1771 3.7047 3.3596 2.7182 3.3707 2.5805
3.1172 2.4234 2.1796 1.0709 0.2628 2.9974 0.5433 6.2644 1.9461 2.0521 2.8782 2.3317 3.1226 1.6877 4.8674 5.8669 4.3257 5.1115 4.6312 5.3347
1.2695 2.1148 1.1022 5.2436 0.6146 0.5269 0.5041 2.1258 1.1842 5.3332 5.0740 4.9354 5.0210 5.4600 5.2471 5.5120 4.3475 4.3571 4.7931 1.0997
1.4067 0.5867 1.4146 1.1678 0.6099 5.4196 0.2414 5.7124 1.0372 2.0583 5.9134 0.0651 4.8399 4.9202 4.2453 3.3750 3.9628 0.7360 5.2480 1.5906
2.3577 3.1397 1.5073 2.2037 1.7780 1.4585 1.7366 2.2202 1.9606 4.7640 5.2205 3.9994 4.3434 0.1863 5.7835 5.8417 5.2029 4.7842 4.3778 3.6938
1.1950 1.4804 1.3956 2.1332 1.5539 2.8881 2.2160 5.6970 2.0115 2.0138 5.7206 0.1725 5.2974 3.3068 4.3594 3.2937 4.9166 0.5584 6.0681 0.1332
0.6800 2.0871 0.7993 1.0602 0.8672 6.0721 1.1149 2.9031 2.3596 4.4443 5.2490 4.3596 4.1754 5.0737 5.0588 5.5798 4.6798 3.6903 5.1845 4.8630
0.3354 0.1422 0.7853 5.1623 0.6024 6.1206 0.6193 6.0278 1.9144 1.9502 0.2796 0.8438 4.7238 3.5999 3.6597 3.4660 5.2734 5.2577 4.8983 1.3625
