5.9221 0.1248 5.7964 2.3212 2.1628 2.1696 1.2137 2.3339 0.8884 5.9204 0.6076 6.2122 5.7949 6.0701 0.9836 0.6037 4.1396 4.6746 4.8985 0.2197
5.0087 3.5750 4.9177 5.5883 1.0643 5.7281 6.1181 1.0956 1.5318 1.3742 1.4378 1.4128 2.1160 3.2495 2.8892 3.4530 3.6662 3.5635 5.0446 3.7615
4.9061 5.4991 5.4911 1.6740 0.9994 1.4764 0.4704 0.5289 1.3074 2.3774 1.5377 0.8225 1.2932 0.8444 0.4837 0.4266 5.2646 5.6995 4.7722 4.5939
5.8560 0.3632 0.0350 5.7391 5.8955 4.8915 4.7038 3.0139 2.2896 0.2924 0.7655 5.7219 1.6106 2.9763 1.5649 2.3064 1.3791 2.5282 3.8044 0.4652
5.6254 6.0190 5.5244 5.4723 5.1974 5.4718 5.0368 5.2254 2.5931 1.7877 1.7953 1.5364 0.6858 0.6387 0.2679 5.7681 0.4498 5.7499 4.3818 4.2024
5.9075 2.1306 5.6443 1.1195 2.0153 1.4642 6.1206 1.9377 3.0224 4.5523 4.2800 4.4640 5.7313 5.7287 5.6207 4.0521 1.4433 1.8603 3.9842 1.5565
4.7655 5.4587 5.4832 0.2705 1.3007 6.1929 5.6308 5.7814 2.2743 2.3635 4.3355 5.0807 4.8306 1.6313 1.9963 0.3377 2.7733 5.0325 4.6114 4.6146
5.1253 3.6067 3.4549 3.1207 2.1099 1.9187 2.7310 1.9426 1.8193 5.4903 4.0355 3.2034 3.7960 3.6756 2.7899 3.0829 4.0219 3.4268 4.2773 4.4700
5.6416 6.1853 0.1918 0.0206 0.7583 5.0838 3.3482 3.5073 2.7461 1.8830 3.7092 4.4318 3.7632 1.9005 2.0785 6.1761 5.6411 0.6990 0.4918 0.7598
5.1484 4.1506 0.0523 1.6463 1.6229 1.3863 0.2386 0.4911 4.2564 4.9933 4.4281 3.6631 3.9764 4.8352 4.1039 3.5626 5.0752 5.0145 5.3024 5.0737
4.9046 5.8337 6.2569 4.9353 1.1824 0.2967 0.1863 3.9623 4.3354 1.5914 2.7401 1.2088 2.4779 3.4068 5.1092 4.8110 5.3051 0.8253 5.6607 0.3528
4.2822 1.6042 0.3855 1.4799 1.0065 2.9043 4.8651 4.5566 4.3776 4.4572 3.2954 3.4343 1.8834 0.6512 0.1676 0.7712 5.7032 4.4071 5.2738 3.7909
4.7617 4.6311 0.2020 5.6295 5.4546 4.7621 5.2319 1.4559 5.3658 0.1396 5.6189 0.4200 5.8007 4.4638 3.6138 3.5280 4.8676 0.3709 6.2034 5.7560
1.7676 1.8147 1.8982 5.7434 6.1370 5.7462 4.3131 4.8489 5.2786 3.4612 4.5540 4.2486 3.8744 2.8240 4.1485 4.5446 3.6031 3.5878 0.4176 2.2329
0.3092 1.1175 2.1836 1.7057 1.6958 1.9920 3.3543 1.5541 1.2393 0.6768 5.5548 5.6275 4.6842 5.7472 4.9666 6.2828 4.7253 0.4842 0.8136 6.0134
0.8128 4.1150 3.6197 4.0247 4.1526 4.0983 2.7790 5.1810 0.0262 3.6481 4.7255 4.3890 4.2840 4.0541 5.0242 3.1968 3.7451 3.3249 1.7964 2.2302
6.1563 0.8523 1.4503 1.4584 0.1161 0.1260 2.0667 1.8799 1.0670 0.7202 5.9542 6.1773 5.7883 0.6457 0.0084 5.8418 4.4616 5.5117 5.6778 0.3807
5.8195 4.7658 5.7935 5.8480 0.9164 0.4600 1.0562 0.5828 1.7923 2.7818 5.6381 4.5374 4.8778 3.9801 3.8787 4.0786 4.1947 3.2141 4.0436 4.6130
5.3921 1.0999 0.2010 1.2455 1.8959 1.2461 1.9058 2.8089 1.6236 5.7018 6.1207 0.0789 6.0137 5.9647 4.7668 6.0715 5.0883 5.2908 4.0317 1.4612
5.2861 5.2008 5.8471 5.3442 2.8312 4.5665 0.7280 0.2681 1.3218 1.6755 0.3356 4.9248 4.9461 3.9209 4.3490 3.3583 3.6514 3.2265 3.5602 3.8227
