4.3797 4.2641 1.8640 4.3427 5.6694 5.7856 1.1839 1.8739 0.9235 5.7677 6.2808 6.0189 6.0160 1.1245 1.4990 1.2873 0.1651 1.6590 0.4812 0.5636
3.7340 0.7599 0.8612 0.8783 0.2253 1.3585 0.3227 6.2381 1.8069 0.9627 0.7077 1.6422 0.1947 0.2088 1.2649 4.6930 6.1852 0.1256 0.1943 3.3315
3.1824 3.8858 4.5377 5.3445 5.8812 5.9746 5.9980 4.0901 3.5618 3.8839 4.9106 5.1238 4.9755 3.9194 6.2593 0.8672 1.2961 6.0952 0.5620 0.2151
2.3720 2.2893 3.4379 2.7813 4.2952 2.3705 1.2304 1.4230 1.4424 1.1175 0.1964 1.0197 1.7450 1.6474 0.7632 2.9199 1.4838 0.6544 1.0680 2.6418
0.5251 5.8976 4.1018 5.4489 4.2596 5.0333 5.9624 6.2042 0.2886 5.3759 6.1084 5.3438 1.5604 0.7858 1.0981 0.8596 1.3547 2.2234 0.0610 5.6263
1.2189 3.0041 3.2680 3.1920 4.2061 1.8444 3.2108 1.8562 1.3629 1.2787 0.6593 1.5677 1.7206 3.3031 1.6164 4.3689 0.7997 5.7633 0.9664 1.2620
0.2172 5.5411 3.7474 4.8651 3.7068 3.9863 4.6994 4.3019 0.3654 4.5201 6.1228 6.0180 2.0971 0.1824 1.0531 1.8037 0.8238 1.2199 5.8492 5.6482
0.3807 1.5509 2.6321 2.0450 2.1819 1.8943 1.7496 1.1570 0.9315 1.0494 0.1883 2.1250 2.2952 2.1191 1.5330 5.9960 5.6726 5.2846 5.5885 0.8089
5.5112 5.9525 5.7816 3.3364 1.7421 1.0496 1.3751 4.1993 3.7111 4.9437 6.0099 5.1771 2.2835 1.7141 2.0816 2.3136 0.1801 1.0162 4.6363 3.8196
5.9364 0.2705 0.6573 1.3207 0.8341 2.3420 1.3548 1.4595 1.8412 1.9705 1.8276 2.2929 2.0811 4.6729 0.8400 4.8673 5.8127 4.0963 5.1052 5.7688
0.9028 6.2296 0.7765 5.8496 0.1362 0.2036 5.5127 5.5852 1.4430 6.0001 2.1168 1.1457 1.2198 0.7910 0.6393 0.8560 1.2951 5.7347 5.3518 0.0379
1.5938 1.4503 1.2397 1.8952 0.5976 5.5535 5.8558 2.1923 1.1969 2.9525 2.7550 3.3050 3.0472 4.7738 3.8048 3.5550 3.3727 3.3739 3.8572 2.8129
1.4795 5.5690 0.3545 5.8287 0.7192 6.2536 5.8701 5.4546 6.0775 0.3027 0.5500 0.6825 2.8505 2.9550 3.1964 3.3009 3.9169 3.9531 4.1507 0.8310
3.1503 2.4516 0.9751 1.4884 0.8443 5.1952 5.6372 0.9328 6.1280 3.5643 1.9430 3.4950 3.6131 5.1769 4.8849 4.9774 4.6045 4.8318 4.2092 3.0076
3.9905 5.1914 5.9056 5.6308 0.4619 0.6005 5.9873 4.9739 0.6780 0.3205 0.8633 0.2632 4.3314 3.9873 3.9015 2.8280 3.4410 2.0538 4.1742 4.5305
4.0692 2.0933 0.2879 2.9428 0.9739 5.6545 5.6416 0.7839 5.9018 4.8564 4.5412 3.9399 5.0084 0.9757 5.9279 0.5108 5.0119 4.5601 4.8652 2.8070
4.2929 3.5681 5.8095 0.4074 0.8489 2.1751 0.0482 4.1426 0.4619 0.0053 0.0306 0.6203 0.1454 4.5476 5.2935 3.4933 4.9129 5.7702 5.3375 0.3381
4.8728 5.9328 5.9298 4.8754 4.7605 5.8759 0.5980 1.1750 1.0376 1.2525 6.2448 4.3426 0.0614 1.0988 6.1476 6.1983 5.5015 4.8479 5.2409 4.4072
5.5411 4.5896 6.0059 4.5088 4.4608 2.1921 1.3172 3.4087 1.1073 5.7599 6.1702 0.0206 6.0019 4.1984 5.4199 4.9400 0.0877 0.8863 5.7954 0.3009
5.4690 1.2930 6.1565 6.0861 5.6310 0.1779 1.8760 0.6217 1.5317 0.4025 6.0180 3.1238 4.8185 4.9975 5.2920 0.6032 6.2754 5.5042 5.2761 4.2084
