1.5294 1.5073 0.2031 0.5091 0.0521 2.2588 1.1821 1.3115 1.5636 1.1842 1.5026 6.2565 0.0816 6.2568 0.1929 0.7278 0.8154 1.6193 2.7176 1.7437
4.3698 4.2450 3.6300 4.3257 1.4066 5.7508 0.9617 0.1436 0.9201 0.2541 0.9641 4.0300 4.6662 4.1130 4.8910 4.1583 5.6574 5.3148 3.6057 3.8586
4.7254 5.9658 3.8920 0.1677 0.7904 1.5786 1.6038 1.8446 2.4158 1.2681 0.6704 0.5599 5.4566 6.0743 5.2696 0.2426 0.8552 1.9571 4.6393 6.0902
3.2033 2.9478 2.9048 1.5982 2.0862 4.9678 2.6281 3.8055 3.5422 4.4284 5.1296 4.2891 4.4622 3.5641 4.1746 3.8585 3.4327 4.0579 3.9268 3.4049
4.0858 5.0964 3.6817 3.5505 3.0913 3.0894 2.2404 2.4424 2.4669 2.3100 0.5462 1.0166 5.0201 1.3529 3.4860 1.8942 2.6189 2.6762 3.2479 4.4485
3.6857 2.4865 2.7240 1.9964 2.2821 1.5420 1.7762 0.3206 1.2403 0.4998 0.2046 5.1089 4.8101 5.0214 4.7722 4.5919 3.1664 3.0120 2.5749 2.1805
3.9163 5.4375 3.8754 4.8005 3.7921 4.5886 2.5322 2.6331 1.2686 2.2707 1.3143 3.1558 3.7249 3.9549 3.8448 3.5558 3.5820 4.9854 3.5313 4.3547
5.3265 1.0166 2.8808 1.7120 1.9982 1.3363 0.9274 5.4757 5.9594 0.1631 1.3281 0.2604 0.0971 0.5540 4.8298 0.1821 2.9276 2.9606 2.3041 1.0215
5.3564 4.1508 3.3762 4.6428 4.8734 4.5927 1.9156 2.9719 5.5658 5.7999 1.7920 3.3502 4.2463 4.0404 4.6521 4.2030 2.4332 2.9588 2.7309 3.9382
6.0944 1.4267 2.6596 2.2133 2.7458 2.1088 1.3648 5.9410 6.0589 6.0592 0.8655 0.2587 5.4072 5.7869 5.5010 1.0951 2.8132 5.2398 3.8929 0.6781
5.9944 4.0491 3.9512 4.8554 3.0126 2.9735 2.1716 3.6101 0.6166 1.2652 0.0529 4.6884 5.4471 3.8060 4.9189 3.3754 3.8734 2.8124 1.9894 2.0299
4.7017 5.3953 4.9858 1.7390 2.2682 0.8547 1.0876 0.9985 5.6753 5.1969 6.1257 0.6138 0.1578 0.3932 5.5392 5.6244 5.2073 5.3590 5.0134 5.6311
3.7044 3.6357 4.9724 3.9912 3.5881 1.1655 5.4834 4.4239 4.6400 3.3599 0.4557 4.2973 5.6805 3.7751 4.4392 3.6976 3.1784 3.2911 3.9288 3.1089
3.5016 3.5740 5.5593 0.4739 4.1778 4.0464 4.2233 0.4998 4.9185 5.3217 5.6776 1.1334 0.6130 0.5704 4.5671 1.8055 2.4891 6.2260 5.2353 1.2790
5.9030 0.3248 3.3091 2.9267 2.7483 1.6108 2.1676 3.8322 5.3824 0.3563 5.6202 5.3154 6.2817 5.0183 4.1183 4.0957 3.1055 3.8371 4.9343 5.2141
5.3489 5.1822 2.9139 4.2832 4.3794 4.5789 3.4999 3.9438 3.0412 3.1998 1.7466 2.3411 1.4516 2.2147 4.4332 2.1735 1.3503 0.4006 5.3470 0.6490
6.0052 1.2104 1.9779 2.1227 3.6265 3.7470 4.0560 3.0645 2.5273 1.0028 0.9920 6.0560 0.4273 6.0465 6.1446 1.3376 1.6960 3.1128 4.5923 3.3603
5.0901 3.9766 5.9749 4.4789 3.8007 5.9378 5.1825 5.8297 3.5720 2.2021 1.5591 2.4513 1.1346 3.0786 5.2452 4.0026 1.6260 6.1560 4.7753 4.9165
6.1990 2.1702 0.3757 0.8654 3.5357 3.5548 3.9767 3.0913 3.4503 5.7737 5.9020 6.1651 0.3253 6.1446 0.7889 0.8614 1.1890 1.9560 0.3979 0.2958
0.2181 5.1986 5.7795 3.3457 3.4988 0.4512 2.6610 3.1131 1.9780 3.3147 2.4219 3.2000 1.0914 1.9997 1.0201 0.3114 6.1623 6.0897 5.7297 5.0370
