3.0477 3.6403 3.3565 3.8619 4.8392 0.8396 6.0458 0.9126 0.2735 0.6952 0.5251 1.1822 0.9952 1.4917 0.7369 1.3028 0.8511 0.7855 1.0973 3.2320
5.3227 0.0602 4.1129 5.0409 4.3938 4.6822 5.0836 5.3550 0.1672 5.5860 0.1419 5.8151 0.4266 5.7788 0.8269 5.7975 0.2056 5.9934 0.8420 6.0881
4.2795 4.0345 3.3399 2.6809 3.3460 2.3335 2.0160 2.4579 0.5706 2.2876 5.3087 2.0799 1.6713 1.6032 1.2386 1.6972 1.3702 2.4869 0.3289 2.5403
4.9728 5.8338 4.5669 5.3850 4.3658 5.0720 0.0370 5.6369 5.7877 6.2091 5.7359 5.4364 3.6502 3.7583 1.2082 2.1942 0.7186 6.0429 5.4290 5.0744
4.3474 4.0219 3.9652 3.9508 4.0628 2.9551 4.4731 3.4900 5.0634 4.9949 4.3026 2.7314 3.3181 5.2976 6.2433 6.0190 0.9810 4.1031 5.3365 5.0952
4.1802 5.7607 4.4205 4.0671 4.3410 5.5763 0.3698 6.1663 5.4841 0.5736 5.3256 4.9268 5.5554 3.2352 3.8160 2.5474 1.2752 1.7110 0.5554 3.2112
3.2585 2.2160 2.0582 1.7104 3.7264 3.3161 3.0988 4.4331 4.3054 4.8110 4.6147 1.1492 5.5315 6.2598 5.3152 6.1479 0.9764 5.8674 0.9103 0.7154
2.4901 5.6127 1.1934 4.9105 3.3750 0.6244 2.5524 2.2203 3.7552 6.2458 5.2930 4.9083 5.5672 3.6822 4.1165 3.3838 2.4197 1.5766 1.6738 2.9858
1.4804 2.2611 1.2358 3.1000 3.4559 2.7964 3.6407 4.0100 4.2017 2.2332 5.3017 1.0656 5.8619 0.5877 0.1045 5.5839 1.9751 3.5684 0.9794 0.8551
0.8288 5.8212 1.5929 5.9452 4.3715 4.8110 4.9658 0.9031 6.1724 5.5950 5.4630 4.6964 5.6183 4.3592 0.5159 0.9468 1.2157 0.0356 1.0897 5.1514
0.6334 2.1672 1.7921 2.7074 4.0511 3.7176 4.4513 4.3860 0.4112 1.0520 0.3642 0.8421 6.1797 0.4290 1.0817 4.3765 1.6818 2.2357 1.3801 1.4537
0.3584 0.5375 1.1885 0.2221 4.1544 4.4104 4.8970 1.1926 0.0395 0.6004 0.3287 5.4982 4.7267 3.1754 0.6819 1.9216 1.1015 0.5466 1.0752 1.8054
6.0925 3.4194 1.8390 2.9187 3.7679 1.7055 4.6498 4.4893 6.1682 0.2284 5.8349 5.2058 5.2058 5.5741 0.3816 6.1055 0.8994 0.0537 0.3747 5.5667
6.1793 5.8678 5.3424 0.2380 4.4938 5.1444 4.3725 0.8060 5.9621 2.8665 4.3084 1.9271 1.3846 1.8982 1.9191 2.6369 2.6435 1.9635 2.5066 0.7871
5.5347 4.1626 4.6720 3.4220 3.8044 3.9917 4.6739 4.9567 5.5678 5.0758 5.1842 4.7444 1.5005 5.4988 0.6839 5.0974 3.4109 4.4749 5.2599 4.7489
5.5284 6.0619 4.5735 5.4734 4.4142 4.1312 5.7114 2.6849 5.5058 1.3481 1.0264 1.7775 1.7944 1.9196 1.6234 1.4067 1.1025 0.9634 5.2424 5.9495
3.4095 3.5930 4.1643 3.0469 4.4467 0.7939 6.2533 5.0820 5.7189 5.6559 5.8305 5.9703 0.8693 5.9150 5.2691 5.9090 5.7900 4.9729 4.2169 2.9573
5.2029 5.9369 5.5067 6.0635 5.0400 5.0942 6.2328 6.1173 5.7119 5.0093 5.6284 1.8934 1.8904 3.0348 4.1162 3.9965 5.7802 5.7991 5.0422 5.4807
3.4309 3.1942 4.1100 3.9335 4.5238 1.8477 1.1104 1.6602 0.9000 0.8792 0.2628 0.1196 0.3973 0.1758 6.1752 6.1393 6.2194 0.8762 5.1211 3.3558
2.0646 0.3704 5.1664 6.0625 4.3839 5.5133 6.1885 5.4646 6.0502 4.8148 0.1024 5.6052 5.8213 5.3797 5.5470 3.9186 5.8173 4.7013 5.3790 0.3616
