2.4510 2.2409 2.8819 1.5259 2.8436 2.6070 3.0742 2.7008 5.3566 5.7254 0.1534 5.9291 0.5206 2.6036 2.4059 1.6933 3.9571 2.0761 4.1467 3.1857
3.1063 4.5794 3.8058 4.1096 4.1592 5.7739 4.1727 5.2553 5.1894 0.9251 1.4438 2.7024 5.8954 0.4847 3.4633 4.3725 4.0661 4.2830 4.3143 5.7601
1.3919 2.5241 3.3456 3.3532 3.7513 3.3348 4.1915 3.8438 4.5541 4.1842 0.4972 5.3453 6.1218 4.0478 3.1097 2.3176 3.4845 2.9575 2.8335 3.5965
0.5604 5.7723 4.3954 0.7755 4.3720 5.5221 5.5921 0.6187 5.1591 0.1985 0.2868 1.0958 1.3375 1.1871 3.8410 5.3194 3.8391 4.7576 3.5968 0.1067
3.1818 3.7987 3.9490 4.1663 3.9753 2.3026 4.9797 3.8638 4.4217 4.9384 0.5302 3.1874 2.2678 2.9841 3.4632 3.4542 3.3196 3.1937 3.3981 3.4289
2.1946 2.3244 2.5478 1.5387 5.0058 5.7086 5.4260 0.0762 4.9493 0.5272 0.5689 0.7671 5.9632 5.6263 5.5064 5.4776 5.0138 5.7259 4.5366 1.8055
3.3811 3.5415 3.4804 4.1403 2.8355 3.3414 4.0052 3.6228 4.5978 4.2810 5.3530 4.7551 6.2546 1.9889 3.1421 3.3853 4.8995 4.3019 3.0379 2.6807
4.5823 1.0250 3.0375 1.8867 2.2302 1.8425 4.1400 0.4690 5.3848 0.7899 0.0342 5.8378 5.2530 4.9564 3.8377 5.6456 6.1815 0.8676 5.9686 5.5625
4.7134 4.1180 4.3447 4.3296 3.8344 4.6045 4.3818 4.7927 4.8836 5.2482 5.9192 3.5822 5.0921 2.6399 2.9101 1.0928 0.5162 4.6215 4.5052 3.6811
5.3036 5.9660 4.7380 2.6739 3.4742 3.5338 4.4160 1.0755 0.3125 6.2456 5.9353 6.0565 0.0947 5.6022 3.3945 2.3301 1.1531 1.3519 5.8377 0.3942
3.3780 3.0883 3.9731 5.2235 4.4813 4.2828 4.9101 5.1385 4.4090 4.2805 3.8848 2.9904 1.1576 1.5547 2.2782 1.5813 1.6605 2.0970 3.9214 3.0867
6.1735 6.1217 3.1741 4.5282 3.8793 2.4556 3.6007 3.4174 3.3653 0.3782 4.7250 5.7439 5.4012 4.4144 4.0834 4.6406 6.2231 2.6207 2.5017 0.6991
0.5455 1.4972 2.0996 0.5263 5.7172 6.0199 3.4990 3.8386 4.0004 4.2521 5.6905 2.4665 2.4862 2.3861 2.4576 1.8681 6.0050 6.2284 2.5217 1.6585
2.5801 3.4455 2.1643 3.9189 4.0635 4.7884 4.6303 4.0249 4.7876 0.3593 6.2406 0.1522 0.4525 5.8995 0.3523 5.3678 6.0375 3.4732 2.6495 4.5228
2.4569 2.3744 2.4121 1.5642 2.6951 2.0570 2.5296 2.3754 4.3010 2.5029 1.2220 2.4408 0.8706 1.3261 1.6360 1.7176 6.2296 1.9597 2.2255 1.6158
3.4588 4.1492 3.2257 4.2387 2.9530 5.4652 3.1875 3.4609 3.9939 5.2123 0.5782 5.3823 6.1098 5.6184 1.0736 0.6124 0.4701 5.9611 1.8659 3.9750
2.2293 1.5821 2.0808 1.4879 1.7796 3.1443 3.2514 5.3746 0.5207 1.5951 0.8800 1.5307 1.0901 1.1113 1.5791 1.8608 2.3534 2.9170 2.4298 2.2741
3.5487 3.3540 2.8865 2.9836 2.5548 1.3329 2.2867 1.7103 0.0112 4.4176 1.4705 4.4540 1.6702 3.3708 1.6806 4.6318 2.7135 4.4262 2.5357 3.7600
1.5117 2.0793 2.3990 1.0587 2.7189 2.9765 4.1298 4.9370 5.5748 1.0454 1.3213 0.5148 1.0964 0.3524 2.0430 2.1487 2.9143 2.0386 2.5789 1.3088
4.6350 3.7980 3.3881 3.5193 3.0208 5.5706 3.8107 4.7038 5.1584 1.8820 1.7889 2.6538 1.6651 2.1731 2.2623 4.1993 3.2869 3.9396 4.5268 5.0169
