5.3094 4.3653 0.1824 2.2671 1.8369 2.5224 2.0492 3.1304 1.5205 0.9510 1.5194 0.0966 1.5567 6.1129 0.5510 0.2755 1.0108 0.5682 2.3366 1.2402
4.9651 0.7416 0.0303 0.5460 1.1541 0.3856 2.1692 1.1368 0.6730 5.2338 1.7112 3.3788 2.1093 3.2138 0.9945 1.7208 2.0112 3.6176 2.4040 3.4858
6.0154 4.1394 4.0514 3.1210 6.0669 2.6899 2.4000 2.3893 1.4156 1.6715 1.7463 1.0107 0.5420 0.3733 0.9123 0.7798 1.9864 2.0221 1.3419 0.2861
0.3759 6.0397 5.0765 0.2741 6.0412 0.1669 6.2630 0.7843 0.2769 4.7909 4.8859 4.1007 2.4583 3.1569 4.6900 4.8029 2.7610 1.0856 3.9622 2.1496
0.6400 3.1498 3.8617 3.4332 5.2534 5.9050 4.2840 3.2725 0.2572 6.1635 5.7941 1.4920 1.2908 0.6924 3.9501 3.5061 3.0106 4.2349 4.7089 6.2752
5.1302 4.8137 3.7994 3.8245 4.7577 2.6985 4.1418 4.6676 4.1233 3.0390 0.3933 4.8019 5.5533 4.1977 2.4869 0.7803 0.9831 3.5673 4.2047 4.0496
5.6333 1.8618 1.3501 1.0787 4.6037 6.2732 0.4860 0.7875 0.6189 0.2164 0.2612 0.6351 5.6335 0.4859 2.3373 4.2637 4.7226 4.9703 4.3144 4.7358
4.9510 4.9550 0.1039 5.6085 6.1612 1.3095 1.8619 3.3559 0.8029 0.9156 0.1445 4.2233 5.4319 5.1356 1.2641 0.6982 1.2878 1.4016 3.2149 5.8071
1.5643 1.6727 1.3820 1.5862 1.8301 1.3675 1.2945 5.9693 0.8669 6.2671 0.8303 0.6785 0.9526 2.0817 1.7743 3.1703 2.2969 3.3583 2.4324 1.8060
0.6596 6.2488 2.5051 3.7674 2.1306 3.0142 1.6510 2.4915 2.6523 2.3056 1.2332 2.1964 0.9317 0.5223 0.3239 6.0281 1.5775 1.2463 1.8319 0.9568
1.0103 3.0449 1.9509 2.2990 1.7700 0.4161 1.3524 0.2322 4.6443 4.6556 0.1649 5.7887 0.0565 4.9425 0.1631 1.7642 2.4570 3.3487 2.3647 2.7865
0.8292 1.6745 1.5182 1.0143 2.0135 2.7836 3.3075 2.0941 2.9496 2.2686 0.9768 1.1913 0.6133 0.4367 0.8892 5.9712 0.8690 6.0867 1.3619 1.8075
5.7180 4.6524 2.9302 4.2038 3.8769 4.3265 3.7112 5.2300 2.7324 4.9837 0.7922 5.0780 5.7209 2.7716 0.8390 2.7044 1.7990 2.2401 1.8372 3.4998
0.6896 1.7854 2.4980 1.8052 2.3323 2.4046 3.1015 2.1138 2.2007 1.7215 2.4662 1.2056 0.4781 0.4100 0.9415 0.3698 0.1126 0.5957 0.8695 0.7450
2.3353 4.1057 3.5887 3.6168 3.8331 4.6855 3.5388 4.9405 3.7177 4.4008 3.9766 4.6139 0.8280 0.5820 0.2194 5.2077 6.2340 3.6106 0.5001 3.6692
0.4916 1.0986 4.4898 2.3969 3.2903 2.8149 3.4019 2.9893 3.1641 2.1836 3.3538 1.2894 0.8927 3.4475 4.4573 0.3764 0.8062 0.3552 0.6348 0.3901
5.3045 4.0902 3.8718 3.5580 2.5090 0.3184 5.5599 5.2612 3.8437 4.1986 3.1209 4.2958 0.4451 6.1720 4.4451 4.7056 0.7350 2.1305 0.6384 3.5621
4.9909 0.5164 0.2949 0.6095 2.4432 3.2590 3.0751 3.0436 3.3256 1.6496 2.1165 0.8703 0.4986 3.4419 1.6738 1.5505 0.6386 0.8151 0.0990 6.1908
3.9731 3.3625 2.4040 3.0640 2.8944 4.8097 2.9387 2.7441 2.5937 3.5649 4.0163 4.6363 2.4535 6.2747 0.2248 5.9929 6.1906 6.2097 5.8500 4.2083
5.4477 0.5279 0.0248 5.7103 2.9857 0.9092 1.7843 0.3206 1.9370 3.2441 2.4586 2.5297 1.5848 3.2968 1.9168 3.4834 2.0882 4.0442 3.8328 5.0521
