1.3691 2.1998 1.2717 0.8702 1.9280 6.0043 1.1319 0.0992 1.1125 0.3855 1.2799 0.1729 1.2075 6.1146 2.3948 2.6873 1.9047 3.3595 2.0179 2.5740
2.3892 5.0170 5.8561 5.1120 1.9919 1.9161 2.0698 2.2181 1.6339 2.3236 2.2715 3.0838 1.7112 3.0461 2.0055 6.1664 2.2203 1.2182 1.1585 0.3621
2.0290 2.6734 0.7874 1.0657 1.9498 5.4975 1.4779 0.2350 0.9349 0.8077 1.5346 0.5940 1.6577 0.9566 2.2284 2.0084 1.8873 1.8897 1.3573 2.3847
0.9433 0.3488 0.9455 4.7799 1.2783 1.2913 1.6899 2.7326 1.0876 2.5464 0.9663 2.2083 2.0995 2.9745 2.5968 4.3465 2.1764 3.8224 0.9379 6.2824
2.7432 3.0967 2.1372 1.4293 1.1661 0.1466 0.6104 0.5945 0.6679 0.5613 0.2120 0.6235 1.3354 1.2952 2.0894 2.2070 2.1609 2.7497 2.4181 3.1666
1.7718 1.0443 2.7726 1.8884 0.7339 1.6674 2.1044 2.5290 2.2469 4.2977 5.4517 4.6233 5.7303 4.3320 4.1127 5.3806 2.7915 0.8178 1.2896 0.4920
2.9673 3.9199 2.3423 2.3983 2.6547 5.0043 6.2186 5.6591 0.9488 0.0945 4.9550 5.7594 0.4015 1.8919 1.7372 2.0146 1.7284 3.5702 1.4500 3.0772
1.9399 1.5932 1.7745 1.5886 1.8322 0.8501 6.1650 1.8131 2.8457 3.5454 5.1005 5.4426 0.5660 5.7578 0.8400 4.5719 1.2139 0.0876 1.2063 1.1426
3.1353 3.7896 3.5955 4.0551 3.8631 4.2088 0.2022 4.9668 5.4831 6.1810 0.1037 0.5516 0.7515 0.1923 1.3171 1.2760 1.0618 1.6824 2.6118 3.6356
2.3339 1.8840 2.8765 2.4634 2.7374 1.0234 0.6730 1.0527 6.0571 3.4811 2.2291 2.3841 0.3242 1.6787 0.9541 6.2505 0.3444 0.3520 1.9831 0.9794
4.0509 3.4034 3.2538 5.2343 4.5201 5.1492 5.9732 4.5499 0.1661 0.3948 0.2295 0.0691 6.1927 6.2522 1.4522 2.3290 1.8734 3.8049 4.6334 4.2897
5.5497 5.9848 3.9748 2.5415 2.7303 2.3735 0.9870 1.2935 0.0791 5.0791 5.2544 3.6905 3.7832 3.1343 2.2839 1.9225 0.7567 1.1179 6.2266 5.8017
5.8536 2.9429 4.3635 4.3123 3.5991 4.2831 5.2825 5.4830 0.2190 0.8465 0.1147 0.5148 4.3683 5.2480 2.2810 5.3012 5.9171 4.3886 5.7196 1.1146
5.7363 5.8241 5.3116 2.5664 6.0731 0.3698 6.1801 1.2502 0.1732 4.9139 5.7485 5.0117 5.0446 3.1332 2.4405 1.8528 0.7294 0.8989 5.7111 4.9888
5.5221 4.2790 5.7137 5.5358 6.0768 0.3119 0.2632 4.7584 0.3905 1.4142 1.7027 1.7623 6.0476 0.5395 3.6292 3.6546 1.1830 5.1490 4.8063 0.2549
5.9942 5.9109 5.5694 1.5121 2.0067 3.5072 2.1297 1.9108 1.4181 1.8289 1.9043 3.8704 0.6097 2.6571 2.2388 6.2063 0.6516 5.5917 5.3848 4.7968
0.0225 0.1239 6.1889 0.5012 1.2176 1.0344 1.4714 1.0383 1.7523 0.5178 2.0485 0.7592 0.7287 0.1256 2.1211 2.2720 2.7917 2.5174 0.6362 0.5707
0.6760 4.6317 3.1340 3.6973 2.5609 4.1664 3.1447 3.2010 1.6070 3.8524 3.1539 3.5638 2.5531 1.8029 0.5628 0.9837 2.0528 0.0155 0.6875 5.7620
1.2423 2.2121 2.0707 0.6565 1.2262 0.8205 1.9120 1.6176 1.5550 0.5997 2.8020 0.4703 1.2073 0.8115 0.7609 3.4130 1.7114 2.9362 1.6731 2.5351
0.3845 6.1439 1.9721 2.3611 2.0500 2.6121 2.4218 3.7581 2.3893 2.6147 2.3740 2.4584 2.1899 2.9372 1.0814 0.4837 1.3309 0.2472 0.7186 5.9892
