1.4275 5.1906 0.5972 1.9094 5.3357 2.9370 3.3111 3.0626 1.0917 3.2968 2.0527 4.8704 6.1440 6.1192 0.5606 6.1599 0.0188 6.2466 6.2037 0.5315
0.8379 1.9053 0.5382 6.0406 5.7059 5.3453 4.0071 5.4846 0.0490 0.3177 1.1290 0.8865 0.6611 0.3606 6.0255 5.8307 5.6795 3.4088 6.1123 2.1384
5.6527 6.0356 0.1801 2.1081 0.9232 1.8152 1.4232 2.6928 0.8124 2.9655 2.0267 5.8287 0.2097 5.4764 6.0678 5.1198 0.1453 0.5355 1.0269 4.5277
0.8504 1.7922 0.7887 0.2602 0.1036 6.0603 4.8828 5.5886 0.6513 0.4555 2.1914 1.9368 1.5888 1.7116 1.3558 1.1408 0.8513 1.5222 0.8629 1.3443
1.4579 5.1829 4.1509 5.0910 5.2966 3.7241 3.7662 3.2859 0.2435 4.3643 4.8247 6.0048 1.3123 2.8531 2.4310 3.2005 1.7085 0.5602 0.9469 1.0853
1.6212 2.7928 2.3757 2.2775 6.1305 5.7737 5.4971 4.9971 0.1326 0.7888 4.1860 4.2105 2.4424 0.9440 1.6237 1.3615 1.6065 2.0744 1.4359 2.3393
6.1057 5.2879 5.5296 5.5281 5.6643 6.0583 5.2967 0.0749 1.6561 3.6368 2.8210 3.1169 2.9144 2.8336 1.6784 1.1474 0.3555 0.4805 1.4546 5.7970
0.8473 2.4684 0.7589 0.6745 5.8181 3.2231 4.4843 3.7631 3.0399 2.0764 2.0671 1.3369 2.2578 1.2999 1.3515 2.6640 0.5662 2.0941 1.5848 1.5547
0.2189 5.7877 6.1047 4.4966 5.8329 0.2762 6.0123 1.3205 2.6366 0.9412 1.6859 0.5562 1.2189 5.7809 0.2886 0.3060 6.0410 6.1271 0.6697 0.4860
1.2534 1.4082 5.8140 1.3639 0.3874 0.6678 5.7464 5.7802 0.1735 5.9954 2.1112 2.5106 1.7238 2.6832 0.5499 2.0543 1.7047 2.3705 1.0544 2.4793
5.7437 4.9834 5.4762 5.5444 4.5058 4.3312 4.5570 3.3178 4.6902 4.9135 0.5863 0.1227 0.7035 5.7738 0.7781 6.0985 0.8186 0.6060 1.5699 5.9611
1.1031 1.0702 0.9667 1.6645 6.0812 1.2279 5.8846 4.2834 3.8980 1.7512 1.5991 1.6292 1.4698 2.0268 1.0259 2.3017 1.6549 2.5642 2.3836 3.8919
0.8246 0.7821 0.3851 0.5093 6.2087 5.4999 5.4723 5.7678 4.2926 4.8579 2.8802 3.2983 0.8928 6.0158 0.3698 5.9694 0.8498 0.0852 1.1663 1.0579
6.2804 4.7790 5.4005 3.7280 4.1554 3.3195 5.6026 3.6043 4.4010 1.4571 2.9528 0.2968 1.5857 2.0808 1.7202 2.3457 1.8622 2.5844 2.8782 4.5035
5.9173 0.4022 5.4795 0.1974 3.9825 5.0174 5.7256 6.1360 4.4898 3.8754 3.1398 3.4443 2.7097 0.9919 0.8034 6.0214 1.1198 2.3193 2.1054 0.7600
5.0500 4.7375 3.8639 4.1499 3.5566 3.3281 3.5623 3.7249 3.1511 1.4269 2.1049 2.2279 3.1336 3.3427 3.3677 2.8820 2.1461 2.5366 2.8793 3.7735
5.9862 0.3440 5.1901 0.9748 3.0337 0.5060 2.0641 1.3290 1.9548 4.0553 3.1167 3.6404 3.1028 0.8598 1.9162 0.5304 0.8143 0.3316 1.7183 0.0420
5.7671 4.4280 4.7911 4.1981 2.5115 4.2858 2.6246 4.0720 2.2672 1.0995 1.5299 0.3298 2.4486 4.5430 1.5347 2.4801 1.6078 3.1875 2.1633 3.7656
0.6150 2.4203 2.7661 2.2839 3.2246 2.2895 2.1512 3.0453 2.4994 3.5956 2.4563 2.4847 1.3923 1.9336 1.6129 0.4224 0.9655 1.3999 2.2461 0.1304
0.8410 0.4834 0.6295 5.6616 5.8268 5.8634 2.7426 6.0891 1.5144 1.1800 1.3568 1.8939 1.2954 1.8532 1.9102 2.4947 1.8849 3.3376 2.2550 2.1639
