2.0195 2.4242 1.4641 1.6862 1.3536 0.5093 0.5593 5.5128 5.1669 3.6641 2.7831 3.5998 2.5138 3.4662 2.5430 2.9712 3.0178 1.3912 2.8448 2.4645
1.4367 0.3054 0.8760 0.1323 1.3349 6.2245 1.4826 2.0339 0.7745 0.0674 1.7537 0.7096 1.8407 1.6488 2.1524 1.7271 3.8814 3.5865 3.8270 6.1432
2.3070 2.5089 1.0744 3.3471 2.3594 2.7296 2.6779 3.6903 1.1304 3.2939 2.3849 3.6136 2.8704 4.7962 3.6247 3.8187 3.1942 4.7178 3.3553 3.0650
1.2494 6.2698 1.0670 0.5696 1.0792 0.5833 1.9741 1.8258 1.7428 0.9760 0.4189 0.2845 2.0132 1.5545 2.2762 2.3084 2.5479 1.9991 2.2802 0.7143
2.8202 3.1728 2.0406 2.4714 1.7350 2.4807 2.6925 3.9962 4.5732 4.7949 5.4865 3.9883 3.7464 4.5212 2.6783 4.7890 4.0192 4.4556 2.6033 3.3102
1.3528 5.9103 0.5941 0.7996 1.2906 0.2479 1.0725 0.7628 5.6584 0.8161 5.7385 6.1780 5.1146 2.0276 2.7021 1.3839 2.8043 3.3799 2.8156 3.5995
1.2161 1.9609 1.8568 2.2216 1.1884 2.1731 2.6530 2.9544 5.0053 4.9982 5.2084 5.1520 5.2843 4.2982 3.8053 4.0020 1.2037 1.7652 1.1012 1.0591
0.8900 0.3222 0.7381 6.0687 5.3581 0.0902 0.9827 5.7511 6.0763 0.4207 0.5042 0.9447 0.2804 0.9939 2.2965 0.9471 6.1088 0.4408 0.3295 6.0572
2.1641 2.1950 1.8154 3.0063 2.9757 2.5387 1.7987 1.7022 0.7019 0.8978 1.4242 4.6936 5.3693 4.3617 3.8693 4.8024 4.5693 4.0423 2.4854 2.9452
1.3935 0.8298 0.9848 1.2210 0.8216 0.3496 2.0873 0.1350 1.3248 5.4898 0.9167 1.4603 1.8468 1.4549 2.8591 1.5326 5.6578 1.1720 1.7122 0.7721
2.7285 3.4397 2.2588 3.1677 1.6769 2.4874 2.2896 3.0878 1.6722 3.3343 2.6785 4.7492 3.7303 3.5036 2.8275 3.6315 4.7586 4.0525 2.9171 2.8913
1.7087 1.6892 2.2511 0.6896 1.0778 1.2751 1.2227 2.3949 1.5433 1.4580 2.3163 1.7638 1.8613 1.3186 1.7551 0.0632 5.5136 0.5322 1.9498 1.3328
1.8268 1.2092 2.6475 3.7744 2.5576 5.0398 0.0370 1.1296 2.0666 3.4493 2.9072 3.9632 2.2929 3.2319 2.5282 3.4783 4.1747 4.0966 3.0875 3.3825
1.6288 2.0996 2.3709 1.8937 2.4982 1.3606 1.9212 3.3429 2.7375 1.8329 2.4404 1.6844 1.8696 1.2821 1.1543 1.2922 1.1600 1.4676 1.2084 1.0664
5.6631 5.6794 1.2903 1.3715 4.2151 4.4188 3.2564 5.0314 3.1643 3.0663 2.4307 3.0822 2.3643 2.6775 2.1889 2.7816 3.8657 4.6099 6.0116 5.3016
5.2427 2.8609 2.1839 4.0957 3.7896 2.2473 3.1718 2.8842 2.3995 1.0447 2.2383 1.3077 1.9142 0.8727 0.7530 6.1387 1.0269 1.0656 0.4803 1.6754
5.9019 0.2710 2.6156 2.1280 3.2538 4.0341 3.4146 5.3460 4.6213 3.9968 1.9584 2.9847 1.7302 2.9220 1.3896 2.3006 2.1242 3.9786 0.1480 4.9654
2.1261 3.0598 2.7012 4.5113 3.4938 1.5926 2.3897 1.7722 2.4749 1.2192 0.6137 1.0523 1.1980 0.1093 0.7967 0.2190 2.0600 2.0188 2.5552 2.0440
1.6435 0.3735 1.9171 1.5246 3.4500 3.6698 2.9833 4.2782 4.5167 4.7394 4.7331 4.2729 2.2303 2.8884 2.1208 2.4706 1.8980 2.0860 1.6379 0.9473
3.3740 3.5075 3.0043 3.4203 2.5191 1.7890 1.6788 1.2950 0.5304 1.3038 2.1002 1.3167 2.5863 1.3734 2.0534 1.3196 2.7509 4.2103 3.4434 3.3660
