2.4923 2.4684 2.8131 0.1760 5.2637 2.1861 3.7866 1.0965 1.8614 1.6107 1.9668 2.1125 2.2745 1.5902 0.0769 5.4456 0.9032 1.8755 2.4385 1.9403
2.9590 2.6141 2.8001 3.9498 4.7637 4.6023 4.1381 4.0882 4.3922 3.2887 2.2522 5.4831 5.9514 5.6706 1.5213 1.7693 1.4709 5.6381 3.2883 3.8460
2.0163 1.0875 2.7742 3.8090 3.6547 3.3273 2.9097 2.2589 2.7278 2.3681 1.5886 0.9857 0.7380 1.9093 1.9981 2.1125 1.2621 2.5800 2.0176 0.9172
2.7505 3.5374 3.8699 2.3119 3.7826 0.8768 3.6660 5.0083 0.1253 0.0579 0.3532 4.3296 5.3737 5.6896 0.8471 6.0042 0.2169 5.6404 0.3317 0.9061
2.6497 1.7084 4.4894 5.2109 3.5506 3.7149 3.3891 2.5470 0.7630 1.1969 0.3379 2.3424 3.1865 2.4288 2.9633 2.2782 1.8452 2.1417 1.8818 2.9679
4.6846 2.6296 3.3483 2.3262 3.1295 2.4088 3.4796 5.6588 1.4009 3.9727 0.5745 0.6705 6.0307 5.5260 4.5596 6.1944 5.7904 0.3458 0.0507 5.6444
5.6946 5.4780 5.5598 4.7930 4.0431 0.7472 2.9236 1.5367 0.9124 0.9235 1.1584 1.5948 0.9936 2.1653 2.6844 3.4944 4.3852 4.7698 5.5522 2.0086
0.9247 1.6580 0.5088 2.1781 3.4993 4.2645 3.6958 5.2447 5.9659 5.3740 6.0743 0.6631 0.4781 6.1533 0.4048 6.1920 5.8074 0.8728 0.1633 0.1278
5.1623 5.8644 0.1330 5.4436 1.0055 0.7250 1.6816 2.0585 1.8669 1.2185 0.8715 3.3319 1.8960 3.1334 1.9146 4.0537 5.0465 4.6773 5.8025 5.2480
6.1353 2.0838 0.6551 1.7195 0.0385 2.3020 0.9636 6.1260 0.4987 0.8999 2.0380 1.4129 1.9045 1.1307 0.5468 0.9070 4.9415 0.5157 0.1967 1.3037
5.1899 5.4247 0.9067 0.2708 0.8877 5.7143 0.4839 0.0689 0.3741 0.3533 3.1079 4.0399 3.5016 3.0817 1.1711 4.6561 5.8027 4.0435 5.5404 4.7154
1.2158 1.7402 2.3687 1.8244 1.3331 1.6699 1.3663 2.2746 0.7081 2.5213 2.6680 2.9081 1.3549 0.5120 0.2288 1.3655 1.2054 0.7592 1.3661 0.6913
2.6894 3.5569 3.9665 4.4774 5.7573 5.2761 5.7376 5.7507 6.1488 5.6095 1.3032 0.8173 2.2661 2.0852 0.6349 6.1147 0.7339 1.5458 2.3637 2.5377
3.6446 5.6065 4.7929 0.3539 5.7411 6.1319 0.0707 1.3739 1.0774 0.6244 0.2440 1.1317 2.4855 0.8087 0.6701 2.0691 1.8876 2.4670 2.9071 4.3487
2.3680 2.4221 3.7077 4.4786 1.4447 1.8268 0.7182 0.5809 6.1307 5.5412 4.7556 5.2696 5.0356 4.9251 0.5825 0.7259 1.8321 0.0691 1.8534 1.4870
2.5620 1.3242 2.5057 2.8141 1.3263 1.1927 1.9043 2.8041 2.2903 2.5665 3.1503 3.6052 2.7967 3.8799 2.9554 2.8861 3.0608 3.7014 1.6917 2.4499
3.2749 3.4819 2.7284 0.3846 1.6958 5.3376 1.2670 1.4543 3.2051 2.6198 2.8072 1.4895 1.8050 1.1056 3.7789 5.5302 0.2940 0.8599 1.2489 0.2635
2.6101 1.8418 2.0860 3.4113 2.1913 1.8024 2.0499 5.8247 6.1689 5.7621 4.2720 5.2130 3.5447 4.4917 4.1186 2.6475 1.6008 2.7147 1.9359 3.2903
2.2125 2.5308 2.3117 0.4723 5.5643 5.6388 4.0822 3.2577 2.4944 2.7411 3.6669 3.3184 3.5040 3.1833 4.9327 4.9305 2.0711 0.4839 1.7977 0.2003
2.5282 5.8421 2.9711 3.7538 4.3117 3.2658 3.7299 2.5868 2.9138 3.2937 3.4234 4.0852 3.3694 5.1550 5.3283 1.8247 1.6947 2.9718 2.4460 3.2815
