5.9505 3.6418 2.7080 3.1125 2.2783 2.7785 2.6016 1.3160 3.0897 3.4905 4.7859 2.6122 3.2186 6.0717 5.5081 5.6657 4.4107 4.1605 1.5171 1.3323
0.7389 0.5692 1.9254 1.3211 1.9826 0.9443 2.6610 3.9013 2.1659 1.1999 5.3192 4.2373 3.1175 3.7398 4.5805 3.9062 6.0476 1.3262 0.9110 4.8631
1.4366 1.1382 1.7851 2.6552 2.9087 2.3351 2.8177 3.5801 3.1653 3.4380 4.9992 4.6936 5.0380 6.0451 5.6981 0.5967 0.0797 0.4250 1.3004 1.4449
2.8231 3.1940 2.2167 4.4011 2.5841 3.5406 4.1607 5.2354 3.9050 3.8256 4.3185 3.5367 3.4628 3.9528 4.6215 3.6386 3.7728 2.7110 1.5783 3.5063
1.5898 1.7134 2.6423 2.3024 2.4359 2.7527 3.5310 2.9659 3.6974 0.2290 6.2621 0.0568 5.5199 0.3392 5.0478 6.2327 4.8760 0.5258 0.8620 0.6625
3.0056 4.7267 3.4353 5.1191 3.8873 3.8959 2.9929 1.0973 1.5210 3.7156 5.1252 4.3029 4.7420 4.9244 4.2548 3.6105 4.2400 3.5912 4.5504 3.5899
4.4434 3.2859 2.9600 1.0484 3.8345 4.2292 3.0135 3.3332 2.4940 1.4705 0.1841 6.0881 5.6988 6.2180 3.9952 0.3739 5.4368 0.1387 4.8883 5.0736
4.0358 5.5984 4.0416 3.1802 4.1566 2.5200 1.7671 0.8446 3.1264 4.4413 4.0718 4.7901 6.0509 4.3682 4.0842 3.8982 4.5842 3.7804 3.7628 4.2800
3.0017 2.7868 4.6803 4.9600 4.6941 5.3992 0.2631 3.5396 3.1309 2.6209 3.9235 1.7255 0.8896 1.3178 5.7945 6.0871 5.1582 5.2931 5.0390 1.5839
3.4664 3.4574 3.4973 3.9635 4.1050 2.4149 0.5809 0.6973 1.0724 0.2865 5.0811 4.5397 5.5486 5.9011 5.7305 4.6090 5.1957 4.9332 4.7374 3.7411
2.8979 5.3658 4.2486 2.5927 4.4857 3.6542 5.0316 3.7977 2.1887 2.1344 5.4007 5.7025 5.8328 4.1594 0.1504 0.0985 6.2609 1.3256 0.2672 0.4006
3.9241 4.4298 3.7893 5.9376 4.9633 0.5619 0.2504 0.9029 1.4848 0.9947 0.8342 0.7939 0.1170 0.3859 5.8303 0.8415 0.3281 5.6095 5.1971 4.5389
3.5559 3.2218 3.8080 3.3759 4.7834 3.8474 4.1907 4.3512 4.8254 5.1230 5.7830 6.0528 5.1265 3.7075 5.1014 4.9909 5.7961 2.6372 4.3676 2.7310
4.7938 4.8302 3.6055 4.7635 5.9284 0.4121 3.1770 2.3322 3.6757 2.7439 4.5694 3.7457 4.8073 1.0237 6.1827 5.8316 5.4500 6.0037 4.5700 5.1773
4.3284 2.7168 2.6943 0.8176 3.4994 1.4574 2.5583 5.4257 4.7735 5.4148 5.0862 4.7225 4.7390 5.0188 4.9714 3.9390 4.5124 3.3001 3.3635 2.7633
5.2287 5.1810 3.9180 3.9598 3.5434 2.3125 2.6131 0.9876 5.7184 3.5053 5.1866 0.1896 5.4884 0.2090 5.8874 0.6523 0.6748 0.1351 2.6762 4.8646
1.0390 2.4294 1.7913 1.5330 2.1308 0.5592 0.9458 0.8324 6.0005 0.7945 6.2134 2.6983 5.2177 4.0951 4.2894 3.2157 2.8790 3.2928 2.0426 2.6131
5.9190 5.8550 1.8930 3.0130 2.6713 3.2210 3.8963 4.7131 5.6137 3.7696 3.8349 5.6656 6.0446 0.2237 5.3709 0.1938 3.0443 0.9282 0.8667 5.3233
0.9255 2.0328 0.6507 0.5603 1.3966 0.9840 3.4218 2.1740 5.5989 4.8091 4.3191 3.2003 4.5507 3.8198 4.8743 3.8171 2.9931 2.7901 1.6892 1.1071
5.7020 6.1415 0.8779 1.4159 2.5299 3.8284 3.3446 4.1161 5.1973 5.6658 5.0539 5.8733 4.0389 5.6266 5.3316 1.5831 1.7400 0.0050 0.9143 5.3682
