4.1421 3.2126 4.4813 4.3540 3.8275 3.0863 2.2445 2.9829 2.1265 3.6033 5.1618 1.0450 0.5619 1.3572 2.9784 0.8531 1.3183 0.9310 5.1693 4.6136
4.6528 5.9840 4.9375 5.6763 4.2571 0.1391 5.3758 6.1990 0.3712 5.3600 4.0715 4.3686 4.8371 3.8241 3.1198 3.8718 3.7914 4.5468 4.0295 4.1568
5.3385 4.0042 4.8354 2.9871 5.2801 3.9472 5.9716 0.7584 0.2711 0.6780 4.3439 3.2057 3.5514 2.7584 3.8388 3.1468 3.4643 0.5283 2.7314 4.8101
5.8861 0.2094 5.8076 6.2112 5.5880 0.6712 0.0481 4.7501 6.2175 4.6193 4.3348 5.2360 4.5099 5.3225 5.4746 0.1656 4.0251 3.3258 2.8937 0.9063
5.4839 5.2545 4.2409 2.9883 4.0338 3.1859 6.2789 0.7642 0.0998 5.9304 4.1187 2.8335 3.7665 4.6011 4.8466 3.8515 4.0704 2.9575 4.6244 4.2113
3.9150 3.4193 4.6033 5.0632 4.3503 0.2698 5.5940 4.0545 5.2423 3.3551 4.0080 4.9340 4.1529 4.6459 4.9759 0.8743 5.1726 3.8481 3.8945 2.4236
4.9007 5.8377 4.2415 4.2086 5.2176 3.7088 6.1246 0.2277 5.1149 5.4989 4.5295 2.9460 3.7094 5.2540 4.1947 4.6025 4.0960 6.0545 4.7781 5.1943
4.4527 5.5315 4.7444 0.9735 6.2432 1.0402 0.9682 3.0786 4.9668 4.3947 4.3579 4.8436 4.0090 3.7919 2.6657 3.1025 3.5203 2.2286 3.8505 3.3491
4.7721 4.6170 4.9069 4.5823 5.0732 0.5431 0.4586 0.4234 5.5342 5.5774 3.8231 2.1020 3.1141 2.0713 2.5041 3.5018 3.6530 5.0173 4.3938 4.7908
4.9843 5.9785 5.6241 5.5717 4.5025 4.3934 5.4268 4.1224 4.3491 3.0505 3.8951 4.1150 3.7172 3.5137 3.1887 2.3030 3.0711 2.0874 3.5038 2.6150
4.4359 3.7049 5.6585 5.3224 5.4948 1.1897 0.0754 5.8989 5.6979 6.2696 1.6000 0.4726 0.5640 0.5753 3.1653 3.9611 3.7045 5.7441 4.2557 4.4355
5.6645 0.8203 4.6192 4.9789 5.1044 5.4726 5.0783 4.3804 5.4103 3.9968 2.0496 3.2939 1.1694 3.5706 2.9187 2.0713 3.2230 2.3250 4.9036 6.0110
4.9649 5.5340 5.4357 5.7065 5.4141 6.2145 5.6879 1.0332 0.2279 0.8094 0.7805 0.8907 0.5108 1.2488 0.8365 5.8690 4.7591 4.9710 5.3121 3.5850
5.4659 1.4746 2.3316 2.1476 1.8526 3.4014 4.7333 5.0030 5.4359 4.4563 4.5615 4.4557 0.9895 3.6745 1.8950 2.6452 1.5642 1.6578 0.3327 5.8407
4.6524 4.8955 4.5898 4.9681 3.9081 5.4236 5.7346 6.1163 6.1694 0.3941 5.3901 1.6876 0.7776 0.7343 1.0435 1.6745 0.6769 3.9098 0.5192 2.9870
4.6423 5.6058 2.8243 3.7318 4.2361 3.0591 5.5098 3.7035 4.4838 3.4644 4.4024 4.7527 0.1637 4.9331 0.8192 6.0643 0.9446 0.1804 0.9374 5.8195
3.9218 3.5115 2.9384 5.9227 5.1277 5.3889 5.6250 4.6094 4.5180 6.0608 5.5352 0.7461 0.0602 0.4794 0.7707 1.7801 2.2866 2.0476 1.7047 2.4456
4.0478 1.3096 3.2154 2.5607 5.3121 5.9787 0.1056 1.2996 4.2903 4.8286 5.0344 4.5510 5.5224 4.5461 6.1151 4.6955 3.2768 3.4376 2.5242 4.7623
3.9930 4.4214 4.1433 3.7351 4.5472 3.4957 2.5927 3.9270 2.7758 3.1236 5.6901 0.5792 6.2625 5.4678 0.0389 6.2354 3.8652 3.9656 3.1783 3.3602
5.1821 6.0066 4.5538 4.4726 5.3440 0.4893 2.0440 1.3292 2.8365 0.0149 5.3664 5.3667 0.3050 5.1774 4.7503 3.5226 3.7576 3.8046 4.2588 5.6830
