0 18
0 19
0 34
2 25
5 14
5 38
6 48
7 31
7 40
7 47
7 48
9 1
10 1
11 1
11 30
11 33
12 18
13 10
14 24
15 24
15 44
16 21
16 42
16 43
17 4
17 5
17 39
18 1
19 8
19 40
19 41
19 42
23 5
24 37
24 42
26 45
27 44
28 5
28 15
28 33
28 39
28 40
31 32
31 33
31 45
32 15
32 45
33 13
35 23
35 33
36 24
37 24
38 23
39 5
41 13
41 29
41 34
41 35
43 19
43 20
43 30
43 31
44 30
44 31
44 36
44 45
45 19
45 20
45 29
46 19
46 20
46 44
47 0
47 3
47 15
47 16
47 17
47 18
47 19
47 20
47 21
48 14
48 15
48 16
48 17
48 18
48 19
48 20
48 21
49 15
49 16
49 17
49 18
49 19
49 20
