0 9
0 12
0 29
2 2
2 39
2 45
3 10
3 45
4 23
4 31
4 43
4 45
6 22
6 28
7 48
8 27
8 31
9 21
9 31
9 41
9 42
10 12
11 3
14 11
15 9
15 10
15 11
15 41
15 43
16 10
16 32
16 33
16 38
16 41
17 10
17 33
22 35
22 37
23 3
23 4
23 28
23 37
24 4
24 5
24 26
24 37
25 34
26 19
26 49
28 35
29 20
30 2
31 10
31 27
32 10
33 9
33 10
33 25
33 30
34 8
34 9
34 10
34 11
34 30
35 7
35 8
35 9
35 10
35 11
35 12
35 36
36 7
36 8
36 9
36 10
36 11
36 12
37 7
37 8
37 9
37 10
37 24
37 35
38 9
38 10
38 40
38 41
39 12
39 23
39 24
39 44
39 47
40 0
40 24
40 25
40 43
40 44
40 48
40 49
42 41
43 2
43 28
44 9
44 28
45 14
45 20
48 13
48 39
48 40
49 9
49 12
49 13
49 49
