0 0
0 15
2 0
2 1
2 2
2 29
3 22
3 45
5 36
8 38
8 39
8 48
9 1
9 39
11 30
12 13
12 45
13 11
13 12
14 10
14 11
14 29
14 30
16 29
17 29
18 29
19 44
19 45
20 36
21 43
24 22
25 29
27 44
27 49
28 13
28 32
28 33
28 47
29 36
29 41
30 5
30 6
31 4
31 5
32 35
32 36
32 40
33 5
33 10
33 13
34 35
34 40
36 13
36 39
36 45
36 46
37 22
37 37
37 38
37 39
38 35
39 19
39 27
40 3
40 23
41 22
41 31
42 21
42 22
42 31
42 41
44 19
44 20
44 45
45 29
45 30
45 31
45 32
45 48
46 25
46 29
46 30
47 11
47 29
47 30
47 41
48 11
48 21
48 41
49 18
