0 24
0 25
0 47
1 26
1 27
2 5
2 12
2 35
3 2
4 2
4 3
4 31
4 32
5 32
6 18
7 17
7 18
7 19
8 14
8 15
8 16
8 17
8 18
8 19
9 13
9 14
9 15
9 16
9 18
11 44
12 44
13 28
14 28
14 41
14 45
15 2
15 28
15 37
15 38
16 2
16 3
16 20
16 37
17 20
17 21
17 31
17 37
18 18
18 21
18 33
19 20
19 21
19 22
19 33
19 43
20 21
20 25
20 38
22 18
22 36
23 16
23 37
23 46
23 47
24 46
24 47
25 18
25 41
25 44
25 45
26 45
27 19
27 25
27 26
28 32
29 7
29 8
30 8
31 6
31 7
31 8
31 13
32 5
32 6
32 7
32 8
32 9
32 18
32 38
33 4
33 5
33 6
33 7
33 8
33 9
34 5
34 6
34 7
34 8
34 9
34 10
34 42
35 6
35 7
35 8
35 9
35 10
36 6
36 7
36 8
36 9
36 49
37 8
37 9
37 15
37 38
42 0
42 17
42 49
43 0
43 49
46 46
46 48
46 49
47 9
47 10
47 18
47 48
47 49
48 9
48 48
48 49
49 16
49 48
