2.9178 3.0888 3.0490 3.8579 2.5140 2.6943 3.3355 2.7722 4.1723 3.6219 4.7122 3.4222 3.7708 4.3372 5.1043 4.2533 4.0758 4.6016 4.0513 4.4277
2.4137 1.7021 1.9351 1.7984 3.1802 4.6109 4.4208 4.9639 4.9551 5.8628 5.1279 0.1237 4.1482 1.3768 0.1031 1.8618 3.2493 2.4940 3.1158 2.0983
3.1933 3.9519 3.2399 2.7329 2.7047 1.7059 2.8228 2.3424 3.9973 3.4555 3.9551 2.6803 4.5538 4.4183 5.7448 4.8000 3.8896 4.1550 3.9135 4.2201
3.0748 2.1638 3.8040 3.9842 3.2909 3.3480 3.6840 4.7359 4.7153 0.3339 5.0139 5.5975 5.9594 0.3692 0.3479 1.4058 3.1270 2.5530 3.7111 2.3248
3.4016 3.0818 4.3180 0.0749 4.1350 5.0432 4.3755 3.1744 4.0915 3.4305 3.5172 2.8722 5.7272 4.5922 5.6129 4.2720 4.6122 4.4745 3.9381 3.5772
3.7039 5.1295 4.0987 3.8447 3.6440 1.8027 5.4780 6.1206 5.1126 5.2024 5.2101 5.6230 0.6148 0.0434 0.1339 0.2557 6.0590 6.0469 5.7278 5.4130
1.7213 2.3737 4.2199 5.5147 5.0380 5.3125 5.5418 3.9284 4.8131 3.8706 5.0875 2.0873 2.3228 1.8053 1.2664 1.5189 6.0307 0.9723 0.5650 2.2888
6.1943 5.9450 5.5381 1.1117 5.9487 0.8623 0.1903 0.2968 5.4020 0.8228 5.6961 5.4546 3.5536 4.0328 3.0412 4.0489 5.1341 5.5407 0.1803 5.2072
1.6166 1.5996 0.6708 5.9470 5.5509 5.2876 6.1803 5.3152 4.3559 4.4749 6.2816 1.4206 2.3467 1.1286 1.4439 0.8540 2.2397 2.5038 1.6832 2.0850
6.1771 5.6292 0.3529 1.0166 0.2449 1.3390 6.2151 1.4565 1.9947 2.2372 1.6184 2.8121 3.1366 3.8960 2.2532 3.3028 2.1085 1.1208 1.0797 6.1342
1.7215 2.3886 3.0607 3.7571 4.4745 5.0478 5.6345 5.4154 0.1272 5.9562 0.9488 1.1687 2.4112 1.7040 2.2219 1.1598 1.8701 3.1447 2.2628 2.5803
0.9282 0.9464 2.3944 1.1908 2.3867 1.7119 1.1913 1.7873 0.2068 1.9700 1.4116 3.8754 3.0218 3.8270 3.7089 3.9815 1.3118 1.2736 1.2709 0.1972
3.1067 4.1784 3.4493 3.8282 2.6052 4.6402 0.4965 5.9133 5.9447 5.0882 1.1916 1.1407 1.1103 2.0101 2.4837 2.1553 2.3709 3.2289 2.1046 3.7632
1.7200 1.8041 1.9720 1.6013 1.8673 0.4059 1.2008 1.1732 1.1174 0.6654 1.1862 0.2784 1.1379 0.6685 1.2939 0.6381 2.0360 0.7217 1.5793 1.1206
2.4532 3.8274 3.5190 4.0369 3.1425 3.7699 2.8360 2.5096 2.0037 3.6076 2.0394 1.8989 1.8128 2.7485 2.1049 3.0615 2.9591 2.9338 3.4135 3.5593
2.0452 0.9653 1.9348 1.1648 2.2173 1.0515 2.1837 0.5218 1.1725 1.1965 1.3703 0.1882 0.4059 6.0193 0.9680 0.5822 0.9641 0.4053 2.1950 1.4618
2.3346 3.1797 2.7387 4.5004 3.2256 3.9664 3.6259 3.3440 4.4755 4.1710 2.7212 2.9273 0.7794 2.2965 2.0081 2.1709 1.7240 2.7102 2.4623 3.1600
1.9527 1.8749 2.0729 1.0328 1.9547 0.6954 5.5605 0.2118 5.8234 0.5156 0.7203 5.9480 0.1944 6.0006 0.9356 0.8746 0.4277 1.6149 2.2028 1.1962
2.6830 3.9214 3.1549 3.1050 2.9148 3.4050 5.4043 3.9512 4.5971 3.2463 1.4394 2.4456 1.0381 3.7477 5.1744 4.5696 5.8397 5.2904 3.8868 4.6743
2.4438 1.5717 1.6175 1.5960 2.7561 6.1171 5.6843 5.7201 4.8014 6.1132 0.4265 0.0325 6.2739 0.7247 6.2762 0.1373 5.7349 2.2203 3.6637 2.5532
