0.8382 0.8896 6.0047 2.7689 1.4700 1.8186 6.2284 0.6346 1.0455 1.4498 1.3589 3.2367 2.6731 3.6576 2.8718 1.7724 2.8455 2.8439 3.6491 1.6445
0.3082 5.8764 5.9370 5.8080 0.3876 4.9224 5.1362 4.0421 2.0726 3.6002 1.9861 1.3186 2.0544 1.1917 2.8641 3.1198 3.2766 4.4115 5.0516 5.5383
2.3568 2.5671 0.0311 5.7285 0.2157 1.0977 6.0828 1.1785 1.5936 1.3383 2.6210 2.4941 2.8035 3.6483 3.2225 2.0362 2.5653 2.1505 3.1450 3.0775
0.5619 0.4417 0.4430 1.7357 6.1593 4.1185 5.0547 4.5529 1.7063 3.3100 3.3415 4.9816 3.4601 4.8296 3.4477 3.7542 3.6856 4.5347 4.6338 6.2235
5.6135 4.1957 5.5048 5.1631 0.3068 0.5933 0.1519 0.5275 1.2977 0.6715 1.9145 1.7177 2.3522 1.4703 3.2849 2.8722 3.0464 2.3615 3.2792 4.1564
0.2633 0.1372 6.1396 0.8672 0.4396 1.8854 1.6417 2.6620 1.5342 2.9081 2.9406 3.5632 3.3210 4.1728 3.8690 4.6251 2.9445 3.8224 3.3684 0.6759
2.0262 2.7597 0.0243 5.5273 0.3846 6.0871 0.8793 6.1765 1.4923 0.9308 2.1508 1.7519 2.5634 2.3154 3.3645 1.5475 2.2127 1.1696 1.7533 2.8955
0.8881 0.1847 0.0551 1.2252 1.3367 2.5787 2.3692 2.9050 2.6191 3.4171 3.3221 4.0310 3.2722 3.8451 2.4321 2.9504 2.5648 3.2343 2.2288 0.6003
1.9012 2.4423 0.3816 6.1130 1.0251 6.1585 1.2748 0.2467 1.9926 1.3778 2.0803 1.9537 2.3075 1.4829 2.1156 1.4208 2.1124 1.4747 2.2159 2.0942
3.5359 6.0088 0.6838 2.2781 1.5347 2.3866 2.4331 2.7768 2.2945 3.0869 2.7342 4.2831 3.4413 3.5497 3.2330 3.9901 3.3047 4.0231 3.3359 4.3157
2.9386 2.3986 1.3184 0.6956 1.0648 0.2723 1.9080 0.9545 1.1592 0.4006 2.1669 1.2989 3.0364 1.8807 2.1702 1.4064 2.0500 1.5958 2.6373 1.2796
4.5273 5.4858 2.8961 3.2935 2.8939 3.2201 2.3169 3.5673 2.0703 2.7108 2.9595 3.6412 3.5975 4.3552 3.4911 3.4843 2.5728 3.9596 3.5242 4.2087
4.1025 1.9174 2.2282 1.1858 2.0137 0.6056 0.6675 0.8421 0.6780 0.0655 5.7054 1.1091 0.3688 0.4522 0.2858 1.2342 2.3008 1.0354 1.8979 1.7637
4.4020 5.1829 3.9657 3.2437 0.6964 5.5355 5.6865 5.2058 5.8880 4.8626 5.3532 4.5387 5.9299 5.9506 5.8335 4.8679 2.9613 3.4227 4.0935 5.0765
3.9474 3.3411 4.4563 5.9995 6.1267 0.8271 0.0480 1.5693 0.2093 0.6914 0.0478 0.5277 0.6298 1.3234 1.3321 1.7914 2.6117 2.1929 3.7965 3.6894
5.4007 5.4738 4.4678 3.3908 5.9910 6.0648 6.0952 4.9646 6.0158 5.5584 5.6686 5.0081 5.7703 4.1021 3.9738 4.3643 3.3863 4.5936 3.2681 0.6011
5.1055 3.9152 5.7199 6.1359 0.0861 1.2159 0.4335 1.1355 0.9212 1.0726 6.1661 0.3860 0.0985 0.7479 2.8092 1.6297 1.5782 2.1280 2.4800 3.6967
6.1455 0.2383 0.3646 0.0025 0.6690 5.6992 0.2150 5.1645 0.6977 6.0443 5.1625 4.9498 3.5432 4.1005 3.7456 5.2737 6.1609 5.9857 1.0625 6.1254
0.5401 1.7465 1.2105 1.6830 1.1984 2.3016 0.9673 1.2817 0.5785 4.4037 5.2414 4.0084 3.8484 2.3357 1.7867 1.5790 1.5014 2.4392 1.9151 1.4378
0.0682 6.2180 0.0503 5.6377 0.5064 5.8317 0.1059 5.1235 0.1324 5.9517 0.5470 0.5116 0.4569 0.7867 2.1018 3.9797 3.3496 5.8492 4.8652 4.9013
