4.2939 2.5609 2.9166 3.6526 4.0552 2.9345 3.1872 2.5695 3.3463 2.4041 4.8443 5.3230 4.3061 5.4949 1.1807 5.6876 0.7231 6.2368 5.5878 4.6034
4.6195 4.6897 4.5509 5.3432 4.3638 5.1452 4.8414 4.9908 4.0862 4.1568 4.4173 3.6005 4.3223 3.1691 2.1732 2.3306 1.1834 1.7323 6.1203 6.0461
3.9567 2.3371 2.8848 2.2700 2.2247 1.7402 1.5621 0.5242 3.9117 4.5851 4.0373 5.7072 5.8905 5.9187 0.3931 5.8336 0.5798 5.3308 5.6770 3.9131
4.7025 5.4566 3.1028 3.9612 2.4103 3.1687 2.6351 4.3062 4.4302 2.9931 4.6083 3.2413 3.1292 1.9392 0.3984 0.9961 0.6004 1.6772 0.3348 6.1766
4.3775 2.8115 3.1498 1.8039 1.9246 1.7218 2.1698 1.1151 6.1836 6.0690 5.1170 5.3774 5.2883 5.5052 6.0220 5.1217 5.2518 5.0093 4.3916 4.0030
4.5113 4.6292 4.0994 4.4017 3.3846 4.3972 3.5277 4.2855 4.4173 3.7562 2.3803 2.3626 2.1970 2.5059 1.5887 1.2957 2.0257 2.0585 3.1802 1.2309
3.7055 2.2311 3.2170 1.9075 1.7175 1.1626 1.8699 1.4108 2.9953 1.1174 1.4288 6.1386 1.1963 0.1585 0.9512 4.9529 1.9261 5.8240 4.2968 4.5438
3.9823 4.8845 3.9339 3.7465 2.4046 3.2237 2.6399 3.9684 3.4287 3.8179 3.1538 2.4036 1.6418 1.6543 1.9973 2.6964 2.4031 2.4435 3.1991 3.2940
3.0441 1.8243 1.9669 1.0916 1.4548 0.2615 1.3168 0.5807 1.9186 1.8711 2.3090 5.7764 0.9543 5.5992 0.4030 1.3786 2.6169 2.3585 3.1727 1.6874
2.7035 2.9068 2.5695 3.6157 2.1088 2.9980 2.1785 2.9952 2.2150 1.7888 1.4702 2.2328 0.5000 2.6664 0.0111 4.9652 3.6730 3.9592 3.0832 3.5314
2.2189 1.4510 2.0284 1.3202 1.1234 1.7760 1.5781 6.2231 0.5836 5.7219 6.1559 0.0654 0.4861 5.6718 6.0009 2.8094 3.3408 2.1287 2.5934 2.0638
3.1805 4.0753 2.7751 3.5895 1.0662 0.2287 1.7620 1.9103 1.7418 0.9508 6.1846 4.7895 1.4109 0.8765 4.6507 4.9287 3.4331 4.1049 3.1941 4.0425
2.1061 0.8147 1.1779 1.5563 2.0165 2.5619 2.4324 3.3299 2.9227 4.0576 5.3928 0.4682 6.1020 4.5732 4.9263 1.6589 2.2886 1.7996 2.3436 1.4198
2.7055 3.1788 0.1868 5.6772 6.1126 6.0744 1.7540 0.7569 1.9463 2.1579 3.9253 3.8679 5.9490 0.6504 6.2100 4.6185 3.6049 3.3925 2.8831 3.6495
1.7263 0.8244 5.8651 1.1342 0.7195 2.4857 2.1307 3.2382 3.5456 3.9064 3.8042 4.8298 4.4934 4.7061 0.4030 0.9372 0.7705 0.9368 1.6677 0.6007
2.6358 4.1288 4.3884 4.4848 4.5165 5.8081 2.7179 4.7741 5.2620 5.6989 3.7955 2.4548 2.5479 2.2439 0.7369 0.9522 0.9103 1.4058 2.0577 2.6866
3.5415 2.7389 3.3104 2.1563 3.4230 2.6093 3.1867 1.9723 3.8640 2.8843 3.4092 5.8785 5.8829 5.4632 0.5834 5.3353 5.9250 4.7894 4.4611 4.1272
4.8250 5.4318 3.8786 4.5230 3.3734 4.7637 3.4521 4.9027 4.0490 4.0418 3.4592 2.4044 0.7147 1.5097 1.3828 1.7540 1.0567 1.0543 5.3278 0.0477
4.3802 3.0396 3.5605 2.6085 3.3624 2.4410 3.0851 2.5698 4.1491 3.2758 4.4472 5.5305 0.2897 0.3038 0.8305 5.6365 0.5444 5.1240 5.0992 4.2811
4.2576 5.5252 3.8926 4.4590 4.3894 4.9152 3.2438 5.0569 4.5593 6.1616 5.5144 1.5104 0.5787 1.8527 1.5126 2.1976 1.3205 1.6172 6.1423 6.2348
