0.0638 0.6130 5.5290 5.7841 5.5181 5.9003 4.7309 3.5723 4.5099 5.2550 0.0824 5.5142 6.2096 1.3593 1.0573 2.8286 2.0809 2.6417 2.0815 1.6331
6.2528 4.0460 4.6562 3.7960 4.3958 4.2152 4.5697 5.5988 5.3037 0.8939 0.9952 1.4527 0.6533 0.6540 0.7451 0.5066 1.5550 0.7523 1.1219 6.2044
1.9575 1.6899 2.9717 2.8711 3.5571 2.4730 3.6813 3.5728 4.9362 3.3021 2.5287 3.9634 1.8619 2.8610 1.6478 2.6720 2.2286 2.5399 2.5568 2.6165
2.1720 3.8796 3.2908 4.7017 3.9868 4.7506 4.0658 5.7793 6.2744 0.2401 2.0978 1.2658 1.1110 0.7482 0.7328 0.1409 1.8811 2.1718 2.7845 4.7768
0.9576 1.1881 2.0543 1.7960 3.0094 2.3280 3.0881 2.3810 2.5216 2.7915 3.9969 4.9587 4.1315 4.7946 0.4280 2.4606 1.9362 1.7637 1.9276 1.5608
1.9631 4.6230 3.5154 4.4096 3.9275 4.5970 4.2375 5.6099 3.5205 4.6719 3.6516 2.7237 3.7511 2.4952 1.1116 0.4682 0.2655 5.8236 1.4693 0.9379
2.3447 2.5244 2.7820 1.2452 3.4115 2.3609 3.6250 2.7760 3.4334 2.6156 4.0593 5.0554 4.8945 5.5117 6.2006 5.8173 5.7746 2.4659 2.4788 3.1533
2.3912 1.3968 2.4304 3.3932 3.1211 3.0694 4.0699 5.1337 4.6991 5.1089 4.4548 4.0183 3.9326 3.8677 5.9665 1.0354 0.2134 6.1873 1.1574 0.4852
2.9695 2.7859 1.6513 0.4078 4.5346 6.2117 5.9095 1.0673 0.8343 1.2068 0.3632 0.8712 0.2151 6.1975 5.7425 4.8708 5.3018 2.9771 1.7736 3.3229
2.1445 1.5959 1.8749 3.2704 5.0567 4.0732 5.6358 5.2632 0.1161 4.7313 5.2081 4.9734 5.9967 5.3812 6.2518 0.0464 0.1901 0.5316 0.9443 0.5210
2.4090 2.6290 1.6954 0.5934 0.6512 6.0780 0.0385 0.8744 0.6233 6.2625 6.1699 0.7689 0.4459 1.1340 0.7853 2.4701 1.0797 2.5265 1.7133 2.4724
1.4107 0.5586 1.3976 1.7223 1.5767 2.7051 1.1274 3.5933 2.4079 2.9076 5.6395 5.2313 0.1338 5.4176 6.1276 5.3019 0.9139 0.0465 0.7103 0.4396
2.1428 2.9080 1.6222 0.0034 0.4669 0.0878 1.0359 0.1992 1.3282 0.4235 1.1967 1.3728 0.8577 0.9625 1.3354 1.7244 1.5157 1.6483 1.5218 2.8989
1.1696 0.1320 1.1290 2.8896 1.5992 3.1136 2.2447 2.5375 2.2479 2.6232 1.1008 4.8284 0.5598 0.0872 1.6022 2.8344 1.6664 4.9569 0.3023 0.2786
1.2709 2.2305 1.2871 0.4547 0.8498 0.5680 1.6173 0.4049 1.2540 0.5691 2.0551 1.6367 1.5057 0.9673 1.8655 0.6069 1.3897 1.7741 1.9945 2.8755
0.5601 0.2624 0.3195 2.3382 2.1746 2.9185 3.1353 3.3760 2.3497 3.9793 1.6247 2.4292 1.9330 3.0875 1.8127 3.0222 1.8535 0.3637 0.9451 6.1749
1.5395 3.5683 5.3390 0.3586 5.6642 5.8808 5.0468 0.2686 1.1352 1.1767 1.2937 0.6922 1.2484 6.0052 1.3820 1.7138 1.4389 3.1659 2.2071 2.4302
0.1087 0.1016 5.7825 4.3569 3.4480 3.3344 3.4641 3.4082 1.9237 2.0410 1.5579 2.3309 0.8011 2.1826 0.7521 5.8804 0.3229 0.0207 0.7301 5.9316
6.1498 3.5816 3.9213 3.1383 4.0439 4.9228 4.1812 4.7910 3.0530 5.7951 0.3643 6.1510 5.9797 0.1953 0.6342 1.7807 1.8460 2.5070 1.8886 2.8975
5.8902 5.3330 4.6502 4.1930 4.3730 3.4840 3.8559 3.6060 2.5634 2.1910 0.8152 1.9667 0.1044 0.5487 0.5139 0.0949 1.7549 6.2775 1.0277 6.1588
