3.0960 3.9697 3.8575 4.5694 4.1417 0.9042 2.0090 2.4471 3.1178 1.7843 2.1638 0.5331 6.1472 0.2474 5.8366 1.0968 3.1270 2.1297 2.5365 2.3794
3.2459 2.5015 2.5202 1.9208 3.1833 4.3296 3.5726 3.5251 3.7150 3.3974 3.4641 3.5562 4.9391 4.2763 5.4414 4.5679 4.8255 5.0445 3.4483 4.1388
2.6742 3.9719 3.4382 3.9881 3.0555 2.2296 2.9421 6.1627 2.5482 2.1646 2.8248 0.4391 5.2788 6.1090 5.0216 4.5158 4.1391 2.5639 2.7342 2.2256
3.5732 1.7910 2.7984 2.3904 3.4484 3.7416 2.9646 2.3674 3.2875 3.1966 3.1051 3.5610 3.3363 3.0978 5.5356 0.4664 5.9449 5.9203 5.5865 4.8024
3.6141 4.6333 3.5298 5.0574 4.7727 5.0965 4.1087 4.3269 4.0629 4.5656 3.8347 4.9398 2.9866 5.1773 5.0643 4.5247 5.2431 4.5864 5.4569 2.6758
3.7859 2.3996 3.5146 2.6911 3.5316 2.4671 2.7111 1.7276 2.9776 1.5098 2.3124 1.9525 3.1441 2.1816 2.7535 1.6726 0.2090 1.2645 6.2283 5.3664
3.4404 4.5970 4.7832 5.1172 4.2110 4.4438 4.3089 4.0123 2.8529 3.7203 2.7128 3.7534 3.6691 4.5822 3.9487 4.4354 6.1402 5.3349 5.5977 3.0760
3.4645 3.7609 3.8990 2.9868 3.0464 2.2690 2.1926 1.1687 2.0672 1.5290 1.9872 1.3378 3.6272 2.7405 4.0948 0.8192 5.8969 0.1499 5.0671 5.6236
3.0492 2.4048 4.0272 5.6044 3.9853 4.5001 2.6770 3.5547 2.5132 3.5572 2.6521 3.9808 4.5665 5.6001 4.5392 4.0799 5.2771 4.1444 3.6664 2.1825
3.8751 4.8343 3.3963 3.3188 3.1541 2.5408 1.7746 0.4128 1.5760 6.0079 2.1291 0.1350 5.2015 3.6905 5.1121 6.0208 5.5766 1.8806 3.5225 4.4024
1.1947 1.7328 2.9903 1.0413 2.1057 1.0903 1.2872 3.3551 0.5968 2.0349 2.7749 3.4463 5.2288 5.3262 4.4590 3.8005 4.2462 4.5831 3.7474 1.1868
1.9130 3.6256 3.1927 2.6104 1.7938 1.8301 0.5962 5.9995 0.6072 5.4152 6.0528 0.0419 5.2378 3.7080 4.9332 1.3378 3.2614 2.0634 3.4761 3.2323
0.7583 0.7253 1.3318 6.1624 0.6379 5.9516 0.5022 1.7249 6.1873 0.5071 6.0629 4.1445 5.6329 0.7010 5.5965 4.3010 3.5494 4.5658 3.7078 5.6498
1.1417 1.4943 2.2137 3.0303 1.2478 2.3794 0.6678 0.5153 0.2292 6.0414 0.1912 0.1131 5.5852 5.4739 5.8065 1.2776 3.8242 1.9617 2.0579 1.8907
5.1598 5.1798 5.3625 6.0898 0.9636 0.2719 1.0196 2.0560 1.1035 1.8121 0.7109 3.1183 3.9687 2.7300 3.9025 3.8204 4.5622 3.8822 4.2795 4.8884
5.7238 2.7788 5.2622 3.1637 1.6016 2.0300 1.4230 5.7638 5.7962 5.3931 5.6056 5.5536 5.1136 5.6919 5.2983 0.0061 4.7353 5.1749 5.4288 0.2571
5.2703 5.3461 5.9869 5.8221 0.0353 5.4520 0.4275 0.9921 0.3928 1.5707 0.1518 1.6964 5.8517 1.0216 5.8813 2.9965 2.9036 3.1070 3.8797 3.7000
6.2461 0.5621 5.7087 1.3252 0.8547 1.6152 1.1339 5.2255 5.7798 5.4751 6.1878 5.1456 5.8685 5.0316 4.9866 5.1267 3.5357 4.1442 3.8579 6.1552
2.3684 3.5960 5.1888 4.9106 5.2614 5.9719 0.4884 1.2420 1.7410 1.3975 1.0196 0.6435 6.0946 0.5667 5.6303 1.7741 2.4282 2.1727 2.8983 2.9163
1.6620 0.0995 4.7521 1.9758 3.7222 3.3889 2.5429 3.1107 2.4694 4.7738 1.9460 3.8658 5.3000 4.6877 5.0669 5.1606 4.0473 4.9268 2.0855 0.9577
