4.8355 4.5032 5.7019 0.3064 3.8252 4.7153 4.2267 3.9904 3.7264 6.0212 4.7349 5.9588 5.1007 6.2510 5.8788 0.8862 0.5530 0.3096 5.8365 6.1539
4.9635 5.6278 5.0110 5.0694 3.4776 0.7325 1.9290 0.8289 3.4872 2.7121 3.4472 2.8879 4.1292 3.4266 4.7802 4.7801 5.5751 5.8568 5.4486 4.9847
4.9179 3.4098 4.5640 2.7688 3.4765 3.6138 2.6691 3.2091 3.4612 4.6089 4.0744 4.4774 4.3090 5.4399 5.1848 6.1166 5.7314 5.8802 4.7144 2.8356
5.7657 0.3018 5.5129 5.7760 6.0549 0.6863 0.8005 0.8649 2.2650 1.2644 0.4414 0.6590 5.1209 3.7994 4.4566 3.2211 4.3275 3.9826 3.8556 5.2598
5.4201 4.7992 5.6767 5.6761 0.2676 5.7388 6.2135 4.1898 2.9274 5.0543 5.1698 0.1040 5.6653 0.0428 5.5394 6.1817 5.2036 5.9416 4.3743 3.7050
6.0238 0.1833 0.2546 0.8240 1.0201 1.8869 1.1663 1.4922 2.0500 2.5850 4.4103 3.9092 5.1349 4.4737 5.0966 2.5520 3.7271 3.2566 3.9429 0.2888
4.8687 2.9687 6.1877 5.5762 6.1681 6.1868 0.1154 5.5911 5.9686 4.8576 4.9227 0.0156 5.8504 0.0852 5.7722 5.1772 4.8250 4.8427 4.1830 4.3371
0.5352 6.0659 0.4864 0.7861 6.1110 1.0212 0.9963 1.6883 5.8304 0.5515 5.1395 3.5272 4.6204 4.1248 4.5066 3.5921 3.6959 1.9625 1.8841 0.6850
1.5548 1.9078 1.4230 1.9155 0.6424 5.2309 6.1425 4.5700 5.9775 5.0409 5.6776 6.2713 4.9720 6.2809 4.4769 5.6305 4.3963 5.7467 1.7558 2.6991
1.0021 5.7801 0.2731 0.1896 0.3201 1.3408 0.2390 1.8094 0.7130 2.7626 4.1127 3.2265 3.4513 3.3288 4.1383 3.1513 3.2237 2.5928 2.4032 0.6288
2.5676 2.7780 3.2148 3.4421 6.1422 5.5702 5.5686 5.9802 0.7202 0.1457 3.9717 4.6886 4.0180 5.3242 4.5235 4.8550 3.5142 3.6650 2.3645 2.6612
2.2753 1.1933 2.5945 0.9416 0.4568 1.6986 0.8624 2.9295 3.1784 2.9656 3.2380 1.6000 3.0024 3.0560 3.1125 2.5709 2.1238 1.8050 2.2844 1.8704
3.3602 4.3333 3.5408 4.4123 4.7891 5.0013 6.2209 5.7535 4.0445 4.8439 3.8507 4.4835 3.6344 3.7773 3.2342 3.8926 2.3827 2.5991 2.1968 3.4344
2.4139 1.7455 3.0239 2.6919 2.6300 2.7411 2.1426 2.7333 3.4754 2.3545 2.5953 1.5628 1.9775 1.6532 2.4864 2.0222 2.4570 0.6336 1.2901 0.8100
2.4020 4.2847 3.7428 4.8139 3.7929 4.7420 3.0612 4.5705 4.1937 5.0174 3.3460 3.9823 3.3228 3.7625 2.7301 3.5938 2.9190 2.4487 2.0264 3.2872
3.6699 2.4622 3.1308 2.1544 3.0005 2.6990 3.4292 2.3416 3.0405 1.8428 2.7275 2.6429 1.8304 0.7647 1.8705 0.2501 1.8168 6.2182 0.3350 0.1348
3.5236 5.5935 3.6932 4.5880 3.5548 4.8299 3.8420 4.0739 3.7173 4.3711 4.0554 0.0911 0.7627 1.7291 1.6609 2.5015 1.7269 2.4828 1.4700 2.6983
4.1404 3.2686 3.9762 3.5836 3.2124 2.4107 2.9712 1.4864 2.6294 3.3990 3.5301 3.1105 0.4047 5.2961 0.0923 5.4906 0.3342 5.2107 6.1191 5.7216
0.1545 0.4826 5.9475 5.8770 4.4239 4.7270 3.4502 4.6850 3.3183 6.1696 0.8847 0.3632 0.4777 1.3143 0.6282 0.9757 0.1105 1.1810 0.6300 0.5369
4.7835 4.6133 5.5297 3.2149 3.3207 2.2474 2.9010 2.2814 3.4537 3.1093 2.7079 3.1895 4.4904 4.9034 5.6529 4.9339 6.0859 4.5813 4.9253 4.2349
