1.0025 1.9072 1.8807 3.0271 2.8702 3.7167 5.6553 5.4663 5.9360 6.1036 5.1397 5.8839 5.9376 5.7044 1.0187 0.0478 1.0401 1.8537 1.2741 1.6711
0.5020 0.0853 0.6478 0.7815 1.3503 0.2266 0.2643 1.1053 0.5537 0.7527 0.9319 1.8912 1.3029 2.1372 0.6005 0.5071 0.9548 0.0960 0.8228 5.9255
1.4594 1.1201 0.3615 3.4558 2.5321 3.1907 0.0676 5.2480 5.8592 4.7034 5.5411 4.9942 0.2613 5.8424 0.6352 2.6821 1.9937 3.0028 1.2190 2.7701
0.6779 5.8496 0.0017 6.1030 1.6377 0.7661 1.3600 1.2284 0.1897 0.7784 6.1159 1.3857 0.9614 1.0182 0.4582 0.0670 1.1620 0.0205 0.5804 0.5462
0.8231 1.0258 0.3181 0.1814 0.4523 5.9018 0.2692 5.5500 6.1449 4.5588 5.5015 5.2003 0.2759 5.9427 6.0161 3.9753 1.0398 2.3404 1.4698 1.5280
6.0962 4.7211 5.9587 5.4343 0.0549 1.1662 0.5376 2.0091 0.8396 0.8724 1.2526 2.0528 2.0467 2.1135 1.0218 1.2988 0.5817 4.9339 5.4988 4.5620
0.0142 6.0150 5.6459 0.6390 6.1735 5.6703 6.0849 6.2386 0.7095 0.5356 0.4188 0.4951 0.9241 5.3751 0.3909 5.3786 1.1570 1.5723 1.0219 1.5345
5.4342 4.1095 4.8950 4.6443 4.9651 0.5317 6.0782 1.4513 0.7484 1.9339 1.2667 1.9233 0.8768 1.4717 1.2432 1.7093 0.9549 4.9174 5.3818 4.6584
5.6943 0.2185 5.7542 0.3841 5.9949 5.3509 6.1886 5.6678 0.0238 5.6389 0.9726 0.0488 5.7794 5.3968 0.3486 0.0625 1.4526 0.9040 5.2891 0.1488
4.2538 3.2012 5.3075 4.5492 5.8032 1.7295 0.6966 1.7657 0.7728 1.7310 1.5458 2.6246 1.4705 2.2902 2.1571 2.5803 2.0664 3.6529 4.0810 3.8368
5.3583 5.7588 6.1984 0.1078 6.0401 5.1666 0.1764 5.5249 0.5888 0.1724 0.5314 6.2588 0.3074 0.3673 0.5472 0.8427 0.6988 0.5327 5.6550 5.9997
5.6423 2.6065 0.0168 1.8825 0.2745 1.0739 0.1414 1.2017 1.1621 1.7625 1.0875 2.6028 4.9423 4.6570 5.7474 4.5210 0.2084 4.2324 4.7750 4.4202
6.2200 5.7719 5.9594 5.0125 6.0580 4.8533 5.7179 5.5937 0.5735 5.9886 0.6839 0.2285 6.1731 0.3233 0.8297 0.9225 0.3214 1.0428 6.0891 0.6787
6.2542 2.0213 0.9955 1.2011 0.0603 1.0612 0.3990 1.1970 1.0105 1.9456 1.6898 2.0087 0.8213 1.9056 1.8816 2.8662 5.9419 4.3233 6.2149 5.3794
0.4175 5.1517 5.5502 5.3035 5.5817 4.9212 5.9271 5.1839 0.3694 6.2136 0.7785 0.7543 0.0418 5.6978 0.7804 5.9466 0.7984 0.7144 1.1954 1.1463
6.2654 5.8827 0.2245 1.1787 0.3505 0.3077 0.0237 1.1985 1.1946 1.7221 0.7092 0.9254 0.8244 1.9761 0.6568 2.2019 1.5311 1.9287 0.8612 5.4108
1.3566 2.4423 0.4865 5.7966 6.1863 5.4353 4.6304 4.9364 4.7592 5.2739 5.9308 4.7157 0.1050 5.8007 0.2423 0.0738 0.2611 0.0208 1.0976 1.9986
0.9473 0.1485 0.5639 0.8146 0.4169 1.5113 4.3299 4.1929 4.5630 4.0896 5.6285 0.8955 0.6091 1.6317 0.8228 2.2967 0.8147 1.3955 1.3683 0.9896
1.6403 2.7860 1.4299 3.1219 3.1388 4.0871 4.3668 0.5792 5.3066 0.3400 4.7242 4.6619 0.2568 5.1236 0.4832 6.1449 0.5367 0.5698 0.9354 2.2230
1.1580 0.0975 0.9640 0.0578 2.5870 2.2364 4.0499 4.2936 4.6267 4.0385 4.6501 1.8282 0.5603 1.8376 1.6636 2.0914 1.2866 0.9352 1.0398 0.4419
