1.1340 5.8323 0.7594 0.5643 0.2494 5.7383 5.1166 6.2008 0.0889 5.6214 6.0216 5.0681 5.2962 4.9060 5.9666 5.1415 0.5100 5.9571 0.6785 5.9482
1.4533 2.0793 1.0418 1.3965 0.5307 1.6030 1.1967 0.5365 0.0546 1.4850 0.7169 1.3788 0.6625 1.1010 5.9462 1.0098 0.7355 1.9157 1.2286 2.2347
0.2069 6.1115 6.0074 5.9189 0.4103 6.2027 5.6397 4.7710 4.9746 4.5927 5.7030 5.0517 5.8367 4.6267 5.6660 4.7345 5.7500 5.1507 0.3642 0.2517
0.5463 1.6490 0.5089 1.4694 1.0417 0.0178 5.8943 5.3022 5.7129 0.2585 6.0681 0.9446 0.9134 1.0849 0.2876 0.7508 0.3047 0.5231 0.9809 0.3291
5.3606 5.0879 5.9452 5.3076 0.6565 2.1999 1.1824 2.4134 5.1200 4.1935 4.8212 4.4962 5.7873 5.4071 5.6458 5.0300 5.3985 4.0672 4.1662 3.3582
0.3758 0.3472 0.5681 0.0487 0.3653 6.1328 0.5802 6.0540 5.7151 0.6088 0.0992 0.7031 5.9205 1.8157 0.4142 1.0773 5.8467 0.4535 5.5004 0.6119
0.5564 2.2863 1.9376 2.9758 1.4347 2.0106 6.0990 4.1877 4.1461 3.6767 5.1758 4.4142 5.1643 5.5660 5.6714 5.9217 5.2306 4.8857 4.7623 3.0872
6.2196 0.4575 0.7690 0.2053 6.1642 5.9655 5.7568 6.0068 5.1040 6.0345 5.8032 5.4664 5.2295 4.7208 5.4331 4.8158 5.4684 5.3082 5.6847 5.9956
6.1496 4.5840 4.9001 4.3949 4.6511 3.6365 3.7704 2.5123 3.4513 3.5034 4.2749 2.7382 4.4933 1.5390 1.9767 2.1265 1.1941 1.7013 0.4983 1.6177
0.1553 0.6966 0.1323 0.7746 5.2950 5.7926 4.1674 4.8115 4.5402 6.0786 4.8438 5.7873 3.9716 4.1125 1.5243 0.7320 0.8870 0.0037 6.0518 5.6395
0.5898 4.9448 5.3665 4.0553 5.1867 3.1738 3.7379 2.8389 3.7748 3.5773 4.5396 2.9919 4.3436 1.9247 1.0120 2.1086 1.4436 2.2003 1.5388 3.0199
1.5494 1.1606 0.5785 0.6788 5.3617 6.0819 5.0761 4.8350 4.2488 5.5358 3.9141 4.8977 4.6741 5.5497 0.3011 5.7390 0.2602 5.7240 1.4972 0.7291
2.1539 3.7449 3.4530 4.0552 3.4045 2.8326 3.6163 2.4074 3.4471 2.2702 2.8419 2.0034 3.7266 2.4888 1.1988 1.1796 1.0399 2.2891 2.9045 3.7256
2.0856 2.0042 2.5335 2.8083 3.5077 5.8240 4.7950 5.0748 5.0093 4.3647 3.9425 5.0867 4.8144 5.8259 0.1597 5.1003 5.7424 4.6061 3.2046 1.2129
3.1685 3.5530 3.8700 5.0841 4.1187 4.2176 4.4704 3.1046 3.7918 2.9332 4.2492 3.0317 3.1751 2.5843 0.8372 1.0596 0.7579 1.9644 3.0852 3.6888
2.5175 2.0210 3.0741 2.7509 2.5433 3.2095 4.4558 5.5657 4.7589 6.0350 5.1070 5.9688 4.7539 5.8111 5.9650 5.1655 5.0235 4.5513 3.2715 1.8626
3.8096 4.6358 3.6760 4.8520 4.8807 5.2604 4.3611 4.0588 4.0636 3.8058 4.2479 3.4456 5.0924 3.8839 3.8478 3.2726 3.7437 2.9055 2.8836 3.8755
2.0466 1.9237 2.1364 2.1794 3.9540 3.2186 3.3032 2.4947 2.5396 1.9645 1.5122 0.2925 5.5773 5.3233 4.0792 4.6396 4.3629 4.9555 2.3515 1.9219
0.9796 5.8966 0.4200 5.2351 4.5174 5.2507 5.0106 6.2550 0.4359 5.3153 6.0630 4.7599 4.6993 3.4097 3.5154 3.4714 3.3414 3.0924 2.2963 5.6856
1.3684 2.1942 1.7602 3.1040 3.7944 2.7291 4.3384 3.0760 0.4000 2.1166 6.2534 0.6213 5.7799 0.6502 1.5829 1.4256 2.7075 2.0368 2.1103 1.7671
