2.4725 3.6725 3.3765 4.8449 3.9566 4.6512 5.0068 5.6309 6.1552 1.1810 1.5284 0.8715 2.2559 1.5547 2.3581 0.9857 2.2711 2.0923 2.9956 2.1214
2.1853 1.9321 3.2529 1.9831 3.0920 1.8483 0.7944 0.7440 5.2487 3.8954 2.6238 3.0425 2.4334 3.1542 2.7438 3.8437 2.6665 4.3592 3.8076 4.0995
2.0133 2.0210 3.3004 4.4316 4.7155 5.0632 5.3258 4.3461 5.6392 1.4760 2.2629 1.3753 1.7469 1.0949 2.1913 1.2404 1.9172 1.2767 2.2079 1.5776
0.0383 5.1478 5.3827 0.1745 6.0116 0.4488 5.4500 0.0734 5.9515 5.1512 4.1592 3.9122 2.9930 4.2981 3.2549 3.8131 2.9231 3.9082 3.4152 4.1778
6.1847 1.4329 5.5196 2.9865 4.5193 3.7423 4.3710 3.3762 4.0155 2.4324 2.5343 2.2062 2.4626 1.4423 2.0598 0.9592 2.0556 2.3727 2.8662 0.4929
4.7970 4.6381 5.2570 5.3149 5.0075 0.1684 4.9052 5.9975 4.6846 4.8987 2.9953 4.1758 3.2401 3.5977 2.8125 3.9824 3.3426 4.3357 3.1051 4.4854
0.1045 1.0974 0.3080 3.1220 4.8161 3.5094 4.5584 3.2877 4.2284 3.3716 2.7188 2.0401 2.6446 1.4669 1.7236 0.8174 2.0109 1.6936 1.8656 1.1256
5.9183 5.1436 6.2128 5.7415 4.9851 5.3479 4.8872 6.0106 5.8478 1.1320 3.1668 3.8256 3.3272 4.4462 3.6310 3.8259 3.1075 4.4345 3.8906 4.8915
1.0247 1.8397 1.1590 2.5349 2.9101 2.4942 3.0044 4.1085 4.1195 3.4601 3.2947 2.0404 2.4276 1.3593 2.7472 2.0747 2.2730 1.5929 2.6964 1.6652
0.4641 5.1205 0.7585 6.1169 2.6771 4.1179 2.8465 2.2210 2.8031 0.0274 4.6046 4.6780 2.5947 4.0216 3.1477 3.8300 1.6226 3.7897 3.2652 3.6083
2.0420 1.3682 0.9068 2.4060 2.3648 2.8795 3.2987 3.6882 4.2453 3.0942 4.0931 2.2428 1.8188 2.3219 1.7679 0.9765 1.1737 1.2654 2.2981 1.2995
2.9385 3.7516 1.4371 0.4243 1.1555 6.1060 5.5696 0.1501 4.3396 6.0157 5.7484 6.1663 0.4683 6.2640 1.2391 6.1869 0.3406 5.2208 2.2096 3.6613
2.3366 1.2134 1.9714 1.7915 2.5646 2.7254 3.7489 3.6297 4.0901 3.0074 1.2843 1.9224 1.5432 1.3823 0.3698 0.4830 1.1485 1.4495 1.9545 1.7719
3.3592 4.0454 3.0092 4.8264 4.7543 5.2765 4.8610 6.2508 6.1279 6.0838 5.7264 5.5711 0.8633 5.6280 5.8359 4.9557 5.3355 4.7220 3.6034 4.3774
2.5421 1.9858 2.7126 2.7293 3.2984 3.0386 4.8495 5.7447 5.3307 1.5561 0.1018 1.3807 1.1108 1.4550 0.5797 1.8019 4.0829 2.8222 2.7988 2.1137
3.7916 4.6334 3.4435 5.8899 4.8782 4.3424 4.7437 3.5775 4.7374 5.0008 5.5380 4.2950 6.0160 6.1304 0.1746 0.0198 3.4056 4.3702 3.5379 4.9243
2.7569 3.0753 3.5043 3.7621 4.2278 0.0384 5.2269 0.4787 5.8243 6.0106 5.6964 0.1357 0.3542 1.6802 1.7701 2.8951 2.9766 2.1352 2.8130 2.2755
2.2103 1.4058 2.2506 1.6723 3.7010 3.2846 4.6864 3.9970 5.0519 4.9891 5.2684 4.9126 0.2434 4.5419 3.1408 4.1582 3.3015 4.5775 3.3359 4.7859
2.1358 3.7935 3.2501 4.6482 3.7145 5.2620 5.1527 0.3470 0.2421 2.0858 3.0481 1.7051 1.1209 1.4264 2.7062 2.1032 2.6633 2.3717 3.0033 2.0781
2.2560 0.9151 2.7765 1.8859 3.0844 2.7220 4.4355 3.5183 5.8720 4.4087 3.6644 3.8504 3.2531 4.1729 3.5347 3.8265 3.7223 4.2402 3.2777 4.5782
