1.4718 1.4676 1.4456 1.6392 0.9973 2.2702 1.3028 2.2029 1.6799 3.3750 2.0676 1.9313 0.3661 5.4894 0.2752 5.7047 0.5052 1.1142 1.4491 1.4044
2.3312 3.4984 2.1307 4.9307 5.5638 5.6328 0.0870 5.5239 0.9457 6.2283 0.1793 5.8014 0.8113 2.0612 1.0152 2.3811 1.9546 3.1205 2.5738 3.4110
1.0422 1.3182 1.3904 1.2886 0.4726 0.8518 0.4377 1.8431 1.2328 2.7047 0.3021 1.6280 0.2526 5.8699 5.9942 0.1647 1.1008 1.1651 1.2446 0.6030
2.5236 3.7287 1.9255 5.1288 0.4519 4.8223 5.4485 5.6884 0.3043 6.1146 6.0787 5.7274 6.0361 4.6411 4.7332 3.7521 3.0098 3.3669 2.7074 3.5032
2.4734 1.7571 1.5699 1.4581 0.9942 1.0723 2.0275 1.6432 1.5417 1.1656 0.0505 1.1016 0.3345 0.1002 5.3486 0.0297 1.8597 2.1199 2.5113 1.5781
3.3391 3.7893 2.7960 3.8786 3.6733 4.2747 2.5824 3.8096 3.0881 4.7166 4.6553 5.0349 5.3827 3.8123 4.3027 3.5849 2.3441 3.1211 2.5190 3.2816
2.4425 1.7964 2.6670 1.4216 2.6043 1.9230 2.2560 1.5148 2.0148 1.7373 5.4324 0.1563 5.4295 5.9605 5.1061 5.4993 1.0663 1.1094 1.4527 1.2520
3.0554 4.0819 3.1649 3.5670 3.0423 4.5325 2.5717 3.8322 3.2164 3.8515 4.5359 3.9983 5.3738 0.7056 1.0870 1.6567 1.6721 2.1244 1.9417 3.5806
2.4253 1.7003 2.6509 2.1022 2.2411 2.1505 2.6422 1.5682 2.7996 0.4704 5.1302 5.6174 4.9244 4.3835 6.1088 5.8805 0.7418 0.2601 1.1931 2.0636
3.4273 4.3882 2.9396 4.7605 3.5480 4.2789 3.2828 4.0463 3.3158 3.2816 4.4147 4.1858 4.2973 1.7867 1.0772 2.0304 1.1313 1.9782 1.2761 4.8088
3.1513 2.3866 3.3305 2.0139 2.1333 2.2185 2.8659 1.9351 2.8090 4.1288 3.5535 1.0107 4.6541 4.8666 0.8560 1.1002 1.3309 5.4420 2.2683 2.3032
4.1704 4.6468 3.5434 4.0592 3.2161 4.3806 3.8462 4.5002 4.0071 3.3878 3.8212 3.9205 4.5681 2.3105 1.6384 3.1447 2.2634 3.3378 2.8636 5.3215
4.1860 3.3414 3.5473 2.2879 2.5147 2.0431 1.8297 1.2072 2.4715 5.6925 5.0128 0.2222 4.4803 4.7993 1.2362 0.3397 1.5393 1.9135 2.6102 2.8024
3.8676 4.1250 4.1300 4.8898 2.6235 4.5465 2.9411 2.6413 2.8038 2.7723 4.0034 3.4529 3.5464 2.6580 1.7632 2.2105 2.1570 3.5927 2.4138 5.6021
2.4767 1.5515 2.1389 1.6918 1.7198 1.9535 2.6957 2.0121 3.3886 5.0842 4.4886 6.0276 0.5053 6.0672 0.7363 0.1966 0.4847 0.6354 1.8960 1.6334
2.7363 4.3329 1.5537 5.5230 0.9058 5.1280 4.7629 4.6884 3.3539 2.3984 2.8269 2.3596 1.3607 2.2900 2.0150 2.6499 2.6255 2.6917 2.2767 3.5121
1.4628 1.6394 1.6222 2.4606 0.9015 1.5623 0.7050 2.3332 2.4265 3.5045 3.1413 4.0061 1.3013 0.2051 0.6193 0.3766 1.2135 0.4327 1.7761 1.6295
0.8606 5.4162 0.1723 0.0922 0.2777 5.8300 0.3152 0.0517 1.5295 0.7925 2.7993 1.0611 2.3611 2.3282 1.7363 2.8197 2.1918 3.2106 2.0377 4.6455
1.1574 1.8196 0.9196 2.1369 1.0304 2.1056 1.6480 3.0219 2.6985 3.9105 3.4059 4.1048 2.1980 0.0199 0.7016 0.3235 1.1112 0.6514 1.4782 1.2790
5.5361 5.3767 5.3927 5.1706 6.1308 5.9707 1.1315 0.8507 1.7693 1.4316 1.0444 0.4500 1.3318 2.4227 1.1636 2.1330 1.6649 2.1669 1.0630 5.0479
