0.6421 1.8616 5.8209 2.8356 4.3478 3.3310 3.7452 2.8249 1.0647 2.3229 1.6689 2.3308 3.5162 1.4476 3.0044 1.2741 3.6054 1.8234 0.7987 1.9003
5.0455 5.3772 5.6089 0.0599 5.5888 6.0395 5.0237 6.0176 0.3427 0.2063 0.9632 5.5678 4.3083 4.7477 4.0887 4.7856 4.1495 4.6909 6.2051 5.8642
4.4606 3.2307 4.8859 3.8692 4.4706 2.8459 4.1739 3.5349 1.6893 2.3416 1.4661 2.0892 3.1972 1.8833 3.5563 3.4601 4.0770 4.2615 4.9622 5.1156
4.2821 5.0018 4.8884 4.5285 4.5227 5.3889 4.4323 0.3913 0.7266 6.2427 5.8072 5.4624 3.4598 4.2480 4.4395 0.2675 4.2396 3.2964 3.8324 2.6811
3.5264 3.2061 3.6209 2.8573 4.2191 2.2534 3.3705 3.5411 1.3067 2.1719 1.6507 2.9682 3.5462 2.7539 3.7536 4.3782 4.3858 5.5831 4.0934 4.4996
3.9266 4.3690 4.2433 5.7940 4.7603 5.4279 4.0911 0.6338 1.1330 5.9686 0.7495 0.5787 1.1103 0.3232 3.5024 2.7064 3.1543 2.4939 3.8418 2.2514
4.1463 2.2978 4.3551 2.7825 4.1923 4.2118 3.9618 2.8729 1.7781 2.9142 2.2165 2.7305 1.2962 2.4162 3.1226 3.7224 2.7879 4.5351 4.8706 4.6859
4.6317 5.7047 4.8060 5.7688 3.9254 0.0645 4.9198 0.6777 1.3616 0.9841 1.9773 0.5967 1.3966 0.8308 1.9583 1.4644 2.2654 1.0910 2.9515 1.9687
4.1371 4.6957 4.2640 2.8994 3.1181 3.5206 3.6739 4.0656 3.5900 3.6682 2.8982 2.9745 2.4292 1.6712 1.8348 4.1659 3.2082 3.8650 4.2045 5.2833
3.9185 2.4220 3.6979 3.5027 3.8989 1.5296 2.9070 2.7111 1.5720 2.4539 2.5675 3.8603 2.7307 3.8335 2.5232 2.4572 2.5248 2.4294 3.0202 2.4589
3.8825 4.9645 4.7002 5.5509 4.4928 4.3424 3.9167 5.5133 0.7773 0.3558 2.0433 0.9540 1.6955 1.1279 2.1496 2.3848 2.7522 3.9464 3.8056 4.6839
3.8724 2.8316 3.8745 2.8489 2.7975 2.3464 3.2819 2.4913 1.5137 2.2510 1.8215 3.3297 2.9226 3.9993 2.5994 3.5486 2.6359 2.1417 2.9141 2.8194
4.2803 4.9383 4.6554 5.1140 3.9248 5.1894 4.5168 5.5544 0.5704 6.1764 1.3512 0.9733 1.4479 1.3939 1.8830 1.4755 3.5001 4.9156 4.7194 5.2536
3.1886 2.9952 3.9728 2.4932 3.5504 2.3104 2.7620 2.1390 1.8056 2.9262 1.8237 2.8871 1.1788 4.6383 2.5556 3.9628 3.6130 3.2489 4.0642 2.6292
5.0830 5.8822 5.2540 5.9383 4.0738 4.3277 3.3797 2.1461 2.2799 0.4198 1.6623 1.4400 0.7674 1.1174 1.4802 1.4922 4.1460 0.1499 5.4737 5.4714
5.0622 4.4581 3.6945 4.0309 3.6869 3.0213 3.9080 4.6935 5.1749 6.1706 1.4372 5.7429 6.2023 5.3369 5.6198 4.9555 3.6701 3.7306 4.8515 4.6237
0.4640 0.5761 5.6882 5.8533 4.7104 5.1362 4.3381 3.2258 3.8432 3.4653 2.0755 1.8619 6.0151 1.9223 1.5101 1.9427 2.8998 0.8151 5.9453 0.5308
5.7776 5.3881 4.9611 4.1819 4.0124 3.1877 4.5020 5.3774 3.8628 0.1253 1.5306 4.4420 4.3138 4.4604 3.7296 4.2706 2.9448 4.5525 5.9515 4.7105
0.1612 1.3503 3.6251 2.4391 3.3207 2.5277 3.5308 2.9866 2.0410 2.5877 1.9511 2.1446 3.5249 2.2407 2.5054 1.8559 2.2758 1.4178 0.1228 0.6205
6.0746 5.0708 5.1957 5.6839 5.2105 5.6991 5.6276 6.0997 1.1022 0.7765 2.4010 4.7444 4.1558 4.6380 2.9836 4.2562 3.7196 5.1787 5.9853 5.7465
