0.6014 6.2761 6.1647 4.6955 5.3416 4.9730 6.2778 5.6160 1.0368 0.6950 0.7798 0.2877 1.3688 1.1318 1.7998 0.5164 0.6263 1.1817 1.1590 1.3937
0.8035 2.1257 0.8541 1.0945 0.1608 1.1634 1.1553 2.1774 2.1246 2.5799 2.0264 2.7494 2.2224 2.7381 1.6720 2.5424 1.7129 3.0797 1.6732 1.4614
0.9562 6.1600 0.9839 5.0005 6.2553 5.9155 5.7422 5.8524 6.2425 5.8271 2.3952 1.2337 1.7795 1.2454 1.6711 0.8989 1.3514 0.6313 0.3952 6.2529
1.7401 2.3016 1.2061 1.2219 5.5141 4.7304 5.5171 4.2063 5.9025 2.2587 2.8497 3.5673 2.4275 2.8766 2.8703 3.2305 3.0327 2.1966 1.9304 2.9121
0.4220 0.0867 0.6107 5.9428 5.5818 0.7254 6.0155 0.3742 5.4807 4.6933 3.8279 1.4726 1.9856 0.9336 0.1484 5.1800 4.1876 5.0655 1.4363 6.0053
1.2823 2.5084 2.1602 3.3122 4.4392 4.5530 4.5124 4.0757 4.8653 5.1880 4.3301 4.3455 4.2112 4.5226 5.5714 2.7988 3.6471 2.1578 1.5677 1.7485
6.0963 0.5955 1.7912 1.0615 4.0703 2.1736 3.2919 2.1126 3.0032 1.8892 3.6189 2.2201 2.9124 0.3643 4.8081 4.6815 4.9065 5.3886 6.1279 5.4523
0.2450 1.0707 2.4820 3.4736 4.1792 5.3414 4.4657 4.6634 3.4701 4.5740 3.8924 4.1270 3.7603 3.2466 4.2668 6.1673 5.6211 1.5434 0.8673 1.2170
5.6741 5.0308 0.1436 4.5290 4.3742 2.5829 4.2922 3.0645 2.9878 2.0131 2.7014 1.5594 4.3004 0.1006 5.1638 4.7195 5.1722 4.6762 5.0745 4.8473
0.1142 0.2588 0.5944 6.2549 5.9255 5.1781 4.6599 4.9552 4.5075 4.3198 3.9354 3.9106 3.3679 4.3484 5.4651 0.7729 0.6433 6.0407 5.2827 0.1328
5.1077 2.8407 0.8424 2.3144 0.7139 0.6394 5.8258 0.8654 0.3383 1.2002 2.7598 2.0028 3.2070 2.5786 4.4243 3.6525 2.9123 2.9106 3.8948 3.5183
5.1168 5.3134 5.7231 4.6976 5.9217 4.6862 5.7629 4.3756 5.4555 4.6722 3.0943 4.4726 4.4836 5.3042 4.8048 5.7272 5.9470 5.6401 4.4836 5.5658
2.4274 1.5151 0.8073 1.3217 0.0792 0.9702 0.1333 0.2751 0.8705 1.3698 2.0646 2.0009 2.6417 2.2072 2.4310 1.5937 1.4291 1.7843 3.0760 2.4929
3.0787 4.9029 0.1365 4.8314 5.6211 4.6359 0.2180 1.1788 0.5029 3.2294 2.1104 4.3216 2.5809 4.1058 3.6755 4.5211 3.7264 3.8150 3.3876 3.4385
2.1263 1.5163 0.6669 1.0515 0.4848 0.7712 0.8648 6.0024 0.3537 0.3054 1.3945 0.8868 2.0250 0.7872 2.7687 2.0929 2.4790 1.4161 2.5209 0.4531
2.4704 4.2627 1.1747 2.8830 2.2150 2.9459 1.2890 1.4513 1.2363 2.2900 2.1584 3.5030 2.8728 3.2838 3.2675 4.1152 2.9076 3.5946 2.6441 3.0240
1.0399 1.5462 0.4408 0.7033 1.6872 0.3694 0.9185 5.9091 0.4760 5.5736 1.3818 0.9261 1.6803 1.0040 2.0473 1.6053 1.6856 1.9328 1.5361 1.1891
5.8392 4.6882 5.3525 3.5346 3.5419 2.7916 1.9274 2.7111 1.8393 2.1876 2.1627 3.1101 2.2678 3.3727 2.6662 5.0371 6.2710 4.9487 0.7238 4.7958
0.7449 1.4909 0.1533 5.8576 5.3179 5.7558 0.2964 6.1078 1.1495 6.2211 0.9772 0.3408 1.7303 1.2749 2.0279 1.7991 0.4473 1.1302 1.3617 2.1267
5.7597 5.6149 0.2797 1.1001 0.1773 1.6181 1.9433 2.4583 1.7451 3.2681 2.4213 3.0465 2.5732 3.5631 2.2165 4.7261 6.2231 5.2603 0.0568 5.6754
