0.9628 1.5481 0.6992 1.3286 4.2975 5.7311 4.1074 6.0277 5.9057 5.7866 4.7257 4.5958 4.5690 4.5663 4.4483 4.2159 4.9085 5.4525 0.6724 0.4767
2.1389 4.4689 0.1900 4.8767 3.5049 4.1866 3.7306 3.7215 5.4470 5.7630 5.9026 1.1420 5.7619 0.3062 6.0435 0.3691 0.6569 2.4469 2.3162 2.2445
1.2212 1.3019 1.0905 1.6283 1.9704 1.0688 1.5888 6.2736 0.2418 5.2005 5.8375 5.0825 5.6177 4.6295 5.8209 3.4605 5.8030 5.5215 0.7278 0.1596
1.4658 2.7352 2.0545 2.8931 2.5976 2.7010 2.3596 2.6636 1.7427 1.0870 6.2679 1.0142 0.6767 0.9929 5.7641 6.0321 0.0702 2.5725 1.0535 2.4718
5.4628 5.9060 1.0648 0.0488 1.1564 0.3004 1.3919 6.2259 2.1288 3.9812 5.5088 4.6045 5.9446 4.1991 5.5284 0.6894 5.1861 5.7648 6.0274 0.1103
4.0021 2.8124 1.8956 2.7172 1.8272 2.5968 2.1066 2.2860 1.8627 0.8691 0.5314 0.8915 5.9570 0.3319 5.3322 4.3923 4.9677 3.4404 4.2300 3.3744
4.3264 5.8460 0.5427 5.7563 1.3364 0.5517 2.5209 2.9597 2.8030 3.7493 5.0843 4.5886 4.2920 4.5259 5.4775 6.2136 5.1809 5.5500 5.2042 5.3480
3.4767 2.6085 1.1221 2.3537 1.7988 2.7733 1.7833 0.5250 2.0407 0.9587 5.8868 0.4312 5.3912 4.5044 5.0801 3.7275 4.2709 4.4644 4.9588 2.6817
4.6778 5.6688 5.2165 5.1138 5.4893 0.1356 2.9910 2.8141 2.6055 2.9015 3.6405 2.8033 3.7992 1.5038 5.3525 6.1007 5.5848 0.0783 6.2082 5.8086
4.0079 3.7951 4.0500 2.8020 3.9245 2.6891 2.3619 2.2120 2.8265 2.9407 3.4503 4.7120 4.0909 4.1819 5.3870 4.0642 5.2901 4.9664 5.4691 4.2506
3.8685 2.6375 3.8205 5.7464 4.3629 4.6801 4.2422 4.5284 3.9946 2.9171 3.1792 2.9209 2.6193 1.0339 0.3849 0.1786 5.7805 6.2490 6.1086 1.9324
4.9170 5.4349 4.3857 2.8340 2.6807 2.0100 2.5115 1.5859 2.9888 3.8159 3.7545 5.1169 4.7222 4.3956 4.9081 3.5180 5.3657 0.0252 0.4306 4.5750
2.9470 3.4739 4.3532 4.4323 3.7429 4.3141 3.3477 4.0195 3.4244 1.7610 2.7704 2.4883 5.3837 0.0329 6.0917 0.5795 0.3896 2.4455 1.6793 3.0768
0.9221 5.7482 4.7593 3.3878 3.5799 2.1804 2.2310 1.9296 3.3759 5.0379 3.7957 4.6635 4.4228 4.4536 4.6908 4.1455 5.3564 6.0723 0.5478 0.6733
0.6801 1.8993 5.8970 6.1887 4.4529 5.0457 3.1344 4.3102 3.0082 2.5588 2.6744 2.9200 3.5373 3.2258 4.6588 5.2751 5.0144 4.2277 4.9109 4.6810
0.2345 5.7268 5.9783 4.0132 4.0976 2.5802 2.8568 2.1687 2.5632 2.4974 3.4052 5.7829 4.6074 5.8728 5.1203 2.7306 2.0624 0.2525 6.0234 0.5973
1.1018 1.7949 0.3492 0.6566 5.4335 5.7815 4.6406 5.1094 4.5640 5.3929 3.4935 3.6046 4.2353 3.7465 4.6132 4.6981 3.9702 4.4097 5.0092 4.2292
0.6642 5.6342 5.7075 4.5001 4.6328 3.5432 4.0249 3.5189 3.8844 2.7636 2.7772 2.6601 3.5707 3.9791 2.9325 2.6012 3.7401 1.2958 0.4091 0.9664
0.6546 1.5857 5.5718 0.5180 6.0800 0.4511 5.1850 5.9132 4.9080 5.4850 4.6102 5.8670 4.2801 4.7451 3.9513 5.1481 3.9411 4.5124 0.0541 6.0983
0.4644 5.8773 5.9911 4.5324 4.7467 3.4282 3.4979 3.3792 4.3600 3.0791 4.9285 2.6174 3.2609 2.6306 2.9467 3.3604 3.6176 1.9917 1.3182 1.9178
