1.0203 0.7347 5.4600 5.9033 5.3452 6.2044 4.8903 4.8874 5.9718 4.6050 5.4069 4.5389 5.7545 5.2665 6.1194 5.2712 0.6612 0.5267 0.7174 1.1489
2.3954 3.6025 5.2574 4.0094 4.5692 3.3877 4.6373 0.7651 0.5410 1.2930 5.8010 0.2725 5.9387 1.4041 0.2441 1.6012 1.2689 2.5175 1.9846 3.2190
0.4832 6.0213 5.4834 6.1953 4.7088 6.2063 5.5771 4.6736 5.3975 4.6954 5.8362 4.8125 4.4003 4.1701 6.2348 6.1817 0.2408 5.8363 0.7187 0.3376
6.0252 4.5562 4.8904 3.0331 3.7678 3.1193 5.1416 5.8417 0.4156 0.3890 0.5957 1.1922 1.1657 0.2849 5.9585 5.5643 0.2970 0.8658 1.1509 2.6156
5.8606 0.1444 5.5014 6.1797 5.7227 0.3849 5.0930 2.0500 1.7323 3.2382 2.2089 3.3069 1.6871 2.5971 0.8093 1.4062 0.4899 0.9402 0.1753 0.0263
4.4205 3.7690 5.1388 4.1236 5.4637 4.3517 5.0725 5.6105 1.5572 2.0460 1.7046 1.8819 2.1053 5.9164 5.6706 4.8735 6.2553 4.4771 5.2998 4.1412
5.6870 5.9977 5.8762 6.2464 0.7426 0.3769 0.8785 1.6296 2.0655 0.3502 1.3472 6.0736 1.1388 1.3334 0.6565 1.1146 0.3450 0.9202 5.2296 0.0590
4.7294 3.4519 3.7456 3.2724 1.9058 2.8335 2.0042 3.4584 2.5357 3.7853 1.9425 2.8476 2.6065 4.1907 5.7388 4.7436 6.1373 4.5644 4.2897 3.8043
5.0123 5.5784 5.7805 6.0356 0.7664 0.2626 0.5160 1.4299 1.7784 1.5641 1.1170 1.3967 1.5845 1.2643 0.3865 0.9513 0.5853 0.2768 4.3853 5.1761
3.9329 2.6652 6.1954 0.5813 6.2828 3.2782 5.6751 4.8737 6.0832 5.9613 0.6932 5.9811 1.3299 0.5000 0.9033 0.7036 1.3687 1.9681 2.7812 2.3072
4.8456 5.1737 5.3545 3.8418 6.0005 0.2170 5.8410 6.1952 5.9420 1.4447 3.0144 2.8999 3.7573 3.6529 2.3886 2.6178 1.7440 3.1125 2.9664 3.9119
0.4379 1.2481 6.1278 0.1588 5.6149 4.0683 4.9695 4.6218 5.2649 3.6529 4.0655 3.4750 3.8167 6.1091 1.5952 0.4914 1.2921 0.2772 0.3018 0.9075
0.5308 6.0036 6.0672 0.5080 6.0716 0.3121 5.1722 1.3784 5.7300 5.8089 4.7668 5.7545 3.5348 3.7202 2.6566 2.3754 2.1602 1.6914 0.6219 2.3612
4.5978 3.5461 5.0852 3.8009 4.4231 4.0194 4.8977 4.1473 5.3059 3.2418 4.3495 3.7334 3.8411 4.2045 3.4043 3.5433 3.4508 5.2022 5.7740 4.9691
5.2707 5.8956 5.4129 5.5176 4.7089 5.8007 5.8694 5.4125 5.4592 5.8260 5.7673 0.0584 0.5152 1.8252 1.9656 1.9626 2.5280 2.2849 1.4912 1.5371
5.2775 3.9563 3.7687 3.4887 3.8019 3.2684 4.9012 5.4874 5.3130 1.2171 0.3754 2.1851 0.8475 6.2157 1.7702 0.8567 1.6659 0.6838 0.1471 5.3678
4.6284 0.4933 1.1237 0.5017 4.0325 4.6851 4.5042 4.7138 5.7094 5.4177 6.0027 4.6450 0.2797 2.7628 2.5076 2.8445 2.3218 3.2880 1.6359 2.0563
5.0871 4.7808 5.3308 3.5250 4.0574 3.6948 4.4566 1.1417 0.5635 1.6331 0.1265 0.9212 1.2209 1.0831 1.3228 0.5988 1.2582 6.2818 0.3772 5.3497
5.5532 1.1193 6.0698 0.0866 5.9504 6.0631 5.1131 5.0277 5.6134 4.6782 4.6529 3.3886 2.4360 3.0563 1.5818 3.1286 2.0810 2.4548 1.3767 1.8659
4.8368 4.4823 5.3066 3.5278 4.8044 3.8389 4.8430 0.7269 0.2913 1.1360 6.0474 0.3329 0.3491 0.9989 0.3467 0.2671 0.6768 0.1623 0.2651 5.2619
