1.7949 2.0102 1.3037 2.5470 3.5837 2.5564 2.9742 2.4554 2.9611 2.1181 3.1126 2.6890 3.2075 1.7098 1.8013 0.2397 1.3786 0.4193 1.2927 0.4767
1.8193 0.1210 0.1531 5.8271 4.1348 4.8199 3.8807 5.3125 3.8209 4.5935 3.8632 4.8347 2.8131 4.0300 3.3994 2.8713 2.7253 2.8806 2.1382 2.9512
1.2684 1.0262 1.5226 2.6426 2.9395 3.4272 3.8166 2.3533 1.8980 1.9901 2.2341 2.3679 1.9545 0.1294 4.9274 4.9548 4.5582 5.3502 5.8396 6.0328
3.1809 3.2918 1.1219 1.0716 2.1490 1.6785 2.0827 0.0893 1.4090 0.7278 0.6422 6.1584 0.7638 4.2879 4.7281 3.3075 4.0556 2.6856 5.8820 2.9120
2.3250 0.8639 2.1215 3.7001 2.5222 3.2778 2.8768 3.3588 2.0939 2.6012 1.9752 1.3627 0.8817 0.6905 5.5861 6.1096 5.0741 5.2119 4.8601 5.4114
2.8685 3.1941 2.1307 1.8024 1.9495 2.3976 2.3989 1.9652 1.9492 0.5160 1.7985 4.0944 3.9440 3.9434 4.6506 3.9557 3.5873 3.1827 3.2407 2.7747
3.7868 1.0888 1.6175 0.3238 0.3546 6.0220 0.9218 5.8695 2.0380 3.1285 1.8482 0.2703 5.1929 0.0355 5.3853 5.8070 4.0874 5.5846 3.8189 5.3253
4.1984 3.4406 3.2217 3.3567 1.6965 1.7701 1.5247 2.1763 2.2841 1.6972 1.5762 3.9236 3.8764 3.9287 4.3747 3.8815 4.4071 3.1123 3.6176 3.1744
5.0090 6.1897 5.1232 6.2189 1.1438 6.1646 0.5002 0.4230 1.3449 1.4309 1.1602 0.8797 2.4092 1.8056 4.0905 4.9729 5.1325 4.6548 4.0833 4.8199
5.4125 3.4351 4.9038 3.7096 2.5337 2.4265 0.8573 3.2108 3.3879 3.7232 3.5092 4.3756 4.3183 5.2112 5.4879 1.1607 0.2288 1.0327 0.4985 0.3676
5.7468 0.0155 5.7915 0.9612 1.6025 0.0037 5.0566 5.7082 4.0315 5.3290 4.2454 1.7987 3.5045 2.5853 4.6683 5.1135 5.5851 5.1328 5.1837 4.5373
5.3511 4.1981 5.3233 4.1186 3.1857 3.4364 3.9927 3.1373 4.0043 2.9928 3.8343 3.9136 4.1545 4.6869 4.4806 4.5734 5.8514 0.9816 5.9603 5.3832
0.4859 6.1149 0.2269 0.8363 1.7307 1.1047 1.0008 0.4275 4.6168 5.9092 4.7418 2.5144 3.8341 2.7412 6.1549 1.2513 0.3927 4.6479 5.6386 0.7225
0.4664 2.6401 2.1489 3.2629 1.8188 2.9811 1.8422 3.4661 4.0126 4.4634 4.9037 5.3304 4.4306 5.0447 5.0315 4.5537 0.4109 6.2116 0.2005 5.2768
0.7274 0.7276 0.4131 0.8059 0.7249 0.7479 0.6473 0.1761 2.0615 1.4149 2.4424 2.3872 3.1746 1.4927 0.9660 1.5699 0.6848 1.7764 0.5874 1.9507
0.7513 0.5485 1.0059 1.9181 1.0920 2.1290 1.6210 3.2512 2.6704 3.5534 3.0095 4.8860 3.7523 4.9396 6.0605 5.7447 0.5585 0.2014 0.3849 0.1968
1.2038 1.9031 1.3465 5.8191 0.3405 0.3558 0.6698 0.8567 1.3924 0.0662 2.7897 2.1017 2.8815 1.9268 1.1108 1.6605 1.3265 1.9999 1.9882 2.0404
0.7172 0.2279 1.2298 0.9141 1.1449 1.7388 1.8355 2.8667 2.6263 3.2543 3.0502 3.8915 3.5141 5.1465 0.7951 5.1208 5.3727 5.4418 5.6211 0.1981
1.6523 3.2278 2.4715 3.1492 3.1240 2.7533 3.0372 1.2846 2.1517 1.2217 2.2190 1.5759 2.3631 2.1372 1.5891 1.2217 1.2720 0.7079 1.2584 1.6605
1.6922 0.5253 1.3599 5.8695 4.2422 4.9974 3.6837 3.6619 2.8480 3.0700 3.6267 4.2836 3.7749 5.0611 1.4975 3.0625 1.8493 2.3014 1.7663 3.0586
