0.3280 1.7967 0.1533 1.9361 0.8132 1.4894 3.3483 3.5094 3.5761 4.1829 3.8636 2.2965 3.1414 1.5022 2.8131 1.1594 5.6560 0.4083 0.2213 0.9513
5.9811 5.7749 6.1452 5.4455 6.0954 4.6414 3.2878 2.7642 2.6386 2.4871 3.0489 4.5236 3.1967 4.4956 4.3192 4.8494 4.8014 3.9326 5.0953 5.2888
0.2579 1.4283 0.3653 0.7197 5.9964 1.0461 2.6448 1.7285 2.6683 4.8346 4.2199 1.7784 2.3575 1.3480 2.1750 0.6342 0.4975 0.3301 0.1535 0.9281
6.1974 5.0182 5.7570 4.5308 4.8355 4.5381 4.1340 3.9188 2.7581 2.9216 3.0690 3.7939 3.7831 3.4948 4.0568 4.3357 5.0645 4.0958 5.9252 5.8088
0.3814 1.0666 0.5662 0.1916 5.1333 0.9351 0.4580 0.8247 1.2049 0.9204 0.1911 0.3920 6.2140 1.0363 4.7512 6.2379 4.9080 0.1869 6.1747 2.0954
4.8307 4.7436 5.4803 5.3453 5.7592 5.2230 0.1279 4.4075 5.8970 4.6795 4.9377 4.8486 4.8565 3.9407 4.3424 4.1921 3.8720 4.2327 5.0403 4.9238
6.2274 0.9246 5.8542 1.3549 0.7791 1.2034 0.1604 0.7197 0.5560 1.0612 5.9457 0.6237 5.7975 0.2767 5.2863 0.8873 4.0262 0.0764 5.2405 0.3308
5.8377 5.2640 5.0153 5.4470 6.2553 5.3315 4.8589 5.5269 6.0541 5.3546 4.8258 4.4620 3.9605 4.2079 3.8892 4.7525 3.7560 4.2227 4.0656 4.6139
2.2882 2.1657 2.7432 2.0552 0.8793 2.8861 2.4626 2.6705 2.3226 2.0557 4.2309 2.7678 3.6339 1.8655 3.2913 2.3292 3.1132 2.1015 3.1240 1.4488
3.8286 4.5876 4.0630 4.6974 6.0487 0.1808 6.0091 5.9315 0.7109 5.7059 6.1558 6.1102 4.2099 4.1911 3.5330 4.5537 3.4700 4.3006 3.1027 4.2005
3.0993 2.5688 3.3520 2.8206 5.4186 4.3124 4.1249 2.1637 1.3245 1.7933 1.6831 2.7778 3.2102 2.4369 3.9546 3.4713 3.4631 1.8339 2.9136 2.5975
4.7753 4.2716 3.9674 5.0408 5.0608 6.0702 5.1994 5.6186 0.9186 5.8600 0.9003 2.8812 3.7348 3.5075 3.4939 3.1774 4.2573 4.3107 4.5614 5.4688
1.0703 1.5189 1.5723 0.7151 2.9919 3.0694 2.9352 2.2552 0.9428 1.2692 0.6383 5.8163 4.9593 5.8301 5.1289 5.7130 4.8832 0.0488 5.5642 1.5517
0.1496 5.8205 6.0618 4.4392 3.2096 4.7476 4.1145 5.1326 6.2015 0.2487 1.3127 2.8471 3.2159 3.1274 2.8579 3.4760 3.6901 3.6692 5.9315 5.4949
1.3465 2.4104 1.5337 1.6666 2.8744 2.1119 3.1274 2.2435 6.1258 4.7031 5.8158 5.4665 5.1139 5.9820 5.4943 0.2660 5.1841 0.5908 0.3090 1.9602
5.8026 5.8718 0.6322 5.0221 3.7603 4.6593 4.3282 5.6691 5.9446 0.5522 5.6403 5.5337 4.3596 3.8476 4.8987 4.0179 4.6782 4.2059 5.1811 5.0302
1.0774 1.7848 1.2461 1.9791 2.7104 2.1617 3.8317 3.6290 4.7721 3.8706 4.6636 3.6287 4.8109 5.9337 4.5150 5.8292 5.4920 5.6652 6.0121 0.4603
0.3906 5.1681 5.3935 5.3737 5.2071 4.8738 5.4109 5.6594 5.8783 0.3876 4.6032 5.5114 4.7449 3.4335 3.7480 3.6506 4.8670 3.2165 4.6113 4.8927
0.9961 0.8981 0.7206 1.7307 1.1324 1.6448 4.0397 3.7098 4.9151 4.1969 4.3199 3.1744 4.0526 5.5553 4.1707 0.3189 5.1200 5.3800 5.1025 1.6062
0.0431 5.1191 5.5213 5.0213 6.0518 5.0091 5.7440 0.4591 0.5806 1.3880 4.6617 4.9087 3.4968 3.4519 3.4809 4.0206 4.2646 4.2769 4.9200 4.8494
