5.000000000000000000e-01 2.500000000000000000e-01 3.330000000000000000e+02
6.666699999999999848e-01 8.333000000000000129e-02 6.360000000000000000e+02
6.666699999999999848e-01 3.333300000000000152e-01 1.700000000000000000e+01
6.666699999999999848e-01 5.833300000000000152e-01 4.000000000000000000e+00
7.500000000000000000e-01 0.000000000000000000e+00 1.340000000000000000e+02
7.500000000000000000e-01 5.000000000000000000e-01 1.000000000000000000e+00
1.000000000000000000e+00 0.000000000000000000e+00 3.000000000000000000e+00
1.000000000000000000e+00 2.500000000000000000e-01 1.200000000000000000e+01
1.125000000000000000e+00 1.250000000000000000e-01 9.700000000000000000e+01
1.125000000000000000e+00 2.916699999999999848e-01 1.000000000000000000e+00
1.125000000000000000e+00 3.750000000000000000e-01 1.000000000000000000e+00
1.125000000000000000e+00 5.849999999999999645e-01 1.000000000000000000e+00
1.125000000000000000e+00 1.625000000000000000e+00 1.000000000000000000e+00
1.250000000000000000e+00 0.000000000000000000e+00 2.600000000000000000e+01
1.250000000000000000e+00 1.666700000000000126e-01 1.000000000000000000e+00
1.250000000000000000e+00 2.500000000000000000e-01 4.000000000000000000e+00
1.250000000000000000e+00 3.888900000000000134e-01 1.000000000000000000e+00
1.250000000000000000e+00 7.500000000000000000e-01 2.000000000000000000e+00
1.388889999999999958e+00 2.777999999999999914e-02 8.100000000000000000e+01
1.388889999999999958e+00 1.111100000000000004e-01 2.500000000000000000e+01
1.388889999999999958e+00 2.361099999999999866e-01 2.000000000000000000e+00
1.388889999999999958e+00 2.500000000000000000e-01 6.000000000000000000e+00
1.388889999999999958e+00 2.986099999999999866e-01 3.000000000000000000e+00
1.388889999999999958e+00 3.211100000000000065e-01 2.000000000000000000e+00
1.388889999999999958e+00 6.111100000000000421e-01 3.000000000000000000e+00
1.388889999999999958e+00 1.361110000000000042e+00 2.000000000000000000e+00
1.416670000000000096e+00 0.000000000000000000e+00 1.000000000000000000e+00
1.500000000000000000e+00 0.000000000000000000e+00 7.000000000000000000e+00
1.500000000000000000e+00 1.250000000000000000e-01 3.000000000000000000e+00
1.500000000000000000e+00 1.388900000000000134e-01 6.000000000000000000e+00
1.500000000000000000e+00 2.899999999999999800e-01 1.000000000000000000e+00
1.500000000000000000e+00 1.250000000000000000e+00 1.000000000000000000e+00
1.562500000000000000e+00 0.000000000000000000e+00 1.000000000000000000e+00
1.562500000000000000e+00 6.250000000000000000e-02 4.000000000000000000e+00
1.562500000000000000e+00 7.638999999999999957e-02 3.000000000000000000e+00
1.562500000000000000e+00 2.500000000000000000e-01 2.000000000000000000e+00
1.562500000000000000e+00 6.875000000000000000e-01 1.000000000000000000e+00
1.562500000000000000e+00 1.487500000000000044e+00 1.000000000000000000e+00
1.607140000000000013e+00 1.786000000000000087e-02 2.700000000000000000e+01
1.607140000000000013e+00 3.175000000000000044e-02 1.400000000000000000e+01
1.607140000000000013e+00 8.036000000000000087e-02 4.000000000000000000e+00
1.607140000000000013e+00 1.028599999999999931e-01 1.000000000000000000e+00
1.607140000000000013e+00 1.828599999999999948e-01 1.000000000000000000e+00
1.607140000000000013e+00 1.142859999999999987e+00 3.000000000000000000e+00
1.636360000000000037e+00 2.530000000000000131e-03 5.100000000000000000e+01
1.636360000000000037e+00 5.113999999999999796e-02 7.000000000000000000e+00
1.636360000000000037e+00 7.363999999999999713e-02 2.000000000000000000e+00
1.636360000000000037e+00 1.536399999999999988e-01 1.000000000000000000e+00
1.636360000000000037e+00 1.761399999999999910e-01 1.000000000000000000e+00
1.638889999999999958e+00 0.000000000000000000e+00 2.000000000000000000e+00
1.785709999999999908e+00 4.290000000000000410e-03 3.000000000000000000e+00
1.785709999999999908e+00 2.679000000000000131e-02 2.000000000000000000e+00
1.785709999999999908e+00 4.762000000000000260e-02 1.000000000000000000e+00
1.785709999999999908e+00 1.071399999999999991e-01 1.000000000000000000e+00
1.785709999999999908e+00 2.976199999999999957e-01 2.000000000000000000e+00
1.785709999999999908e+00 3.392899999999999805e-01 1.000000000000000000e+00
1.785709999999999908e+00 9.642899999999999805e-01 1.000000000000000000e+00
1.800000000000000044e+00 5.559999999999999838e-03 3.000000000000000000e+00
1.800000000000000044e+00 1.250000000000000069e-02 6.000000000000000000e+00
1.800000000000000044e+00 8.888999999999999679e-02 2.000000000000000000e+00
2.000000000000000000e+00 0.000000000000000000e+00 6.000000000000000000e+00
2.000000000000000000e+00 7.500000000000000000e-01 1.000000000000000000e+00
2.083330000000000126e+00 0.000000000000000000e+00 3.000000000000000000e+00
2.083330000000000126e+00 4.166999999999999871e-02 1.000000000000000000e+00
2.083330000000000126e+00 1.666700000000000126e-01 1.000000000000000000e+00
2.250000000000000000e+00 0.000000000000000000e+00 2.000000000000000000e+00
2.250000000000000000e+00 5.000000000000000000e-01 2.000000000000000000e+00
2.327589999999999826e+00 4.224100000000000077e-01 1.000000000000000000e+00
2.382350000000000190e+00 1.801500000000000046e-01 1.000000000000000000e+00
2.500000000000000000e+00 6.250000000000000000e-02 1.000000000000000000e+00
2.500000000000000000e+00 2.500000000000000000e-01 7.000000000000000000e+00
2.571429999999999882e+00 1.785700000000000065e-01 4.000000000000000000e+00
2.596150000000000180e+00 3.039000000000000035e-02 1.000000000000000000e+00
2.631580000000000030e+00 4.030000000000000249e-02 1.000000000000000000e+00
2.631580000000000030e+00 1.184199999999999975e-01 4.000000000000000000e+00
2.727269999999999861e+00 2.273000000000000020e-02 3.000000000000000000e+00
2.743900000000000006e+00 6.100000000000000387e-03 1.000000000000000000e+00
2.750000000000000000e+00 0.000000000000000000e+00 3.600000000000000000e+01
3.024999999999999911e+00 2.779999999999999919e-03 1.000000000000000000e+00
3.125000000000000000e+00 2.500000000000000000e-01 1.000000000000000000e+00
3.344590000000000174e+00 4.499999999999999877e-04 1.000000000000000000e+00
