5.000000000000000000e-01 2.500000000000000000e-01 1.450000000000000000e+02
6.666699999999999848e-01 8.333000000000000129e-02 4.440000000000000000e+02
6.666699999999999848e-01 3.333300000000000152e-01 1.400000000000000000e+01
7.500000000000000000e-01 0.000000000000000000e+00 8.800000000000000000e+01
7.500000000000000000e-01 5.000000000000000000e-01 2.000000000000000000e+00
1.000000000000000000e+00 0.000000000000000000e+00 7.000000000000000000e+00
1.000000000000000000e+00 2.500000000000000000e-01 4.000000000000000000e+00
1.125000000000000000e+00 1.250000000000000000e-01 6.100000000000000000e+01
1.125000000000000000e+00 2.916699999999999848e-01 3.000000000000000000e+00
1.250000000000000000e+00 0.000000000000000000e+00 1.500000000000000000e+01
1.250000000000000000e+00 1.666700000000000126e-01 1.000000000000000000e+00
1.250000000000000000e+00 2.500000000000000000e-01 4.000000000000000000e+00
1.388889999999999958e+00 2.777999999999999914e-02 7.900000000000000000e+01
1.388889999999999958e+00 1.111100000000000004e-01 2.100000000000000000e+01
1.388889999999999958e+00 2.500000000000000000e-01 5.000000000000000000e+00
1.388889999999999958e+00 3.211100000000000065e-01 1.000000000000000000e+00
1.388889999999999958e+00 4.444400000000000017e-01 1.000000000000000000e+00
1.500000000000000000e+00 0.000000000000000000e+00 9.000000000000000000e+00
1.500000000000000000e+00 1.388900000000000134e-01 5.000000000000000000e+00
1.562500000000000000e+00 0.000000000000000000e+00 2.000000000000000000e+00
1.562500000000000000e+00 6.250000000000000000e-02 1.000000000000000000e+00
1.562500000000000000e+00 7.638999999999999957e-02 2.000000000000000000e+00
1.562500000000000000e+00 1.250000000000000000e-01 1.000000000000000000e+00
1.562500000000000000e+00 1.474999999999999922e-01 1.000000000000000000e+00
1.562500000000000000e+00 2.500000000000000000e-01 3.000000000000000000e+00
1.562500000000000000e+00 5.208300000000000152e-01 1.000000000000000000e+00
1.562500000000000000e+00 6.875000000000000000e-01 2.000000000000000000e+00
1.607140000000000013e+00 1.786000000000000087e-02 3.300000000000000000e+01
1.607140000000000013e+00 3.175000000000000044e-02 1.900000000000000000e+01
1.607140000000000013e+00 8.036000000000000087e-02 1.000000000000000000e+00
1.607140000000000013e+00 1.028599999999999931e-01 1.000000000000000000e+00
1.607140000000000013e+00 2.261900000000000022e-01 2.000000000000000000e+00
1.607140000000000013e+00 2.857100000000000195e-01 1.000000000000000000e+00
1.607140000000000013e+00 3.459800000000000098e-01 1.000000000000000000e+00
1.607140000000000013e+00 6.428599999999999870e-01 1.000000000000000000e+00
1.607140000000000013e+00 1.142859999999999987e+00 3.000000000000000000e+00
1.636360000000000037e+00 2.530000000000000131e-03 4.500000000000000000e+01
1.636360000000000037e+00 5.113999999999999796e-02 6.000000000000000000e+00
1.636360000000000037e+00 7.363999999999999713e-02 5.000000000000000000e+00
1.636360000000000037e+00 1.761399999999999910e-01 1.000000000000000000e+00
1.636360000000000037e+00 2.525299999999999767e-01 1.000000000000000000e+00
1.638889999999999958e+00 0.000000000000000000e+00 1.000000000000000000e+00
1.785709999999999908e+00 4.290000000000000410e-03 1.300000000000000000e+01
1.785709999999999908e+00 2.679000000000000131e-02 1.500000000000000000e+01
1.785709999999999908e+00 4.762000000000000260e-02 5.000000000000000000e+00
1.785709999999999908e+00 1.071399999999999991e-01 2.000000000000000000e+00
1.785709999999999908e+00 2.142900000000000083e-01 1.000000000000000000e+00
1.785709999999999908e+00 2.976199999999999957e-01 2.000000000000000000e+00
1.785709999999999908e+00 9.642899999999999805e-01 2.000000000000000000e+00
1.800000000000000044e+00 5.559999999999999838e-03 7.000000000000000000e+00
1.800000000000000044e+00 1.250000000000000069e-02 1.000000000000000000e+01
1.800000000000000044e+00 8.888999999999999679e-02 3.000000000000000000e+00
1.800000000000000044e+00 9.499999999999999556e-01 1.000000000000000000e+00
2.000000000000000000e+00 0.000000000000000000e+00 4.000000000000000000e+00
2.083330000000000126e+00 0.000000000000000000e+00 7.000000000000000000e+00
2.083330000000000126e+00 4.166999999999999871e-02 1.000000000000000000e+00
2.083330000000000126e+00 6.666699999999999848e-01 1.000000000000000000e+00
2.250000000000000000e+00 0.000000000000000000e+00 3.000000000000000000e+00
2.250000000000000000e+00 5.000000000000000000e-01 2.000000000000000000e+00
2.327589999999999826e+00 5.400000000000000069e-04 1.000000000000000000e+00
2.327589999999999826e+00 1.425000000000000051e-02 1.000000000000000000e+00
2.327589999999999826e+00 4.224100000000000077e-01 3.000000000000000000e+00
2.382350000000000190e+00 9.926500000000000323e-01 1.000000000000000000e+00
2.500000000000000000e+00 1.000000000000000021e-02 4.000000000000000000e+00
2.500000000000000000e+00 6.250000000000000000e-02 5.000000000000000000e+00
2.500000000000000000e+00 2.500000000000000000e-01 1.800000000000000000e+01
2.500000000000000000e+00 1.138889999999999958e+00 2.000000000000000000e+00
2.500000000000000000e+00 1.430060000000000109e+00 1.000000000000000000e+00
2.531250000000000000e+00 4.201400000000000134e-01 1.000000000000000000e+00
2.571429999999999882e+00 1.785700000000000065e-01 7.000000000000000000e+00
2.571429999999999882e+00 7.142899999999999805e-01 1.000000000000000000e+00
2.596150000000000180e+00 3.039000000000000035e-02 2.000000000000000000e+00
2.596150000000000180e+00 1.538499999999999868e-01 3.000000000000000000e+00
2.631580000000000030e+00 1.184199999999999975e-01 3.000000000000000000e+00
2.666669999999999874e+00 8.999000000000000332e-01 1.000000000000000000e+00
2.700000000000000178e+00 5.000000000000000278e-02 3.000000000000000000e+00
2.700000000000000178e+00 1.125000000000000028e-01 1.000000000000000000e+00
2.700000000000000178e+00 4.874999999999999889e-01 1.000000000000000000e+00
2.727269999999999861e+00 2.273000000000000020e-02 1.800000000000000000e+01
2.727269999999999861e+00 3.039799999999999724e-01 1.000000000000000000e+00
2.743900000000000006e+00 6.100000000000000387e-03 7.000000000000000000e+00
2.750000000000000000e+00 0.000000000000000000e+00 5.800000000000000000e+01
2.750000000000000000e+00 2.777800000000000269e-01 1.000000000000000000e+00
2.777779999999999916e+00 1.111100000000000004e-01 2.000000000000000000e+00
2.970000000000000195e+00 2.220000000000000185e-03 2.000000000000000000e+00
2.970000000000000195e+00 2.000000000000000042e-02 1.000000000000000000e+00
2.970000000000000195e+00 2.792999999999999997e-02 1.000000000000000000e+00
2.970000000000000195e+00 8.000000000000000167e-02 1.000000000000000000e+00
2.970000000000000195e+00 1.799999999999999933e-01 1.000000000000000000e+00
2.970000000000000195e+00 3.750399999999999845e-01 1.000000000000000000e+00
2.989129999999999843e+00 8.700000000000000051e-04 1.000000000000000000e+00
3.024999999999999911e+00 2.779999999999999919e-03 1.000000000000000000e+00
3.024999999999999911e+00 6.250000000000000347e-03 1.000000000000000000e+00
3.024999999999999911e+00 2.500000000000000139e-02 1.000000000000000000e+00
3.093750000000000000e+00 3.125000000000000000e-02 2.000000000000000000e+00
3.149999999999999911e+00 0.000000000000000000e+00 1.000000000000000000e+00
3.187500000000000000e+00 0.000000000000000000e+00 1.000000000000000000e+00
3.214290000000000092e+00 7.939999999999999142e-03 1.000000000000000000e+00
3.214290000000000092e+00 2.571000000000000021e-02 1.000000000000000000e+00
3.311319999999999819e+00 1.180000000000000059e-03 2.000000000000000000e+00
3.311319999999999819e+00 3.039999999999999994e-02 1.000000000000000000e+00
3.311319999999999819e+00 5.091999999999999998e-02 1.000000000000000000e+00
3.316329999999999778e+00 1.218999999999999945e-02 1.000000000000000000e+00
3.316329999999999778e+00 4.592000000000000248e-02 1.000000000000000000e+00
3.316329999999999778e+00 5.866999999999999993e-02 1.000000000000000000e+00
3.344590000000000174e+00 4.499999999999999877e-04 1.000000000000000000e+00
3.344590000000000174e+00 1.764999999999999902e-02 2.000000000000000000e+00
3.344590000000000174e+00 3.040999999999999953e-02 1.000000000000000000e+00
3.361110000000000042e+00 2.777800000000000269e-01 1.000000000000000000e+00
3.441180000000000128e+00 5.881999999999999729e-02 1.000000000000000000e+00
3.459680000000000089e+00 1.031999999999999931e-02 2.000000000000000000e+00
3.470000000000000195e+00 0.000000000000000000e+00 2.000000000000000000e+00
3.559320000000000039e+00 3.364999999999999936e-02 1.000000000000000000e+00
3.564810000000000034e+00 1.851999999999999827e-02 2.000000000000000000e+00
3.592109999999999914e+00 8.700000000000000051e-04 1.000000000000000000e+00
3.629630000000000134e+00 3.699999999999999947e-04 1.000000000000000000e+00
3.850000000000000089e+00 1.111000000000000008e-02 1.000000000000000000e+00
4.038459999999999717e+00 8.654000000000000581e-02 1.000000000000000000e+00
4.083330000000000126e+00 0.000000000000000000e+00 1.000000000000000000e+00
4.419999999999999929e+00 1.000000000000000021e-02 1.000000000000000000e+00
4.419999999999999929e+00 4.000000000000000083e-02 1.000000000000000000e+00
6.083330000000000126e+00 0.000000000000000000e+00 1.000000000000000000e+00
