2.500000000000000000e-01 2.500000000000000000e-01 1.041000000000000000e+03
2.500000000000000000e-01 7.500000000000000000e-01 2.400000000000000000e+01
2.500000000000000000e-01 1.000000000000000000e+00 7.000000000000000000e+00
2.500000000000000000e-01 1.138889999999999958e+00 3.000000000000000000e+00
2.500000000000000000e-01 2.250000000000000000e+00 1.000000000000000000e+00
2.500000000000000000e-01 3.361110000000000042e+00 1.000000000000000000e+00
2.500000000000000000e-01 3.750000000000000000e+00 1.000000000000000000e+00
5.000000000000000000e-01 0.000000000000000000e+00 8.000000000000000000e+01
5.000000000000000000e-01 5.000000000000000000e-01 6.000000000000000000e+00
5.000000000000000000e-01 7.500000000000000000e-01 4.000000000000000000e+00
5.000000000000000000e-01 1.062500000000000000e+00 1.000000000000000000e+00
5.000000000000000000e-01 2.000000000000000000e+00 2.000000000000000000e+00
5.000000000000000000e-01 3.111110000000000042e+00 1.000000000000000000e+00
5.000000000000000000e-01 3.562500000000000000e+00 1.000000000000000000e+00
1.000000000000000000e+00 2.500000000000000000e-01 8.000000000000000000e+00
1.000000000000000000e+00 3.888900000000000134e-01 1.000000000000000000e+00
1.000000000000000000e+00 5.625000000000000000e-01 1.000000000000000000e+00
1.000000000000000000e+00 1.500000000000000000e+00 2.000000000000000000e+00
1.000000000000000000e+00 1.150000000000000000e+01 1.000000000000000000e+00
1.250000000000000000e+00 0.000000000000000000e+00 5.000000000000000000e+00
1.250000000000000000e+00 1.388900000000000134e-01 8.000000000000000000e+00
1.250000000000000000e+00 3.125000000000000000e-01 1.000000000000000000e+00
1.250000000000000000e+00 1.250000000000000000e+00 3.000000000000000000e+00
1.250000000000000000e+00 2.812500000000000000e+00 1.000000000000000000e+00
2.000000000000000000e+00 5.000000000000000000e-01 4.000000000000000000e+00
2.000000000000000000e+00 7.777800000000000269e-01 1.000000000000000000e+00
2.250000000000000000e+00 2.500000000000000000e-01 1.300000000000000000e+01
2.250000000000000000e+00 8.750000000000000000e-01 1.000000000000000000e+00
2.250000000000000000e+00 2.472220000000000084e+00 1.000000000000000000e+00
2.500000000000000000e+00 0.000000000000000000e+00 1.000000000000000000e+00
2.500000000000000000e+00 2.777800000000000269e-01 3.000000000000000000e+00
2.500000000000000000e+00 6.250000000000000000e-01 2.000000000000000000e+00
3.250000000000000000e+00 6.633000000000000007e-02 2.000000000000000000e+00
3.250000000000000000e+00 1.300000000000000044e-01 1.000000000000000000e+00
3.250000000000000000e+00 3.611099999999999866e-01 1.000000000000000000e+00
3.250000000000000000e+00 8.125000000000000000e-01 1.000000000000000000e+00
4.000000000000000000e+00 2.500000000000000000e-01 1.000000000000000000e+00
4.000000000000000000e+00 4.199999999999999845e-01 1.000000000000000000e+00
4.000000000000000000e+00 1.312500000000000000e+00 1.000000000000000000e+00
4.000000000000000000e+00 2.500000000000000000e+00 1.000000000000000000e+00
4.000000000000000000e+00 6.948979999999999713e+00 1.000000000000000000e+00
4.000000000000000000e+00 1.381663999999999959e+01 1.000000000000000000e+00
4.250000000000000000e+00 7.500000000000000000e-01 1.000000000000000000e+00
4.250000000000000000e+00 8.250000000000000000e+00 1.000000000000000000e+00
4.500000000000000000e+00 2.222200000000000009e-01 2.000000000000000000e+00
5.000000000000000000e+00 5.555600000000000538e-01 1.000000000000000000e+00
5.000000000000000000e+00 6.889999999999999680e+00 1.000000000000000000e+00
6.250000000000000000e+00 0.000000000000000000e+00 1.000000000000000000e+00
6.250000000000000000e+00 3.697999999999999898e-02 1.000000000000000000e+00
6.250000000000000000e+00 4.648800000000000154e-01 1.000000000000000000e+00
6.250000000000000000e+00 4.535319999999999574e+00 1.000000000000000000e+00
6.500000000000000000e+00 0.000000000000000000e+00 1.000000000000000000e+00
6.500000000000000000e+00 2.148799999999999877e-01 1.000000000000000000e+00
6.500000000000000000e+00 2.408319999999999794e+00 1.000000000000000000e+00
8.000000000000000000e+00 2.000000000000000000e+00 1.000000000000000000e+00
8.500000000000000000e+00 8.047299999999999454e-01 1.000000000000000000e+00
9.000000000000000000e+00 2.777999999999999914e-02 1.000000000000000000e+00
9.000000000000000000e+00 2.500000000000000000e-01 1.000000000000000000e+00
1.000000000000000000e+01 4.591799999999999771e-01 1.000000000000000000e+00
