2.500000000000000000e-01 2.500000000000000000e-01 8.930000000000000000e+02
2.500000000000000000e-01 7.500000000000000000e-01 1.300000000000000000e+01
2.500000000000000000e-01 1.000000000000000000e+00 7.000000000000000000e+00
2.500000000000000000e-01 1.138889999999999958e+00 2.000000000000000000e+00
2.500000000000000000e-01 1.312500000000000000e+00 2.000000000000000000e+00
2.500000000000000000e-01 2.250000000000000000e+00 1.000000000000000000e+00
5.000000000000000000e-01 0.000000000000000000e+00 9.600000000000000000e+01
5.000000000000000000e-01 5.000000000000000000e-01 6.000000000000000000e+00
5.000000000000000000e-01 7.500000000000000000e-01 2.000000000000000000e+00
1.000000000000000000e+00 2.500000000000000000e-01 1.400000000000000000e+01
1.000000000000000000e+00 3.888900000000000134e-01 3.000000000000000000e+00
1.000000000000000000e+00 5.625000000000000000e-01 1.000000000000000000e+00
1.000000000000000000e+00 2.611110000000000042e+00 1.000000000000000000e+00
1.250000000000000000e+00 0.000000000000000000e+00 4.000000000000000000e+00
1.250000000000000000e+00 1.388900000000000134e-01 7.000000000000000000e+00
1.250000000000000000e+00 3.125000000000000000e-01 1.000000000000000000e+00
1.250000000000000000e+00 1.250000000000000000e+00 1.000000000000000000e+00
2.000000000000000000e+00 5.000000000000000000e-01 4.000000000000000000e+00
2.000000000000000000e+00 1.316330000000000000e+00 1.000000000000000000e+00
2.000000000000000000e+00 1.327882999999999925e+01 1.000000000000000000e+00
2.250000000000000000e+00 2.500000000000000000e-01 9.000000000000000000e+00
2.250000000000000000e+00 5.277800000000000269e-01 1.000000000000000000e+00
2.500000000000000000e+00 0.000000000000000000e+00 6.000000000000000000e+00
2.500000000000000000e+00 2.777800000000000269e-01 1.000000000000000000e+00
2.500000000000000000e+00 1.919999999999999929e+00 1.000000000000000000e+00
2.500000000000000000e+00 6.000000000000000000e+00 1.000000000000000000e+00
2.500000000000000000e+00 1.000000000000000000e+01 1.000000000000000000e+00
3.250000000000000000e+00 6.633000000000000007e-02 2.000000000000000000e+00
3.250000000000000000e+00 1.300000000000000044e-01 1.000000000000000000e+00
3.250000000000000000e+00 3.464879999999999960e+00 1.000000000000000000e+00
3.250000000000000000e+00 7.535319999999999574e+00 1.000000000000000000e+00
4.000000000000000000e+00 6.250000000000000000e-02 4.000000000000000000e+00
4.000000000000000000e+00 3.363280000000000047e+00 1.000000000000000000e+00
4.000000000000000000e+00 3.397959999999999869e+00 1.000000000000000000e+00
4.000000000000000000e+00 8.500000000000000000e+00 1.000000000000000000e+00
4.250000000000000000e+00 1.700000000000000122e-01 2.000000000000000000e+00
4.250000000000000000e+00 2.656200000000000228e-01 1.000000000000000000e+00
4.250000000000000000e+00 3.161200000000000121e-01 1.000000000000000000e+00
4.250000000000000000e+00 1.305560000000000054e+00 1.000000000000000000e+00
4.250000000000000000e+00 5.054730000000000167e+00 1.000000000000000000e+00
4.500000000000000000e+00 1.280000000000000027e+00 1.000000000000000000e+00
5.000000000000000000e+00 3.125000000000000000e-01 1.000000000000000000e+00
5.000000000000000000e+00 2.397959999999999869e+00 1.000000000000000000e+00
5.000000000000000000e+00 5.106810000000000294e+00 1.000000000000000000e+00
6.250000000000000000e+00 3.826499999999999901e-01 1.000000000000000000e+00
6.250000000000000000e+00 4.648800000000000154e-01 1.000000000000000000e+00
6.500000000000000000e+00 0.000000000000000000e+00 1.000000000000000000e+00
6.500000000000000000e+00 8.226559999999999206e+00 1.000000000000000000e+00
7.250000000000000000e+00 1.479600000000000082e-01 1.000000000000000000e+00
8.000000000000000000e+00 5.555999999999999828e-02 1.000000000000000000e+00
8.000000000000000000e+00 4.500000000000000000e+00 1.000000000000000000e+00
8.500000000000000000e+00 3.400000000000000244e-01 1.000000000000000000e+00
8.500000000000000000e+00 3.767300000000000093e-01 2.000000000000000000e+00
9.000000000000000000e+00 4.444400000000000017e-01 1.000000000000000000e+00
9.000000000000000000e+00 1.232000000000000028e+01 1.000000000000000000e+00
9.250000000000000000e+00 3.200999999999999679e-02 1.000000000000000000e+00
9.250000000000000000e+00 3.057900000000000063e-01 1.000000000000000000e+00
1.000000000000000000e+01 2.500000000000000000e+00 1.000000000000000000e+00
1.225000000000000000e+01 2.500000000000000000e-01 1.000000000000000000e+00
1.250000000000000000e+01 0.000000000000000000e+00 1.000000000000000000e+00
1.325000000000000000e+01 1.418000000000000094e-01 1.000000000000000000e+00
1.525000000000000000e+01 2.883000000000000146e-02 1.000000000000000000e+00
2.025000000000000000e+01 6.250000000000000000e-02 1.000000000000000000e+00
2.050000000000000000e+01 0.000000000000000000e+00 1.000000000000000000e+00
2.600000000000000000e+01 1.040000000000000036e+00 1.000000000000000000e+00
2.600000000000000000e+01 2.806939999999999991e+00 1.000000000000000000e+00
