0.7237 0.0095 6.0114 0.4817 0.0894 5.7375 0.0836 0.5122 6.1852 6.2251 6.1950 0.5476 5.0046 5.1442 4.9050 6.0963 0.3973 0.4966 1.6058 0.9819
0.7531 0.2972 0.1783 0.5539 5.7344 0.4685 0.3892 0.3793 5.9464 5.8508 6.0068 5.8453 5.1630 5.9277 5.7912 6.2399 5.2004 6.1745 0.2821 1.2797
1.0563 1.6175 1.2162 0.7041 0.6300 0.8679 6.0723 5.6103 5.2720 5.8225 0.0140 0.5983 5.3659 5.6795 4.8958 5.6885 4.4224 0.6774 0.2289 0.2924
0.7097 1.4194 0.7843 1.1377 1.1434 4.8538 4.6780 5.3688 5.3667 5.8948 5.2447 5.2780 4.8469 4.8401 5.0835 5.0103 3.5579 6.1032 0.4213 0.9603
1.1978 1.8118 1.6677 2.0586 2.5139 3.5906 3.7126 5.2363 5.6384 4.9131 5.1718 0.0054 4.8354 5.5578 3.8133 3.6797 2.6970 1.9814 0.4947 1.2508
2.6012 3.5350 2.9347 2.0862 2.8797 3.5957 3.3930 4.9100 5.0695 5.4455 4.3114 5.4321 3.8676 5.6571 5.7589 5.2468 4.1067 3.2996 4.8363 2.8712
2.5926 4.0196 3.0762 3.2600 3.4350 3.8805 4.2969 4.3065 4.7528 4.7810 4.2074 4.1716 3.9409 5.3262 4.6911 5.5010 4.2484 4.0762 5.0701 1.8979
2.9451 3.5349 3.7671 3.9378 3.4225 3.5779 4.6481 4.2327 4.6349 5.1248 0.7996 2.8880 3.4154 2.9083 4.3005 4.9464 4.2002 4.5891 4.2594 2.8773
3.3054 3.7584 3.2384 3.1376 3.3601 3.7755 5.3375 5.4463 5.4111 5.4262 5.8712 1.0007 2.9563 2.5689 3.7648 4.1419 4.5627 5.1636 4.4749 4.9130
5.0175 3.3836 3.5675 2.8877 3.5841 2.3444 2.1110 0.4298 5.8762 0.4540 1.1867 1.8450 2.6257 2.5454 3.8482 4.6621 4.3079 3.4553 5.0064 4.0821
4.8463 2.4953 2.4364 3.2399 3.4603 2.3613 2.4792 0.8043 0.5702 1.2760 1.9417 1.1073 3.4042 4.6935 4.4500 3.7803 3.9470 4.1672 3.9998 4.9501
3.9698 3.6223 3.4021 2.6903 2.8414 2.1096 2.1362 1.6073 0.6827 1.5609 2.2351 1.7120 3.1604 4.4571 4.2052 4.7599 4.9671 4.3631 3.5511 3.2886
4.7619 4.2559 3.3602 3.5374 3.6196 2.6151 1.7621 2.0439 2.0876 1.5400 1.9790 2.1147 2.7374 4.8838 2.8365 3.4409 4.0704 3.7454 4.4079 4.2042
4.8259 4.6139 4.1768 4.2857 3.4688 3.5888 3.9349 3.9693 2.7480 2.8095 2.6314 1.7505 1.7746 0.3331 4.6508 3.0714 3.5196 5.3727 5.2344 4.4304
4.6601 5.2656 4.2938 4.9252 5.0038 4.8362 5.9724 4.8018 3.8934 3.2994 2.0088 2.9942 1.8264 6.2149 4.7277 5.2706 5.4903 4.8510 5.7734 5.0403
5.5782 4.5345 5.5205 5.3842 5.2029 5.5301 5.7605 6.0645 6.0073 5.4757 0.3617 0.7761 1.5129 0.3070 5.9044 5.9735 5.4802 5.7266 5.3855 5.3272
6.0312 6.0918 5.4388 5.6963 6.0271 6.2738 5.8524 5.6344 5.5716 5.9660 5.8372 0.9573 0.7432 6.2644 0.5278 0.3698 0.5263 0.9371 6.0329 0.0518
0.6145 5.6555 5.2362 6.1449 0.4019 0.4939 0.2199 0.2617 0.0066 0.2613 5.8803 0.2467 0.5777 5.6279 6.2579 6.2488 0.5851 5.8592 6.0751 5.6994
5.8860 5.6124 6.0650 0.2993 0.3214 0.1464 6.1602 0.2247 0.7451 5.8654 0.3962 5.9733 5.7637 5.8917 6.0673 0.8832 1.0052 6.0132 0.1982 5.7697
0.2449 5.8792 5.9275 6.1923 5.7793 5.9303 0.1206 0.0879 0.4318 0.0241 5.9163 0.0649 5.7305 5.7762 5.8350 5.6052 0.4054 5.8264 0.2309 0.1334
