0.6704 0.5213 0.7132 1.3653 1.3841 1.4415 1.7213 2.4679 0.7080 0.6236 5.9631 0.4591 1.1626 1.0945 2.2674 2.1013 2.4470 1.9857 1.8609 1.3618
1.2288 0.6877 1.5609 2.0689 1.0664 6.2390 0.2427 0.8240 0.2967 6.2731 5.0575 1.1452 2.1449 1.7796 2.9013 1.2801 2.1355 2.3541 2.3720 1.4625
0.8788 1.4977 1.7586 0.7869 5.6427 6.2037 0.1385 5.7771 0.6113 5.9292 4.7717 4.3572 3.4183 3.1254 2.4465 1.6987 2.6248 2.0779 1.7926 1.2480
1.9102 1.1669 0.1806 6.2111 0.9899 5.7828 5.8946 5.9382 6.0850 5.8465 4.4690 4.6897 3.4685 3.6368 3.9550 1.8935 3.0562 3.2633 1.1414 0.8078
0.3948 1.0463 0.5947 5.7679 0.8062 5.5359 5.2767 5.8530 6.0434 0.1116 5.1239 4.9672 3.2386 3.6840 3.2532 2.9447 3.9124 4.3281 5.2051 0.8093
5.7157 0.1494 6.1962 5.6724 0.7144 0.0986 5.6313 5.9546 6.2567 5.2672 5.7149 4.4786 2.1829 2.8786 3.6803 4.6436 3.7682 3.5999 4.7892 1.1310
5.9376 5.0895 5.5664 5.6889 4.1580 5.8846 0.1104 6.1035 4.8261 5.0073 4.8223 3.2589 2.9746 2.7327 4.1377 5.1657 4.6982 4.3694 5.3652 0.0686
5.0285 4.9011 5.4213 5.3951 4.6353 4.4790 4.5191 4.1411 4.5070 5.0717 4.7381 3.5101 3.2105 3.0638 2.5807 4.6208 4.0718 3.7321 4.8271 6.1458
6.0103 4.7779 4.9150 5.5277 5.3492 4.9597 5.0180 4.8221 5.2668 4.7927 5.2119 3.4223 3.5096 3.0467 1.9094 4.6871 4.1253 4.8746 4.7164 5.2793
4.9504 5.1078 5.1134 4.7627 5.5358 0.5277 5.8680 5.5811 5.5177 5.2054 4.4449 3.8037 3.0603 3.5866 3.4273 3.8594 3.8338 4.3847 4.4608 3.9376
4.5483 6.2823 5.7843 5.4784 5.8002 6.0972 5.8507 5.7809 0.2428 5.5823 4.6907 3.7086 4.7848 4.6066 4.8193 4.9465 3.6293 3.6837 4.1030 4.7210
3.1773 1.3461 0.9377 5.4707 5.7530 0.1024 0.0158 5.9476 5.7987 6.0377 5.3006 3.9077 3.7141 4.6804 5.2649 4.9210 3.0466 3.6063 3.5761 4.2658
3.8520 2.2215 0.6167 0.2265 1.8727 1.5486 1.9336 1.1851 2.8975 4.3027 3.5323 3.4466 3.2851 5.8787 0.1131 5.0700 3.0184 3.4452 2.6549 3.3713
1.5940 1.6041 1.5285 2.1746 2.0236 2.0119 1.9185 1.8693 2.5073 2.4911 3.4344 2.8185 3.3078 4.8492 6.0198 4.7418 2.4934 2.6083 2.2653 2.6165
2.5602 1.9129 2.2987 2.4754 2.1055 1.6332 1.1864 2.1477 2.4767 2.3664 2.6713 2.9838 2.5850 4.6061 5.7256 0.3180 1.8337 1.9346 2.7427 2.1897
2.1646 2.6747 2.4695 2.7865 3.1940 2.5551 1.7529 2.2506 2.7073 1.7479 1.9523 1.3014 0.8265 1.2345 6.2278 0.7213 1.1728 2.5011 2.0997 2.6446
2.4235 2.7629 3.3146 3.1371 3.2714 2.6349 1.6191 2.0216 1.3267 1.5280 1.5217 1.6028 1.6326 1.2680 0.4950 0.5667 1.1028 1.8074 2.3319 2.1665
0.8888 2.3278 1.9906 2.6294 3.3891 1.8779 1.8909 1.6610 2.4809 1.7860 1.3704 2.0722 1.0782 1.8221 0.3826 0.7149 1.9613 2.2381 1.1894 1.7853
0.1378 1.6129 1.5157 1.5738 1.2151 1.7057 2.2632 2.0154 2.1153 1.4724 1.1888 1.2699 0.8210 0.4949 1.3674 1.3190 1.6113 1.9039 2.0873 0.7498
1.0634 1.5197 1.2136 2.3310 2.0257 2.2652 2.0683 2.3509 1.0268 0.7695 0.6049 0.9319 0.4231 0.3839 1.4491 2.0372 2.5112 2.2584 1.8304 2.0183
