4.9536 4.6644 4.1055 3.6056 3.9833 3.9062 4.9531 5.0010 5.6999 5.7841 5.6742 4.4747 4.9919 5.6802 5.5664 4.7017 4.5563 4.4939 4.3925 4.7098
4.4957 4.6570 4.3145 4.1815 3.3586 4.0798 4.3979 4.9308 6.0653 4.2796 5.4770 5.3389 5.6184 5.2915 4.8909 3.6513 4.8092 4.3564 3.9731 4.5502
4.0904 3.4784 4.3278 4.4228 4.0755 4.8178 4.6118 5.5291 5.6612 4.5285 4.2965 4.3117 4.0378 4.6148 4.2172 3.8583 4.6340 3.7101 4.1401 4.7301
4.8641 3.7120 3.3671 4.6895 4.4417 5.8919 5.1336 4.9560 4.6909 4.4958 4.6665 4.1766 4.2505 4.8521 4.3490 3.4682 3.5338 3.4905 3.9880 4.3002
4.9329 4.2275 4.8339 5.4615 5.0666 5.9917 4.8202 4.6998 4.8112 4.8508 4.5313 3.2092 3.5725 4.6669 3.6883 3.2329 3.6794 3.7166 3.2226 2.2978
0.3929 5.1555 4.9918 4.0543 5.0186 5.1761 4.6052 4.7556 4.5754 4.7219 4.7198 3.2857 4.0057 4.6948 3.5587 2.7905 3.0140 2.3019 2.4705 1.9771
0.8660 5.1357 4.1940 4.4441 4.5871 4.7553 4.0593 3.9902 3.9124 3.2912 4.7355 3.5185 4.0256 4.5145 0.6877 0.6226 2.1966 2.1366 2.8484 1.3518
4.5127 3.7926 4.2856 3.8777 4.2372 4.4843 3.6339 3.9528 3.9676 2.5464 3.7591 2.2610 2.0562 0.8891 0.7103 1.3573 2.4246 2.0284 3.1381 2.9404
2.7440 3.2572 3.6395 4.4093 4.2492 3.8722 3.9503 4.0204 3.4106 3.2828 2.5098 2.4569 2.0248 2.3469 1.4133 1.5196 1.1228 2.2730 2.8300 2.0255
2.3739 1.9537 2.3871 3.5877 4.7778 4.2398 3.6871 3.4415 2.9078 2.5697 2.7141 1.7568 2.2660 2.3355 2.6643 0.5895 0.3336 1.2303 2.4265 2.8859
2.1895 2.3209 2.7195 2.4304 3.9665 3.6293 4.0464 3.6288 2.7446 1.2283 1.6296 2.3205 1.5641 1.4807 1.4778 0.5242 0.8351 0.8031 1.0761 1.5398
3.0134 3.4762 3.2605 2.9275 3.9135 5.0980 4.7086 4.6431 6.2727 1.2646 1.4236 1.0623 1.2428 0.4698 0.7235 0.1624 1.0065 1.2516 2.1711 2.0450
3.1223 3.5139 3.6840 3.1306 4.4016 4.9281 5.4536 5.4085 0.1199 0.7755 6.0653 5.7496 1.0723 0.5927 0.1908 6.0640 6.1554 0.5908 1.1802 1.6108
2.2516 2.5495 3.6445 4.8771 4.9427 5.0762 5.9120 5.7188 0.0091 5.6612 6.2088 0.4124 1.0404 1.3121 0.7642 5.6228 5.6547 0.2117 2.3135 1.6672
2.8750 3.2198 3.9333 4.4393 5.6039 5.8434 5.8155 5.6346 5.3086 5.4686 6.1636 0.2816 0.1473 6.1761 6.2571 0.7705 5.9183 5.0787 2.6539 2.4291
2.9768 4.0850 4.0942 3.7292 4.6932 4.8053 4.6567 4.7537 4.8407 5.1127 5.7514 5.3840 6.0331 6.2822 0.1257 6.1264 4.8282 4.7924 2.2380 2.7725
3.0024 3.7455 3.6930 4.0537 4.5785 4.9725 5.1948 4.6058 4.1653 4.9384 6.1292 6.1348 5.6155 5.0908 5.4412 4.4654 4.5693 3.8135 5.7981 2.7235
4.4991 4.6373 4.0345 4.8095 4.9497 5.0947 4.5031 4.4578 4.6186 4.8887 5.0814 5.8158 5.0767 5.6107 5.0789 4.6087 4.8207 5.1485 5.0475 3.8153
4.2524 4.1724 4.0741 4.1710 3.8322 3.7225 4.1958 4.1520 6.2270 4.4783 5.8222 5.3272 6.0891 5.0315 5.7448 5.1165 5.0421 3.9366 5.1255 4.6984
4.3000 4.4334 4.0692 4.4275 4.0316 3.1769 4.7691 4.2661 6.2453 6.0773 6.1165 5.5119 5.1845 5.0101 4.9093 5.2825 4.7146 4.1481 5.3242 4.5511
