1.8595 2.8940 3.5224 2.2287 2.3867 2.4499 2.0479 2.6277 2.7593 2.0362 3.0608 2.7807 3.9407 2.5553 2.9957 2.0459 2.1508 1.3877 1.5891 1.1748
2.2835 1.9091 2.0905 3.1900 3.6393 3.0072 2.0500 3.8940 3.1702 4.2944 3.2303 2.8477 3.3799 3.1154 3.2714 2.0828 2.1928 2.2844 2.3389 2.8475
1.0696 1.8199 2.2586 2.4941 2.3682 2.6812 3.0910 4.1304 3.5197 3.7956 3.9944 4.3108 4.4607 4.6185 4.3744 2.6408 3.2901 2.9004 3.6885 3.3780
1.9574 2.1149 1.9574 2.4896 2.6609 2.7674 3.7936 5.1530 4.9137 4.1407 3.9426 3.9160 4.0012 3.6962 3.5420 3.3149 3.2355 3.5485 2.7158 2.9527
2.9552 3.2902 2.7671 2.1268 1.8520 3.7665 3.5163 4.4058 4.5299 4.2936 3.6506 3.4491 3.8398 3.5667 3.7655 3.3158 2.8134 2.9430 4.0528 2.8309
3.7553 2.7875 2.5222 3.0657 2.2772 2.9616 4.1871 5.4812 4.6526 4.1356 3.8806 3.4138 3.4253 3.2711 3.2156 2.7822 3.0741 1.8765 2.6311 2.8690
3.3992 2.7465 3.4602 3.1575 2.6500 3.6235 3.3006 3.6318 4.3310 4.6251 4.1077 2.3336 2.4799 2.1946 2.1270 3.3207 3.7606 2.1862 3.2535 3.8195
1.4763 3.1605 3.4813 2.9239 3.2505 3.2241 4.2990 3.6107 4.2157 4.4470 3.4813 2.5611 2.7320 2.2003 2.9416 3.0914 3.5421 3.5468 3.2183 3.2826
2.5663 2.4935 3.0983 2.6610 3.0118 3.5986 3.9393 4.0814 3.9183 3.6744 4.1180 3.2712 3.0246 2.9527 2.6696 3.8011 3.5580 3.8798 2.8524 2.5142
4.1906 3.2767 3.0671 2.8430 2.2942 2.7801 2.8491 2.2569 2.9405 4.0301 2.7734 3.0792 2.9863 3.7068 3.7956 3.4955 4.1560 3.6091 3.4710 3.0552
3.9278 2.5557 2.9702 1.8225 1.6029 1.2498 1.9148 2.5348 2.3930 3.1249 2.7135 2.7991 2.9094 3.8063 3.8216 3.8015 4.5452 4.5062 4.1267 4.5205
3.5486 2.9499 2.0099 2.2429 1.1066 1.0293 2.0873 0.2776 5.1121 3.2170 3.2618 3.8485 4.0346 4.0024 4.2688 5.4498 5.3042 4.4690 3.8553 3.8096
3.8476 3.2682 3.3390 1.1952 2.1893 1.4165 1.1530 1.4773 0.0611 3.3303 2.7079 2.9561 3.8033 3.7777 5.1792 4.8782 5.3970 5.4344 5.2775 3.9621
1.3530 3.1385 2.6140 1.7527 1.4191 1.1986 2.0776 2.1213 1.6949 2.5918 3.4926 3.2857 3.8149 3.8526 5.1206 5.6763 5.5319 5.4536 4.6133 5.8417
1.9385 1.5438 1.6477 1.0445 1.3024 1.8354 2.5595 1.6798 1.3143 2.1914 2.2928 2.8094 3.5141 3.4604 5.3707 5.6868 5.4630 4.7598 5.9832 0.4127
0.8361 1.4931 1.5892 2.1524 1.9035 1.7099 1.8309 1.8787 1.9814 2.2632 2.7447 2.6343 3.1850 3.5794 4.2918 4.7704 5.0228 4.9358 5.9235 0.2503
0.5640 1.0243 1.5284 1.3018 0.7988 1.4557 1.7505 2.1042 2.5200 2.7799 2.3759 2.1123 3.2480 3.7228 3.6953 4.3899 4.7832 6.0159 5.9636 0.5414
1.1811 0.8977 1.5940 1.4041 0.8838 1.5904 1.9294 1.8689 2.9838 3.1149 2.1606 2.2680 3.0578 2.8873 4.0346 4.9157 4.8565 5.4951 5.8716 0.9576
1.2676 1.4949 1.1012 1.5567 2.1999 2.0698 1.6512 2.6787 3.2869 2.8073 3.7589 2.6554 2.9802 3.5665 3.2098 4.2610 5.3305 6.2515 0.6051 0.7451
0.9909 1.1303 1.6619 1.8333 2.0206 1.6871 2.3743 1.9775 2.5309 2.1252 2.3326 2.2923 3.5129 4.1306 3.0604 1.9504 1.1201 1.0813 5.6430 0.1657
