4.8476 4.7111 4.8416 4.4630 1.4152 1.3144 1.0688 1.1569 1.7995 1.8268 1.3780 1.9908 1.8916 2.0785 4.9616 4.7161 4.2642 5.2881 4.3610 4.4780
5.1270 6.0016 5.7425 4.8358 1.3980 0.8056 1.0521 1.1188 1.9513 2.2255 1.7838 1.5178 2.0681 0.6616 0.2664 5.8664 5.0435 4.6582 5.0542 4.8915
0.3274 0.0535 0.2906 2.3831 2.3069 0.6524 0.7951 1.8513 2.9547 1.9013 2.3957 1.7925 1.9800 0.8390 6.2682 6.0667 5.0309 5.2739 5.0713 5.4666
6.0081 0.6343 0.6169 1.8277 1.4186 1.0101 1.6864 2.4250 2.2470 1.8331 1.9593 1.8589 1.3241 0.3678 0.2262 5.8689 6.2082 6.0812 0.0207 0.4566
0.9140 1.0800 1.2404 0.9644 1.3809 1.1833 2.1011 2.4785 2.1130 2.0390 2.3344 1.3943 1.3163 0.9527 5.9568 5.2510 5.8631 5.8254 0.4525 1.0193
1.2630 1.2567 0.9383 0.4237 1.9056 2.1233 2.4671 3.3638 2.2914 2.4022 2.7860 1.5155 0.7965 0.9856 0.2198 5.7951 6.0694 0.1703 0.8771 1.4303
1.1058 1.1701 1.1142 2.1220 1.5415 1.8917 1.9249 2.0691 1.8124 2.2678 1.9340 1.0851 1.4889 1.4438 1.3593 0.0069 6.0643 0.4443 0.1387 0.9565
0.0252 0.5208 1.8537 2.4798 1.6780 1.9409 1.8917 2.7825 3.0543 3.1262 3.1394 2.9480 2.1458 2.3193 3.1390 3.2490 5.3004 5.1504 0.7431 0.6611
1.6570 2.6229 2.5359 3.0571 2.6156 2.0580 1.3208 1.8654 2.9148 1.7125 3.2220 2.6577 2.3794 3.3919 2.9052 2.8429 5.0501 4.1843 2.3068 0.6461
2.0645 2.6184 2.4866 3.0814 2.7136 2.5831 2.6506 2.2332 2.5667 2.1905 1.8151 2.1232 2.3225 2.7391 3.2492 1.9549 2.6830 3.2007 2.1295 2.7284
2.0038 2.2399 2.4993 3.1479 3.0168 2.2959 3.1175 2.4312 1.1059 1.4680 2.5237 2.3445 2.1905 3.3021 2.6595 2.1851 3.0236 2.5979 3.1134 2.7285
2.6092 2.2242 2.0995 2.3549 2.6547 2.6712 2.9538 2.8596 1.5133 2.2059 2.5728 2.1820 1.9886 2.1172 2.7824 2.7518 2.9953 3.3058 2.3108 2.4427
2.4982 2.8397 2.5385 2.2039 3.2397 3.3713 3.4772 3.0168 5.8582 6.0616 1.2857 2.1320 2.2772 2.3924 2.4620 1.9498 3.1072 3.2274 2.6591 3.0003
2.6961 2.1257 3.2035 3.4827 3.2269 4.1594 2.8994 3.5778 4.9135 5.0971 1.6857 2.8280 3.4049 3.5156 2.9340 2.0664 3.5125 4.2164 3.3171 1.8762
3.2409 2.5890 2.9335 3.6947 3.5621 3.7379 3.9264 3.7887 4.0567 4.5110 3.1497 3.6281 2.7101 3.0351 3.6414 2.8780 3.7296 3.7290 2.8691 2.3454
3.6046 3.2969 3.4668 2.3813 2.0342 2.5025 2.7700 3.5580 3.7331 4.3392 4.3945 4.2940 3.0010 2.7990 3.3044 3.7340 3.9364 3.5531 3.4976 2.8407
2.8178 3.6650 3.6777 3.5054 3.1405 2.7450 3.2122 2.7971 3.5280 5.0046 4.5597 3.3726 3.2215 3.4079 2.7841 3.9416 2.7700 3.0334 2.5855 1.9215
3.9569 3.8023 4.4015 2.7394 3.8327 3.0187 2.8163 1.7985 3.8789 3.6830 2.3877 2.3102 2.2371 3.0966 3.6033 3.7188 2.6920 2.9025 3.3858 3.1410
4.4177 4.7042 5.0723 3.4390 3.1203 2.4436 1.9322 1.6266 2.9957 2.9435 1.8585 1.5294 1.5780 1.7854 3.3903 3.8145 3.5603 3.1944 3.1661 3.9303
3.9784 4.5320 4.0310 3.3265 2.2983 1.8898 2.2575 0.9221 2.0688 2.6325 2.0737 2.5306 2.1820 1.6343 3.1696 3.8634 3.7691 3.9034 3.0253 3.8145
