0.2588 1.5189 1.3182 0.5853 1.0337 1.0530 2.6273 2.9710 2.4899 3.6773 4.8307 5.3499 5.4504 4.3961 1.0204 1.8799 2.3798 2.4243 2.1489 1.1855
1.1655 0.5474 0.5432 1.5270 0.8689 1.7555 2.0915 2.1855 1.7265 0.5642 5.7659 5.5354 4.6319 5.2362 3.4623 2.8301 2.2251 2.4838 1.8881 1.5952
1.2186 0.7345 1.1315 0.9921 1.0053 2.3064 1.5577 1.6251 0.5246 5.6022 6.1054 5.5575 5.2163 4.7700 4.3145 2.9114 2.0325 1.5582 1.1788 0.2727
1.5240 0.9041 0.8527 0.6203 0.9592 1.8848 0.9017 0.9265 6.2181 5.1715 5.9269 5.3229 5.7207 4.7775 4.3477 2.9468 1.8780 1.1770 1.8284 0.9331
2.2420 1.2654 1.0896 0.4498 1.3319 2.2168 0.3484 0.5169 0.3303 5.4816 0.1623 4.4430 4.7160 4.4250 4.5278 2.9368 1.4199 0.9020 1.6564 1.2450
1.3124 1.2835 1.1666 2.2513 2.3321 1.8802 5.1723 5.5429 6.2259 6.0297 5.3042 6.1888 5.7578 5.2001 5.8948 0.6427 1.3157 1.2568 1.0220 0.4789
0.9721 0.7511 1.7934 2.7097 2.7094 4.0939 5.7017 5.1694 6.0524 5.7154 4.9790 5.6656 5.7565 0.2046 5.3984 0.6785 1.5939 0.6665 0.9123 0.4480
0.3063 0.9697 1.4521 2.2020 2.7035 3.9055 4.1688 0.4090 0.3501 5.5720 5.4841 1.3774 0.0791 1.1439 0.3065 6.0141 6.0405 0.7658 1.2073 1.8089
0.6919 0.3385 0.7847 2.2315 3.3569 4.3374 4.1624 5.0915 5.6794 5.3438 5.7500 0.9421 0.5012 1.6888 0.8051 1.9792 0.0399 0.4011 0.8855 0.8993
1.2911 1.1236 2.2868 3.9051 3.7493 4.5677 5.3076 5.1336 4.3993 4.4364 5.2186 0.0355 1.2707 0.9690 0.8811 1.3535 0.4049 0.0224 0.2877 1.0972
1.1077 1.4013 1.4919 3.3960 4.8409 4.9653 4.6615 4.7228 4.7247 5.9740 5.6760 5.7578 5.8497 0.2752 0.1848 0.3942 0.4083 0.0052 0.5052 1.3608
0.9221 1.4889 1.7187 2.3398 2.8728 4.9801 4.8011 3.9133 4.7577 4.4919 5.0759 5.7212 5.7370 0.2167 0.5202 0.4686 6.2212 0.1626 1.2887 1.3594
1.6345 1.9183 1.2386 1.5993 2.8338 5.3671 5.2386 5.3567 5.1015 5.3232 5.1326 6.1036 5.5479 0.8250 0.2488 0.5777 0.6834 0.3952 2.0841 1.2240
1.1561 1.4667 1.1034 2.0546 6.2330 5.8953 5.7599 4.8820 4.9903 6.1495 6.1863 0.1605 5.5111 5.2064 6.1699 5.8867 0.2419 0.4246 1.3911 1.0004
1.5992 1.7063 1.7522 1.5571 0.6124 0.2774 6.0311 4.9340 4.2869 4.0551 0.0274 5.0604 5.7658 0.4674 6.1983 0.0217 0.0712 0.3856 0.8015 0.6046
1.8638 2.1362 5.7876 0.4131 0.9034 1.0765 0.7264 6.0469 4.9871 4.2521 5.2206 4.8601 5.5731 6.0350 5.4179 5.9597 1.4776 5.6535 1.0565 1.1803
0.8865 0.8403 0.3008 6.2343 1.4695 2.3992 3.2565 3.8771 4.0443 4.2814 4.5966 4.0169 5.1236 5.1589 5.9437 0.5223 0.8168 1.2109 1.5771 1.3429
0.8559 0.5903 0.3287 1.2728 1.1409 1.9581 3.1072 2.8767 4.4517 3.8681 3.3446 4.2282 5.2517 4.8988 5.8642 0.1773 1.0111 0.8626 1.0219 1.4184
0.0855 0.9328 1.9657 1.8978 1.7713 2.3090 2.6417 3.2647 2.8933 3.8742 3.9067 5.0047 5.2338 4.3874 5.2973 0.1078 1.6720 0.9342 1.4049 2.0287
0.3733 1.4604 1.6478 1.9817 1.3116 2.4196 2.3845 2.2812 3.1415 3.0398 3.5207 5.6429 4.0806 4.7122 0.0754 0.5517 2.0669 1.8708 1.5356 1.3474
