3.1626 2.8176 2.5821 4.4801 3.1467 3.3968 3.6686 2.1282 2.1960 2.4113 1.7048 1.2831 0.6649 0.6366 5.5881 5.9334 5.8899 5.2186 5.1042 3.4607
3.5199 2.8690 2.8056 1.5542 2.3779 2.3884 1.6154 2.0998 2.4085 2.2127 2.1222 0.9673 0.4525 0.6830 0.3087 0.3071 0.3324 0.4401 3.1176 3.8325
2.9616 3.5446 3.5117 2.4174 1.9786 1.6855 1.8454 2.4021 3.2377 3.0171 1.6319 0.1826 0.4900 0.2715 0.2069 0.0420 5.9294 1.1195 1.5834 3.0585
1.8525 1.3218 1.1990 2.4649 2.3889 2.6212 1.7439 2.4536 3.2901 3.4402 0.9421 1.4759 1.2051 0.6632 6.1667 0.6950 0.1463 0.4907 0.9156 1.8804
0.7279 0.4820 0.6479 1.8538 2.4265 2.4300 2.1618 2.7211 2.8932 2.8158 1.9615 2.3251 1.0996 5.8484 6.0414 0.6841 1.6160 0.9071 0.5977 1.0852
6.2437 0.1298 1.0779 1.8789 2.0787 2.2103 1.8483 2.4591 2.6810 2.6486 2.4325 2.4823 2.1088 2.0479 0.3639 0.4422 0.7333 1.1803 0.3857 6.0689
0.1159 0.5870 1.7188 1.2831 1.6949 3.1296 1.9694 2.4776 2.2907 2.6157 3.2191 2.5477 0.6874 1.4559 0.3686 1.5966 1.4848 0.3855 0.4348 6.2827
0.6681 0.9363 0.8980 1.0366 2.1075 2.3892 2.7011 3.8386 3.7252 3.5975 3.8453 2.0506 1.8262 2.0222 1.3632 2.1245 1.9802 1.7138 1.2357 1.2133
0.9696 2.2803 1.8480 2.1554 2.1994 2.6182 2.4971 3.2987 2.5138 2.9598 3.4859 3.6102 2.7735 2.2304 2.4626 1.5432 2.2777 1.2259 0.5682 0.4341
3.3072 3.5723 2.4977 2.2473 2.6911 3.3964 2.8691 2.8480 1.9483 2.4171 3.4529 3.5051 2.5876 0.3414 0.7648 0.7954 2.0979 1.4575 6.0058 5.0114
3.9251 3.7318 3.7543 3.8901 3.5596 3.3299 2.9991 3.0480 2.9288 3.2718 3.4504 3.8126 3.4538 0.2311 0.7603 6.2190 0.9452 0.6087 5.6693 5.6977
4.7439 4.3609 4.3892 3.4114 3.7257 3.0042 4.0958 3.6139 3.9975 3.7286 4.0355 3.7120 4.6490 5.0121 6.1253 0.2375 5.5599 6.0744 4.7972 4.4500
4.3081 4.4745 4.4811 5.5735 5.1580 4.3609 5.0090 5.1541 5.2849 3.7432 3.6331 3.3362 5.0788 5.2760 5.9583 6.0525 4.9598 5.8898 5.8296 4.3810
4.5021 4.7221 4.9027 4.8298 4.9794 3.7108 3.6664 5.0788 4.3531 3.8424 4.1973 4.3765 4.7713 5.0493 4.9563 5.5633 5.3051 5.6441 0.4713 4.1018
4.6589 3.9758 3.2188 3.8887 5.3749 4.9763 4.0613 4.1958 4.0141 3.7227 3.8702 3.8113 5.1211 5.2427 5.3387 5.4978 5.9203 5.6981 5.1422 5.0073
4.2835 3.7680 2.7672 3.1788 4.1371 4.7217 4.5277 4.0937 3.6846 3.4206 3.4358 3.6790 4.4770 5.4144 0.1007 0.5831 6.0431 5.8369 5.3545 5.1566
4.1987 3.6383 3.2228 3.1698 3.4095 3.8364 4.1750 4.1292 4.1057 3.6426 4.3585 3.7947 3.4076 5.8427 5.6374 6.1262 5.9207 5.3169 4.1660 4.4867
3.3912 2.6248 2.9776 2.7130 2.9499 3.6457 3.3417 3.2554 2.9410 3.3429 3.4922 3.6598 4.4892 6.1997 5.8548 5.7299 5.7969 4.5512 3.5130 3.8090
3.7479 3.6690 3.4469 3.5526 3.2658 2.8089 2.7880 2.9537 2.8341 3.1561 2.4421 3.4062 4.8944 5.6865 5.4754 5.4022 3.6013 4.2148 3.9934 2.9730
2.9067 3.4117 3.0881 3.3610 2.5788 3.7853 3.5407 3.1657 3.0159 2.3454 2.5365 0.4392 6.1128 0.5736 4.8556 5.6986 4.1414 4.9167 4.0266 3.0664
