1.5443 2.0454 1.6311 2.2667 2.1709 2.2471 1.8456 1.6773 2.0610 3.0250 4.0222 3.9549 3.8192 4.1455 4.3217 4.2924 1.8386 1.6102 2.2192 1.5198
2.0814 1.9503 1.7641 2.0566 2.0511 3.3523 3.4671 3.3805 2.2747 3.2666 2.9270 3.5646 3.6508 3.7615 3.5325 2.0782 1.2304 1.6082 2.3170 1.9653
1.0960 1.2303 2.2730 0.9521 2.8045 2.7356 2.6357 3.9458 3.1827 3.5830 3.5269 3.7551 3.5637 2.5874 2.9612 1.5707 1.0211 0.7079 1.9834 1.8402
1.8348 1.4174 1.9455 1.6529 2.9009 2.6968 2.8428 3.6000 3.6236 4.2754 3.7631 3.5249 2.8509 1.9125 2.4357 2.3951 2.0844 1.7948 2.7047 2.1114
0.2213 0.3542 2.6893 3.0327 2.4851 2.6304 4.1012 5.0166 5.4697 4.8248 3.8543 5.2748 1.2132 1.2063 2.3950 2.4965 1.5671 2.4043 2.7898 3.5103
0.4108 0.6740 2.0006 2.2378 2.8375 3.9048 3.7169 4.4748 4.3495 5.1602 4.3700 5.5939 0.8133 1.9474 1.7577 2.5642 1.4758 1.8701 2.7700 2.2942
2.2887 1.5516 2.3857 2.7388 2.5557 3.2054 2.6450 3.4844 5.0224 3.7624 2.4423 1.8818 1.4858 3.4669 2.2447 2.4660 1.6458 2.3511 1.8815 1.8996
1.3186 2.7582 1.7060 2.9788 3.3802 3.5283 2.8919 3.5520 3.4689 2.3948 1.1841 1.6072 2.5860 2.5012 2.8472 2.6756 1.9255 2.9658 2.1416 1.5981
1.9021 2.6769 3.1439 2.1502 3.6714 3.2389 2.7894 3.4888 2.1802 2.3852 2.0289 1.9142 2.1301 2.4043 1.9296 1.9614 2.0903 2.7246 1.7859 2.4051
0.8183 3.0325 2.8754 1.9211 3.0567 3.6487 2.6351 3.6215 3.1701 2.9583 2.0599 2.4815 2.6231 2.4775 2.7514 2.3705 2.8053 2.4959 1.9000 2.1090
0.6271 1.5116 0.9384 0.7230 3.1832 3.4967 3.1730 2.9045 2.7727 3.5655 2.0901 1.7924 2.3578 2.3151 2.2793 2.9254 2.4140 1.5004 0.6457 1.2181
0.4754 0.8044 0.9990 1.5450 1.5069 4.2749 2.8395 3.2007 3.2152 3.4916 1.6030 1.9672 2.1428 1.7009 0.7889 5.9150 1.0634 0.6333 0.5586 0.3682
0.4988 1.4389 1.6827 2.2177 2.0751 2.9067 2.3614 3.3720 3.3299 3.0843 2.7286 2.3729 1.6479 1.2875 0.5561 0.3867 0.2231 5.6195 6.2747 5.7203
0.3161 1.5643 1.3878 0.8156 1.7851 2.6627 2.6288 1.8985 2.4058 3.1161 3.5003 1.6310 1.6233 0.9757 0.6996 0.8713 5.0506 4.0459 5.9127 0.0151
0.7514 0.9826 1.7016 0.9098 1.9741 1.6930 2.4510 2.1176 2.4365 3.2253 1.3287 1.3389 1.6318 1.5057 0.7452 0.8408 5.2870 3.8465 5.1608 5.2565
2.3537 1.1988 1.2203 2.7601 2.5308 1.8182 2.5291 3.5632 3.0994 3.0930 2.1825 1.1232 1.4910 1.1622 6.1714 5.7913 5.4404 5.1675 4.5786 3.7519
1.7351 1.3765 2.4180 2.5421 2.1811 2.0002 2.1232 1.6005 1.4852 1.8106 2.7827 2.8301 2.7305 1.3955 5.7532 5.6393 5.5367 5.4783 5.0501 2.6580
2.7505 2.1046 2.0599 2.1109 2.3198 1.6194 1.5065 1.8201 1.6857 2.3141 2.7610 2.1033 1.8279 2.9924 2.7399 3.0185 2.3165 2.1469 3.4320 3.2231
1.7707 1.9753 1.9516 2.4267 1.9269 1.1975 2.1090 2.3829 2.3566 2.4744 3.2403 3.0409 3.1820 3.3923 2.4500 2.8628 3.2493 2.7970 2.5497 2.7706
2.3263 2.9306 2.6413 2.7253 1.8321 1.3845 2.0047 2.6547 2.1548 2.8950 3.0573 3.6290 3.4488 4.1997 3.7839 2.4201 1.1215 2.0409 2.6299 2.9711
