2.3829 1.2514 1.5363 0.8754 0.4454 5.9770 5.3388 0.6103 0.2499 0.7230 2.1898 1.6502 2.1477 1.8202 1.3243 2.5525 1.9028 2.3438 2.7695 2.2203
2.0850 1.3588 0.6421 0.3647 1.2234 0.8784 0.4162 0.2512 0.2469 5.8654 1.2394 2.2254 2.8375 3.5307 4.8201 4.7262 3.8597 3.0130 3.5471 2.9851
2.7221 1.5660 0.7988 0.3181 1.3293 0.2491 0.7165 0.9313 0.7790 5.9991 6.0384 5.6117 4.5879 5.1485 5.8098 4.7712 4.7289 4.2527 3.6156 3.6050
2.2622 1.2934 0.8890 0.5365 1.1927 0.3424 0.0958 0.8893 0.3129 6.0583 6.1124 0.9610 5.5538 5.0046 5.9780 5.5822 4.0929 4.1748 4.3782 4.1918
0.5485 0.6669 0.0353 0.1956 0.5465 1.0517 6.0681 0.4988 0.0552 6.0470 6.1230 5.2456 5.4786 5.4790 6.0685 5.9863 4.5242 4.9562 5.2071 0.7283
6.0904 0.9238 0.8003 0.5291 0.3713 1.5727 1.5469 0.7671 0.5046 0.5443 1.3488 5.8743 5.5598 5.7957 6.1752 0.8515 5.9522 0.1610 5.8043 0.5370
6.0832 0.9509 0.7961 0.8103 1.2295 0.9015 1.6289 1.3007 1.2389 0.9287 1.4688 6.0083 5.4937 5.0078 5.9086 6.0540 0.0079 0.7675 0.5946 0.0229
0.3468 0.6347 0.5974 0.9567 0.8895 1.5625 1.1425 5.9144 0.8762 0.9618 6.1409 5.4568 5.9758 5.7076 5.7184 5.8746 0.6756 1.5077 0.9986 6.2266
0.9490 1.1834 1.2224 1.7236 0.4662 1.1769 0.5838 6.0451 0.4546 1.2426 5.8693 6.2676 5.9082 4.7362 5.3212 5.9669 0.6436 0.1065 0.3140 0.5420
0.7610 1.7405 1.5222 1.7963 0.5004 0.9043 6.1715 6.1974 0.8645 0.9835 5.6745 6.1018 5.6184 5.3571 6.0231 6.0300 6.1786 0.2301 6.2142 6.1594
0.2968 0.2728 0.6575 0.4440 0.2658 0.2264 0.2453 0.1093 6.2160 6.2330 6.1082 5.9672 5.4123 4.8043 5.7335 5.4325 5.3564 0.4930 0.8760 0.3393
0.2559 0.5367 0.5681 0.8434 0.7312 0.6962 0.9024 0.5693 6.0179 4.7331 5.7327 5.1405 5.2713 4.4432 4.3614 4.9892 5.9248 1.1435 1.7927 1.0792
6.2392 0.6461 0.8031 1.7227 0.8338 0.3609 6.0730 5.3034 4.8556 5.2443 5.5926 5.1513 5.0672 5.0581 5.0831 5.1330 0.9197 1.3071 2.2125 1.1461
0.9949 1.1092 2.8045 1.7042 2.0054 0.0027 5.7284 5.3139 4.4037 5.7920 4.6813 4.1869 4.3710 4.5339 4.8504 5.7190 0.9733 1.5482 1.5685 0.1734
2.0728 1.9946 2.4257 1.8721 0.4550 5.7422 4.8072 5.0956 4.5189 4.5945 4.9249 4.5521 4.4368 4.5836 4.5889 5.1976 5.6688 1.2705 1.5503 0.5669
2.2000 3.0115 2.3281 1.2716 0.5963 4.9292 5.8602 3.9044 3.2561 3.0305 3.2412 3.7942 4.2663 4.2163 4.0702 5.0362 5.4324 1.2541 0.8898 1.4734
2.3821 2.2545 2.0563 0.9987 6.0962 4.7698 5.3848 4.6372 3.1247 3.1645 3.4127 3.4847 3.0637 2.9201 4.0724 4.3293 1.2728 1.4962 1.8856 2.1100
2.0924 2.4335 2.9219 1.5716 0.0524 0.2555 0.6785 5.9758 1.7327 1.8973 2.5114 2.8161 3.0960 2.6594 3.1101 2.0370 1.5915 1.7614 2.7179 1.7099
1.2322 1.7838 1.7891 0.4583 0.1035 0.6205 0.0933 0.0696 1.3120 2.5926 2.1344 1.8898 1.8535 3.1306 2.2756 2.2921 2.2069 1.2929 2.5499 2.3555
2.2576 1.6993 2.2735 1.1938 1.2526 0.1186 6.1314 0.3333 1.3683 2.4548 2.1018 1.1403 1.5697 2.3284 1.8970 2.1313 2.0074 1.7166 1.9304 2.3841
