0.0098 5.7998 0.6436 0.9612 0.5467 1.2142 0.5159 0.2634 0.9882 1.2889 1.8787 2.1612 3.2141 1.3496 0.9347 1.2836 1.0730 0.4264 5.7987 5.8948
5.3487 5.1071 5.7459 6.1782 0.2867 0.4366 0.8327 0.9601 1.0780 1.1280 0.7562 1.3224 2.2382 2.5066 3.2278 2.1608 1.5360 1.5044 0.8086 6.0489
5.3178 6.0102 5.6950 0.1849 6.0353 0.5964 0.9434 0.5380 1.2198 1.7199 1.3897 2.8859 2.7772 2.8064 3.5671 3.7846 1.6178 2.1127 5.2134 5.1166
0.0053 5.9150 0.0330 0.4391 0.3888 0.4177 1.3575 1.3984 0.5897 1.6962 2.7005 2.5600 2.7333 2.9050 3.6367 3.3719 2.9181 4.1147 4.3230 5.7650
0.1763 0.8816 0.3671 6.1579 0.1433 5.9287 1.7888 1.7747 1.2112 2.1100 2.5113 2.7483 3.5570 2.8585 3.1250 3.5673 3.0473 4.0659 4.2138 0.0093
0.3372 6.1369 6.2004 0.6204 0.3251 1.4552 2.1435 2.7765 2.6542 2.7682 3.1042 2.7742 2.9469 3.6141 2.7009 3.1579 2.4555 2.3924 1.7568 1.2146
0.8996 0.2156 0.2440 5.8301 0.0383 5.2738 2.4837 2.6565 2.8504 2.7893 3.0166 3.2671 2.8551 2.7162 3.1962 2.7205 2.8379 2.5684 1.7414 1.2523
0.0142 0.1358 5.1722 5.7641 5.8749 5.3393 5.0522 4.4171 3.7654 3.5025 2.9875 2.6366 3.2105 2.6062 3.3168 3.4779 4.6965 5.3954 6.2547 5.8918
6.1581 5.6899 5.1079 4.4841 4.5366 4.5945 4.4967 3.8828 3.6601 2.8198 2.9406 3.8532 3.8291 3.7835 3.2571 4.5610 5.5627 0.1094 5.4222 5.6608
6.2446 5.5625 4.9295 4.6165 4.4666 3.9321 4.6209 3.7768 4.2501 4.7441 4.5140 3.4128 3.1198 2.4559 3.0473 5.0747 6.1577 5.2412 5.1479 5.9560
4.5655 4.8373 5.0685 5.8031 4.8809 4.3662 5.3458 5.2039 4.7257 3.9528 4.1286 3.9306 3.1451 2.3286 2.6108 0.2916 6.1754 5.6893 4.9558 5.4448
3.3206 4.5313 5.1054 4.0054 4.5018 4.4494 4.2515 4.6015 4.6513 4.2571 3.5407 4.2243 3.8400 2.6787 2.2082 0.9452 0.7081 6.1254 5.8771 4.0652
3.1590 5.1548 4.1958 4.5916 5.4010 4.7725 3.8658 3.7377 4.4575 4.4025 3.7048 4.2744 3.5566 2.5473 1.6439 1.2322 1.8684 1.0430 0.3195 6.1335
2.1685 3.9124 4.0805 3.6874 3.9627 5.5612 4.3712 4.1160 3.9727 3.8074 4.8420 4.8824 3.4526 2.4915 1.4681 1.5060 2.8016 2.2666 1.7748 1.1200
0.0441 2.1181 1.9569 3.1321 2.1606 2.3416 3.5866 3.5510 4.1825 3.5812 4.2540 4.9798 5.4536 1.6043 1.2984 1.5488 1.9465 1.2643 1.5962 1.8436
1.0270 1.3939 1.7681 2.2596 2.4309 2.6753 3.2402 3.9864 4.0799 4.2168 3.8831 5.1525 4.2030 1.7935 1.1961 1.0503 2.4810 2.1384 1.5720 1.4643
0.6051 1.0338 1.3803 2.0960 2.0845 2.2015 3.5195 3.8844 4.6551 4.6141 4.0950 3.8083 2.8864 1.3325 0.8137 0.0436 1.2366 1.4887 1.2792 0.1767
5.3049 5.8926 5.1739 1.1933 2.4833 2.2745 3.1268 3.6298 4.0928 4.5088 0.0095 0.8753 1.7712 0.7050 1.3276 1.4703 1.1891 0.4227 6.2784 6.1804
4.8667 5.5875 6.0141 1.2575 1.3954 1.2303 6.1352 4.9694 4.2492 5.5055 0.7670 1.1441 1.1995 0.8405 1.2053 0.7911 0.9844 6.1880 0.5972 5.9266
5.4118 5.5755 0.2243 0.1515 1.0719 1.3355 6.1723 0.7909 1.2184 0.9177 0.9613 2.0544 1.4578 1.6826 1.4507 1.5835 1.6925 0.0405 5.6144 5.0066
