4.5893 4.9201 5.4776 5.3086 5.8064 5.4225 5.0563 3.5650 4.7750 4.2074 4.6820 4.6928 5.2710 4.1225 3.1935 2.4846 3.2438 3.9333 4.1428 4.3618
4.2156 5.2839 5.3677 4.6317 4.7827 5.1861 4.3705 4.5302 4.8393 4.3592 4.1345 5.1347 5.2762 4.5452 3.5014 3.3824 3.1065 3.5127 4.2812 4.4089
0.1437 6.0445 6.0065 5.6563 5.5019 5.8591 5.0607 5.1668 4.4413 5.0827 4.9697 3.6228 4.5452 5.1994 4.6712 3.0982 3.2362 2.5869 1.8234 1.0853
0.6797 0.4597 0.3661 0.6846 1.2512 0.1331 5.7844 4.9638 4.7619 4.4212 4.4501 4.1396 4.0589 4.6708 3.0284 3.2905 2.4717 2.3060 2.2017 0.9272
1.3090 0.8523 0.0361 0.5887 1.3137 0.9317 0.1834 1.5916 1.6048 2.1251 4.4188 4.6171 3.8998 4.6710 3.7224 3.4497 2.6531 2.0366 1.7119 0.9827
0.7047 1.4826 1.0858 1.5663 1.4513 1.4272 1.6483 2.6987 2.6452 2.7532 3.6049 3.8549 4.0449 4.2166 4.0736 3.6132 3.1212 2.2487 2.3682 1.2074
0.4755 1.5531 1.4446 2.0560 2.3860 2.2076 2.5764 2.3622 2.9513 2.6244 3.2620 3.6448 3.2093 4.3105 2.9774 2.3295 2.7615 1.7585 1.5003 0.4050
1.2292 2.0927 1.9622 2.9426 2.7639 2.5461 1.4275 2.2053 3.4875 2.6676 3.3196 3.5625 3.3887 2.8161 2.6830 2.8943 2.6765 1.7824 1.4325 0.9228
2.5039 3.1460 1.9062 2.2297 2.0537 2.2600 1.2502 2.3272 1.9298 2.9510 3.0731 2.6600 2.6543 2.0671 2.2479 3.5755 3.0028 1.2483 0.7828 1.5684
2.2076 1.9083 1.2887 2.4376 1.9178 1.8708 1.3676 1.9246 0.9758 1.5470 2.0520 2.7828 1.9123 1.5768 3.1833 3.0963 2.0231 1.0240 0.8831 1.4364
1.4818 2.1596 1.2854 1.4178 1.3475 1.4522 1.5388 1.4742 1.6112 1.7131 1.3310 1.7776 1.9836 1.6034 2.4313 2.2895 2.3611 1.9264 5.2606 0.2315
1.0587 0.6519 1.6571 1.7741 0.9669 0.9173 0.9326 1.5903 1.3886 1.4534 0.6345 1.4701 1.4126 0.9297 2.0502 1.6928 1.1902 1.2869 6.1158 0.0943
0.3899 0.6279 0.9573 0.8350 1.0126 1.7091 1.3119 2.0799 1.7305 1.7976 1.6911 1.5456 1.7198 0.9319 0.9562 1.1809 0.6703 1.3437 1.3396 1.0410
0.9850 1.1708 0.9913 1.8038 0.6032 1.2586 1.4752 1.5818 1.4011 1.7025 0.6975 5.8990 0.3243 0.3281 0.5699 1.5673 0.4374 0.5312 0.9521 1.3360
0.2201 0.5127 0.9332 0.7415 0.5192 6.1903 0.1598 0.3680 1.3462 0.2902 5.7743 5.3607 5.8064 6.2334 0.3321 5.2556 6.1819 0.6690 1.5265 6.2351
5.9958 0.5477 0.4953 0.5957 4.7320 5.5732 5.7366 5.7825 5.8845 0.3575 5.8299 5.0255 5.1045 5.9753 0.1768 0.0525 0.1203 5.3547 5.9626 5.9106
0.1466 0.1817 6.0647 0.5575 0.1354 5.3932 5.3139 4.6580 5.8150 4.9269 5.0627 4.6018 5.3369 5.9740 5.9940 6.2139 5.9197 5.4093 6.2312 6.2590
5.6619 5.2802 0.2107 6.1107 5.5834 5.3389 4.9234 4.7674 5.1790 3.9991 4.0242 4.3685 4.8098 5.8858 1.0223 0.5893 1.1535 3.9918 5.6184 0.1133
5.9191 5.9613 4.2339 4.6211 5.6684 5.1448 4.9435 4.5714 4.2015 4.3867 4.2129 3.3600 3.6219 1.8254 2.4274 1.0088 1.4192 4.0457 4.3979 5.2325
4.5816 4.5368 5.0380 4.6400 5.4459 5.4794 4.6097 4.8027 4.9595 4.3655 3.7292 4.6643 3.5302 3.9347 3.2900 2.9639 3.4384 4.5743 4.1595 4.3074
