0.4674 0.9088 1.3392 1.4949 1.3571 1.5547 2.4189 2.0789 3.2292 4.5110 5.2158 0.3206 0.4963 1.4102 0.8804 1.0949 0.3886 6.1244 6.1298 5.7109
0.9384 0.4866 0.7714 0.6557 0.7897 2.2606 1.8920 3.0583 3.6393 4.5749 5.3484 0.4136 0.9884 1.5318 1.4593 1.3117 1.2384 0.3745 5.8097 0.2401
6.1465 1.0029 1.1945 1.1704 1.5038 1.4487 1.6622 3.4934 3.3109 4.2364 5.0698 5.0912 0.2751 0.6743 0.2677 0.4737 6.0955 0.1001 5.9973 0.0034
1.0448 0.3863 0.1437 1.0421 1.4414 1.5992 3.3536 3.6852 3.9682 4.5279 5.8328 5.6162 5.9949 6.0461 6.0664 5.5120 0.1846 0.0090 0.0279 0.8654
1.0220 1.3534 1.2463 0.0517 2.0046 1.8792 3.0411 3.8271 3.9678 5.4094 5.5238 3.5320 4.8764 0.4212 6.1142 0.3241 0.5329 0.3273 0.4947 0.9881
1.8211 1.4303 1.8115 1.1591 2.2156 3.5814 3.2782 2.5233 3.8151 5.2701 5.4858 3.3265 1.2397 0.5199 0.2172 6.0579 0.4975 0.2987 0.1327 1.0617
1.1018 2.9363 2.5258 1.2386 0.8990 2.3331 4.3936 3.9638 4.0791 2.9272 2.9667 2.3587 1.4145 1.4689 0.3609 1.1633 0.4314 0.2940 0.3758 1.1018
1.6652 2.4694 3.7090 2.4240 1.3810 1.7612 3.5694 3.7134 3.0110 3.1131 2.8452 3.6707 2.9715 1.2228 6.2669 0.2081 0.1828 0.1944 6.0877 0.7466
0.9216 2.3012 3.7140 2.4304 1.9041 1.5596 1.8670 3.3289 3.0009 2.8807 3.3097 3.6127 3.0258 1.5923 0.9913 1.0433 3.9987 0.1728 0.0529 6.2539
4.6910 4.3761 3.0742 0.6568 1.5785 1.1221 0.8547 3.0627 2.7589 2.1962 2.9634 3.8230 2.2828 1.0604 1.3765 0.2135 5.7595 6.0969 0.7103 0.1730
3.7772 4.2289 3.1143 1.4896 0.3484 1.3781 1.7827 2.5717 2.2441 2.8252 2.5249 2.5981 2.5865 1.6350 1.4098 0.6288 4.8038 5.9097 5.1822 4.6444
4.7990 4.7137 5.1533 5.8182 6.0396 0.7089 2.3326 3.1553 2.8630 3.1190 2.6564 2.0323 2.5078 2.2406 1.3304 0.9147 5.8252 5.4490 5.1458 3.8844
4.2692 5.3678 5.0874 5.2256 5.4175 2.7467 3.8551 2.9794 3.3208 2.8321 2.3926 1.5651 1.0081 0.8442 1.4523 0.6740 4.8870 4.8884 5.0771 4.0987
4.4473 5.3184 4.7153 4.9774 4.8212 3.9397 3.1648 3.1652 2.6748 3.6164 2.0387 1.2006 0.7383 0.9497 1.8573 0.7603 4.7672 5.2118 4.3254 4.2913
3.6829 4.3315 4.1395 4.6478 5.9312 1.0921 3.1455 2.6639 2.8966 2.1390 3.4594 0.7982 1.0582 1.0005 2.1393 3.5118 4.7021 4.8808 3.5526 3.8003
4.2014 3.6970 4.6377 3.9822 3.5361 1.5828 3.3434 3.0211 3.5274 3.1566 3.3459 0.7505 0.9638 0.5987 0.8068 5.1099 5.1739 5.1669 4.6231 4.7331
3.3777 4.0281 4.2853 2.6874 4.4741 2.8899 3.6800 3.7061 4.0854 3.8418 4.9757 0.2619 0.3058 1.5229 0.9450 0.5408 0.1438 0.0227 5.7608 3.7140
5.3029 3.7409 4.1869 1.6651 1.8561 2.0828 2.3608 2.9375 4.0906 4.8624 5.9470 0.8683 1.1330 0.8563 0.8445 1.0169 0.7764 5.6425 5.8849 5.7232
5.1446 3.6143 3.4272 2.2655 2.1610 1.6419 2.9137 2.4145 3.9731 4.4850 1.1407 0.6936 0.9031 1.0055 1.3549 1.4213 1.4945 6.0121 5.7028 0.1439
0.0652 0.2764 2.4826 2.0989 1.8828 1.7877 2.2109 2.4467 4.3507 4.4821 5.8539 6.1369 0.7471 1.0276 0.9406 0.5530 0.3393 0.1864 0.7480 6.0355
