2.9878 4.0858 4.1358 3.2673 1.0111 0.1038 1.1611 4.0758 3.7758 4.8369 4.9268 5.0289 5.7461 4.6636 4.8870 4.8823 4.3133 4.7075 4.6741 3.8719
4.6810 4.9068 6.1781 5.3290 0.5575 0.0276 0.1929 4.9958 4.1364 4.6024 4.9355 4.3815 4.1242 5.3440 5.0743 5.3174 4.0337 4.8828 4.6232 3.8512
4.9060 4.6894 4.8300 5.6235 5.8733 0.6416 5.3335 5.7391 5.2384 4.8108 4.4820 5.1460 4.6865 4.5390 4.4768 3.7667 4.4248 5.8162 5.0613 4.2958
5.3564 4.7490 4.0716 5.2948 5.3956 0.5920 0.6360 4.8506 4.9335 5.8606 5.0848 4.6918 4.8499 5.1784 4.8973 4.7046 4.3468 4.5926 6.0533 5.5069
0.6513 5.2996 5.2395 5.7215 5.8909 1.3889 0.2385 0.0768 5.7592 5.8718 4.2304 5.0551 4.7130 4.7733 4.5585 4.7741 5.4401 5.7692 4.7745 5.8956
1.1099 6.2140 1.0354 0.0482 0.0207 6.1343 5.6148 5.5821 6.0070 6.1173 2.2229 3.4219 3.5263 3.5208 3.3623 3.3290 5.8345 5.8011 0.3754 0.2830
0.4055 1.4751 1.0195 0.3736 5.9456 5.8463 4.7761 5.8209 6.0228 1.0826 2.8959 2.7252 2.4442 2.8450 2.3177 2.6321 2.3512 6.0964 0.2118 0.6701
1.9754 2.1971 1.4265 5.9745 6.2735 5.3696 5.6394 4.6408 2.9976 3.7455 4.1920 3.0325 2.3814 2.5763 2.1978 1.8608 2.4262 2.2502 1.9047 2.5574
4.6059 3.0470 1.6887 6.2318 0.2666 5.0872 4.7739 4.6037 3.4150 2.6766 2.4752 2.5601 2.9468 3.0700 2.9674 2.3152 2.0590 2.9729 2.4034 2.5143
2.4909 2.4384 0.2535 0.1170 4.8879 4.7244 4.7224 4.5465 2.7713 2.0817 2.1381 2.0191 1.8832 2.1894 1.6351 2.2347 2.8773 2.3178 3.2673 2.8734
3.5349 3.4381 5.0788 5.4387 4.9646 3.9943 3.4035 4.4484 3.2070 0.9151 1.8881 1.7396 1.5958 1.5146 1.5571 0.9046 3.0803 3.1477 2.9506 3.3042
3.3226 3.9321 5.3389 5.2123 5.1069 4.8518 2.3771 2.6886 3.0244 0.3781 0.0275 0.7835 0.7750 1.8789 0.7523 6.2811 3.6572 3.8790 3.0114 3.4003
3.6960 4.7412 5.0799 4.5428 4.3717 2.4959 2.0109 2.6983 3.2762 2.5278 1.1984 1.1846 0.9819 0.8700 6.2399 0.2931 4.2984 5.0021 4.3219 3.7463
4.3136 4.8611 4.2964 4.4502 3.8776 3.4546 2.0076 1.7554 0.5548 0.7223 0.7802 0.8828 0.2789 0.0805 0.6173 0.4659 4.1484 5.0483 3.4784 4.2763
3.0835 3.2863 4.1490 3.8844 2.9629 2.4315 2.7149 3.0113 1.6352 1.9369 1.8888 1.3703 0.4321 6.1023 6.0805 5.7337 5.2552 4.9542 4.3163 4.6330
2.9734 3.0277 2.4921 3.0397 2.7263 2.1803 2.5053 1.9641 1.7606 1.2234 1.6476 0.8938 6.2768 5.9087 5.1566 5.1359 5.0918 4.7379 4.0695 4.4618
3.2063 3.1231 2.6716 2.8944 2.8303 3.3036 3.1195 2.7037 1.9070 2.0548 2.7816 1.6111 0.3471 5.8007 5.1003 6.2371 4.8258 4.4852 3.8143 3.5336
2.3022 4.1038 2.6304 2.7472 2.4943 2.6756 2.6408 3.4332 2.3361 2.7366 2.6280 3.4822 5.7541 5.2727 5.2262 6.0351 4.7303 4.6993 3.8587 3.3447
2.6956 3.1195 2.1597 2.9298 2.8756 2.4214 1.5223 2.1709 3.5696 4.0679 3.7902 5.0534 4.1232 5.6389 5.2291 5.6880 4.9070 4.9098 4.5937 3.7054
2.9986 3.2756 4.0275 3.3492 0.0672 1.1201 1.5225 2.4509 3.9177 3.6386 3.6008 4.1445 4.4415 4.6941 3.9284 3.9709 4.3384 5.0199 4.2182 3.4008
