3.6731 1.8338 2.8859 3.4709 3.4626 3.7872 3.8170 0.6571 0.5175 5.4161 5.4245 5.1217 2.9627 0.4170 5.4314 1.2217 6.2780 1.4415 1.9502 4.1527
6.0339 5.7916 2.4935 5.3180 5.4642 4.4102 2.7777 1.8120 6.0974 4.4265 5.9142 4.9873 5.4350 0.5805 1.8570 2.1836 6.0564 1.5852 3.1670 4.6772
5.8947 0.7262 2.4600 2.3458 2.7097 2.9294 2.5947 2.4559 4.4179 4.4375 5.1328 5.1187 5.1881 0.9480 1.5908 3.1407 1.4683 2.9224 4.4311 4.4951
3.5905 6.2344 0.6563 0.4798 1.9693 2.8916 3.0763 1.2036 4.6677 4.6819 0.1596 5.1651 5.2029 4.0661 1.8806 3.1092 2.3333 2.7360 3.4199 3.7273
3.5130 5.1303 5.0537 1.5458 1.9328 2.3226 3.2072 2.1813 3.6654 4.1086 3.5963 3.1632 4.2540 4.5513 3.3691 3.2075 4.1295 3.2416 2.8802 3.1347
3.9680 1.8226 0.2078 0.6911 4.7807 2.7203 5.3493 4.9269 4.3171 3.1823 4.8562 4.1170 4.1073 4.0083 4.8560 4.2800 4.1354 3.9833 3.8096 2.5986
2.5017 2.2095 3.1124 3.0614 3.0209 3.3657 6.0258 5.0711 5.5564 5.5870 0.6007 5.9644 4.4089 4.5143 5.3547 3.9735 3.9958 3.0377 3.9021 2.5392
1.8943 1.5238 2.3484 1.3508 3.4684 3.8046 4.8818 4.2590 5.3180 0.6239 6.0313 5.9343 0.7174 0.5357 6.1842 0.5013 4.2673 4.1826 3.9276 3.3697
1.9704 2.9062 3.2381 3.7228 4.6713 3.7109 4.6259 4.3795 6.1603 5.8629 0.1223 0.1562 1.2822 4.6194 5.8931 6.0331 5.6321 5.3941 4.0233 2.6205
3.4049 3.2935 2.7653 4.5114 5.6220 5.8184 5.0714 4.9511 0.3171 5.6585 6.0985 1.5322 1.1340 5.0733 5.4062 0.2460 4.6677 5.2091 0.3772 3.6935
0.6885 3.4216 4.8771 4.3991 5.1090 5.9026 6.0671 6.1747 0.4595 0.7258 1.2211 1.8597 0.6115 5.0503 4.7574 4.4250 0.2836 4.6154 6.0286 2.5119
5.2262 5.5904 0.6002 5.1389 5.5861 0.2855 5.2143 5.5688 6.1874 5.8809 0.2798 2.4815 0.2870 6.1392 4.5033 5.2055 6.0101 4.8205 5.3063 5.1124
4.9451 4.6003 0.0130 5.3337 6.0675 5.9739 5.2620 4.5864 1.6877 1.1359 1.1467 4.8810 5.3285 6.2758 5.5720 4.5587 4.0672 3.1657 3.2992 4.0767
4.2403 4.3539 0.1815 1.2426 0.4764 6.1558 1.9835 0.6775 2.8374 1.4227 0.6008 1.1652 4.3265 0.4802 5.5510 5.4045 2.8524 3.7632 4.0679 5.6129
4.9630 3.9298 6.2449 0.7911 6.2393 3.9032 5.1702 1.8754 2.5253 1.4443 0.7811 1.2140 5.2756 4.3992 4.9287 5.5861 4.7771 4.1445 3.3589 5.8779
5.4116 5.1958 5.3866 0.1217 5.4274 5.5477 4.8753 4.3316 3.9580 6.1375 6.1246 0.5243 5.1227 0.5346 5.2235 5.7400 5.5629 5.2299 3.6165 5.9621
0.2726 0.3984 5.5799 1.0923 0.2417 5.0478 3.5475 4.0351 4.5981 0.2880 0.1916 0.7141 5.8991 1.5468 4.5856 4.3211 2.7366 1.6282 1.2526 1.5610
0.6097 6.0888 0.8634 0.8985 6.0261 5.4294 4.4723 4.6787 4.3136 5.8421 5.8064 4.4977 4.8390 5.2789 3.8541 4.2234 2.2123 1.2629 1.4320 2.5477
5.6169 4.2887 3.0530 6.0967 5.6965 5.1077 0.4870 1.0983 0.1958 6.0279 4.5123 2.9457 3.0078 4.3950 3.9978 4.1203 2.9788 1.4284 1.5038 3.0460
3.6313 3.0287 6.1763 4.3449 4.6092 2.4824 4.3423 0.4777 1.0675 0.1359 5.1323 4.8711 3.7824 3.9328 4.1497 3.8264 3.7702 1.9130 2.7772 4.2491
