3.9571 2.2513 4.3430 5.0757 3.7829 3.3896 2.4829 3.2972 6.1037 6.2410 1.2688 1.9011 5.8335 0.1795 1.0159 6.0955 4.9185 5.5446 4.6890 4.6220
4.4295 5.2395 4.1781 2.9580 3.7866 4.0380 1.6171 1.4305 4.9623 0.3475 0.8216 1.2657 1.0810 1.1837 4.9479 6.0464 3.9348 5.8412 3.4330 3.4666
3.7853 3.4195 4.3004 3.3479 2.7417 2.7488 0.6348 4.6981 4.4808 5.8556 0.2720 0.5361 1.0229 0.7518 5.0863 1.6746 3.6054 3.0319 3.9148 4.5069
4.3260 4.7415 0.8547 3.0632 3.6855 3.3196 3.2030 5.0053 3.7118 3.7291 3.7439 0.1739 6.1253 0.7182 5.5975 3.7966 4.0233 3.0644 2.7620 3.7540
3.0629 3.0987 1.4298 2.3447 2.7731 0.1275 1.9367 4.5561 4.8974 3.7339 4.3429 5.9571 5.5277 1.0674 3.0028 2.6325 1.3777 0.2400 2.3157 2.8440
2.5646 2.9298 0.7284 2.8918 2.2290 5.5170 3.3868 4.6832 3.8296 3.9029 2.0272 0.1533 2.4154 3.5489 5.1871 2.9098 3.1852 4.6014 1.9495 1.7970
0.5994 6.2323 1.2088 2.7901 3.4950 3.7591 2.8476 1.3122 3.4347 2.2782 2.7110 2.3620 0.9714 4.6475 4.5393 4.6096 4.1140 5.6203 4.7188 3.8805
0.3011 1.5236 1.2216 1.6266 3.4817 3.4236 2.7326 1.7156 1.5800 2.3538 1.9719 2.1240 1.6553 5.1268 1.9742 2.4662 5.4644 4.7759 4.7971 2.6703
2.2807 0.9667 1.7092 0.0578 4.0514 4.3099 4.3089 2.1960 2.5302 2.2337 3.9812 4.0245 3.0970 0.0234 6.1736 4.4782 3.9768 1.3170 5.3024 4.8779
5.6578 0.9853 5.4863 5.5320 3.9936 3.9555 3.5710 3.5738 2.8562 2.4055 3.9186 5.4816 0.7675 6.1974 5.5973 4.6696 2.0440 0.8363 4.9643 3.5335
0.2550 0.0076 5.6639 4.8966 4.7281 4.0976 3.5857 3.3740 3.5734 1.2072 4.2623 4.3725 6.1384 5.9462 5.2559 5.7415 2.2568 1.4501 3.4792 6.1988
0.0896 0.2933 0.6790 0.9514 1.8126 2.3770 3.0756 3.3973 6.2096 2.7134 5.4391 4.9666 5.9143 0.1274 4.9163 4.9702 1.3824 6.2468 4.7714 6.0178
0.8649 5.9987 0.3176 1.5078 0.2442 1.5196 0.8925 1.7825 1.1824 4.4594 5.1364 3.4575 0.4935 0.1848 5.0779 0.4988 1.4847 5.9533 5.9705 6.2546
1.2512 0.2694 0.7075 0.1283 0.2004 1.1652 1.4898 5.9883 0.3683 2.0320 4.6134 6.1297 0.8188 4.3270 5.2433 1.2386 0.6298 0.9996 1.8287 2.0532
0.8185 0.7755 0.5374 4.9019 5.5608 3.4672 5.6962 4.5224 0.5286 1.2731 5.8432 4.7819 0.7737 5.4206 3.6777 1.5539 2.0187 1.2744 1.9454 1.5065
0.5878 6.0278 1.1040 6.2790 2.4167 4.3186 4.4727 5.4780 0.1554 0.5381 0.3103 2.0689 2.1989 0.4079 5.1636 2.5064 2.7214 2.3863 2.4381 0.5442
5.8877 5.7401 2.1485 3.1009 3.4934 4.0963 4.1646 4.8193 1.2783 0.5520 0.1842 1.5840 1.9185 4.0920 4.2298 2.0130 2.1153 1.6550 2.5782 0.1989
0.9799 6.0492 0.5766 6.1070 4.0176 4.8642 5.0604 4.0968 4.3393 1.9288 1.4176 0.6576 0.4786 1.5478 2.3071 1.9958 2.4658 5.0392 6.1038 0.4542
0.9178 0.7369 0.4482 5.9322 6.0194 5.1269 5.0568 4.9180 4.6557 1.6809 0.9638 1.3978 0.9867 1.2944 0.4200 1.3299 0.5248 5.3931 4.2955 0.0202
1.0540 0.8283 4.6785 5.3393 5.6770 5.0833 5.8510 0.8526 2.1188 2.0106 1.9524 0.6467 1.3016 0.7526 5.6548 6.1633 0.0798 4.7632 5.5393 0.5727
