6.1648 0.3338 0.5808 4.7584 4.9727 5.8355 1.9487 4.2651 5.4012 3.6072 2.6303 3.1519 4.0654 4.6984 5.4951 6.2452 5.8144 5.0707 4.7872 4.2262
5.9642 2.1688 0.6122 0.0259 5.7608 5.2469 1.0769 1.7666 1.6232 2.8840 3.5885 3.8686 5.3508 5.5413 5.5288 6.2246 0.1139 5.8030 4.6949 4.7931
5.7131 6.0038 5.9821 6.1216 4.8183 5.1389 1.2142 0.9933 0.2440 1.2645 3.4631 2.2604 4.0198 3.3239 3.4581 0.4128 0.6176 0.3914 5.7354 4.5716
5.9286 0.7613 0.3513 0.5129 0.2386 0.3954 1.3190 6.1496 0.0418 0.6997 1.9420 2.1514 0.4125 2.5540 3.8656 3.6632 4.1054 4.2446 4.7886 5.2399
1.3296 1.3266 0.6317 5.9304 6.1551 5.2858 0.2099 5.5263 5.8466 0.7844 3.2573 3.5760 1.8510 3.3187 2.8863 4.0822 3.0166 4.1139 6.2243 5.8208
4.7588 5.9914 0.9304 0.0856 5.9271 0.4436 5.1723 4.8741 4.6178 5.0786 3.2705 2.4311 2.0211 2.5042 2.8832 4.7844 4.3306 3.9011 3.9576 4.5532
3.3359 5.4066 4.8173 4.8154 5.1111 0.3016 6.2251 0.3132 6.0846 6.1555 1.0877 4.0429 4.0406 4.1947 4.8207 4.4982 4.6307 3.9799 4.6084 3.1942
4.6367 5.0115 4.1628 4.7097 5.9524 6.0699 0.1701 0.0411 5.5686 5.4948 5.4891 5.4703 0.0318 5.7409 4.8626 5.4892 4.9515 4.9413 4.1554 3.2417
5.1208 5.0509 4.7507 5.8586 0.4145 6.1777 5.6136 5.5047 3.5744 5.4315 5.8099 1.6329 3.6522 5.0814 4.5206 3.4251 5.9906 1.2030 2.7815 4.6530
5.8433 4.8803 4.5209 0.4750 5.5512 0.5669 2.6258 3.1565 2.8289 5.9148 0.2987 1.9384 3.0375 4.8606 4.6946 0.5743 0.6073 0.2206 5.6792 5.5226
0.3512 2.2514 1.1198 1.7277 3.6908 2.8026 2.4320 2.5890 2.5738 0.0440 5.7133 1.6953 0.5452 5.8625 0.4651 6.1262 0.2552 0.1198 4.2989 0.2271
1.1673 0.0306 1.2298 1.6243 2.8104 3.9040 4.6731 2.9140 4.5837 5.3471 4.7070 3.6979 2.0683 3.3967 4.1013 5.5393 0.7537 4.2510 3.1818 3.8909
1.9417 2.4577 0.8053 0.8060 1.9813 3.2653 4.4244 2.5924 5.0952 5.3841 6.0181 2.7282 4.6524 4.7362 3.6378 3.2805 5.0125 5.3727 0.6658 0.3373
1.5510 1.2641 0.3707 0.1665 1.7402 3.0714 0.3374 0.8188 5.2540 5.3910 4.0725 3.7686 4.2815 4.7324 4.1373 2.8032 6.2210 5.8681 0.7644 1.4695
0.2988 5.9680 0.3327 0.9224 1.8371 2.2826 1.2222 0.5261 5.6207 4.4617 4.1921 4.6215 3.6269 4.0698 5.6206 0.4292 1.0480 4.5957 0.6186 1.0952
0.6224 2.2096 6.0254 6.0159 1.4963 3.8794 2.0725 0.2315 5.9047 2.7063 1.0057 0.1882 5.3281 4.0620 5.4637 1.9835 1.6504 0.7637 1.0543 1.8240
3.1724 2.8896 3.1358 1.4213 1.4545 0.6509 1.4781 0.5579 0.9876 2.1534 0.8789 6.2805 6.0657 5.5595 5.6559 0.3158 0.0068 1.3332 1.6051 2.6304
2.7384 1.8028 4.7323 5.5651 1.9808 0.7717 2.1922 1.4856 2.1035 2.5127 2.8849 1.6311 0.7508 5.9225 0.2307 5.9372 5.1912 2.0411 2.6981 2.2376
1.1125 2.7480 1.3278 1.5063 2.0412 1.5331 1.5612 1.1224 0.9779 0.9027 1.9374 2.3970 1.2061 1.0939 0.7969 0.0150 6.2645 4.6251 3.0330 2.1464
4.8673 3.6086 1.7544 1.0958 1.3829 6.0499 1.7946 0.2648 0.8148 0.4621 2.1556 2.8959 1.5749 6.1745 0.1678 0.1445 5.5601 5.8629 4.0712 3.9107
