0.6727 3.2471 2.4540 2.6935 4.0013 4.0832 4.0777 3.6565 3.4572 5.4263 5.3364 1.2097 0.3996 1.1779 2.3977 3.7913 5.8297 1.8214 3.1920 2.9379
5.3063 4.7326 4.0495 1.9443 1.8668 1.7563 1.9208 1.9812 2.9282 5.0825 5.8525 6.1934 6.2647 1.8798 2.7972 5.6332 1.3211 1.6717 2.8021 4.4190
3.2904 2.2251 1.7687 2.0386 3.4211 0.9363 3.9396 3.1881 3.6613 5.2579 5.8490 6.2644 6.1170 1.5553 0.8038 5.0425 0.2414 4.1710 3.3632 2.9836
1.8146 2.4141 3.2540 2.5945 3.6870 3.4273 3.8774 2.5883 1.5902 0.5836 4.8029 4.8883 6.1468 1.4780 0.8696 0.8529 5.2369 4.6643 2.8267 2.3935
4.2815 3.9163 3.6427 3.4259 3.5967 2.9193 2.9299 1.0852 0.4277 0.8002 4.3810 4.6326 0.3533 0.2662 1.2396 1.2684 5.2272 6.1795 0.7303 2.8250
4.0870 4.6814 4.1589 3.8613 5.5560 1.4322 2.3813 4.1091 4.7519 3.3780 4.5652 3.3355 0.5793 0.7858 0.3064 5.6290 5.5922 3.6791 3.3748 1.7991
2.8851 2.9809 4.8594 5.7751 5.6472 4.1687 4.4062 5.2405 6.1579 1.5565 0.1429 1.6257 0.7625 0.4361 5.9690 0.8409 0.1115 2.3243 3.0486 3.1546
3.5043 3.4794 0.5795 5.1201 5.2877 4.4276 3.2172 4.7807 3.6410 4.8846 4.5151 4.6725 3.6591 2.1046 2.8469 1.7299 0.8454 3.6732 2.6419 3.6254
0.8319 5.5129 4.3237 4.9348 4.7639 3.7992 3.9639 3.7247 3.4375 4.0624 4.7851 3.8675 2.7530 2.4065 2.4291 3.4965 2.8646 4.5866 5.6935 3.6336
1.4885 2.1792 5.3226 5.2417 4.1607 4.3541 4.0985 4.0999 2.4889 2.2189 0.4765 2.2962 2.2194 2.6959 2.3440 4.3338 2.2206 5.2358 4.1919 2.6338
0.9959 4.6304 4.6934 4.5330 4.7518 5.0223 5.5258 5.5676 1.7178 0.6705 0.9564 1.7336 2.1524 3.5193 3.2579 4.2635 3.8791 4.0699 3.3694 2.3316
4.6123 3.9434 4.7684 5.0336 5.5293 5.2310 4.0029 4.3619 0.0936 1.0460 2.9468 2.3967 2.0943 3.2036 4.5806 4.5003 3.6103 5.0104 4.3044 5.9019
5.0963 3.1021 4.1338 3.0948 3.3992 4.2468 4.9048 5.5178 6.2830 0.1275 1.3994 0.9313 2.9222 3.2835 2.6420 2.5641 3.7076 3.9459 4.2197 5.1053
5.2307 3.9466 2.8220 5.0867 4.7287 3.7918 4.5464 4.6220 2.4906 3.5821 3.0347 0.3244 0.0435 5.9133 0.7322 1.1356 2.3695 3.8127 3.7268 5.1959
4.5858 1.0813 2.0828 2.4799 4.2030 3.4267 0.4768 3.9049 4.1521 5.8902 5.6908 6.0063 5.4163 0.2501 2.0887 1.8295 2.8486 2.8411 2.8170 4.2966
2.8666 3.7716 5.8026 3.1947 1.0189 2.9297 5.8867 6.2688 4.9464 4.6095 6.1396 5.0317 4.5677 5.2056 2.0350 1.4414 1.4345 1.7008 2.0013 3.4734
4.3502 3.1971 1.5556 3.5465 2.2906 2.5757 3.5752 4.4845 4.8203 3.3360 4.9595 5.7192 1.9381 0.3868 1.9288 2.4688 1.3638 1.3960 1.7825 1.2676
5.2465 2.7019 2.9470 2.0022 3.6753 3.9935 3.7454 5.0539 5.4441 4.7228 5.6848 4.7768 2.6116 1.6289 2.6362 3.2880 5.9160 1.4879 0.0535 5.4493
4.6730 3.3273 3.7410 3.2117 5.1679 4.4438 4.2869 4.0397 5.3041 4.7337 6.1972 5.9095 5.9906 2.2472 3.3506 5.4855 4.4250 0.3968 1.6236 1.2653
3.4394 3.5285 3.9720 2.5793 2.8904 4.6281 5.8689 4.2856 4.4255 4.5022 0.0253 0.4320 5.9326 0.9989 2.4601 2.6397 2.6082 2.3308 2.6272 1.7566
