3.9229 4.6806 1.4722 2.1391 3.2846 4.5265 2.7051 2.1540 2.8319 2.6235 1.0039 4.6387 2.0124 2.6362 2.0330 1.4126 3.8801 4.2168 3.7150 3.5622
4.3807 3.2687 4.9365 4.6642 5.8820 4.3330 2.8523 2.2282 2.2026 5.0312 1.5215 0.5752 1.0324 2.7420 3.0040 2.4075 2.9662 2.8850 1.3222 3.0999
6.2175 6.1706 5.6749 5.8334 5.3597 5.4197 2.1498 3.2817 2.4349 2.1497 1.2417 1.0385 0.6697 3.8852 3.6153 3.4116 1.0945 1.3980 0.8634 0.0786
0.2057 4.3842 5.3650 0.7535 0.5422 1.1014 1.9459 3.2249 3.5420 1.8723 1.5077 6.2763 4.8159 2.5431 3.1135 5.3431 3.6285 1.5769 0.3145 5.4612
5.1808 3.9406 4.2861 3.4533 5.6959 5.0638 4.8462 2.0796 1.8652 0.2886 5.1623 0.3562 5.9545 0.9301 2.8751 2.9716 1.9391 1.9110 0.8361 5.6461
4.6035 5.6529 3.2347 4.0986 5.5774 5.7391 4.9617 3.0141 3.3804 4.3438 5.2456 0.4220 0.4860 1.2298 2.1259 2.6651 2.0396 1.9933 1.4363 0.4830
4.6206 3.6348 3.9764 4.9877 4.6150 4.4020 4.6306 2.7139 3.6793 3.0945 6.0301 0.2621 0.2814 1.9977 2.8664 2.0623 1.5955 1.0258 0.6990 5.8154
4.4673 3.0644 2.6402 3.4681 2.5158 3.8954 2.8824 3.1226 3.3700 3.4579 0.8773 5.5778 6.2533 2.4886 2.4788 2.7622 0.8312 0.3788 0.3472 0.2935
3.1665 2.5436 2.6041 1.0244 2.7640 2.4826 3.1236 3.6127 4.5861 3.8245 4.5087 0.6037 0.6021 1.7921 1.0747 1.6847 2.4812 1.4924 6.2776 5.1604
2.1458 2.8227 4.9270 1.3415 1.8613 3.5666 3.7561 2.9534 3.8244 3.7526 4.1985 2.9726 1.2457 0.6808 1.2698 2.0381 2.9697 3.5374 3.7142 1.3554
3.9156 2.0027 1.9248 5.2860 1.0927 3.5612 3.0829 3.7036 4.7737 5.0570 5.7417 5.1075 5.3387 1.0627 6.0575 6.1428 0.1169 4.8736 4.6197 4.5637
6.1847 2.5056 4.5485 5.4440 4.2936 3.1338 2.4459 1.5437 0.4478 5.6816 6.1152 6.0074 0.6307 1.3895 6.0743 5.7787 5.6823 5.3063 4.2457 6.0973
4.7674 2.5238 5.3371 5.4336 4.9462 4.1539 3.5914 4.2596 0.7011 0.0670 0.7721 1.1513 1.6626 5.4016 5.6144 4.0915 4.4096 5.2152 4.7309 6.0786
0.3425 4.6710 3.4932 5.9689 4.2783 4.3086 4.8361 5.4795 4.7523 0.0170 0.6293 5.1798 5.8484 5.6792 5.9122 4.0989 4.2843 4.4291 5.7096 4.7172
0.4583 0.1732 5.5406 0.0998 4.8471 5.1927 1.0364 5.0854 3.5393 0.0063 6.2255 5.4045 4.4527 4.8377 5.7917 5.5660 3.7407 0.5110 0.6482 5.4899
6.1340 0.2129 5.2172 6.0284 0.0112 5.3383 3.9047 4.7410 4.0851 5.2767 5.9891 2.5538 3.7051 5.9992 6.0727 5.6039 1.5001 6.0383 6.0329 6.1001
0.9969 0.4145 3.6048 1.3213 6.0937 5.3438 5.4443 4.7073 3.8570 5.2573 0.5580 5.3622 5.0698 0.4500 1.5363 1.5617 2.1438 1.4353 1.2536 0.5908
5.9780 5.3643 3.8267 4.1728 6.2745 5.4736 5.0324 5.0515 4.4367 3.8479 1.6449 2.0044 0.3839 0.5539 1.5774 0.9173 0.7094 1.5961 1.3920 0.4689
5.0598 4.7952 3.3311 4.3008 5.4418 5.2548 4.5991 4.7026 6.0532 4.4664 1.9059 5.8410 5.5132 5.4990 2.3718 1.0691 4.2540 1.0196 4.8199 3.2954
4.6898 4.9870 1.8116 5.6828 0.0133 4.9538 1.8938 2.7280 2.1083 3.3377 5.6675 0.0576 0.7541 0.2335 1.8804 1.8077 1.8426 4.3555 2.8053 3.3593
