2.4150 3.1113 3.3440 0.7006 1.1378 4.6401 5.6655 5.0162 2.8979 2.9442 3.8564 2.9406 3.5912 4.7127 3.8598 1.4836 0.5421 0.7820 5.6789 0.5641
2.9752 5.0506 5.3910 4.4084 2.5279 3.2043 2.9192 4.5268 1.7139 3.1414 3.2649 3.2867 3.5342 4.9165 3.0170 1.4886 1.7026 1.9835 1.7034 0.7681
4.2478 3.9830 3.5372 3.2961 3.3646 3.2502 3.1088 3.0673 2.7324 3.6499 2.8755 1.0079 0.9630 4.3631 2.9494 3.9452 2.0938 1.7711 1.2788 1.0770
3.5872 4.2421 3.1771 2.9962 2.8668 3.7118 4.7837 3.2146 3.3991 3.1539 2.7580 2.2193 2.1521 1.7774 2.0417 2.3802 2.8921 3.6407 2.9851 3.0903
5.5330 5.8828 4.1122 2.7801 3.2519 5.1700 4.6845 4.1862 3.5061 2.4033 1.5543 2.5546 2.1872 4.1088 2.4949 2.5422 2.3327 3.8489 5.1624 3.5001
5.8859 2.6929 5.2920 0.2230 5.5712 5.3474 5.9419 1.9502 2.5066 2.8321 2.1884 4.2423 3.7645 4.9466 4.5598 0.4520 4.0953 3.7345 4.3932 3.7102
2.2757 2.2088 5.2854 6.0798 0.5840 0.4553 0.4189 0.4266 2.0695 3.5841 4.3950 4.0546 4.8271 5.2911 4.4989 5.4922 0.1181 4.6505 2.8807 3.5010
0.3900 0.5981 5.1569 0.0070 1.7873 6.0858 0.7578 0.1439 0.0785 3.8832 0.3737 5.1992 5.1799 5.1163 4.4450 4.9229 4.6710 4.0252 3.4317 2.4702
0.9959 0.3106 1.4945 0.7829 0.4907 6.0742 6.1851 0.4475 5.3051 3.4158 5.9785 0.4256 4.0092 4.5547 4.2428 4.1623 6.0465 5.0843 1.2413 2.1786
3.1256 2.4391 1.5062 0.9198 0.2083 0.3621 0.2341 5.8571 5.8217 5.1405 5.5570 4.5673 3.3092 2.1352 0.7975 5.8036 6.2061 5.5117 3.5244 3.4021
4.0238 2.4082 2.6238 0.2453 0.1022 0.2299 1.1379 0.0625 5.7652 5.2767 4.6606 3.3700 1.4221 2.1146 0.3432 3.0009 4.1020 4.0999 4.7799 3.3640
3.1495 2.5538 3.7955 0.4829 6.2140 6.0112 2.0395 1.1913 4.0285 5.0165 4.4324 2.6416 2.3544 2.5154 5.9689 4.2815 4.9146 4.9959 3.2824 4.5715
1.8149 1.0311 3.2946 2.0152 1.6468 0.7683 0.0411 5.3807 5.8692 5.0592 5.5594 3.9146 2.2265 3.1166 0.2896 0.1937 1.0406 1.9139 3.2332 5.7607
0.8289 0.9734 4.8448 1.1230 6.1304 5.5307 0.8072 0.6892 5.5305 5.7329 3.6401 4.5170 4.2253 2.0564 1.1123 5.2257 4.6732 2.3143 3.2028 1.0144
0.2383 0.1578 1.1876 0.7725 0.6946 0.8486 0.3957 0.1940 0.6832 1.2507 3.0542 5.5818 4.6526 0.2937 2.2836 3.1963 3.0957 3.7054 3.3788 0.3375
1.7293 1.1950 0.7685 5.3310 1.3409 2.4525 4.6093 5.7792 0.3817 2.7220 3.3257 4.2924 0.2919 0.6214 2.3642 2.7541 4.1893 5.0651 2.6264 0.4640
2.4945 1.5286 0.9369 0.1347 1.0241 2.0685 4.9274 5.0436 4.4465 0.6496 3.4483 3.5679 2.9113 2.4421 3.2972 2.6048 2.8286 0.7478 0.2296 2.1026
2.1241 2.1789 1.9938 1.8345 2.3748 2.4893 4.7967 4.1551 5.0051 1.5578 0.0554 1.1633 4.2405 3.6670 0.4208 5.9559 5.9028 6.2397 0.3146 1.7035
2.4083 2.8073 1.0952 5.8955 3.1439 3.7202 4.4150 4.0278 4.0275 5.9852 0.2043 2.3856 3.7161 3.7101 6.1962 0.6789 0.7437 6.0485 5.7577 0.5084
1.4571 0.9260 1.7001 5.3301 0.0464 4.5585 5.5399 4.2047 3.2362 4.5665 2.9358 2.5149 2.8679 4.7033 4.9161 6.1606 6.2676 0.6734 5.7047 0.6863
