0 1
0 2
0 7
0 8
0 9
0 10
0 11
0 12
0 16
0 17
0 18
0 19
0 20
0 21
0 22
0 23
0 26
0 31
0 32
0 33
0 34
0 35
0 36
0 37
0 38
0 40
0 42
0 43
0 44
0 49
1 1
1 8
1 9
1 11
1 12
1 14
1 16
1 17
1 18
1 19
1 20
1 21
1 22
1 23
1 24
1 33
1 34
1 35
1 36
1 37
1 38
1 39
1 40
1 41
1 42
1 43
1 44
1 49
2 0
2 1
2 3
2 4
2 5
2 6
2 8
2 9
2 11
2 12
2 17
2 20
2 21
2 22
2 23
2 24
2 29
2 34
2 36
2 37
2 42
2 43
2 44
2 45
2 48
2 49
3 0
3 4
3 5
3 6
3 7
3 8
3 9
3 11
3 12
3 14
3 21
3 22
3 23
3 24
3 25
3 30
3 36
3 37
3 38
3 39
3 40
3 41
3 42
3 43
3 44
3 46
3 47
3 48
3 49
4 0
4 1
4 2
4 5
4 8
4 9
4 10
4 19
4 21
4 23
4 24
4 25
4 31
4 32
4 35
4 40
4 41
4 42
4 43
4 45
4 47
4 48
5 0
5 1
5 4
5 5
5 8
5 9
5 13
5 14
5 16
5 17
5 18
5 19
5 21
5 23
5 24
5 35
5 40
5 41
5 42
5 43
5 45
5 46
5 48
5 49
6 0
6 1
6 2
6 3
6 4
6 5
6 8
6 12
6 13
6 16
6 17
6 18
6 19
6 20
6 21
6 22
6 23
6 24
6 25
6 39
6 40
6 41
6 42
6 43
6 44
6 46
6 47
6 48
6 49
7 2
7 3
7 4
7 6
7 13
7 16
7 17
7 20
7 22
7 23
7 24
7 25
7 29
7 32
7 33
7 36
7 37
7 38
7 39
7 40
7 41
7 42
7 43
7 44
7 47
7 48
7 49
8 0
8 1
8 2
8 3
8 4
8 6
8 8
8 9
8 13
8 14
8 15
8 16
8 17
8 18
8 19
8 20
8 23
8 24
8 25
8 28
8 29
8 32
8 33
8 39
8 40
8 41
8 42
8 43
8 44
8 45
8 46
8 48
9 2
9 3
9 4
9 5
9 8
9 14
9 16
9 17
9 18
9 19
9 20
9 23
9 24
9 25
9 26
9 27
9 28
9 29
9 30
9 31
9 32
9 33
9 34
9 38
9 39
9 40
9 41
9 42
10 2
10 3
10 13
10 15
10 16
10 17
10 18
10 19
10 20
10 23
10 24
10 26
10 27
10 29
10 30
10 31
10 32
10 33
10 38
10 41
10 42
10 47
10 48
10 49
11 0
11 1
11 13
11 15
11 16
11 17
11 19
11 22
11 23
11 24
11 29
11 30
11 31
11 32
11 33
11 38
11 42
11 44
11 47
11 48
11 49
12 0
12 1
12 2
12 8
12 12
12 13
12 14
12 15
12 19
12 24
12 26
12 31
12 32
12 33
12 38
12 39
12 40
12 41
12 42
12 43
12 44
12 45
12 46
12 47
12 48
12 49
13 0
13 1
13 2
13 3
13 5
13 8
13 9
13 10
13 11
13 12
13 13
13 14
13 15
13 16
13 17
13 19
13 23
13 24
13 31
13 37
13 38
13 40
13 41
13 42
13 43
13 44
13 45
13 46
13 47
13 48
13 49
14 0
14 1
14 2
14 3
14 5
14 6
14 9
14 10
14 11
14 13
14 14
14 15
14 16
14 17
14 18
14 19
14 25
14 26
14 31
14 33
14 34
14 35
14 37
14 38
14 39
14 40
14 41
14 42
14 45
14 46
14 47
14 48
15 0
15 1
15 5
15 7
15 8
15 9
15 11
15 12
15 13
15 14
15 17
15 18
15 19
15 26
15 30
15 31
15 32
15 33
15 35
15 36
15 37
15 39
15 40
15 41
15 46
15 47
15 48
15 49
16 0
16 1
16 3
16 4
16 5
16 12
16 13
16 16
16 17
16 18
16 19
16 21
16 26
16 31
16 32
16 33
16 35
16 36
16 37
16 43
16 46
16 47
16 48
16 49
17 0
17 1
17 3
17 4
17 10
17 13
17 16
17 17
17 18
17 19
17 20
17 25
17 26
17 27
17 31
17 32
17 33
17 34
17 35
17 36
17 37
17 47
17 49
18 0
18 1
18 2
18 3
18 4
18 5
18 6
18 7
18 10
18 12
18 13
18 17
18 18
18 19
18 21
18 23
18 24
18 25
18 26
18 27
18 31
18 32
18 33
18 34
18 35
18 45
18 46
18 47
18 48
19 1
19 5
19 6
19 7
19 10
19 12
19 13
19 14
19 15
19 16
19 17
19 18
19 19
19 20
19 21
19 22
19 23
19 25
19 26
19 27
19 29
19 30
19 31
19 32
19 35
19 36
19 37
19 38
19 39
19 42
19 46
19 47
20 0
20 1
20 3
20 6
20 7
20 12
20 13
20 14
20 15
20 18
20 19
20 20
20 21
20 22
20 23
20 24
20 25
20 27
20 32
20 37
20 38
20 39
20 40
20 42
20 43
20 46
21 2
21 3
21 4
21 5
21 13
21 14
21 18
21 19
21 20
21 21
21 22
21 23
21 24
21 26
21 27
21 28
21 36
21 37
21 38
21 39
21 40
21 42
21 43
21 46
22 2
22 4
22 5
22 8
22 9
22 10
22 17
22 19
22 20
22 21
22 22
22 23
22 24
22 40
22 41
22 43
22 44
22 45
22 46
23 0
23 1
23 3
23 4
23 19
23 20
23 21
23 22
23 33
23 34
23 45
23 46
23 47
23 48
23 49
24 0
24 1
24 2
24 11
24 18
24 23
24 26
24 27
24 28
24 29
24 30
24 35
24 37
24 38
24 47
24 48
24 49
25 0
25 1
25 2
25 3
25 12
25 18
25 23
25 26
25 27
25 28
25 29
25 30
25 31
25 32
25 33
25 34
25 41
25 43
25 44
25 45
25 46
25 47
25 49
26 0
26 1
26 4
26 7
26 13
26 14
26 15
26 20
26 21
26 22
26 26
26 29
26 30
26 31
26 32
26 33
26 34
26 35
26 38
26 40
26 41
26 43
26 44
26 45
26 46
27 6
27 14
27 19
27 20
27 21
27 26
27 27
27 28
27 30
27 31
27 32
27 33
27 34
27 35
27 39
27 40
27 44
27 45
27 46
28 4
28 5
28 6
28 7
28 10
28 11
28 17
28 18
28 19
28 20
28 21
28 22
28 24
28 25
28 26
28 28
28 29
28 30
28 34
28 35
28 36
28 37
28 40
28 41
28 42
28 45
28 46
28 47
28 48
29 4
29 5
29 6
29 7
29 10
29 11
29 14
29 17
29 18
29 19
29 20
29 21
29 22
29 23
29 26
29 27
29 28
29 29
29 31
29 34
29 35
29 36
29 37
29 38
29 39
29 40
29 41
29 45
29 46
29 47
29 48
30 0
30 2
30 4
30 8
30 9
30 10
30 11
30 12
30 14
30 18
30 19
30 20
30 21
30 22
30 25
30 26
30 27
30 28
30 34
30 35
30 36
30 37
30 38
30 39
30 40
30 41
30 44
30 45
30 46
30 47
30 48
31 0
31 1
31 2
31 3
31 4
31 5
31 7
31 13
31 14
31 15
31 16
31 17
31 18
31 19
31 20
31 21
31 25
31 26
31 27
31 34
31 35
31 36
31 37
31 38
31 47
31 48
31 49
32 0
32 1
32 2
32 8
32 11
32 14
32 15
32 17
32 18
32 19
32 20
32 25
32 26
32 27
32 28
32 32
32 34
32 35
32 36
32 37
32 38
32 48
32 49
33 0
33 1
33 2
33 3
33 4
33 8
33 9
33 10
33 11
33 14
33 17
33 18
33 23
33 36
33 37
33 41
33 48
34 0
34 1
34 2
34 3
34 5
34 19
34 22
34 23
34 26
34 27
34 28
34 36
34 37
34 38
34 41
34 42
34 43
34 44
34 45
34 46
34 48
35 0
35 1
35 2
35 3
35 14
35 19
35 20
35 22
35 23
35 26
35 27
35 28
35 34
35 36
35 37
35 40
35 41
35 42
35 43
35 44
35 45
35 46
35 48
36 0
36 1
36 2
36 3
36 9
36 10
36 12
36 16
36 17
36 18
36 19
36 20
36 21
36 22
36 23
36 24
36 26
36 27
36 28
36 29
36 30
36 32
36 33
36 38
36 39
36 40
36 41
36 42
36 45
36 46
36 47
36 48
36 49
37 0
37 3
37 4
37 8
37 9
37 10
37 12
37 14
37 16
37 17
37 18
37 19
37 20
37 21
37 22
37 23
37 24
37 25
37 27
37 30
37 31
37 32
37 34
37 35
37 38
37 40
37 41
37 42
37 43
37 44
37 45
37 46
37 47
37 48
37 49
38 0
38 1
38 2
38 3
38 6
38 7
38 8
38 9
38 10
38 11
38 13
38 14
38 16
38 18
38 20
38 25
38 26
38 30
38 31
38 32
38 33
38 34
38 35
38 38
38 39
38 40
38 41
38 46
38 48
38 49
39 0
39 2
39 3
39 4
39 5
39 7
39 8
39 9
39 10
39 11
39 12
39 13
39 14
39 15
39 16
39 17
39 18
39 22
39 23
39 25
39 27
39 30
39 31
39 32
39 34
39 35
39 39
39 45
39 46
39 48
39 49
40 0
40 1
40 4
40 5
40 7
40 8
40 9
40 10
40 11
40 12
40 13
40 14
40 15
40 16
40 17
40 18
40 19
40 22
40 23
40 25
40 26
40 27
40 34
40 40
40 45
40 46
40 47
40 48
40 49
41 0
41 1
41 2
41 3
41 4
41 5
41 6
41 7
41 8
41 9
41 10
41 11
41 12
41 13
41 14
41 15
41 16
41 17
41 18
41 19
41 20
41 22
41 23
41 24
41 30
41 32
41 40
41 45
41 46
41 47
41 48
41 49
42 1
42 3
42 4
42 5
42 6
42 7
42 8
42 9
42 10
42 11
42 12
42 13
42 14
42 15
42 16
42 20
42 22
42 24
42 29
42 30
42 31
42 39
42 40
42 41
42 42
42 45
42 46
42 47
42 48
42 49
43 0
43 1
43 2
43 3
43 5
43 6
43 7
43 9
43 10
43 11
43 12
43 13
43 14
43 15
43 16
43 17
43 30
43 39
43 40
43 41
43 42
43 47
43 48
43 49
44 0
44 3
44 6
44 7
44 8
44 9
44 10
44 11
44 12
44 13
44 14
44 15
44 16
44 18
44 20
44 25
44 30
44 31
44 38
44 40
44 41
44 42
44 45
44 46
44 47
44 48
44 49
45 4
45 5
45 6
45 7
45 8
45 9
45 10
45 11
45 12
45 13
45 14
45 15
45 16
45 18
45 19
45 20
45 21
45 29
45 30
45 31
45 37
45 38
45 39
45 40
45 42
45 46
45 47
46 3
46 4
46 5
46 6
46 7
46 8
46 9
46 10
46 11
46 12
46 15
46 18
46 19
46 20
46 21
46 26
46 27
46 29
46 30
46 31
46 32
46 35
46 37
46 39
46 42
46 46
46 47
46 48
46 49
47 2
47 3
47 4
47 5
47 7
47 9
47 10
47 12
47 13
47 17
47 18
47 19
47 20
47 21
47 22
47 23
47 24
47 26
47 27
47 28
47 32
47 33
47 34
47 35
47 36
47 37
47 42
47 46
47 47
47 48
47 49
48 0
48 3
48 4
48 5
48 8
48 9
48 10
48 11
48 12
48 13
48 16
48 17
48 18
48 19
48 20
48 21
48 22
48 23
48 24
48 25
48 27
48 30
48 31
48 32
48 33
48 34
48 38
48 39
48 40
48 44
48 47
48 48
48 49
49 2
49 3
49 4
49 5
49 8
49 9
49 10
49 11
49 12
49 13
49 16
49 18
49 19
49 20
49 21
49 22
49 23
49 24
49 25
49 26
49 27
49 33
49 34
49 35
49 36
49 43
49 44
49 45
49 47
49 48
49 49
