0 15
0 17
0 19
0 20
0 21
0 22
0 23
0 25
0 26
0 27
0 31
0 32
0 35
0 36
0 43
0 44
0 45
0 47
0 48
1 3
1 4
1 6
1 7
1 10
1 15
1 16
1 17
1 20
1 23
1 24
1 25
1 26
1 27
1 29
1 31
1 38
1 43
1 47
2 2
2 6
2 8
2 9
2 10
2 11
2 15
2 19
2 20
2 21
2 24
2 26
2 27
2 29
2 37
2 38
2 39
2 41
2 42
2 43
2 44
2 45
2 46
2 47
2 48
2 49
3 0
3 1
3 2
3 4
3 5
3 6
3 9
3 15
3 21
3 24
3 26
3 27
3 28
3 29
3 31
3 32
3 33
3 34
3 37
3 41
3 42
3 46
3 47
3 48
3 49
4 0
4 1
4 2
4 4
4 5
4 8
4 9
4 10
4 11
4 12
4 14
4 15
4 20
4 21
4 22
4 24
4 26
4 27
4 28
4 30
4 32
4 33
4 34
4 40
4 41
4 42
4 43
4 44
4 45
4 46
4 47
4 48
4 49
5 3
5 4
5 15
5 16
5 17
5 24
5 38
5 39
5 41
5 43
5 44
5 45
5 46
5 49
6 0
6 1
6 2
6 3
6 4
6 5
6 7
6 8
6 15
6 22
6 25
6 34
6 38
6 39
6 42
6 43
6 44
6 45
6 46
6 48
6 49
7 0
7 1
7 2
7 3
7 13
7 15
7 16
7 18
7 19
7 21
7 22
7 23
7 24
7 25
7 32
7 33
7 34
7 35
7 38
7 39
7 44
7 45
7 46
7 48
7 49
8 0
8 1
8 2
8 3
8 6
8 7
8 12
8 13
8 14
8 15
8 16
8 18
8 19
8 21
8 23
8 30
8 33
8 34
8 35
8 39
8 41
8 42
8 43
8 44
8 45
8 46
8 47
8 48
8 49
9 0
9 1
9 2
9 3
9 4
9 5
9 6
9 10
9 14
9 15
9 16
9 18
9 19
9 20
9 21
9 23
9 24
9 29
9 30
9 31
9 32
9 34
9 35
9 38
9 41
9 42
9 45
9 46
9 47
9 49
10 1
10 3
10 4
10 6
10 14
10 15
10 16
10 18
10 19
10 20
10 21
10 23
10 25
10 26
10 29
10 30
10 31
10 32
10 34
10 35
10 41
10 42
10 43
10 44
10 45
10 46
11 1
11 2
11 3
11 4
11 6
11 8
11 9
11 10
11 13
11 16
11 19
11 20
11 21
11 22
11 23
11 24
11 28
11 29
11 30
11 31
11 32
11 33
11 34
11 35
11 39
11 40
11 41
11 42
11 43
11 46
11 47
11 48
11 49
12 0
12 1
12 2
12 6
12 8
12 9
12 10
12 12
12 13
12 14
12 18
12 19
12 20
12 21
12 22
12 23
12 24
12 30
12 31
12 32
12 33
12 34
12 35
12 39
12 40
12 41
12 47
12 48
12 49
13 0
13 1
13 3
13 5
13 6
13 7
13 8
13 15
13 18
13 19
13 20
13 21
13 23
13 24
13 25
13 31
13 33
13 34
13 35
13 36
13 44
13 45
13 46
13 47
13 48
14 0
14 1
14 2
14 3
14 5
14 6
14 7
14 8
14 9
14 10
14 15
14 17
14 18
14 20
14 21
14 23
14 24
14 31
14 33
14 34
14 35
14 36
14 37
14 40
14 44
14 46
14 47
14 48
15 6
15 7
15 8
15 9
15 10
15 11
15 12
15 14
15 16
15 17
15 18
15 19
15 20
15 21
15 22
15 23
15 33
15 34
15 35
15 36
15 37
15 44
15 45
15 47
15 48
15 49
16 7
16 8
16 12
16 14
16 16
16 17
16 18
16 19
16 20
16 23
16 26
16 29
16 30
16 31
16 32
16 33
16 34
16 35
16 36
16 42
16 43
16 47
16 48
16 49
17 0
17 1
17 2
17 3
17 5
17 6
17 7
17 8
17 11
17 15
17 21
17 26
17 30
17 31
17 32
17 33
17 34
17 35
17 36
17 37
17 42
17 43
17 48
17 49
18 0
18 4
18 5
18 6
18 7
18 8
18 9
18 10
18 11
18 12
18 15
18 21
18 26
18 30
18 31
18 32
18 33
18 34
18 35
18 36
18 40
18 43
18 46
18 48
18 49
19 1
19 5
19 7
19 8
19 20
19 21
19 22
19 23
19 26
19 27
19 28
19 29
19 30
19 31
19 32
19 33
19 34
19 38
19 40
19 43
19 44
19 45
19 46
19 48
19 49
20 1
20 5
20 6
20 7
20 8
20 10
20 13
20 14
20 15
20 21
20 26
20 27
20 28
20 29
20 30
20 32
20 34
20 36
20 37
20 38
20 39
20 40
20 42
20 44
20 45
20 46
20 47
20 48
21 1
21 2
21 3
21 4
21 5
21 6
21 7
21 8
21 10
21 12
21 13
21 14
21 15
21 16
21 25
21 26
21 27
21 28
21 29
21 30
21 33
21 34
21 35
21 36
21 38
21 39
21 40
21 42
21 43
21 44
21 45
21 46
21 47
22 0
22 1
22 2
22 3
22 4
22 5
22 6
22 11
22 13
22 14
22 15
22 16
22 17
22 18
22 19
22 26
22 27
22 28
22 29
22 30
22 34
22 35
22 36
22 38
22 39
22 42
22 43
22 44
22 45
22 46
22 47
22 48
22 49
23 0
23 1
23 2
23 6
23 11
23 12
23 14
23 15
23 16
23 17
23 25
23 26
23 27
23 35
23 36
23 37
23 38
23 40
23 41
23 43
23 44
23 45
23 46
23 47
23 48
23 49
24 0
24 1
24 2
24 3
24 4
24 6
24 7
24 8
24 9
24 10
24 11
24 12
24 13
24 16
24 17
24 25
24 26
24 27
24 31
24 36
24 39
24 40
24 41
24 43
24 44
24 45
24 46
24 47
24 49
25 0
25 1
25 2
25 6
25 7
25 8
25 9
25 10
25 11
25 12
25 13
25 14
25 15
25 16
25 17
25 18
25 38
25 39
25 40
25 41
25 42
25 43
25 44
25 46
25 48
25 49
26 0
26 1
26 5
26 6
26 9
26 10
26 11
26 12
26 13
26 14
26 15
26 16
26 22
26 23
26 24
26 25
26 26
26 27
26 31
26 32
26 35
26 36
26 38
26 39
26 40
26 41
26 42
26 43
26 44
26 48
26 49
27 0
27 1
27 3
27 13
27 14
27 15
27 19
27 21
27 22
27 23
27 24
27 25
27 26
27 27
27 28
27 31
27 32
27 34
27 36
27 37
27 38
27 41
27 42
27 43
27 48
28 0
28 1
28 9
28 13
28 14
28 15
28 23
28 24
28 25
28 29
28 37
28 38
28 39
28 40
28 41
28 42
28 43
28 44
28 49
29 0
29 7
29 8
29 9
29 10
29 11
29 12
29 13
29 14
29 15
29 16
29 23
29 24
29 25
29 29
29 30
29 35
29 37
29 39
29 40
29 41
29 42
29 43
29 44
29 49
30 0
30 7
30 8
30 9
30 12
30 15
30 16
30 18
30 19
30 20
30 21
30 22
30 23
30 24
30 25
30 26
30 29
30 30
30 33
30 34
30 35
30 36
30 37
30 39
30 40
30 41
30 42
30 43
30 49
31 0
31 2
31 3
31 12
31 13
31 14
31 16
31 17
31 18
31 21
31 22
31 24
31 37
31 39
31 40
31 41
31 42
31 43
31 44
31 47
31 48
31 49
32 0
32 6
32 7
32 8
32 9
32 12
32 14
32 16
32 17
32 20
32 21
32 22
32 24
32 26
32 27
32 30
32 34
32 39
32 40
32 41
32 42
32 43
32 47
32 49
33 0
33 1
33 2
33 3
33 4
33 7
33 8
33 11
33 12
33 13
33 17
33 19
33 20
33 21
33 22
33 24
33 26
33 27
33 34
33 36
33 37
33 38
33 39
33 40
33 41
33 42
33 47
33 48
33 49
34 1
34 2
34 3
34 7
34 8
34 9
34 10
34 11
34 12
34 13
34 15
34 17
34 19
34 20
34 21
34 22
34 23
34 24
34 26
34 27
34 28
34 34
34 36
34 37
34 40
34 41
34 43
35 0
35 1
35 9
35 10
35 11
35 12
35 13
35 14
35 15
35 16
35 17
35 18
35 19
35 20
35 21
35 22
35 23
35 24
35 25
35 27
35 28
35 32
35 34
35 35
35 36
35 38
35 39
35 40
35 41
35 42
35 46
35 47
35 48
35 49
36 0
36 1
36 7
36 9
36 11
36 13
36 14
36 15
36 16
36 17
36 19
36 20
36 21
36 27
36 28
36 34
36 35
36 36
36 37
36 38
36 39
36 40
36 42
36 43
36 45
36 46
36 47
36 48
36 49
37 0
37 1
37 2
37 3
37 4
37 7
37 8
37 9
37 10
37 14
37 15
37 17
37 18
37 19
37 20
37 21
37 22
37 24
37 36
37 39
37 40
37 41
37 42
37 43
37 44
37 45
37 46
37 47
37 48
37 49
38 0
38 3
38 7
38 8
38 9
38 10
38 12
38 16
38 19
38 20
38 21
38 24
38 25
38 27
38 29
38 30
38 37
38 38
38 39
38 40
38 45
38 46
38 49
39 0
39 1
39 9
39 10
39 11
39 12
39 13
39 14
39 16
39 17
39 18
39 19
39 20
39 21
39 22
39 27
39 28
39 29
39 30
39 31
39 32
39 36
39 37
39 38
39 40
39 41
39 46
39 48
39 49
40 0
40 1
40 2
40 9
40 10
40 11
40 12
40 14
40 15
40 16
40 17
40 18
40 19
40 20
40 21
40 22
40 24
40 26
40 28
40 30
40 31
40 35
40 36
40 38
40 39
40 40
40 41
40 43
40 44
40 48
40 49
41 0
41 3
41 4
41 5
41 8
41 9
41 10
41 11
41 12
41 14
41 15
41 16
41 24
41 26
41 28
41 29
41 35
41 36
41 39
41 40
41 41
41 44
41 46
41 48
42 4
42 5
42 9
42 10
42 11
42 12
42 14
42 15
42 23
42 24
42 25
42 26
42 27
42 28
42 32
42 33
42 35
42 37
42 38
42 39
42 40
42 41
42 45
42 46
42 48
42 49
43 1
43 2
43 3
43 10
43 12
43 13
43 14
43 16
43 17
43 25
43 26
43 27
43 38
43 39
43 40
43 41
43 42
43 43
43 45
43 46
44 1
44 2
44 3
44 4
44 13
44 14
44 15
44 16
44 17
44 22
44 24
44 32
44 34
44 37
44 42
44 43
44 44
44 45
44 46
45 4
45 6
45 11
45 13
45 14
45 15
45 16
45 18
45 19
45 20
45 24
45 25
45 26
45 32
45 33
45 34
45 36
45 37
45 38
45 43
45 44
45 46
46 15
46 16
46 17
46 18
46 19
46 20
46 21
46 24
46 25
46 26
46 33
46 34
46 35
46 39
46 43
46 46
47 2
47 14
47 15
47 16
47 17
47 21
47 24
47 27
47 28
47 31
47 32
47 33
47 34
47 35
47 37
47 40
47 41
47 46
47 47
48 4
48 14
48 15
48 16
48 17
48 18
48 24
48 25
48 26
48 27
48 28
48 33
48 34
48 35
48 36
48 37
48 40
48 41
48 42
48 43
48 47
49 16
49 17
49 18
49 22
49 23
49 24
49 25
49 26
49 27
49 28
49 34
49 35
49 37
49 38
49 39
49 44
49 45
49 46
49 47
49 48
