1.9121 0.7497 1.4561 0.6399 5.6969 5.8218 0.4328 0.7949 6.0202 0.1411 0.1065 5.2142 4.1004 3.8313 3.2397 4.4518 2.6224 3.7141 1.3677 0.6825
2.4921 2.4729 3.5033 4.3759 4.2451 2.8310 1.9065 1.6718 0.5091 1.7047 4.5997 3.5154 2.4632 0.0065 3.4119 5.8920 6.2341 0.3432 0.6872 2.9775
0.8768 5.7422 3.7045 2.5324 0.8037 0.1369 1.3225 0.7036 3.5460 3.3066 4.3902 0.0451 2.2906 2.2951 3.6673 2.7360 1.5683 3.4360 1.0615 0.3179
1.2928 2.0249 2.0921 0.3533 0.1744 4.2379 3.8139 4.8632 4.1456 4.8797 4.4050 5.2340 4.5334 4.6332 5.5045 5.2740 6.2189 0.3014 0.9111 1.0843
2.1123 3.5600 4.5539 5.1634 0.0520 0.5497 2.0150 1.2171 3.5354 1.3454 3.6980 1.8502 5.6914 0.0135 6.1127 3.8102 2.2673 3.1393 1.5074 3.5080
1.9422 1.5873 0.6192 0.7063 6.0559 3.9196 3.3661 3.9430 3.0700 4.1066 3.2556 3.4886 6.1010 4.8626 0.0210 1.2533 0.9617 0.2398 1.2004 0.7044
1.6486 6.2304 5.6171 4.5685 5.9968 0.3079 6.1562 6.2603 1.7637 2.5124 3.2560 1.1957 0.5263 0.5258 0.9297 5.7134 5.9306 3.0036 2.4467 3.6138
3.8954 2.0815 1.9116 1.2639 3.1141 2.1576 0.4557 0.6937 2.2015 5.9917 5.0598 5.5287 4.9430 5.1364 1.3716 0.4064 5.8815 5.4550 4.2654 4.8279
5.4934 5.3063 4.5051 3.1242 0.9814 4.8688 4.3179 3.9929 1.9295 2.0119 0.8847 0.1946 6.1109 0.6442 0.8071 0.0543 5.5874 4.7973 4.3442 3.7779
4.0917 0.1445 5.4751 5.6980 3.4477 1.6909 1.2790 0.8548 2.5259 3.0738 2.7912 3.1984 1.8642 2.6428 1.4958 2.5729 2.1598 2.1224 3.6934 2.2949
4.2186 4.3965 3.9472 3.3560 2.8194 3.2882 3.1065 3.3643 2.4833 0.9526 1.2471 0.6305 1.6845 0.4727 0.7212 5.5985 0.7948 5.6490 4.3610 4.7799
4.8144 3.1387 2.8130 0.2144 1.9955 5.1269 3.7923 0.1617 2.9071 3.6022 3.8227 2.9159 5.5744 2.9248 5.1351 2.8918 2.7482 2.4639 2.5282 3.5573
0.3986 5.5769 5.4726 5.0856 2.8394 2.8120 3.3013 2.5431 2.0132 0.3885 6.0837 5.3285 4.9832 4.7790 0.6571 5.1807 4.2647 3.6443 5.7651 0.8296
0.2426 4.6306 5.3003 1.0187 0.8994 5.8714 5.0078 5.5010 2.4810 3.2149 5.9033 0.7395 0.3947 1.1856 6.1992 3.5393 5.0450 4.8156 4.5845 3.6141
2.6350 0.9461 5.7371 5.0341 5.1095 1.0497 6.2355 4.4121 3.1140 6.0583 5.1126 3.8609 2.9610 2.8347 6.0089 0.0628 4.6337 5.0253 3.8046 2.8492
3.9671 5.4706 5.3469 5.7906 4.9786 6.1299 0.3911 4.0907 3.0170 2.9749 5.6945 1.0945 2.7555 0.8441 6.2238 1.0534 6.2112 1.4096 3.7215 3.7327
3.1773 3.7496 1.0033 1.1127 3.4510 3.9190 2.9921 5.2151 5.7153 5.2849 0.5493 5.4270 5.3130 5.1267 5.0841 5.2929 0.5571 5.1000 5.4715 2.9226
2.3372 0.7195 1.7701 2.6329 2.9417 1.7108 2.5469 2.9206 0.6134 0.5485 5.8613 5.8824 0.2876 1.0412 5.0861 0.1691 0.0281 1.5083 2.6817 2.3182
2.7146 1.1497 0.7797 0.5035 3.7042 5.2569 5.1479 5.0975 0.9768 5.5553 6.2400 5.4720 1.0626 2.9460 3.4806 4.2454 6.0988 4.2814 2.2920 2.5286
3.3356 4.2401 3.0053 2.7995 0.4387 0.8424 1.0378 1.3826 2.7001 2.5790 2.1189 2.1000 1.6743 6.1517 0.2762 1.9934 1.3286 1.5564 1.3895 3.8567
