2.0230 3.8325 3.1177 3.2317 1.9016 4.0487 2.5323 1.5606 2.0760 5.9519 0.9172 6.0469 1.3639 2.1510 2.8524 1.4850 1.9612 3.6791 0.9233 2.4182
2.3146 6.1650 4.2981 5.2931 3.0566 2.6247 3.0298 2.9299 2.9055 2.2791 1.5292 0.1234 5.5530 0.1372 2.0456 1.0104 0.7965 0.4080 0.8564 5.0349
1.8227 2.7068 5.1933 2.8375 3.1319 4.0202 5.0280 4.7147 2.3197 2.5833 1.2556 0.7657 6.2437 4.4535 1.4375 3.3738 0.0587 1.6429 2.3651 2.3237
0.7156 5.5989 0.1672 4.9291 3.7878 5.1969 2.5465 1.8421 1.8649 0.3025 1.2312 3.2182 1.3597 0.4121 5.6592 6.1465 5.7615 5.3792 2.3615 0.7928
1.1216 0.9493 2.8667 2.2523 1.7109 0.7500 1.0945 1.5851 1.8101 0.7734 0.5028 0.3237 6.1255 0.0681 0.6545 3.3413 4.0361 5.7460 1.6077 3.9301
2.2225 3.3995 2.3219 1.7603 1.3130 2.1239 1.4874 4.6478 0.8229 4.6283 0.3775 0.5559 1.1611 5.1565 0.5608 1.3550 2.8353 2.9322 1.4034 1.5324
1.5190 1.3495 1.2543 0.8199 0.3997 5.8165 1.6879 1.7804 0.3719 5.2933 5.5939 6.2819 1.5944 0.5388 0.5804 4.9793 2.5532 1.7280 1.1432 5.3192
1.5900 2.0139 1.6543 2.2153 5.5887 0.3421 5.5722 5.5867 6.0326 0.1283 4.3910 2.9891 1.6926 3.2573 1.0240 1.3046 2.0902 0.9000 1.6715 0.8413
2.1493 4.8365 4.1814 4.2695 0.6951 5.0836 4.5298 3.0191 1.0811 0.7788 5.3489 5.5264 0.0407 5.1128 0.9900 5.1318 2.4103 2.8389 3.0265 3.2916
2.1355 1.8426 1.3758 0.0115 5.5441 3.4657 3.5536 6.1433 2.4259 2.8757 0.7078 2.3197 0.8851 2.1841 2.4742 2.3214 1.7437 0.2383 1.7567 5.3601
4.4392 5.3782 0.5445 5.8624 5.6224 4.2351 4.0389 4.9339 5.3457 6.1635 5.9885 5.6893 5.2188 4.1596 4.9443 2.2121 2.6673 2.4215 1.4274 2.5799
4.5271 3.9189 1.3950 0.7851 1.7954 0.9263 2.8489 5.4492 4.3278 4.0516 4.3649 3.9011 4.5847 0.3182 0.6526 2.1176 1.9064 0.0556 0.6293 5.8485
4.5045 3.3487 2.3814 3.5036 3.3651 4.3613 2.4958 3.0749 2.7117 1.6899 3.0251 3.0502 3.1238 2.6564 0.7462 1.2881 0.9234 1.3810 6.2002 4.5592
5.0208 0.5857 0.2566 0.9040 1.3715 2.7061 2.0994 1.8971 3.2786 5.4861 5.9754 0.0607 3.6291 4.4683 5.0173 5.2845 0.9226 5.1465 5.5533 6.0556
4.1749 5.8007 0.3929 4.2634 5.9763 6.0617 5.1619 5.2576 4.5584 5.5790 5.0349 1.4282 3.4228 1.1585 2.3577 2.1653 2.2863 2.2622 2.5972 4.3478
2.6496 3.2591 2.0046 2.9803 1.5409 2.6512 4.5279 3.4067 3.9912 2.7093 3.8971 4.4800 4.8783 4.6944 2.4570 4.3218 2.8117 0.8654 2.2369 2.4929
1.6357 1.5145 1.4932 1.0871 0.5291 6.0603 6.0638 5.6104 3.6682 4.0890 4.4154 4.6714 3.8830 2.1492 2.3353 2.4081 3.2541 3.3804 2.0877 2.6830
1.8433 3.2241 1.7069 4.0623 1.9033 4.6523 5.1207 3.2653 1.5132 1.0212 4.0603 1.7438 3.6490 3.1714 3.5601 1.0754 2.2382 2.6055 2.5073 3.0285
1.5914 1.2929 1.9922 2.0275 2.6104 2.9149 1.0692 5.9954 1.0140 5.4945 2.6473 3.6518 4.2893 5.7901 6.2111 1.6594 1.6373 1.6905 1.5472 6.1765
2.5314 0.8817 2.5677 2.0147 2.8513 1.8998 2.6512 1.0667 1.1330 2.5452 2.0930 2.0044 1.4092 3.9294 4.9975 4.6218 0.6603 0.2996 1.3513 2.3867
