5.2934 0.0054 5.5325 6.0720 6.2707 4.4388 5.0174 4.2946 4.7198 4.4078 0.3338 0.2402 1.5518 2.4230 4.6990 2.1796 5.1823 6.1473 4.6159 5.5950
4.6195 4.0838 4.2391 1.8897 5.6454 1.1829 6.1878 1.1581 0.9449 1.2495 0.9419 2.0752 0.3814 0.3598 5.0527 5.2266 0.4185 3.6180 4.5887 3.0498
6.0238 6.2354 4.2483 3.6283 2.6979 5.5674 5.3264 6.1182 2.0447 2.4321 0.8585 0.3360 0.3468 2.5206 4.0636 4.0677 5.1138 0.3158 6.0091 0.0988
5.8670 3.5957 4.4353 2.0033 2.8487 6.1730 5.7822 1.0321 1.3218 5.1085 0.8308 2.1824 3.0276 4.4870 1.3100 2.4953 5.2772 4.5622 4.7992 6.2500
6.1235 5.3992 5.3162 4.5995 3.8034 4.3149 5.0455 4.6224 4.6889 4.3940 0.0695 1.1321 1.8480 3.0126 1.4528 3.6036 0.0125 1.2523 5.0418 6.0133
4.7544 4.2352 4.7272 4.2500 4.2581 2.6104 1.5493 2.1484 0.7456 1.0491 0.7897 4.0214 1.4838 0.6256 6.0929 5.9926 5.6773 4.6014 4.6831 4.2438
4.4743 5.7146 4.8895 0.4861 4.9486 5.6573 0.5370 0.8625 0.0901 5.4348 5.5288 6.1311 5.3411 2.7477 3.3488 3.4181 1.0797 2.8330 3.6082 3.8613
3.1723 2.4446 4.3272 3.9168 4.3479 4.0913 0.8196 5.1343 4.7942 1.6883 5.5277 3.3129 3.5838 5.5170 5.6431 6.2502 0.5810 3.5131 4.0911 0.5732
3.8895 5.3664 5.1589 0.7949 5.8871 0.3721 5.5480 1.1378 5.4772 5.6194 4.7141 0.9288 4.2676 5.4734 5.0748 5.1323 5.3582 5.3837 4.9268 3.8922
2.8599 1.3221 5.7978 5.7772 6.2539 4.6401 4.3003 5.6798 4.9445 3.3074 0.7107 3.3144 2.0948 3.5023 2.7718 2.1724 6.1356 3.1756 3.5767 3.4561
0.7469 2.7988 0.6184 1.8218 0.1435 0.8763 2.0960 1.4544 1.7436 1.8270 1.2853 1.7812 1.2444 5.0810 5.0540 4.7076 4.6613 5.4599 4.5141 0.1668
1.4890 0.0060 6.1396 6.1686 0.1776 5.2852 5.7319 5.1216 5.9943 0.1547 6.1655 4.0519 6.1534 1.7129 2.3232 2.9605 4.1903 3.7597 3.4049 3.9102
6.1868 2.9058 0.1749 1.4457 6.2332 6.1906 4.6232 2.4575 1.7660 3.5156 0.4633 1.2720 0.5378 0.5618 2.3046 2.2888 3.5634 0.9184 2.2445 2.2799
0.3727 0.4591 5.0360 3.4918 0.1234 6.0815 4.5784 6.2104 0.9636 3.9592 5.1480 4.9149 5.7066 2.2445 1.6108 1.5479 5.4241 4.4316 2.0185 1.8165
1.4013 4.3479 5.5549 0.2085 1.0000 2.5080 0.5936 0.0000 0.4863 0.8326 5.5139 0.7982 6.0591 5.9466 0.7582 4.2104 1.1386 2.1283 2.1971 2.8823
0.7288 1.3675 0.1958 3.8430 0.9119 1.2094 6.2253 1.7304 2.5184 4.7796 5.7793 4.4350 6.1245 0.5223 0.3372 1.6094 0.5385 0.8018 4.8255 0.0204
1.1261 4.4138 5.4698 6.0081 0.5609 5.4985 4.7854 0.0491 2.4490 2.1582 1.8696 0.9081 1.0971 6.2610 6.1978 6.0524 0.2463 4.4860 4.8404 6.0936
2.2489 2.2204 2.0497 2.5898 2.2218 2.8408 4.9190 4.4919 1.9280 5.5082 5.3725 4.9642 1.0007 1.4731 5.9136 4.2317 4.4489 2.7022 3.4905 2.5385
0.6638 6.2452 3.6353 5.9901 0.3099 4.2838 4.1989 3.6287 4.2789 4.9133 4.9122 1.3384 0.1246 5.1165 4.5627 5.3066 4.0555 3.3058 2.9332 6.2202
5.9051 2.7277 2.8610 2.0776 1.3327 0.0405 0.4805 0.0635 4.8319 0.8221 5.6731 6.0551 0.5874 0.3751 4.6848 5.4561 4.6299 4.0832 4.1372 3.5438
