6.2486 5.4806 2.7386 4.2891 3.8954 3.1235 5.0975 5.6580 5.3682 6.0384 3.1005 3.3127 1.0540 2.5941 4.5235 5.8201 5.2368 3.3869 3.6981 5.8858
3.2306 3.4467 3.9994 3.3184 4.3791 5.7830 5.1346 4.4463 4.0047 3.9093 3.5529 4.9145 0.4700 0.3343 2.8333 1.8138 5.6565 0.0264 3.4938 4.5762
3.4525 5.4673 4.4789 5.1637 4.7408 4.4749 5.4225 6.1360 1.0472 6.0027 5.2107 0.3810 5.5947 3.2994 3.5773 4.0122 6.2496 1.5799 2.2311 0.1598
4.2954 3.8866 3.3156 1.9164 2.1905 1.9625 2.4205 2.5571 2.7766 2.7624 1.8676 3.3894 3.1051 2.3271 5.1422 5.4483 5.4041 5.2539 3.3423 3.4277
3.5706 5.1952 2.5161 3.1118 2.2932 2.8880 3.1436 5.0308 1.4480 0.2645 0.2687 0.6749 4.3719 5.2179 4.7594 3.6497 6.1263 1.2279 2.7839 6.2119
3.2723 1.9302 1.8365 3.1232 2.3906 0.3637 5.7170 0.2464 6.2757 4.1308 0.0827 3.4006 3.3751 5.1514 4.9556 4.5672 4.2671 4.1536 3.4780 3.9424
2.0750 5.3087 0.3658 0.0108 2.0676 5.4370 4.8436 3.9626 5.7054 2.2328 0.0775 0.2111 5.0117 3.1559 4.0033 3.9197 3.3335 2.2544 2.5130 2.9560
0.1090 5.8974 5.3868 2.9804 3.2392 4.1228 0.2586 0.5640 6.0086 5.4158 5.6076 4.6946 4.2478 3.3672 3.9020 2.2878 4.4378 6.2092 2.2281 1.4235
0.1062 3.7794 4.1460 4.9402 3.4482 1.1824 6.0960 3.0323 1.4114 2.1765 4.7684 5.5400 4.6712 5.3238 5.7727 5.5452 3.9607 2.7262 2.1072 0.2614
6.1360 4.8858 4.2335 3.9443 3.1371 3.6349 3.7895 0.9626 1.0798 5.6304 4.1532 3.7898 3.9737 2.2878 0.4285 1.0000 1.0924 1.3031 5.9004 5.3167
5.8215 5.2637 3.5097 5.1864 1.6455 1.7869 4.3902 2.7513 2.5074 3.8424 3.5102 3.6237 5.6128 0.0983 5.0315 4.3186 0.4507 0.8047 0.1609 5.6829
2.5391 1.7596 2.7793 1.8319 3.6782 4.6688 5.5040 6.0214 0.3886 1.9259 3.1135 2.4232 3.5386 4.1994 5.0019 5.7674 0.9204 1.8403 5.8017 2.4676
5.5946 4.7976 3.1202 2.8595 2.4178 3.1043 3.1351 2.8234 4.6226 5.4141 5.6112 4.6088 4.2017 3.9025 5.1995 5.6168 5.9094 5.0093 0.2808 5.1005
2.3489 2.0868 2.5978 2.2878 2.4182 2.1086 4.0508 5.5571 3.9898 3.7441 2.5070 1.9207 2.3270 2.4606 3.0632 2.6743 0.3416 1.3046 1.1476 2.1179
4.1872 6.1933 4.2113 4.2855 3.8212 3.6400 3.3917 4.2482 2.5923 3.2055 3.0809 3.1861 3.2885 5.1538 1.8251 0.2409 5.8809 0.0171 3.0114 4.3348
3.9496 3.7320 3.9299 0.7967 1.8325 0.3575 5.7012 2.1316 1.4144 2.2547 2.9529 0.8010 3.6198 2.4978 3.0444 1.5722 5.5601 1.4144 2.9031 3.2867
4.6664 4.6879 4.0201 3.3518 4.4533 4.9133 5.8138 0.3976 1.2834 0.0300 4.5474 5.1101 4.4700 4.3681 4.1421 4.8786 4.9222 4.8713 3.8004 1.2609
4.2840 2.3278 3.7601 1.6208 3.0311 1.3148 0.7859 2.2924 2.8414 3.0350 3.1549 2.3987 2.2969 5.8274 5.0241 0.8170 0.5372 1.5891 4.8539 4.6396
5.0561 4.7313 0.2152 4.9646 4.2203 4.8635 4.9790 5.4077 5.1428 4.3842 4.0044 4.2015 3.0510 3.5264 5.7713 4.1412 5.6237 5.3474 4.8758 5.3465
1.3926 1.4988 0.6134 1.0651 6.0324 6.0308 4.3982 3.0487 4.3180 1.3269 0.5623 2.6633 5.8706 4.9806 5.8150 6.0653 6.1704 6.0357 4.9670 2.4924
