2.0558 2.5526 4.0346 5.7348 3.2073 2.1289 4.0076 4.7430 2.5656 2.2743 3.0355 2.4138 5.8367 5.6418 5.2210 2.6205 3.6482 0.7003 6.2007 1.0292
3.7917 3.2801 3.3708 2.8126 1.9027 4.4636 4.9408 6.1910 3.5714 4.9979 5.3646 5.7201 5.7001 4.2003 5.5309 5.6256 3.5390 4.7513 4.8544 3.7465
3.9928 2.2157 2.2335 5.9940 0.6065 4.3749 5.8595 4.6585 3.5464 2.2356 5.7079 3.2508 4.9042 6.2817 4.7908 2.3358 2.1832 1.5897 6.2809 5.5365
4.5783 5.1774 4.2159 3.8668 1.6498 0.4641 0.6020 5.3502 4.8494 4.9897 6.1494 0.0182 5.8448 2.6044 2.4428 1.1578 0.6392 5.5317 6.0360 3.7895
3.7407 2.8072 4.7117 1.4160 2.3693 3.0127 2.8883 3.2163 5.0243 5.5266 5.6586 2.9703 1.7798 6.1668 5.5109 5.5658 5.8445 1.4906 0.2334 1.6644
0.6175 0.3102 5.0354 2.3335 1.4665 1.1833 0.6295 0.8394 5.9376 1.4870 0.2517 0.3717 2.7642 4.5624 5.6163 3.5665 5.4358 4.8337 0.1055 5.7077
5.5719 1.0749 6.0161 0.1314 2.8354 2.1897 2.3257 3.4814 5.3084 4.8816 4.3984 3.6887 2.8596 0.9039 5.7692 6.1835 3.7497 1.8758 1.2990 2.9639
4.7767 3.6615 5.3773 3.8801 5.1294 5.4482 5.7474 6.1521 0.0912 0.9478 5.7438 0.2909 1.0354 6.2467 0.1199 5.4488 4.0553 3.7218 2.3761 5.3190
3.9385 4.9491 4.7301 3.3899 0.7761 0.0493 5.8268 1.8820 0.7654 5.0683 5.2693 2.3354 0.9759 3.2608 4.6364 3.9077 4.1346 0.1497 2.9659 3.0765
3.5258 6.0441 6.2051 5.9796 2.5215 3.6994 4.5328 5.1157 1.3571 0.2249 4.7276 0.2351 0.0844 0.3646 6.2176 0.1346 2.6452 3.6590 3.7551 6.1685
2.6054 2.0756 0.1011 0.7724 1.5486 0.8126 2.2133 0.5380 4.8870 4.3964 6.0553 4.8350 5.8006 4.9425 1.4765 3.5601 2.5816 4.8058 3.8198 2.1131
3.2843 5.1302 4.0999 4.4096 1.5091 3.7685 0.6102 4.0529 4.6120 5.5189 0.0298 5.6533 0.9254 1.5337 1.6392 1.3072 1.5715 2.3199 4.1738 3.2057
2.1048 2.1564 2.3173 1.6307 1.4888 1.4327 0.8676 2.7126 4.9267 1.0929 0.5570 0.9746 1.7721 5.6072 1.1026 2.6162 1.6792 1.5703 2.3418 6.0637
1.3676 0.1748 2.1269 3.4395 2.3217 1.9823 0.6468 5.0317 5.0099 5.0235 6.0923 0.1334 1.8447 1.6768 1.5020 5.7622 2.8076 5.3352 5.8662 1.4349
5.5828 4.6960 3.5679 0.2600 4.2564 4.4660 1.5503 1.4613 3.4051 3.2569 6.2827 3.8896 3.5088 4.6724 1.7862 3.3122 2.0375 2.2613 0.6547 5.1121
1.6296 2.3433 2.3942 2.7440 4.2218 3.0555 2.5944 3.7826 4.0979 5.3666 6.2690 5.1921 3.6102 2.7847 2.3815 1.9363 5.6258 5.1083 6.2425 1.2636
5.3612 6.1881 4.9138 4.8873 5.1157 5.1154 5.1166 1.1138 4.2856 4.2674 5.1278 2.5746 3.5713 1.0113 0.4592 5.0713 1.3422 2.2265 4.9209 5.3402
3.0925 3.3937 3.9405 4.8182 2.9377 1.8753 6.2370 4.9769 4.4396 4.8998 5.2649 4.6134 4.4500 4.6999 6.0643 4.2829 1.0618 5.8809 5.5248 3.9855
1.9033 1.6217 3.8042 4.8196 2.8741 5.9506 1.9133 2.4649 2.1177 4.9492 5.3699 2.7883 0.0153 0.0192 5.6110 0.8588 1.0508 1.9718 0.1646 1.0591
4.0424 4.4997 3.8947 2.3272 1.8021 3.8785 1.1828 6.1157 1.2795 6.2110 6.1887 5.8083 5.5146 4.4212 5.8923 5.3051 6.2380 5.5276 0.2802 4.8744
