2.5487 2.9844 0.7367 1.4532 2.2435 1.5587 5.5287 5.9101 2.4732 4.5029 4.9215 3.3785 5.2597 0.1444 2.5541 1.5158 1.0981 5.0857 2.8850 5.2614
1.9925 0.8540 0.6392 5.8436 4.3604 4.8433 4.6245 1.9860 1.6961 2.5923 4.9952 6.0330 5.9282 5.4498 0.9732 1.2829 1.5772 1.8619 1.3558 2.6438
3.4091 3.4645 3.7404 4.5850 4.0670 3.9886 4.5964 4.9895 5.0426 5.5891 4.8795 4.0543 5.7680 2.6882 0.8730 1.5900 0.6091 6.0423 1.2474 4.1601
3.4301 1.9242 5.1410 2.7588 4.0326 4.4240 4.3727 4.2796 6.1550 4.2068 5.3650 0.3415 1.2207 0.5357 0.6578 4.8616 3.8689 2.7160 0.8974 2.4957
4.3289 5.1747 5.9797 6.0690 3.2641 6.0567 5.3030 0.1991 0.9351 2.4971 4.1983 2.3250 1.4910 2.5827 1.8954 1.3079 3.3898 6.0223 1.8531 5.1107
4.7728 5.4944 5.7417 3.6551 3.4353 3.2694 2.9333 2.6594 0.1882 4.6270 5.6454 5.2984 6.2504 1.0819 2.4006 3.2170 3.0584 5.1829 5.9410 5.8539
5.8144 6.1095 1.3313 2.1556 4.0405 1.2797 2.5664 0.4706 0.3711 6.0613 0.9220 1.1784 4.5572 3.8801 3.2452 4.7771 2.5882 2.0684 0.6056 1.2234
4.6371 2.4776 3.0381 5.7902 3.7659 4.5608 2.1606 2.5867 5.7796 6.1917 5.4347 4.9064 3.0743 1.7602 3.3470 3.6707 3.9918 5.1966 5.4406 4.2959
4.4547 3.5509 3.2849 3.8841 2.6344 1.4843 3.5086 4.3926 4.8623 3.7056 4.4701 1.7102 2.6341 5.2847 3.9443 0.1391 2.9090 1.9103 1.7049 4.1271
4.7827 2.1001 2.3278 2.1235 3.2844 2.7355 3.5867 5.9976 5.7714 1.4476 2.2281 2.4184 3.3022 3.5559 3.1281 2.8615 3.2324 4.2261 2.7019 1.7380
5.2013 5.1938 2.3355 5.6076 3.4510 4.2176 3.9960 2.5945 4.4951 5.0743 5.4899 4.7993 4.6057 4.1873 3.0622 1.2645 2.5658 1.6356 2.2473 0.5580
5.3040 1.8770 1.8861 2.1411 3.3962 1.0398 4.7528 4.2751 4.7900 2.3901 3.5397 4.3333 5.3650 1.5774 3.8593 5.5447 1.7229 5.0398 2.1124 4.9616
4.5146 5.0665 3.3665 3.5244 3.9002 4.9466 5.3063 5.1129 5.7599 4.7590 3.6484 2.7996 4.6778 4.9467 3.9524 3.3573 3.4389 3.0223 2.4021 1.7371
3.0470 1.3569 5.9157 5.6547 5.1259 3.7816 4.1346 2.0339 0.4268 1.2793 1.5332 0.3514 1.3786 1.1923 4.9163 5.1348 1.3862 0.7980 2.8480 2.7770
3.7558 4.3196 4.7045 4.3772 4.2122 6.1153 4.2864 5.7422 6.2685 5.5454 0.9658 2.1622 2.7680 3.7753 4.1982 5.3959 0.1733 3.7748 2.4878 3.4039
6.0393 1.6189 5.5824 0.3752 3.4169 2.8550 4.0882 3.3652 2.1644 0.8954 0.1858 0.0443 6.1903 5.8590 4.2484 3.7586 1.9279 1.4791 1.2258 5.8065
6.2339 5.1956 5.5872 5.7703 5.4446 4.7232 4.7308 5.5873 0.4878 3.7557 3.5005 2.5680 1.4542 1.8707 2.4121 3.0333 3.1630 3.4840 1.2831 2.0842
2.0222 1.2292 4.1777 4.5440 5.5432 0.9055 4.5760 2.4710 1.9896 0.7187 5.6507 4.9135 2.0864 3.6190 1.2652 6.0706 2.1719 2.3054 1.4946 1.7218
3.4387 3.2772 3.9935 0.6675 0.8629 3.2126 4.7498 4.5231 0.9871 2.5415 3.1359 2.0205 1.2479 1.1143 2.1713 3.7743 6.2684 0.3822 0.2112 4.2825
1.1647 0.6475 0.2552 3.9921 5.6062 5.8132 0.9627 2.0336 2.1808 6.2254 5.8575 5.2148 5.3169 3.0494 1.8714 5.5587 6.2633 6.2380 0.9782 0.9132
