2.4173 2.1278 1.9664 3.9136 0.1902 0.9555 0.1812 0.5691 0.5574 5.0837 4.8959 1.9647 5.2526 4.9488 4.6831 3.2408 2.5693 3.3045 2.5552 3.0815
1.9302 5.5160 1.4842 1.4180 0.7403 0.0072 5.7365 4.4051 2.1105 1.8531 6.1811 5.8794 6.1242 5.8352 4.9648 6.2067 1.5334 3.8065 2.5323 1.0222
1.9935 1.9342 2.6897 5.1677 5.8733 1.4947 6.0682 0.3367 0.0692 6.0881 0.8348 1.8456 0.8126 1.1449 4.7117 3.3472 3.5836 2.9537 3.4894 2.7872
2.3726 4.6723 1.8957 1.5622 5.6558 4.0230 5.9737 5.5994 0.9555 1.3828 0.2094 0.1388 0.4839 4.5550 3.2091 0.0111 6.1246 5.7315 3.7593 4.5654
2.4361 3.4036 1.0251 5.5382 6.1740 6.2444 0.4986 2.3650 0.3951 0.2335 0.1254 2.2109 0.4523 1.0693 1.3790 2.2336 4.7523 1.9723 2.6146 2.6834
1.1729 0.4740 0.7235 0.8176 5.9332 0.8627 5.7002 5.5811 1.6841 1.6651 0.4979 6.0374 5.6639 3.8898 2.9643 4.6519 5.4761 4.2394 3.7461 1.5007
1.7142 2.2528 6.1965 2.5972 1.1074 2.3527 1.4790 2.0261 0.7098 1.1795 0.3879 4.5556 4.9464 6.0189 2.4618 2.8817 4.6016 1.7626 2.8935 2.7205
2.5211 1.5289 6.0740 0.4205 0.2137 0.9135 0.6282 0.3268 0.9725 2.1444 6.2043 0.8768 5.4917 5.0229 3.9215 4.4408 5.4277 4.7891 5.3201 6.0392
4.2422 4.6246 4.7431 3.5789 3.3456 3.5524 0.3802 0.6418 5.6937 0.0739 5.5797 4.1137 4.1811 3.7912 4.6156 5.6462 4.5820 0.1133 0.9484 4.0342
4.6337 2.8521 4.6514 4.8461 4.4201 0.9368 0.0156 3.7765 5.0066 3.6872 5.8455 1.2304 2.1601 1.4213 2.0209 2.1380 2.2890 1.4968 1.5056 1.3359
0.4335 5.6197 4.8977 4.5363 3.7499 3.6444 5.9417 5.2960 6.2723 6.1977 5.3334 4.6988 2.9983 3.5740 1.1199 6.0124 3.8492 3.7482 2.3502 3.6281
3.0535 3.1715 4.5171 5.1503 5.7205 5.1188 5.3188 2.2814 3.0127 1.9242 0.5708 1.5275 2.2519 4.1978 3.6645 3.8376 2.1224 1.4545 1.2735 3.8084
5.8373 5.0345 4.4848 0.6215 6.0167 0.6474 5.3077 4.5941 3.7789 3.7462 1.5219 0.0360 2.3249 4.8905 5.4673 5.4581 0.8916 3.1417 2.2250 6.2129
4.9924 3.8595 3.6139 3.0427 1.3016 2.3242 1.5461 0.1855 0.6637 0.1527 1.4327 2.2147 1.4677 1.1336 5.8272 1.8282 0.7530 0.6239 3.3522 4.0217
4.1683 0.7790 0.9898 0.1910 0.5639 5.1770 3.5007 4.4577 4.3659 3.6068 2.7981 3.5285 5.2693 5.3113 4.6185 5.2442 6.0905 5.8243 2.8257 3.3825
1.4497 2.3331 2.6163 1.4427 2.0588 2.3952 2.7533 0.3439 3.4049 6.0105 5.0729 5.8531 0.0574 2.8236 2.7976 1.9149 2.2932 2.1154 0.8823 1.1418
2.2667 1.4824 1.6052 4.5525 2.7689 5.0572 3.7876 3.9683 2.8891 2.5971 0.8385 5.9150 5.8625 6.0149 4.7988 5.4458 1.3101 5.7589 0.0127 6.2364
1.6419 0.3272 1.8782 2.4959 2.7072 2.9705 3.4532 1.3640 1.1495 0.7571 0.5076 6.0283 6.1314 2.1072 0.3054 0.7196 6.0655 5.2135 5.0067 3.8195
0.5053 4.9553 2.5499 2.1233 1.3439 4.0974 4.8535 4.5511 2.2815 4.3097 4.2546 1.6779 6.2524 5.2067 3.9792 3.8910 5.8074 0.6781 3.7146 4.7799
4.9991 5.8815 0.5665 5.9637 6.2720 4.5087 3.6568 3.9129 1.8389 2.5972 4.5776 5.0456 5.0735 6.0789 4.8669 6.0087 1.6954 5.3506 2.7772 2.3380
