6.0682 5.5817 1.3854 0.5152 5.9226 1.0999 0.8030 3.9651 4.4439 2.8136 2.3319 2.9220 3.0573 2.5788 3.3173 5.3727 3.0286 4.6335 5.4689 6.2365
4.1794 2.9754 2.9414 2.8434 0.6696 5.8209 6.2135 1.9832 2.1727 2.3286 3.4163 5.1381 4.7130 4.8763 4.1659 3.0929 2.9160 2.1861 2.8399 3.9202
5.5306 5.3446 4.9141 5.9431 0.1649 0.3166 0.9430 0.5972 2.5020 4.6695 4.1770 5.1769 4.3286 4.8486 3.9266 0.6354 2.9792 0.4640 5.5792 5.0147
5.6874 3.2417 3.7833 4.0731 2.7423 2.7203 1.4757 1.9237 1.7821 3.0407 1.4012 2.1985 4.1051 1.6458 2.2726 2.5608 2.2655 3.0017 6.0029 5.4803
0.9844 5.9859 5.4864 4.6913 5.2657 4.7918 0.5507 6.1148 1.5367 1.8962 3.4829 3.7007 5.0846 3.3891 3.9032 3.6300 4.1681 5.1842 0.0500 1.1913
0.6577 2.7486 6.1461 0.4144 0.1789 2.1780 0.0016 1.3331 1.1339 5.3276 3.4268 6.2581 0.7730 5.3973 4.5631 3.6766 3.8678 2.7977 2.4952 1.2734
0.4998 0.9120 1.5400 2.8425 5.8968 4.3482 4.7958 5.2712 1.8864 2.5857 1.9486 0.7791 1.1687 2.3649 1.6793 0.9444 2.3039 0.1010 0.3763 1.3540
4.8470 3.7222 1.5305 0.3541 5.5917 6.0471 3.7332 2.2405 2.5583 0.6142 5.9288 0.1554 0.3905 4.7419 4.2408 4.7906 3.6348 0.9006 5.9030 5.8509
0.9231 5.4350 2.7619 2.6346 5.3546 3.4177 4.6619 5.5259 5.1154 0.5435 0.4435 4.2650 1.6802 6.2761 0.6290 3.6663 4.0444 3.6538 3.7309 2.7976
0.9806 1.0342 0.0087 5.7145 4.7629 6.2426 1.7475 2.7530 4.2166 2.6086 2.1806 5.2516 2.8226 2.4490 4.1384 1.2350 5.0749 0.2975 0.8305 1.6354
6.2412 0.2586 1.3925 2.8872 2.9255 3.4435 3.4512 3.7150 3.1038 4.0868 2.4777 2.6294 3.4295 5.1782 4.1720 5.8652 4.8084 4.0915 3.6764 3.8405
4.8012 5.6698 6.2463 6.1187 0.9077 5.8333 2.2411 5.4676 5.2999 5.3055 4.7929 4.6909 4.2212 3.8088 4.1837 3.9076 4.4866 4.6970 4.3360 5.1640
3.0621 2.4025 2.6336 2.5600 2.5106 0.6825 0.3380 5.0979 4.8367 5.4145 4.0795 1.8928 3.4095 1.9739 4.4400 5.9769 5.1245 1.9063 3.4633 2.2332
4.1273 5.5541 2.5732 4.4199 2.2272 2.1990 1.2149 1.7443 4.3882 0.8394 4.1561 4.7115 3.5300 3.7758 2.3677 2.6582 5.1756 4.2657 4.1725 4.2111
4.3330 4.6582 3.5393 3.2494 4.1378 4.0755 2.7400 1.9410 1.5005 1.8719 2.4673 2.6864 1.4833 1.4917 1.7620 0.8419 4.8261 4.3630 2.7719 1.3137
3.4817 2.8430 4.3516 3.9560 4.4651 3.6486 2.3649 5.5142 6.0588 5.7898 6.0835 0.2138 0.1752 4.5960 3.9123 2.4170 2.1301 0.6324 3.5170 3.0480
3.0937 1.4896 5.7699 5.9622 5.3011 4.5691 1.8538 0.8182 1.0409 0.8284 0.6976 2.3995 2.7500 1.8094 2.5975 0.2651 3.1388 3.8950 3.0757 2.3096
3.8427 3.6769 1.7118 3.5449 0.0639 0.8152 2.9978 3.8762 4.7363 5.7701 5.1482 0.8251 2.7270 4.1600 3.4674 3.2300 3.5557 3.9774 4.1819 5.1823
3.1338 0.1922 0.3688 0.2544 5.8894 4.8006 2.9484 4.2942 4.6648 1.7051 2.5014 2.9148 3.6912 1.7592 2.9325 4.1082 4.7047 3.7806 3.6391 3.6679
2.3802 2.5798 3.0092 2.8274 0.0894 5.0919 6.0860 0.4280 5.1908 4.7766 3.2773 3.5603 3.7163 3.9545 2.6905 1.7543 2.5111 2.4381 3.6931 2.9720
