4.4472 3.6340 5.9486 4.9526 2.4410 6.0749 5.6701 2.6774 0.5116 2.1097 1.8386 2.1601 3.3077 5.0366 6.2453 0.1540 0.5092 6.1973 0.4116 2.7123
5.9164 5.6828 6.0198 2.7124 2.4338 3.6598 4.4319 5.0821 5.6024 5.0579 3.9471 5.1865 5.3420 4.2244 2.9406 5.1880 5.1109 3.3962 5.6398 4.8109
2.0480 2.0702 6.0674 5.2655 5.7032 5.6281 3.5285 4.5136 4.4356 5.9843 5.7868 5.6555 6.0052 6.0058 2.3016 2.2870 3.5833 3.4221 3.6871 1.9172
5.4890 5.9933 5.0537 3.6516 4.5086 3.2383 2.0275 1.7227 3.7039 4.7683 5.3864 3.5426 2.0196 3.0721 2.4499 3.2027 3.3453 0.2598 1.0461 5.6316
4.9182 4.9507 6.0470 6.0935 0.0467 1.4220 3.1833 3.4871 1.5501 2.0036 1.2876 5.6167 5.0411 5.3450 1.6843 0.0602 2.7258 4.2106 5.4815 2.8057
6.2479 0.1881 5.6918 0.5169 6.2054 0.3095 5.9897 1.2361 1.8092 1.4287 2.8272 1.0777 0.9506 1.4617 2.2131 2.5862 1.0706 0.7764 0.9043 0.3316
3.0351 5.1440 4.5956 4.6126 4.1199 4.0670 1.9383 2.6531 2.9844 3.3222 2.2946 3.9076 5.7636 5.8930 5.6860 1.0961 1.7173 2.3757 1.8797 3.4983
3.5125 1.6602 0.8340 0.3020 3.4674 2.2435 2.3965 1.2745 6.0031 0.6091 1.2638 1.1630 5.5993 0.1547 5.7028 5.5898 5.5418 4.5322 3.0322 3.6015
4.9147 0.2062 1.8740 3.6102 2.5934 3.4769 3.8944 5.2542 4.8633 4.3450 2.8369 3.8704 3.7122 2.8998 2.6586 2.9119 2.2737 1.7247 2.4246 4.6940
3.5814 3.3944 1.8082 1.7666 4.3268 6.2039 5.7225 2.0953 6.0100 5.7957 3.6286 5.5068 5.7657 5.9788 0.8925 0.5288 1.1575 6.2212 0.6835 2.1539
3.6506 6.1081 0.8867 4.2114 3.3299 3.5486 3.2977 4.6268 2.5525 1.8369 2.3373 1.8355 0.0459 5.3996 6.1701 5.9882 1.6965 1.2047 0.9643 4.9351
3.5898 2.7565 0.9870 1.6407 4.0964 2.0021 1.3765 1.7415 2.4197 3.8187 4.8419 4.5338 0.1845 1.1600 3.2326 2.0943 0.0266 1.2151 2.7357 2.3944
3.7934 4.4058 3.9379 3.9817 4.7214 5.2799 5.6183 5.6493 1.7095 2.3676 1.3602 0.5763 0.9707 2.4895 4.0394 4.2616 5.7108 5.4478 0.2360 4.6254
1.4968 1.7654 2.2065 5.2336 3.4511 3.6116 3.2642 2.4902 0.3288 5.2228 1.4629 4.7356 3.5112 3.1654 4.5605 0.2077 5.5816 5.8785 0.9100 1.2681
5.1055 1.2885 2.4756 3.0082 3.6253 4.7411 5.8710 5.7195 0.6835 1.3743 0.5966 6.2242 3.5344 3.9588 4.4267 4.9637 5.0095 4.3971 4.7060 4.6982
2.9448 5.3033 5.0815 4.9299 3.8270 0.1867 1.0159 1.6114 1.8983 2.8703 1.4455 2.7756 4.0277 4.9857 4.7211 5.5633 5.4835 6.1682 5.9186 1.3606
3.8314 3.1041 4.9962 1.3311 3.4792 4.0901 1.1564 1.0252 0.4490 0.8101 0.2019 2.2725 3.7668 2.0507 2.3270 4.0416 4.5604 4.1963 5.8513 4.6741
5.8222 5.0276 5.1249 0.1972 1.9164 2.4041 1.7654 3.8084 4.7169 5.3791 3.7865 4.5287 2.9296 4.8894 0.6089 5.9694 0.1026 0.1788 0.0289 0.3867
6.2229 5.6445 6.1106 3.0232 2.9261 2.9265 1.7756 2.7226 5.6066 1.9274 1.7358 2.5216 2.1976 1.8095 1.3716 3.2400 5.0478 4.8839 0.9256 3.6589
5.2453 6.2764 0.2669 1.1010 1.7487 0.9264 6.2079 6.2008 0.0366 0.3639 0.5179 6.1474 0.2920 1.6153 1.5505 1.9927 0.5527 0.1714 0.1277 5.6847
