2.7556 0.8158 1.2555 0.6946 4.9462 4.3760 2.7021 3.7145 1.6457 1.3480 1.8430 1.2766 0.2544 0.3406 1.0907 0.2292 0.8989 0.4521 4.2974 4.3126
2.0108 1.4317 2.7029 4.3677 4.7978 4.8530 3.3611 1.5013 2.0827 3.4911 3.0141 5.4063 0.9225 1.4729 1.2196 3.1924 1.8579 3.2137 2.4601 1.1953
3.5454 4.0530 3.4445 2.4434 4.5482 1.4060 2.7678 4.2299 3.5291 5.8526 1.4138 2.5196 4.2088 5.6092 5.5030 0.6551 2.4040 4.0676 4.3408 4.1651
2.7405 1.9760 4.2036 5.9082 4.7958 3.8175 2.4893 2.0884 1.9467 2.2713 2.3732 2.2615 2.8044 1.9966 3.3613 3.0815 2.0296 0.3902 3.2100 2.5819
4.1878 5.1320 4.1116 3.7352 3.6431 3.6919 2.2587 1.0502 2.5061 3.1956 2.6236 3.7453 4.5211 4.6314 3.4955 2.8041 2.7696 4.9108 3.1035 3.0355
3.2530 3.4806 3.9493 5.5362 4.9524 2.2700 1.1454 4.0024 1.7760 1.2533 2.7991 3.7624 3.5926 4.5201 3.1527 1.8000 2.0783 1.0766 2.2797 0.2086
2.0104 2.5721 3.9577 3.4541 5.2772 4.9157 1.8698 1.5731 3.4110 3.6254 4.2799 3.8033 2.3706 0.0466 4.7675 5.3672 4.2820 4.3706 0.2962 2.7529
1.5812 0.9414 5.3695 0.0640 4.1638 0.5812 6.0002 4.5304 3.6382 6.1006 4.9476 0.4834 1.8595 2.3899 3.1480 2.4249 0.8191 1.0225 0.7506 0.7174
4.0942 4.4510 5.0811 2.6780 3.1972 3.5155 4.1978 0.4844 4.3779 4.3694 6.0539 2.6818 1.6190 0.4819 0.1800 5.9926 1.3877 1.2624 0.4875 4.3542
6.0019 3.8418 5.1939 5.6953 0.0705 0.1630 5.2813 5.0754 5.1751 1.4341 0.4542 5.8399 1.4070 2.2559 0.1192 3.9118 3.2911 1.7073 1.0660 0.5877
6.0322 0.3253 6.2395 1.2716 0.7082 4.7214 4.8598 3.0581 4.3782 4.2904 4.0592 2.6220 3.0012 5.0544 5.4620 0.5763 2.3667 2.7321 5.5540 4.8596
5.9665 2.8799 0.1123 4.8800 4.6404 5.4070 4.5966 4.5241 3.6304 2.7194 1.8538 1.6124 2.3259 2.6125 3.7492 3.4522 2.7073 5.7492 5.0025 5.3082
0.1648 5.1078 4.0446 4.8581 4.0406 4.2273 5.2940 5.7642 4.8633 3.4480 3.3933 4.6184 2.5605 0.3829 5.1342 0.3077 3.3342 2.7200 2.8584 1.2840
6.1533 5.7207 5.7798 1.5891 0.1367 1.8635 6.2461 0.3768 5.8390 3.6892 4.3678 1.7437 3.2806 3.0205 0.6894 1.8721 4.6441 5.7012 6.2518 4.5979
1.0263 1.6166 5.7503 5.3888 4.4553 4.6297 4.8627 4.4724 5.0558 5.2778 4.3917 3.3479 4.9775 5.4421 0.3995 6.1607 2.9211 2.1094 1.9066 0.3003
5.2421 4.5461 0.0051 2.6909 0.2391 2.1185 4.4597 4.4922 4.3090 3.2478 4.2735 4.9361 5.4149 3.8703 5.4986 4.2961 0.6393 5.7647 5.9151 5.6668
6.1202 0.5582 0.0480 6.0370 6.0978 5.8106 0.0572 6.1259 4.5361 0.1603 2.9021 2.0767 5.6198 0.1612 0.0723 1.4047 1.3229 1.6460 5.4889 0.4021
5.7467 5.1281 5.3925 4.3802 1.2607 0.6946 1.7346 1.0771 3.0147 3.5562 3.0230 5.4503 5.6371 3.5526 3.1257 4.3394 1.3709 5.5986 5.8530 5.8760
0.0901 5.6454 4.5113 4.7511 5.9311 3.0109 2.7977 3.4429 3.7890 1.2331 1.2388 1.2598 6.2405 1.2070 1.2156 0.6283 1.6405 1.7885 5.4585 5.9821
2.5189 4.0517 3.7395 4.4757 5.1252 1.3711 1.7453 0.4541 5.6846 5.1240 2.3444 6.1448 5.7704 6.2436 3.1243 4.5175 1.8344 3.1014 3.8773 1.5711
