2.500000000000000000e-01 2.500000000000000000e-01 5.610000000000000000e+02
2.500000000000000000e-01 7.500000000000000000e-01 1.500000000000000000e+01
2.500000000000000000e-01 1.000000000000000000e+00 3.000000000000000000e+00
2.500000000000000000e-01 1.138889999999999958e+00 3.000000000000000000e+00
2.500000000000000000e-01 2.250000000000000000e+00 2.000000000000000000e+00
2.500000000000000000e-01 4.169999999999999929e+00 1.000000000000000000e+00
2.500000000000000000e-01 4.316119999999999735e+00 1.000000000000000000e+00
5.000000000000000000e-01 0.000000000000000000e+00 4.900000000000000000e+01
5.000000000000000000e-01 5.000000000000000000e-01 1.400000000000000000e+01
5.000000000000000000e-01 7.500000000000000000e-01 4.000000000000000000e+00
5.000000000000000000e-01 8.888899999999999579e-01 1.000000000000000000e+00
5.000000000000000000e-01 2.000000000000000000e+00 2.000000000000000000e+00
5.000000000000000000e-01 2.277779999999999916e+00 1.000000000000000000e+00
1.000000000000000000e+00 2.500000000000000000e-01 2.400000000000000000e+01
1.000000000000000000e+00 3.888900000000000134e-01 7.000000000000000000e+00
1.000000000000000000e+00 1.500000000000000000e+00 2.000000000000000000e+00
1.000000000000000000e+00 1.777779999999999916e+00 1.000000000000000000e+00
1.000000000000000000e+00 2.611110000000000042e+00 1.000000000000000000e+00
1.000000000000000000e+00 3.419999999999999929e+00 2.000000000000000000e+00
1.000000000000000000e+00 4.000000000000000000e+00 1.000000000000000000e+00
1.000000000000000000e+00 5.500000000000000000e+00 1.000000000000000000e+00
1.000000000000000000e+00 5.714879999999999960e+00 1.000000000000000000e+00
1.250000000000000000e+00 0.000000000000000000e+00 8.000000000000000000e+00
1.250000000000000000e+00 1.388900000000000134e-01 1.700000000000000000e+01
1.250000000000000000e+00 3.125000000000000000e-01 4.000000000000000000e+00
1.250000000000000000e+00 1.250000000000000000e+00 6.000000000000000000e+00
1.250000000000000000e+00 2.361110000000000042e+00 1.000000000000000000e+00
1.250000000000000000e+00 5.000000000000000000e+00 1.000000000000000000e+00
1.250000000000000000e+00 7.331629999999999647e+00 1.000000000000000000e+00
2.000000000000000000e+00 0.000000000000000000e+00 1.000000000000000000e+00
2.000000000000000000e+00 5.000000000000000000e-01 3.000000000000000000e+00
2.000000000000000000e+00 1.125000000000000000e+00 2.000000000000000000e+00
2.000000000000000000e+00 1.250000000000000000e+00 1.000000000000000000e+00
2.000000000000000000e+00 2.062500000000000000e+00 1.000000000000000000e+00
2.250000000000000000e+00 2.500000000000000000e-01 3.100000000000000000e+01
2.250000000000000000e+00 5.277800000000000269e-01 1.000000000000000000e+00
2.250000000000000000e+00 1.000000000000000000e+00 1.000000000000000000e+00
2.250000000000000000e+00 1.066330000000000000e+00 1.000000000000000000e+00
2.250000000000000000e+00 2.750000000000000000e+00 1.000000000000000000e+00
2.250000000000000000e+00 4.390620000000000189e+00 1.000000000000000000e+00
2.500000000000000000e+00 0.000000000000000000e+00 1.000000000000000000e+01
2.500000000000000000e+00 2.777800000000000269e-01 2.000000000000000000e+00
2.500000000000000000e+00 6.250000000000000000e-01 4.000000000000000000e+00
2.500000000000000000e+00 8.163300000000000001e-01 1.000000000000000000e+00
2.500000000000000000e+00 8.800000000000000044e-01 1.000000000000000000e+00
2.500000000000000000e+00 6.376730000000000231e+00 1.000000000000000000e+00
3.250000000000000000e+00 6.633000000000000007e-02 4.000000000000000000e+00
3.250000000000000000e+00 1.300000000000000044e-01 5.000000000000000000e+00
3.250000000000000000e+00 3.611099999999999866e-01 4.000000000000000000e+00
3.250000000000000000e+00 8.125000000000000000e-01 2.000000000000000000e+00
3.250000000000000000e+00 1.316119999999999957e+00 1.000000000000000000e+00
3.250000000000000000e+00 3.464879999999999960e+00 1.000000000000000000e+00
4.000000000000000000e+00 6.250000000000000000e-02 5.000000000000000000e+00
4.000000000000000000e+00 2.500000000000000000e-01 1.000000000000000000e+00
4.000000000000000000e+00 4.199999999999999845e-01 2.000000000000000000e+00
4.000000000000000000e+00 1.312500000000000000e+00 1.000000000000000000e+00
4.000000000000000000e+00 1.555560000000000054e+00 1.000000000000000000e+00
4.000000000000000000e+00 1.104847999999999963e+01 1.000000000000000000e+00
4.250000000000000000e+00 0.000000000000000000e+00 1.000000000000000000e+00
4.250000000000000000e+00 1.700000000000000122e-01 2.000000000000000000e+00
4.250000000000000000e+00 3.161200000000000121e-01 2.000000000000000000e+00
4.500000000000000000e+00 2.222200000000000009e-01 1.000000000000000000e+00
4.500000000000000000e+00 5.000000000000000000e-01 1.000000000000000000e+00
4.500000000000000000e+00 8.125000000000000000e-01 2.000000000000000000e+00
5.000000000000000000e+00 3.125000000000000000e-01 2.000000000000000000e+00
5.000000000000000000e+00 1.632649999999999935e+00 1.000000000000000000e+00
6.250000000000000000e+00 0.000000000000000000e+00 1.000000000000000000e+00
6.250000000000000000e+00 3.697999999999999898e-02 1.000000000000000000e+00
6.250000000000000000e+00 1.275499999999999967e-01 1.000000000000000000e+00
6.250000000000000000e+00 2.500000000000000000e-01 1.000000000000000000e+00
6.250000000000000000e+00 3.515620000000000189e+00 1.000000000000000000e+00
6.250000000000000000e+00 6.250000000000000000e+00 1.000000000000000000e+00
6.500000000000000000e+00 0.000000000000000000e+00 3.000000000000000000e+00
6.500000000000000000e+00 8.913199999999999790e+00 1.000000000000000000e+00
7.250000000000000000e+00 1.132800000000000057e-01 1.000000000000000000e+00
8.500000000000000000e+00 3.400000000000000244e-01 1.000000000000000000e+00
1.225000000000000000e+01 2.500000000000000000e-01 1.000000000000000000e+00
1.525000000000000000e+01 2.883000000000000146e-02 1.000000000000000000e+00
1.525000000000000000e+01 1.260300000000000031e-01 1.000000000000000000e+00
