5.5449 0.1952 3.1703 1.1191 5.7677 5.8949 5.2184 0.0027 1.3308 5.4839 4.1300 0.5408 0.5877 2.0075 3.9466 6.1925 4.2373 5.6156 6.2758 5.2732
4.9040 3.0537 4.2725 3.6278 3.1061 2.9618 1.2339 2.0025 1.4544 3.0145 3.6105 3.4663 4.0246 4.4645 3.4531 2.3855 2.7165 1.3332 0.2469 3.9438
1.5252 1.9308 3.7840 4.1045 4.8438 0.4368 0.3422 5.9593 1.3051 5.7817 2.5097 3.8088 2.3914 5.7813 3.2197 2.2706 2.1714 3.9510 3.0105 5.6619
0.1620 5.3803 4.3925 4.6517 4.0900 6.1465 5.9503 3.4405 2.1054 2.1323 1.3407 2.2675 2.7819 3.8747 0.9997 6.0111 1.6456 1.9035 2.5234 1.3371
1.0486 2.1620 2.7889 3.1923 3.6964 6.0876 5.6171 0.7978 1.5136 4.7925 0.1771 4.6255 3.4357 5.2912 5.3229 1.6869 5.7995 5.7439 2.5236 5.3206
1.9742 1.0345 2.1058 0.8081 0.7872 2.2518 4.1991 6.0793 1.0860 0.6712 5.9328 1.8891 3.3828 5.5894 6.1364 5.2319 5.7371 1.3843 1.8437 1.6368
2.2561 4.4831 4.5632 4.1140 4.1724 4.3721 3.3470 2.6930 1.9675 4.2923 4.3845 4.0090 2.8856 1.6320 6.1913 1.8761 4.0095 5.7943 5.1258 4.4159
3.0312 2.5337 2.4019 1.1972 1.8056 2.5076 2.2287 1.7400 0.4114 0.6743 2.8478 2.3549 3.6289 4.4694 5.5538 0.5006 3.2865 3.9518 5.3084 4.5230
5.3010 0.1402 0.2357 5.5814 2.2467 4.9464 0.0901 5.7463 0.2169 6.1597 5.9259 4.0360 6.2239 1.1151 6.1669 2.8955 1.3194 1.4044 0.5836 1.5401
4.6358 2.3428 0.5506 6.1246 0.6792 1.7975 1.7194 1.7027 0.6518 5.8647 0.1726 0.8437 5.9629 5.0042 0.7949 5.1901 5.4585 4.7392 4.3438 4.5424
0.0006 6.2581 1.8124 4.7016 0.0533 0.3317 1.8764 6.1039 0.8507 0.6933 0.2697 5.2650 5.4927 4.0291 3.2095 2.1803 2.9395 0.8596 0.4575 1.2717
4.3449 3.0839 2.9852 3.7938 1.7949 3.3034 3.0929 3.0417 1.4845 4.3992 0.1301 0.9935 0.2212 0.5872 0.6077 5.0388 2.7568 0.8695 6.0447 5.7711
0.9445 0.1506 6.2253 2.1049 1.9309 1.5387 3.0490 0.7661 3.8659 3.8323 4.4411 4.0147 1.7970 3.8919 5.3379 3.3815 4.7699 2.1924 2.5305 1.5320
5.5465 3.1919 4.5465 3.6577 2.5103 4.8455 4.2556 3.8690 3.3036 1.6106 5.2701 0.5529 1.0860 1.0795 6.0347 6.1351 3.5467 2.0120 1.7617 5.5062
2.7424 0.8733 0.9343 1.0213 5.4499 0.3579 5.7406 4.3513 4.1135 2.5551 1.5239 2.2167 0.9445 5.1509 2.9510 2.7193 2.3078 1.2895 3.0097 2.6691
4.5067 4.2886 3.1040 3.0207 4.3169 3.3094 2.3500 4.2869 3.8148 3.6196 4.2300 5.9300 0.2873 0.6846 0.7239 1.8847 3.0193 4.0900 4.3378 4.4591
1.6429 1.5261 3.9173 2.0575 1.6406 2.2807 2.2550 2.8863 5.9692 0.8321 1.3427 0.8114 1.4420 4.3099 6.2003 4.5887 4.2013 5.8617 2.5729 0.3791
4.8890 4.9501 3.9519 4.9456 0.9790 1.4614 3.1710 1.0548 2.2578 3.1302 4.1043 4.3209 1.2004 1.2281 0.5401 4.4833 3.9824 5.0357 5.1714 4.1642
4.6954 3.9082 3.3949 2.4411 5.3914 5.9051 3.6033 1.7214 0.8318 4.4507 3.7691 1.3126 2.6474 4.6579 3.3489 4.3211 4.7048 1.5187 5.0595 5.8625
5.3312 3.6125 2.2791 4.8664 5.5200 3.2574 4.2540 3.7387 1.4220 1.2138 5.3059 4.0165 0.7595 0.5032 4.7310 3.4409 4.0344 3.5428 5.4548 4.2890
