4.3594 3.4426 1.7423 1.8128 2.4719 0.4480 0.8664 1.0579 3.6089 3.8095 2.9795 1.7169 5.9170 0.4258 0.6856 5.2592 5.4915 3.2395 5.3734 5.9798
5.6160 5.8119 1.9501 0.4510 3.9131 4.1562 0.1617 3.8543 2.1357 1.9021 5.1476 5.1391 6.0708 1.0512 1.2772 0.0947 6.0712 0.2390 4.9531 2.6936
3.8332 4.7621 3.2403 2.6146 2.4556 2.5807 6.2753 2.2428 5.9217 5.6180 0.8902 6.2696 5.9307 4.6389 3.3133 3.5411 3.2159 3.6775 4.5401 5.0196
3.1873 2.2088 2.8708 5.4368 2.1884 0.3819 0.5889 0.0032 4.0457 2.9109 3.7092 3.1030 6.1218 0.7839 1.0199 1.1235 1.1848 1.9031 1.5674 2.3934
1.9950 2.3095 2.2805 2.1854 1.8909 1.9971 1.5817 2.0805 4.7594 5.4654 5.2429 0.2133 5.5115 5.2558 0.3800 4.6134 3.1518 4.1639 5.3190 5.6588
1.6449 5.6797 0.9870 1.9230 1.9536 6.1667 6.1375 0.3135 1.4045 1.9854 4.7042 4.9392 4.4300 1.3893 1.3981 1.5301 0.3556 1.2131 0.4652 2.9465
0.5209 1.7875 1.7429 5.0287 4.0185 3.0754 2.3543 2.7257 6.1035 4.7884 6.1645 0.1342 0.1793 1.9975 3.0092 3.9745 2.6846 2.5908 3.6752 4.6943
0.5546 0.2970 0.8671 1.8437 2.0439 1.4315 1.9525 0.7481 0.6283 0.9517 4.8624 4.6128 3.9851 4.9892 2.0320 5.6260 4.7352 5.5999 5.8012 6.0235
0.2816 0.0767 1.3793 4.6499 5.6300 4.8363 1.4133 1.7670 0.2244 5.3326 5.6846 0.4603 5.7728 3.8395 2.1610 2.6699 0.0623 2.8248 0.7462 1.4416
2.2051 0.7172 1.3818 1.4172 5.3587 1.0308 1.1165 4.2066 6.1126 3.2570 5.0168 3.4925 3.8366 3.5084 2.3448 4.4752 6.1592 5.8946 0.2348 1.1949
1.4350 0.2095 0.7002 3.0801 6.0693 1.8048 2.2471 1.0666 1.2150 1.3893 0.2270 6.2424 5.4183 5.9809 0.9895 4.5204 2.3182 3.0399 5.2575 5.5854
2.4544 3.5673 0.2105 0.8835 5.7346 2.4265 1.1183 2.9973 2.9581 4.2872 5.0126 5.4074 6.0917 5.5532 5.7146 5.5448 2.1125 1.0308 3.0358 2.1920
1.2217 5.7616 6.0521 5.2754 0.9465 6.2473 6.2722 1.0717 0.7047 1.1361 2.7131 3.0049 1.5131 3.5268 0.1777 3.7763 1.8471 3.9050 1.8360 0.7127
1.4743 1.7987 0.4026 1.6801 2.5377 3.7509 3.8704 4.5974 5.2585 5.7366 2.5681 1.9618 1.5958 0.8983 0.9271 0.6373 1.5148 0.7056 1.9301 2.9484
2.4159 4.3635 5.2665 5.4804 1.6520 2.9678 1.9382 2.9435 1.6573 4.3441 3.2352 2.1359 1.4331 3.2115 4.3206 1.7298 1.5228 1.7188 2.3401 2.3182
2.7100 0.4649 4.6626 4.4041 3.2777 3.7145 2.3463 2.5793 1.0974 1.3064 2.7298 4.8335 4.4234 5.1930 2.2211 5.2850 2.6171 2.1570 1.8938 1.8262
0.6394 3.0671 3.0391 3.5855 2.4388 2.6999 1.6213 2.0636 2.6897 0.1475 2.7379 2.2500 4.4107 2.9628 2.9857 1.3348 3.7950 5.1978 2.9191 5.6229
6.0592 6.2499 0.4405 0.8286 1.0103 2.9701 0.9992 4.8020 4.0259 2.7625 1.5017 6.0601 2.0959 3.2116 2.1478 3.1765 3.2903 2.0607 2.1473 2.1297
5.9233 0.5389 0.1348 5.8772 1.6994 1.5790 1.4078 1.1181 5.2494 5.5549 0.7308 2.2558 0.9920 0.0823 0.3572 4.8604 5.0212 1.4479 2.2673 5.6709
3.9445 1.1260 1.2245 1.6264 2.9666 1.7081 4.7388 4.3833 4.6336 6.1083 0.5699 4.0311 5.4230 2.6542 5.7521 5.6427 3.9856 4.8226 4.4120 2.9779
