0.3556 0.9048 3.5118 5.2442 5.5247 2.1564 1.4062 3.3626 3.7694 3.0054 5.1683 1.4441 4.0752 3.8790 0.3769 0.1373 3.6838 3.1167 5.8286 0.1339
6.1281 4.4583 3.6102 4.8633 5.5851 5.1897 6.0473 0.6001 1.5085 5.1179 4.1042 5.0920 5.2982 3.4636 2.9858 3.3200 3.3243 5.6467 4.3118 0.3287
4.9890 2.9268 3.3396 3.0622 3.1284 1.9182 3.3282 3.3431 1.4988 2.2586 2.0596 2.7344 1.8019 2.2856 0.4394 1.2324 3.5775 3.4894 2.4209 3.0043
2.6498 5.1434 3.1415 3.4025 2.2698 4.7748 4.7599 5.4075 0.9008 2.7874 2.3032 1.7355 1.5646 0.4346 0.4113 0.4287 5.5008 0.5822 0.8115 2.5249
3.7473 2.4577 2.3403 1.1826 3.2591 4.9088 3.8705 3.8249 2.3422 2.9472 4.8711 3.2918 2.9128 2.4419 6.1647 2.7321 1.9850 2.4367 3.1468 2.5872
3.7880 4.6168 4.2208 3.2297 3.1515 1.8078 1.3575 0.7884 2.7349 5.5536 0.7577 0.5456 2.4610 0.0245 2.0788 0.3253 0.9314 5.2641 2.9472 1.1686
3.1201 1.7061 2.8985 4.4142 3.5780 2.5754 2.4952 3.2974 1.6663 3.0333 1.9978 3.2216 1.2246 2.1888 4.4550 2.1621 4.9846 2.1414 2.6701 3.6733
4.8632 4.5947 3.6126 1.9836 4.2169 3.8855 4.5953 4.9829 3.1549 4.1259 2.6101 5.6351 4.5493 5.3641 5.4432 6.2008 3.7791 4.5111 2.9653 0.7815
3.1670 3.4030 0.8513 1.3780 1.8565 4.0827 0.5212 0.4820 0.0168 0.1234 3.1509 2.8167 3.3536 2.0763 3.2897 3.5931 4.4396 1.5428 2.0734 2.0304
3.2947 2.1608 0.8532 3.9508 5.9254 5.4871 0.9775 3.2113 4.0132 3.4685 4.2964 0.0356 1.7282 4.5945 3.4638 5.1948 4.7572 5.4873 3.7790 4.1906
2.1836 1.6039 0.9049 1.4412 1.5345 1.3290 1.0603 4.1118 4.9102 4.8661 2.5615 1.8423 1.0313 1.7183 3.7663 2.3454 4.6520 3.7970 4.0379 2.2199
5.7217 4.3153 4.7668 5.5479 0.8341 4.9553 2.6278 1.9772 5.3740 0.7503 0.8507 2.3834 2.0197 0.2935 6.0438 4.7863 1.9260 0.8251 5.4084 4.3770
5.1356 1.3452 2.3158 3.1103 3.6347 1.8392 1.3145 5.2543 6.2469 1.2405 1.8748 2.3811 4.5803 2.8786 1.1991 1.6995 0.2669 4.2886 4.6750 6.1201
3.7438 3.6996 1.8458 0.9941 4.1536 5.1097 1.7666 1.7725 1.7263 1.5997 2.1096 1.4079 2.1111 1.0156 0.3578 4.6940 1.0113 1.7777 6.2759 2.2771
3.2174 6.0494 0.2247 2.4848 1.9143 1.4866 3.6888 5.4012 1.2443 0.6081 1.7737 4.1478 0.5093 6.0605 6.0175 1.5934 1.0079 0.5110 0.1095 2.0815
4.9765 5.2506 5.4840 6.0857 0.5051 4.2256 3.8205 2.5441 6.2738 1.7273 2.1552 5.7288 6.1400 2.0187 5.7427 4.3800 4.8859 4.5183 5.8955 4.7390
1.1464 3.6031 4.4981 4.3055 5.3728 0.3149 5.5617 5.1725 5.7622 1.3940 1.4024 1.5879 3.4358 2.7379 2.4526 2.4124 5.1881 2.0589 0.9528 0.6627
1.7404 2.6144 5.0123 0.0231 0.4943 0.0557 0.5786 0.0614 5.0261 4.1797 2.6280 3.2852 3.0708 4.5571 3.2441 4.0099 4.8461 6.1702 0.6022 1.0938
1.8134 0.8029 3.3064 1.8271 1.6123 2.6454 6.1608 4.3049 5.3364 1.8909 6.2108 0.3613 2.0166 2.6310 1.0973 0.4942 1.1333 0.7570 1.6883 2.6180
0.7667 4.7225 5.2026 4.1326 4.9203 5.9764 0.7517 1.5527 5.4162 0.7508 5.7367 0.1674 0.1246 1.4680 5.6036 4.8579 5.4092 0.0440 6.1213 5.8841
