4.1223 4.3944 4.7692 3.9928 3.1466 2.7544 2.1854 2.6513 3.4589 2.9810 5.9188 1.0806 5.0698 4.7635 4.9296 5.4116 5.5334 0.4657 4.3314 0.7808
2.5461 2.5736 4.8431 0.7665 5.7852 0.1443 1.4770 4.5622 1.0369 0.5378 4.4423 3.3022 4.2335 1.1660 0.4683 1.3429 1.6130 1.2493 2.8077 2.1223
5.4225 5.3843 4.5892 4.5958 5.1472 3.8061 5.1975 1.2468 0.1157 3.9298 0.9431 6.0336 5.9518 3.3399 1.7482 2.7604 1.5134 5.7128 0.4568 0.7643
5.3413 4.3233 5.6637 1.7766 1.1095 0.9561 5.3734 4.8309 4.5588 0.1619 0.6709 1.1333 5.5715 0.7601 2.8921 3.0784 2.6315 0.2865 1.3684 1.5807
0.0024 2.4246 5.3708 5.9820 5.7409 4.6760 5.1827 1.9549 0.3443 0.6264 0.0622 0.6570 4.5150 3.5567 5.7660 4.3239 2.7932 2.5999 2.7827 6.1856
4.2432 3.2763 3.4357 3.1112 4.7322 5.4617 4.8477 4.5707 5.3787 5.3746 6.1772 3.3604 5.1544 2.1519 2.1786 1.5170 1.6563 2.4263 2.7249 3.5602
4.0882 5.4762 5.1797 4.4651 4.2851 5.2505 0.9698 0.9541 5.2650 4.2192 0.2697 0.4487 0.6952 0.3682 5.9939 3.5770 2.2857 4.3559 4.2661 5.4909
3.3706 1.5058 0.3993 5.3255 6.1602 1.8862 2.8830 3.0151 3.4018 2.5126 3.3192 4.1785 1.2034 2.1279 5.0551 4.8889 5.3981 5.1653 5.9455 2.6656
4.5699 4.2190 5.2977 2.5283 3.3473 4.2519 3.3695 4.0509 5.2018 5.5594 4.9653 1.3717 0.7580 5.6576 5.7407 0.8539 4.3684 3.6746 1.1288 0.7046
4.6801 0.4684 4.8987 4.3412 4.1002 3.0614 3.1281 4.4729 5.9374 3.9571 4.7195 1.0565 0.6309 6.1312 5.8196 4.6538 2.8966 1.9335 5.8113 1.3210
2.8449 2.2712 5.3268 4.4693 5.4314 4.7928 5.1021 0.3595 1.6495 0.6290 0.0499 2.5225 2.1130 1.7546 6.0317 4.8069 2.8916 4.7774 4.6088 0.0012
1.1081 0.8967 0.2145 1.7918 4.6915 1.8307 3.6060 3.7740 5.9106 5.4896 6.0694 5.0295 4.5667 3.7833 3.4677 2.4411 3.1536 1.2378 4.6377 0.3098
0.6910 1.8796 5.7534 5.5327 5.3183 4.9851 5.2652 5.1967 1.9271 2.0668 1.8179 2.9091 0.0351 0.3012 1.2027 1.7015 3.9496 4.1736 3.2728 2.1380
1.3856 5.9293 0.8183 4.6605 4.0309 0.4518 0.2996 0.4340 0.9923 3.8392 3.1359 5.3374 5.9449 4.1113 2.0897 3.5944 2.7260 2.7069 1.8942 0.7758
1.2388 1.5588 0.9293 1.3492 1.5503 1.2732 1.1260 2.7074 1.8524 0.7851 3.5901 1.9893 3.6925 0.7704 1.8815 2.2977 3.4286 4.6490 2.3503 5.1277
6.0060 3.1265 1.1011 3.2079 1.2082 6.0734 0.1835 1.8217 1.0607 3.4941 4.8118 3.7495 3.6429 3.7421 2.1129 0.8788 1.8749 1.8083 0.4573 0.1744
2.3704 2.7908 1.6330 2.6722 1.7457 2.1146 0.1823 0.1278 0.7343 6.2180 5.0998 5.4792 3.2806 4.9479 2.4451 6.0925 3.4605 3.2594 4.9225 2.3837
3.7265 5.0991 5.2730 4.3214 0.6033 0.2760 1.0650 2.2797 0.5175 1.7569 4.3623 1.1600 1.7608 2.6694 2.8259 2.8536 2.8561 5.6693 5.6624 4.7997
3.7982 5.8078 5.6126 0.4473 5.8288 2.3034 1.2562 4.6773 5.6408 6.1343 5.6016 3.6034 2.9459 5.7848 4.3587 0.8774 2.0378 2.1632 4.3826 1.4552
3.9483 0.2912 0.0749 4.6315 5.2273 6.2670 1.6616 0.9688 4.5634 5.7438 5.8237 0.1590 0.8733 2.4670 2.7598 1.7178 5.6429 5.7741 4.1809 3.7393
