1.3176 0.3883 2.9748 3.1428 1.3234 6.2481 0.7341 0.5251 0.9211 1.4018 2.2989 1.5320 1.1279 2.7962 5.7801 5.8091 0.3140 5.7778 5.9039 4.9769
6.1493 0.8803 4.7495 0.9926 2.0958 5.8323 0.1650 5.7779 2.0231 4.7156 4.0401 4.5018 2.5080 4.0608 5.5644 4.6243 0.2616 0.4439 0.0050 1.0679
4.9646 4.7167 0.0733 1.4042 1.6852 3.7248 3.0462 4.2237 2.6837 3.0589 4.6082 5.0138 0.9528 0.3550 5.3554 1.2339 3.2735 3.7941 3.4696 4.6307
3.4364 6.0689 5.6410 0.8394 0.8831 1.3132 1.7977 1.7530 3.0928 3.9580 4.7053 4.0905 2.4460 2.3704 4.2154 0.0331 0.4498 1.5584 3.0633 0.9662
4.0811 2.1935 2.2344 1.7079 2.2431 4.0455 2.3314 4.4563 0.7956 0.9100 0.2546 1.3278 4.2580 5.9587 3.3890 5.0203 3.4780 3.1878 2.8644 4.3591
1.5375 1.1379 1.0705 5.0211 3.4381 2.7744 2.3980 1.3970 2.4289 3.9169 2.7721 4.6442 3.7987 2.5542 3.1058 3.5290 2.3052 3.5396 3.6861 2.4058
4.9943 4.5046 5.4551 1.8981 2.8664 3.5309 3.7730 2.6183 1.3746 0.9279 0.4875 1.6097 2.9664 3.3838 1.9791 2.8560 2.9501 4.6875 3.8654 5.0623
0.5513 1.4246 4.2845 4.6403 5.8632 5.7184 3.1124 1.2904 0.8988 3.2632 3.1418 3.4983 2.3001 1.0853 0.3237 0.4258 2.1608 2.5175 2.2662 2.0079
0.2122 5.9425 4.4957 5.7897 1.7587 2.0154 2.1544 3.3515 2.3608 3.8572 1.8277 1.2672 5.5380 4.9737 3.9001 2.8185 2.5700 5.0512 2.1280 4.0827
2.4931 3.0451 3.3591 3.7765 2.6395 4.8878 1.6144 0.6537 2.0305 2.0655 2.9243 2.3625 4.4574 1.0151 3.5010 5.9012 1.8438 2.8970 2.1335 2.4097
0.7409 5.1216 5.4328 5.6610 4.4404 5.9091 4.2157 3.2472 1.3238 3.0261 5.3859 5.6067 4.1078 0.7278 1.9331 2.4445 2.1730 0.3725 0.5411 5.7508
5.4211 0.9676 3.7892 4.1987 4.5984 5.4579 5.1992 4.6262 1.3960 0.4487 0.3183 2.8373 2.7074 3.6746 3.0817 3.3563 3.8123 5.1766 6.2729 4.5075
4.2598 2.4448 5.0201 5.3391 5.6077 0.5008 5.7264 0.2753 0.5707 5.6231 5.7718 4.6922 4.3122 4.6805 4.3893 5.0895 3.6276 2.6320 0.6541 1.1179
5.6031 6.1862 5.5008 1.5507 1.9933 2.8352 4.9087 4.8144 1.1132 1.9719 5.5125 1.6031 2.6136 4.1788 3.6605 4.0468 4.6863 5.3343 0.4178 4.3929
1.2579 0.6897 2.1932 0.1914 2.1929 0.5405 5.9568 6.0732 3.7891 5.1575 4.6264 2.7883 2.2538 1.7015 4.1725 1.2592 5.9568 1.3344 0.7128 1.3104
5.0780 4.3960 5.3144 2.1852 2.4199 2.2168 1.8120 3.2416 3.3191 2.7263 5.1417 0.3237 0.0399 1.5938 0.5489 4.6803 4.8178 4.8741 5.6759 5.1281
4.0221 3.0571 5.5010 0.5716 0.6745 6.1297 0.8585 6.1736 1.8891 2.2083 6.2796 1.4804 5.6925 6.2806 0.5448 0.7772 0.0239 0.8243 5.1640 3.5678
5.5056 5.3039 5.6914 4.4389 5.4566 1.7259 0.0846 6.1158 0.5698 6.2319 0.8721 5.9439 0.3031 6.2043 1.8816 2.7427 0.1855 1.9362 3.7370 0.4689
0.0317 0.1082 0.0581 5.8697 0.0016 4.6974 1.5364 1.8885 1.8686 2.8196 1.9118 2.1420 1.1953 3.0417 2.2595 2.1801 1.3755 1.8662 3.5070 2.0208
1.7368 3.0044 3.1173 1.4945 4.0669 0.9964 0.5643 6.1323 6.2443 0.2204 2.6083 2.2329 1.1125 1.1093 0.9741 0.7511 1.2089 2.1741 1.6928 1.4706
