1.9232 6.2402 5.5374 3.9656 5.6086 5.0587 5.8681 4.5452 3.3075 4.2920 3.8215 2.2882 4.3270 2.8358 1.4966 0.0544 5.5774 0.7857 2.0480 3.0467
1.4877 2.8963 5.4114 0.2072 6.2052 0.5487 0.1133 1.6044 1.5206 2.7526 1.9902 1.1511 3.7492 2.0300 1.2293 1.8694 3.8243 3.6515 0.9122 0.9188
6.0980 0.2278 0.3565 0.9494 6.1901 3.1922 4.4379 4.7944 3.2021 2.4175 3.2829 2.3457 4.1154 4.4419 3.6752 4.6833 5.4973 5.9694 6.1394 5.9452
4.8163 5.8835 5.5830 2.1178 3.8976 6.1963 3.6939 2.6448 1.6732 5.5417 2.9043 1.5713 5.7490 2.2319 3.6723 2.7761 4.7726 4.1738 6.1912 4.2549
4.8391 1.5336 5.0546 4.5514 4.0869 0.7485 1.1384 4.3573 1.4118 1.2516 1.7590 5.8088 1.1413 0.3782 0.4315 1.3559 0.5381 0.9696 0.9752 1.3427
4.0698 5.4765 1.0482 1.0926 1.7802 3.2023 1.5248 0.9043 0.1316 2.0160 1.9121 4.4503 0.3504 0.0320 4.7103 4.8173 4.2355 4.3744 5.4665 4.2980
4.1231 4.7982 5.0121 4.5092 6.0115 0.0956 0.8793 0.8578 5.6863 4.5974 1.6736 5.2910 4.8947 4.8276 3.3117 2.3471 1.6743 1.0521 0.0862 1.1776
4.2134 2.5434 1.4727 2.5394 4.3031 4.5852 5.9371 5.9174 1.1728 0.7919 0.6815 1.2561 4.7983 1.6379 2.0886 1.8415 0.3675 3.7906 5.4628 4.4224
5.1061 1.4000 2.0568 0.0032 3.3051 0.6964 0.1088 2.4606 1.2961 2.2439 2.5130 3.4425 3.8696 3.6614 0.9652 2.1823 4.4426 5.7813 0.3877 0.2520
5.2666 5.7408 0.3375 1.1805 1.4696 5.5415 2.1434 0.7619 0.7027 0.9657 0.4534 4.9270 4.2026 0.5368 5.8555 5.5902 4.9668 5.4888 6.2250 3.4564
2.4143 2.8412 5.9044 4.2676 3.8801 3.7164 1.1408 4.2302 3.8783 5.0082 1.0160 2.7574 1.2045 1.7703 0.2774 0.6520 6.1737 3.5516 1.7806 1.3465
3.2362 2.3968 2.4601 0.4940 6.0167 6.1843 6.1195 0.9896 0.4319 0.4065 1.8210 2.1298 4.5710 1.1498 0.8905 0.5985 0.9683 1.4042 2.0968 3.1931
4.2464 0.7171 3.0099 3.3560 2.4219 3.4512 0.5187 2.5550 6.2099 5.5563 5.8743 4.8013 3.9205 4.2623 0.7885 1.9335 2.9507 3.7350 2.8851 4.5371
3.8749 4.2364 2.7502 1.1165 4.1959 5.7459 0.7894 0.3578 4.4733 4.7952 6.2519 5.6502 4.0206 2.2058 0.1026 0.4295 0.0716 0.1209 3.1931 3.4852
4.8383 0.5952 3.4318 4.9314 3.3761 2.4854 2.0398 3.0242 3.9438 2.7347 6.0931 3.3826 2.4945 3.3933 5.1604 3.5722 3.4233 3.1964 3.8263 4.4818
5.3828 5.1515 4.8393 0.6554 1.1534 3.4745 2.1235 2.8139 2.9070 4.9954 4.3509 4.6485 5.1045 0.0011 5.6850 5.6205 4.2872 4.3914 3.4801 4.4776
3.5175 0.4062 0.3624 6.2148 0.4246 0.8529 6.2791 4.4428 3.2778 3.5256 2.9417 2.0796 3.8417 2.5595 5.1776 5.9508 5.2575 5.4070 3.7251 2.7257
4.6444 5.0219 4.3896 2.1568 5.5487 1.0684 1.7102 1.7516 2.1274 0.5882 2.4243 4.6953 5.7369 5.8453 4.7269 3.3547 5.2947 3.8180 3.8569 3.1444
3.1794 0.3847 5.6798 5.3623 1.4439 4.1147 5.1462 0.0701 2.6852 4.6538 1.7733 0.6565 6.1955 1.3512 4.4400 1.2886 0.5329 2.1135 1.7001 3.5247
1.7832 3.0172 5.2706 1.8529 1.3584 0.8708 1.1886 3.2334 2.3056 2.3294 3.5006 4.0429 5.8207 5.4144 5.5756 3.7328 4.0267 3.8831 2.1369 2.0328
