5.2027 5.6926 3.9243 0.6383 2.0221 1.4572 5.2312 2.2429 2.8740 6.0840 2.1404 1.6818 2.8339 3.2025 5.8340 5.7222 5.1724 5.7254 1.3344 4.4369
1.1110 3.0133 2.0940 3.7745 3.5579 4.6427 4.2298 4.7509 5.0304 4.2326 4.3321 5.3477 1.0213 5.7417 1.5718 1.2430 0.7321 1.8823 0.1576 6.1833
2.2347 6.2752 0.5960 0.7574 3.4754 4.5845 3.6702 3.6033 5.3957 0.4530 3.2751 1.4539 0.5095 2.9187 1.2871 5.1015 0.5348 4.4880 5.4127 1.8471
3.0043 3.5053 0.4291 3.3828 2.3892 2.5502 4.4518 3.5008 3.9177 3.6438 3.8725 5.0494 0.9817 1.4777 0.9151 0.3145 5.0037 4.3814 5.4260 6.2634
5.5892 1.3232 3.6450 4.9993 0.5657 5.8863 4.9975 5.0182 4.3265 0.6380 2.2016 3.0442 0.7454 4.8144 2.2215 5.3815 0.0914 5.6931 5.3930 4.2931
6.2802 4.0625 2.9615 2.7478 4.1006 3.0128 2.0512 3.5071 2.7474 3.7154 3.2988 4.5697 4.9752 4.9176 0.6608 1.0745 4.3833 3.2771 4.8463 1.7504
1.0345 0.4017 0.5243 4.0052 5.7388 6.0981 0.5731 4.0765 5.2692 0.8289 3.6326 3.0403 4.9367 3.9034 2.6935 5.3413 4.5546 3.4809 3.4885 5.1491
1.4041 5.5896 1.5846 5.9411 6.1282 1.6654 1.4024 0.2095 5.4590 5.1872 3.7856 5.5063 4.3489 1.8147 0.9229 5.8929 5.6744 0.9291 1.1745 1.6885
1.8822 3.1296 1.8220 2.1733 0.4703 0.4587 5.8626 5.6246 4.7410 0.9453 1.1305 2.4257 3.6384 3.9286 2.4282 5.4044 5.3193 5.1298 2.1579 1.0054
2.8359 2.4769 3.2767 4.3712 5.2065 5.4076 4.4405 2.6851 4.8463 5.2014 2.1705 3.9147 2.8967 2.0625 1.5808 2.6182 3.2127 2.3725 1.5375 2.7937
4.3564 4.4006 4.3043 2.8720 0.4651 1.5968 3.2238 1.9196 0.2848 0.6416 5.1894 6.2700 3.7362 4.4332 5.3898 5.6777 5.1601 5.6484 2.6335 4.5485
5.0626 0.3698 0.0426 5.3984 0.1085 0.3075 1.6435 4.2193 5.5899 0.0996 5.2301 3.2953 2.9742 1.5800 0.1775 0.8092 1.5952 2.2036 5.0403 5.7932
0.2356 4.9596 0.9305 0.9929 0.5341 2.1569 2.6365 0.5612 1.2715 3.1443 5.2840 1.2064 1.7547 0.6495 0.3499 0.6836 0.7430 1.4067 1.0143 0.1180
0.2179 5.9076 0.1601 2.9839 1.0351 1.2303 3.4657 0.2674 2.8069 2.8334 1.9941 3.6950 4.0345 3.1946 6.0735 3.6462 0.2659 6.0793 2.8583 3.6149
5.3896 2.3909 4.8357 0.6483 0.7032 5.6784 3.9222 1.4005 2.6630 1.0793 2.3076 6.2258 4.4411 5.5158 0.9298 0.5358 2.4983 1.6469 2.6700 2.4003
0.2163 4.6057 6.2580 0.4781 1.6257 2.5193 2.5873 4.1941 3.2205 2.8410 2.2539 1.8519 2.6822 3.6233 1.7901 1.9081 2.7467 4.9410 4.6960 4.7366
0.0568 1.3034 5.8664 5.1477 2.7154 3.3487 3.6982 0.8212 0.9175 1.7938 2.8411 2.5841 1.7994 1.0455 1.8841 2.7396 3.3261 0.7267 0.0951 0.9370
0.1909 6.1907 4.5649 3.4248 5.1525 6.0024 6.0916 5.2666 5.0125 4.9777 6.0756 2.2624 1.4524 2.3575 2.1559 3.7852 2.1528 4.7349 0.4644 1.8174
1.4395 1.7030 3.7383 3.6653 4.4241 3.4961 5.3807 3.3629 1.8281 0.5852 1.1045 1.0935 2.7925 0.8212 0.2426 0.4972 1.7414 0.9565 0.5385 1.5655
1.8834 3.7149 3.8338 6.1059 4.2941 5.1269 4.6935 1.3262 1.6635 0.6770 0.4801 6.2288 2.0566 3.7401 4.4142 3.4599 4.8935 3.2589 4.8656 3.2716
