4.7116 6.0569 2.6739 3.1069 3.0782 3.4233 2.9756 2.3315 3.2913 4.7040 6.2799 1.5640 0.1823 6.1921 2.0979 1.7441 3.1309 5.3281 4.1031 2.1784
2.9102 3.7147 3.8108 5.0258 3.9775 0.5068 2.1130 4.3466 0.4719 1.3393 5.9585 3.9941 4.2515 3.4097 1.8615 4.1377 3.1396 1.8474 4.0267 3.4790
3.6102 5.8064 4.7960 0.0381 4.4322 5.6688 1.5340 5.9128 0.2380 5.7033 0.6440 3.2217 2.7599 2.2500 1.2514 2.2894 3.1203 4.3011 4.1092 2.8508
5.1473 3.8337 5.1682 3.5333 4.1577 2.9083 4.2929 3.6581 2.0665 4.2483 0.7145 1.0825 5.4644 4.5716 4.4826 4.3544 4.2089 2.7427 4.6873 4.9357
3.8188 0.5813 5.7615 3.6678 4.7113 1.0242 5.9327 0.2010 4.0337 2.2647 1.0692 4.2284 4.8796 5.3848 4.6395 4.0631 3.3325 5.8721 5.7408 1.2645
3.2270 1.7313 6.2083 0.5553 5.6295 4.0255 3.6092 2.9990 2.3272 4.2970 5.3205 0.4644 3.7072 2.9772 4.4950 0.6168 4.3059 2.8392 4.1082 3.7306
5.3422 4.3975 4.7793 4.1327 0.0694 0.2997 6.2751 5.0558 1.8995 2.7467 4.6578 3.3877 3.6573 5.6399 6.0840 4.7176 3.8476 3.4632 5.1696 4.7633
6.2496 5.9547 5.5798 6.0533 4.8999 3.4248 0.8983 1.6370 0.7922 1.1692 0.1545 2.7329 4.1136 4.0727 6.1320 1.4735 2.6611 5.3963 4.8778 1.5894
2.9711 2.0899 1.6826 1.3134 4.7328 2.1328 0.7575 5.7702 0.8269 4.4465 4.7848 5.4929 5.3221 5.8394 5.3408 4.7733 3.1553 1.9871 5.7933 0.5411
0.7124 1.1830 1.8381 2.3101 1.3918 2.2667 1.4191 2.3323 1.1056 1.2395 2.0356 3.3111 3.4802 3.7970 4.8952 0.7408 4.6469 4.7816 5.1991 5.8710
6.2544 5.4179 1.0078 5.1962 0.2454 5.8644 5.1849 5.1768 2.9862 0.3017 0.2761 1.7468 1.7086 1.3072 0.6183 5.6892 3.9653 0.7892 5.4371 4.5744
0.2040 1.7635 2.8283 4.2408 4.9337 1.4779 0.9379 1.8756 2.7816 0.9876 2.3159 3.4142 5.7081 4.4795 2.7811 3.2151 5.4843 4.3116 4.0075 3.0166
0.0655 4.0699 3.6591 4.5903 5.1699 6.2535 3.5570 5.1384 1.3384 3.4915 5.9610 0.4154 5.6616 0.8953 1.2553 0.3273 5.6169 1.1131 4.3272 5.5793
2.0902 2.3144 2.7034 2.0907 5.6815 3.7541 3.1055 1.8319 0.7000 4.7562 6.1678 5.1896 4.4728 4.3037 5.0443 3.2706 5.6167 5.2279 5.0962 3.3248
2.5457 3.7028 1.9265 1.5413 0.2469 0.7295 2.2119 2.9104 1.6886 1.3397 6.2716 2.7781 3.8064 1.5254 1.2831 0.7539 6.0324 0.4672 6.2258 6.0314
3.2414 2.7118 1.1865 4.5494 4.1868 4.5621 5.2407 5.7032 0.9632 3.2239 2.6504 1.0087 1.7301 3.4342 3.5166 5.0104 0.0053 2.7092 0.2342 3.3411
3.3851 4.9486 2.7376 1.1174 4.8356 0.9443 4.1870 1.5771 2.2841 3.2068 2.7693 4.0335 5.8762 5.8353 4.6384 0.1168 0.4438 6.2083 0.3772 5.7215
3.0952 3.3103 2.6859 4.0442 4.3372 4.9492 3.8354 3.7594 0.8229 0.1957 0.5342 5.2488 5.5655 0.5238 4.7069 4.3759 5.0147 3.4402 5.9862 2.6609
2.8952 0.7867 3.5666 2.9458 2.9463 0.6975 1.9802 1.3557 5.6030 3.7578 1.1604 1.9974 5.6490 0.8821 5.4982 2.3923 3.8793 4.6498 5.7872 0.9622
5.0283 4.1457 1.0674 5.8305 2.7889 2.1552 4.7862 4.4342 3.6836 0.9160 0.3403 0.1388 5.9936 3.4598 3.8135 2.7915 3.0853 2.6711 4.3173 5.1406
