6.1863 5.7361 1.0428 1.7051 2.1639 2.9493 2.2955 1.9270 4.0146 3.7012 6.1866 3.2746 6.2372 4.1075 4.0385 3.8285 2.9765 0.8562 6.1445 2.5443
4.3505 0.4442 1.3319 5.5093 5.6494 5.8749 2.4658 3.9925 3.2959 4.2276 4.5089 3.7243 1.2443 2.4433 2.8362 1.2022 1.5569 2.0802 3.5741 4.9399
3.8792 3.2615 1.9550 3.1478 4.8044 2.9611 3.0663 1.3376 2.1274 1.2418 6.1140 0.6769 0.8841 4.6474 1.0328 3.9325 2.4707 3.6198 4.7434 4.0537
5.2734 6.2359 0.4983 5.9765 5.5017 5.5507 5.9750 5.7144 1.7401 2.6024 2.1668 3.0859 5.3653 0.8067 1.2897 2.3476 3.0340 3.7745 2.3328 0.8957
3.1471 6.1255 3.6167 2.9888 5.3409 2.0853 1.1733 0.4116 4.4010 5.9355 5.9669 0.6747 2.4689 3.1036 3.1448 5.6170 1.5288 1.8279 0.9349 5.9988
3.1970 2.0159 0.1012 5.7889 0.9330 0.6405 0.7047 2.7759 4.7786 3.8182 3.7668 3.4542 2.2818 1.5750 2.9207 1.8702 2.0653 3.1147 1.7034 2.1904
5.7185 4.8013 2.5404 2.8807 2.1883 3.2300 1.3336 2.6097 0.8382 0.9005 1.1488 1.6185 1.9059 2.3682 3.0845 4.1152 1.0323 0.5116 2.1967 0.0315
4.9622 1.7720 2.0418 5.8909 1.3565 6.0630 1.3335 2.7677 0.3310 6.0730 0.5002 6.0495 1.2524 0.3843 2.2502 1.2291 0.4459 5.8750 3.2035 4.4288
6.2102 4.5418 0.6129 1.8817 1.9030 3.2660 2.2636 2.0903 3.9789 3.3977 4.9487 3.7723 1.1606 2.8408 1.5756 4.1635 5.5001 4.0674 4.6108 3.5957
0.7175 1.6069 0.8780 1.6314 0.5857 0.3970 2.1699 2.3022 4.4158 0.0254 0.1850 0.7499 0.9965 0.6151 1.2659 0.6550 0.4114 2.7947 2.2883 3.0183
0.8048 2.2107 2.1913 4.2922 2.7419 1.5993 1.6224 6.1981 4.6212 4.4873 4.9698 4.0234 2.5513 3.2953 3.2930 1.4130 1.5454 3.9516 6.2529 0.0052
0.4251 0.0077 0.4394 1.3034 1.6096 2.9119 5.8016 1.5537 5.5551 0.4752 5.8261 0.4602 1.4855 0.6998 3.6841 3.6811 0.9381 1.8179 2.1595 1.2925
5.0902 2.9148 3.6767 0.5819 6.2460 0.7439 0.9815 4.2728 3.7449 2.8351 1.4377 2.8842 1.5419 5.5821 3.0736 5.0683 1.8904 3.0102 1.1786 0.3349
4.0598 3.1749 5.6624 5.0587 4.6485 5.6012 1.7138 1.6068 0.0541 5.3703 4.6020 0.1130 1.7587 0.3583 3.2208 3.9833 4.2269 3.0278 2.4824 3.7376
4.0247 6.0980 0.4160 1.9814 5.0807 1.4156 2.2347 5.6556 4.9929 3.3550 4.1569 3.9397 1.7119 3.1349 3.0331 0.1150 5.8207 6.1289 1.0362 6.1805
3.2173 2.7197 0.6325 0.3238 0.4813 5.7169 3.4331 1.7649 0.1386 0.0835 1.8376 0.7735 0.9588 0.5485 4.0965 3.4441 0.5154 6.0845 1.1012 2.9508
2.1819 2.2597 1.0715 1.0451 6.1835 3.9364 4.4113 5.3310 5.5559 4.5481 4.3934 4.0616 0.4113 4.8776 5.0676 5.7897 5.7502 0.2317 5.1828 3.2365
6.1188 5.9628 0.4309 3.5485 5.5574 6.1038 5.6494 0.8142 5.9006 1.8814 1.5936 0.3022 5.2679 0.5635 4.8688 4.2662 3.8468 1.1447 5.9812 6.1075
6.1571 0.2111 0.1441 6.0347 5.7755 3.1992 3.1997 2.7173 0.4536 5.7073 0.4006 3.0090 3.7144 3.7142 4.4212 3.5704 2.9973 2.9907 2.2260 0.1903
5.0207 2.4513 6.1677 4.1462 4.5775 3.2853 6.1083 5.1471 6.0166 0.6179 5.4022 0.1684 4.5588 4.3633 4.6993 4.4428 4.3439 4.8437 4.1698 3.6765
