2.6151 2.4692 5.7136 3.2709 5.3503 2.1774 5.8230 4.2711 4.8725 5.4724 5.8921 5.7280 0.8643 3.6175 1.3574 3.0784 2.2172 1.9482 0.6442 2.6263
5.3953 0.0573 5.8961 0.9487 0.9155 5.7964 5.5863 5.4786 0.4785 1.6793 0.9755 1.0569 2.7846 1.3832 1.5163 0.9754 3.5715 3.8094 4.4524 4.7151
4.7915 2.0028 0.4216 2.1007 2.7048 2.9417 5.9000 2.0051 1.1122 3.3497 2.6792 3.7271 4.1775 3.9376 3.5880 5.1435 5.1310 0.0903 6.0124 5.1151
5.9650 5.2668 4.9558 3.9409 2.0314 4.9423 6.0893 0.1276 0.6203 2.8210 2.7259 2.1519 5.6118 0.4366 5.5885 1.6094 6.0944 5.9308 5.6790 5.5857
3.6071 3.4866 5.5226 2.4281 2.4502 4.0683 1.8195 1.9469 1.7948 1.9323 4.7874 6.1033 0.7198 1.0494 4.0903 5.3276 0.8981 3.9483 5.4274 3.0890
0.0367 0.0257 1.5593 2.4204 2.0041 1.4974 2.0142 3.7215 4.0985 5.6409 6.0553 1.2423 2.3690 3.3816 2.5436 1.7163 1.5777 6.0702 6.2190 0.1057
2.6399 2.7098 4.9753 5.3445 4.9491 4.7314 2.4881 3.2034 2.7667 1.6501 0.5123 1.3128 2.5796 1.5193 1.7691 1.2105 3.0443 2.4756 1.1020 2.1602
5.0911 1.2435 5.5634 1.4256 4.1809 0.8649 1.2950 1.0407 2.4290 3.1485 1.8089 1.1073 0.0994 0.6253 1.0720 2.7276 4.8992 5.9323 0.0141 0.6804
5.9801 4.3438 5.3909 4.4182 6.1749 5.3176 5.4461 4.5846 3.9097 2.9453 1.9949 2.0426 0.9407 1.7104 1.1832 5.6022 4.0775 2.9099 4.2129 4.6849
0.2834 1.2051 3.8780 1.7509 0.4087 0.3226 0.7765 1.4598 3.8304 4.5404 5.6657 1.2760 5.9574 4.8190 1.1077 2.2695 5.0550 6.2753 5.8124 1.7117
4.4732 5.1043 3.0167 3.9581 4.2025 2.9063 2.0762 5.6033 4.5549 0.8609 3.1892 4.8683 5.1361 1.7950 2.0340 3.4997 2.1697 5.5518 5.8348 4.7994
3.5766 1.0499 1.5391 3.3931 3.2072 5.9287 1.0270 3.3129 3.8854 5.1767 5.1063 4.0332 3.3143 3.1830 3.1992 1.1465 2.7115 2.1543 3.0005 2.5851
3.7791 4.1183 0.7479 1.4776 6.0207 1.4742 1.4448 5.6259 5.4169 1.7429 4.6111 5.4838 4.4309 5.2744 2.4532 3.4298 2.9982 5.0977 1.3217 4.4807
1.7323 2.8498 3.0590 4.8925 3.6788 2.9446 0.4943 0.3318 6.0216 4.6258 4.7063 2.3049 3.1633 2.2943 2.3008 2.2669 1.8384 1.9990 1.5104 1.5780
0.3357 0.0520 4.8308 2.0456 4.9510 0.6817 5.7514 5.2306 5.6366 0.7305 0.1867 0.5176 6.0557 6.1532 5.0723 0.4319 5.6229 5.7036 1.9295 4.6555
5.3693 2.0669 6.1899 5.8056 5.8085 3.0150 3.1610 3.3117 5.4879 1.8429 1.5834 1.2301 6.1081 2.4767 4.4889 3.9377 5.9923 5.8625 3.5433 5.9748
0.5373 4.7294 5.1168 6.0826 4.2754 0.6643 0.2479 0.2408 4.7615 1.1046 3.2838 5.5666 5.5491 5.3851 4.6723 3.9636 3.4415 3.2446 4.4455 4.3313
0.3035 0.2937 4.7170 5.2497 4.5925 3.1525 5.6455 3.8895 4.4035 4.8536 4.2286 1.3513 2.1898 2.8477 2.6414 0.5900 2.0936 3.4692 3.6179 0.3699
2.4778 5.8664 6.0203 5.5151 3.2678 1.1650 5.5976 3.0698 1.0398 2.5443 4.7650 4.6602 1.4219 0.0152 2.6063 3.5950 2.3840 1.8520 5.6681 3.3754
1.4840 1.5468 6.0081 0.1576 4.8046 5.4706 5.9528 1.2129 2.4099 5.4330 5.7830 0.1003 1.5275 3.5777 2.2288 1.5085 0.4406 0.1365 0.6084 3.0441
