5.7768 2.0090 3.9487 4.4565 0.1507 0.2956 4.2649 3.5268 3.2280 0.1984 2.1664 0.8761 1.2822 1.2038 0.1763 0.0565 0.3832 0.0241 5.3793 5.4407
0.5443 5.3242 3.3895 4.9512 0.2587 3.4022 3.6579 4.5563 3.6479 4.3988 3.1040 3.7655 5.4891 5.9164 4.4876 5.5462 1.1141 2.1168 0.2025 0.2462
6.2597 2.3685 0.0832 0.3301 0.0778 1.2395 2.5712 1.3638 2.6550 2.8727 4.5134 4.5044 1.8375 1.6834 1.9553 2.0865 1.0950 6.1176 4.9447 0.4901
0.0141 0.4474 6.0286 3.7775 5.7323 5.8064 1.1729 2.1912 1.8382 5.3107 4.8759 1.4248 6.2180 5.9892 0.0554 4.9848 3.5719 5.8475 6.1047 6.1676
1.1556 3.1358 2.6146 2.7291 4.3830 3.1536 3.4151 4.6327 3.1280 1.1177 0.9297 0.5515 0.2720 0.9080 2.4187 2.4475 3.7085 3.9285 2.0251 2.9742
5.2734 5.1411 3.9934 4.9615 4.5085 0.1592 0.7294 0.5132 0.4538 2.3868 1.7400 2.8210 2.7450 3.4196 3.3312 2.8124 2.2063 1.1611 2.6356 5.0893
4.8231 3.9959 5.6570 4.1142 4.9539 6.1540 0.6819 0.5734 0.2965 6.2810 1.4403 0.8738 0.5433 0.4743 3.4210 3.0328 3.4343 4.2855 2.6922 2.8146
5.6314 5.1915 3.7229 0.4788 5.6702 1.5655 1.9541 2.9653 2.5948 4.4896 1.9081 1.2507 0.9095 3.4779 3.7700 5.6491 1.4377 3.8354 2.6357 0.3253
0.1494 4.0154 3.7265 3.9326 4.2937 4.3224 1.1617 2.4972 2.1609 1.4122 0.7986 0.9802 5.5824 1.5885 2.3656 1.3678 1.1723 0.2645 0.5589 5.7937
2.3487 1.6274 1.4417 1.9975 1.7525 1.6017 1.7889 5.4211 4.0150 4.2879 2.2847 3.8894 5.1058 3.4544 2.6908 4.1206 3.8852 3.7304 2.8134 2.8571
3.2188 3.6210 0.4586 6.2185 6.1801 4.4112 2.3342 2.5189 0.4547 0.4929 3.6795 3.0080 3.7480 5.2197 2.1743 0.3967 6.0158 0.4081 1.4897 3.1120
3.2651 1.8666 5.2229 5.4593 5.3003 3.0519 0.8187 5.4974 3.7796 3.3332 5.6401 5.5885 5.3822 0.1318 0.8021 4.2422 6.1147 4.1337 0.4802 2.4187
0.5490 4.3637 3.2143 2.9737 5.0850 4.4992 5.6090 4.8597 3.6772 4.5322 5.1129 5.1265 5.6613 1.6099 3.1150 5.2871 1.9886 2.0555 4.8224 0.0001
0.7349 2.4214 6.2358 0.7539 0.5860 5.6708 4.7142 2.5416 3.5135 1.3541 0.3512 0.3196 5.1480 5.1938 2.0085 3.9170 6.0548 5.5842 4.9230 2.3112
5.4167 4.7261 4.5490 3.5492 0.7003 6.1818 4.5455 4.7567 3.6128 5.0222 0.1945 1.3059 1.2245 2.4992 3.2990 1.0894 1.6840 4.8861 5.5014 0.4427
5.9284 0.0397 5.9224 0.6444 5.4857 3.8357 3.6391 4.3235 4.8653 0.8466 0.9267 1.6169 2.3983 4.7918 3.6440 3.3233 5.4842 5.6221 0.8789 2.0503
6.1189 3.6047 3.1674 4.4942 6.2129 3.9196 4.2760 4.2665 3.7990 6.1550 1.2471 2.3590 2.0921 2.6977 4.4262 5.1167 5.9955 1.1261 0.7070 0.2666
3.6279 2.2521 2.8875 3.0148 5.3857 3.9862 3.3541 1.8212 2.4358 3.1009 1.8424 0.1825 1.1620 2.3535 2.3908 3.7898 4.3754 4.4374 0.1722 2.7149
4.1754 3.5016 3.2003 4.4683 6.0282 1.0142 2.2050 0.4320 2.3030 5.8938 2.4853 1.7959 1.8921 2.2529 1.9935 4.8504 0.7998 0.2136 5.8012 5.1783
1.7952 1.1487 2.1754 3.6665 5.4254 2.5862 2.9170 3.9369 1.9537 2.8927 1.8799 4.5575 4.5683 0.9113 0.8453 3.2107 6.2701 3.9953 5.2180 1.3350
