0.9555 0.5990 0.3405 1.0726 0.1184 5.6781 4.5480 5.5911 5.8468 4.6501 4.4249 4.2705 6.0239 6.0480 0.9635 5.3018 5.2075 5.2094 5.7542 4.4839
1.2207 1.5822 5.8144 6.1121 0.5240 3.1631 4.1405 5.0987 0.8945 4.9124 4.1925 4.9656 3.8570 2.5101 2.9291 3.4442 3.2157 3.2000 1.2764 1.0678
1.1992 0.2480 6.2822 0.0759 1.6756 0.4776 3.0150 2.8988 2.5434 1.5121 3.2861 1.8482 3.4756 5.7350 3.8553 4.6576 3.8907 1.6990 5.2436 6.2533
6.1784 0.7149 0.9483 2.6610 1.7700 3.2463 2.7837 1.6470 4.7128 3.7628 3.5065 3.6126 3.6209 1.4757 4.4109 0.3985 1.5090 2.8808 5.8424 5.5933
0.3857 1.7260 0.0542 0.5670 1.8868 0.9994 2.0866 3.3847 3.5276 3.6524 1.8412 1.6490 3.4554 4.0617 5.0765 4.1716 1.3663 1.9342 5.6167 5.1645
0.7137 1.3859 2.3376 2.0256 2.8472 3.5539 2.3726 4.8423 4.2947 6.0581 2.6831 5.3487 5.0214 6.2407 5.1524 1.1683 0.9267 0.4120 2.5731 2.6732
5.3829 0.4396 5.7222 5.3468 4.4603 0.8031 2.8025 1.9226 3.4922 3.2452 2.4473 4.1318 5.2116 0.9203 5.4673 5.6004 5.3169 6.0173 6.1874 5.7102
5.0497 4.0890 4.3717 4.5686 1.9869 3.2980 3.7946 4.4169 4.9899 5.6833 5.9399 0.4929 5.7837 0.5521 5.4524 6.0994 5.8410 2.9035 3.8438 1.7897
4.9646 4.3093 5.5636 6.1368 0.1809 5.7587 4.7238 1.1760 5.9982 2.5373 0.5211 5.9543 4.6154 4.8655 5.6575 4.2963 0.7359 0.0006 2.3425 6.0903
4.3443 5.5906 0.4556 1.3304 1.3117 1.7072 3.3651 5.4379 5.9506 5.3297 5.9310 3.5270 2.8766 2.4351 1.4613 0.9642 0.1680 1.6234 2.0467 6.1055
4.7089 3.4491 5.6945 4.4867 2.7545 4.0596 3.5090 0.5619 0.0966 2.0271 1.3615 2.1273 5.2029 0.0921 0.6651 4.0908 6.1115 0.3155 2.1208 2.6978
5.5855 6.1579 0.5151 0.4467 5.9773 1.2521 3.3890 3.0572 4.0589 5.6636 0.0905 6.2208 1.2264 4.9129 0.0136 1.9296 2.7882 2.5662 2.6914 4.1227
5.1922 5.5569 5.0346 4.6203 4.6184 3.7822 4.9517 5.0197 4.4766 2.0627 5.6467 3.1370 4.8689 1.6522 0.1887 0.3204 0.9131 5.6649 1.1416 5.9700
5.8398 4.3385 3.3082 3.2235 3.6782 0.5421 5.9683 4.7424 3.9153 4.3128 0.8377 6.0565 3.6967 1.3173 1.7509 1.3464 1.9208 1.9270 0.9843 6.2224
1.4084 1.1754 1.7786 2.7143 2.6327 2.2227 5.6659 0.0110 1.1999 1.3919 1.7757 3.1421 2.8385 2.1792 1.4738 4.8153 0.3465 0.2340 1.1245 0.1675
2.2083 1.6146 0.3485 6.1270 5.3703 4.4841 5.1599 4.9525 1.2711 3.6679 3.5229 4.0007 3.8943 5.9120 2.9276 1.6582 1.5643 1.8993 2.3802 3.1659
6.2671 0.5624 4.7123 5.0398 1.8197 0.6200 4.6923 1.6731 0.7096 3.0301 2.7983 1.6777 1.4749 1.6165 5.5179 4.6536 0.4158 6.1089 0.4152 0.4752
0.0824 5.1143 5.3643 1.1051 6.1135 4.2082 3.6802 3.9070 5.8084 6.1494 0.9963 1.1975 3.0675 2.3803 0.7103 1.2620 3.9556 3.9713 1.1688 0.3095
4.3634 2.5233 2.6192 3.7495 3.7459 1.4634 4.5444 5.5810 5.7839 4.1793 0.6286 4.8561 4.8009 4.2066 5.5713 5.0146 5.9414 3.7227 2.7933 4.7575
5.7346 1.7566 3.8526 3.1860 4.1537 5.2523 4.6620 5.4196 0.3614 1.3249 0.0211 0.9970 5.8731 1.2564 1.6493 2.2396 6.0863 1.9178 1.2630 2.6074
