4.5322 1.7262 1.7999 1.8799 0.5999 5.5851 5.8126 3.9060 2.2750 0.6511 1.3461 4.9484 4.5099 5.7500 2.3035 2.5679 3.1486 6.0617 3.3479 4.8726
4.8976 3.1296 2.4516 2.6786 2.7544 3.0014 3.6087 2.1389 2.3140 2.1691 0.9785 1.2002 2.4230 1.6683 1.3949 0.8326 2.8821 2.9996 3.7700 4.7240
6.0178 0.5487 0.6297 1.5500 1.1633 5.2252 4.4262 4.9893 0.7648 0.2678 6.1153 5.3190 0.9156 0.1788 3.7426 1.9570 2.8937 2.7012 2.4859 2.0659
4.1454 2.2423 3.9293 2.5976 5.7324 1.1953 3.5564 4.3850 3.8115 4.1068 0.0756 1.2550 1.1098 3.7226 3.4377 5.0366 5.8405 5.9275 1.9183 5.2001
2.1200 4.8349 5.2347 3.4776 4.5265 4.7023 4.0507 1.4450 3.1063 0.8789 0.2091 0.5557 1.2500 0.8534 2.6693 3.6271 4.9800 2.3199 2.0659 1.6364
4.5839 4.1229 4.9889 0.3564 3.7560 0.0649 2.9644 1.6615 2.3326 2.3968 1.7338 1.0307 1.2557 0.4427 2.0811 0.8449 5.0103 5.2455 2.0592 2.6984
2.8365 3.2677 2.7384 3.8873 3.7025 3.3344 2.9641 3.9060 2.8510 3.6546 3.1215 2.7030 5.3618 5.8863 0.6364 6.0217 4.9821 2.5563 2.4142 4.2811
2.0555 4.8856 3.7097 1.5107 6.2457 4.9632 3.6281 1.3629 2.3554 2.0312 1.8747 2.3855 3.3605 2.5763 2.9885 5.1016 4.9298 0.1664 1.1764 1.4296
3.4826 2.6071 2.1785 1.9797 0.7602 1.0803 4.7808 3.0271 4.9849 5.9695 4.8646 3.2441 3.9168 4.2579 4.6345 0.5181 4.3868 3.4734 1.1813 3.3932
5.7927 5.5995 2.8421 4.7815 0.5959 4.7519 4.8863 5.6895 5.0157 4.8476 0.0963 3.8656 2.4175 3.4184 3.2221 2.1452 2.0998 0.1512 1.3489 0.7104
2.0252 2.0563 3.2471 1.5089 1.0201 2.6738 3.5982 2.4983 1.0796 1.4363 3.8236 3.1337 2.2281 0.0587 3.1479 4.5645 2.1545 2.4944 2.1981 1.4552
6.1183 5.2089 6.1299 3.4632 4.8413 5.9479 5.3427 3.6264 3.3655 5.2054 3.5783 1.9105 3.1423 3.2393 2.4700 1.5339 2.6184 0.7760 0.3569 4.9510
6.0504 5.1374 6.1155 5.8825 4.2815 4.2196 5.9488 0.9294 1.2968 3.3504 4.0064 3.8506 1.8924 0.9342 0.6956 5.8407 3.3345 3.4004 6.0919 6.2259
2.4933 0.5496 5.7817 4.8601 5.8048 1.0669 6.0452 5.7465 0.4048 0.9686 3.7402 2.9991 3.5712 3.4978 1.6470 2.1298 4.4651 0.5561 3.1690 5.3453
2.9772 3.3264 4.9479 3.5508 5.2016 6.2271 5.3991 2.1661 3.1882 4.0610 3.8413 0.7737 2.9941 0.7418 0.8212 3.0775 4.1445 3.4411 1.4102 2.7344
4.0635 5.9310 2.2815 0.5989 0.0266 0.1586 5.6553 5.3483 0.0198 0.5600 4.3538 3.3800 3.1927 4.1552 2.7270 4.0877 4.9877 3.2012 4.4296 4.1876
3.6936 3.8527 2.9370 5.2593 5.7543 3.0066 5.9553 5.4531 6.2640 5.2878 0.0212 6.0679 4.3468 0.6681 2.0738 1.5626 4.4583 4.7017 4.9950 3.3619
0.5750 0.3969 1.1229 1.6499 0.4734 5.0036 0.6405 1.8221 2.4140 2.8266 2.7415 3.3054 4.7177 4.7863 2.1163 4.0300 4.5262 1.9180 0.8547 0.3305
5.5326 5.0507 0.3352 0.4411 6.1050 2.4903 0.1938 6.0013 1.3551 3.5874 4.4694 4.4889 3.4388 2.0558 1.5769 1.6198 5.1244 5.7357 5.4097 0.4650
5.2626 5.7681 1.1113 5.1163 4.1636 4.4550 5.6688 5.0963 0.1970 1.3274 2.1952 2.3783 2.6891 3.3689 5.7162 4.8905 4.6112 3.3460 3.5711 4.8890
