5.3412 4.6497 1.8568 3.9527 3.9548 3.1347 3.7620 0.7418 1.5480 0.9619 0.9373 0.9913 5.7920 6.0405 4.2197 5.5829 5.5328 4.9720 5.4843 3.0888
5.1236 0.7450 5.3288 5.6685 1.5554 1.1639 2.9685 2.7032 3.1124 2.7852 5.9878 5.4861 0.0330 4.1586 4.4816 2.8979 4.0857 3.6530 0.7263 0.1784
3.6323 4.7113 4.8722 2.6010 5.8458 5.0173 5.0487 0.4757 2.1108 0.0114 0.2918 0.3115 0.1873 5.5973 0.7118 6.0757 4.4446 5.6786 5.2696 2.6515
3.0708 3.2423 3.6788 0.2420 0.5718 4.5459 4.2133 3.9294 2.1500 2.5858 0.9350 1.6824 5.3718 2.1331 2.1250 1.8067 1.0196 2.0844 4.9533 4.6793
3.2167 0.6671 1.5816 3.4192 4.7774 5.9286 0.0308 0.6417 4.9017 0.5778 0.2819 4.9985 5.1938 5.2603 5.1838 5.2071 0.4876 5.6890 5.2850 0.9365
2.9941 2.8731 2.1328 4.2488 3.1052 3.5471 5.6675 3.8759 4.4198 3.9805 0.4766 6.0198 4.5245 5.0424 5.2668 4.6095 5.7488 5.4599 2.2383 5.1979
2.1329 1.3940 2.3817 3.6156 2.1693 1.1507 1.6725 2.5133 3.5323 5.5111 2.7961 4.3701 5.1814 6.2757 5.5970 4.8001 4.6243 3.8754 2.8866 3.0359
2.0597 3.9395 4.0236 6.1205 6.2599 0.0404 0.2084 4.6492 4.0433 5.9207 3.8213 5.1057 4.9504 4.3876 1.7809 2.7691 6.2222 2.8954 3.1359 0.7700
2.7551 2.1142 3.9471 4.3065 2.5180 3.4445 2.9163 1.7106 2.7995 3.7103 4.8407 2.6596 1.0548 1.3364 1.8902 4.3379 5.7380 4.1737 3.3401 2.2065
4.4330 3.7999 4.6168 2.4787 0.5453 0.5178 3.1531 4.1337 3.2088 4.7209 5.5057 6.0022 0.2114 0.5974 0.0404 6.1184 5.3265 0.0274 4.1460 3.8596
3.1962 1.1487 2.2221 2.4114 5.3925 1.3904 2.6884 1.2560 0.8092 0.2233 4.2699 4.2822 2.3594 1.8749 1.4589 2.1650 2.3264 2.5902 3.3157 3.2745
4.0853 4.6676 4.2955 4.2005 3.9885 3.9394 2.7692 1.7236 2.9226 3.2285 4.0356 6.1167 2.6729 3.3526 2.0137 1.8015 1.2472 4.8955 2.0776 3.0681
4.6800 0.7326 3.4402 5.8509 4.9059 6.0496 5.4911 6.0004 5.3279 5.2791 3.4960 3.0537 5.3656 0.2782 1.9679 1.0238 1.7609 2.4012 2.1093 0.3369
4.7348 4.1088 3.7721 3.6511 1.9199 5.1436 4.7899 2.9117 4.0429 3.6255 3.1851 3.4899 5.2718 1.2410 0.8994 1.9770 2.4360 3.2263 5.0198 4.8835
3.6495 6.1029 3.5224 2.8358 1.8334 2.1972 1.1950 4.7344 3.8028 5.8625 4.6935 6.1138 4.8507 5.2644 0.3568 2.4885 2.8003 3.7770 3.4020 3.5711
3.4830 4.1249 3.7541 0.0110 3.9350 5.8311 1.5594 2.5472 2.9911 1.5118 5.3344 2.8254 3.0967 0.2441 0.5477 1.3639 1.1453 0.9808 4.7945 5.3385
2.9852 2.7251 2.2154 1.9080 2.6004 3.7304 4.1774 5.9920 5.9677 5.1644 6.1509 5.8184 4.2375 4.3425 5.3066 4.7806 1.0844 3.0163 4.6696 2.0576
3.5468 1.7666 2.1160 1.7150 1.9590 1.0142 4.4232 1.2141 1.6988 2.2453 1.9888 3.5787 2.5202 1.5284 5.6484 0.1420 5.8558 4.9971 5.0722 6.1014
3.9316 4.1286 3.8311 4.3462 4.6486 2.7910 1.7699 1.1519 4.1401 4.7107 1.0114 1.8096 3.2261 3.9967 3.8813 0.1606 2.0355 2.6887 3.9841 3.6778
5.8769 0.1576 0.3106 0.4210 4.3122 3.8465 3.6813 2.8414 2.5724 2.3320 1.9005 4.1009 4.1069 3.7707 5.0097 3.0831 3.0966 2.1861 2.0232 1.2939
