3.9474 3.7890 3.7093 3.0201 3.1246 1.2173 2.0915 2.5199 2.7262 1.3742 5.6917 1.0697 3.7145 2.8986 2.5185 2.8225 3.0102 2.9824 3.7996 4.9935
1.1735 5.7248 5.3431 0.2142 4.2662 4.0256 3.9257 4.8479 3.7842 5.9244 6.0565 4.5932 4.2279 5.8566 1.7171 5.9251 0.5936 5.5999 2.4134 1.9847
2.6489 5.3381 0.7346 5.3665 5.6496 0.4067 2.6642 2.4558 3.1759 2.7446 1.6696 5.4565 4.4955 3.0746 2.1572 2.1753 1.3733 1.0410 2.2835 0.7788
1.4382 2.4034 6.0610 0.5073 5.5370 1.5463 1.4239 0.5259 1.4813 0.7301 1.4683 0.8170 6.1596 1.9561 1.3542 3.6576 2.8017 3.9291 2.9210 2.1919
3.4863 1.2911 0.8350 4.7531 6.0959 3.7634 1.8679 4.7123 4.6792 4.9013 0.8053 1.1403 0.5644 5.9121 6.2592 0.7990 0.2324 3.6480 4.1223 3.3275
2.5330 1.3437 1.2598 2.0404 5.8147 0.0996 1.7591 1.2148 0.5863 0.4569 0.9511 5.1076 4.4252 0.2608 5.0388 3.4583 3.0873 3.8416 5.0244 1.5395
4.1430 4.2134 2.4819 4.7327 0.0267 2.1726 2.7530 3.8441 1.0060 0.2975 5.9357 0.3250 5.7026 0.1034 0.3465 3.1954 0.6499 6.1098 4.5627 4.3567
1.8767 1.4128 1.6057 1.3325 1.4502 2.7986 1.9851 1.9682 0.9713 3.4547 3.2153 2.7757 5.2616 1.9080 0.8844 1.8254 3.7792 3.6861 3.6233 1.2935
2.1222 5.2192 6.2708 5.2991 5.0463 5.4170 5.5712 5.8959 6.1777 0.9442 2.1613 5.0810 5.7312 0.8086 5.9132 5.3040 3.6652 3.1866 4.1498 3.8098
1.4350 0.6419 5.5499 3.0852 3.1145 3.6990 4.8971 4.3414 5.6457 6.0264 1.4462 0.8300 2.5058 1.2893 4.3974 2.2966 3.0070 3.0582 1.9843 2.6403
3.7522 3.0182 4.2270 3.3495 3.8741 4.7667 4.5891 2.1747 1.7269 2.1915 1.8654 4.6403 5.2967 5.0587 2.7383 3.3803 1.2969 3.4119 6.2718 3.6395
4.9151 4.9487 0.1042 1.8678 3.5063 1.9853 5.9120 4.0486 2.6083 3.5260 1.3112 6.2426 5.8218 3.7681 1.2639 6.0290 1.5739 0.8684 4.3995 4.1583
5.1880 1.1441 0.7717 5.1668 4.9743 0.0398 1.0084 1.4560 0.4441 2.2336 1.2169 1.4555 0.8312 1.6573 1.2083 1.2908 3.4859 3.5796 4.6555 0.5868
4.6508 5.3188 2.4243 2.3311 5.6000 5.6012 5.6117 5.1505 6.0383 4.7426 0.0656 5.7198 6.2289 0.2263 2.2219 2.6203 0.2234 5.9263 0.3373 4.0481
5.1968 2.3944 2.6404 4.6030 1.1421 0.0131 6.0156 1.5585 0.6854 0.8417 2.0575 2.9473 4.2592 3.1126 5.1239 5.8830 0.7530 0.2887 4.2465 4.4546
5.9126 5.6987 5.4314 0.0828 1.8449 2.7369 4.2133 4.1839 3.5139 3.7159 2.6338 0.2585 0.7807 5.8429 5.0469 1.4279 0.7067 1.0424 1.6949 0.2068
3.1803 3.9825 4.1650 3.7957 1.5373 5.1396 4.5819 0.6735 0.8786 1.2216 4.5043 3.3344 2.0235 2.4949 2.8681 0.1965 0.2368 3.3769 3.5821 4.3070
1.7604 0.2104 1.5114 1.5383 1.4889 0.3115 4.0443 3.9857 5.7271 4.8404 4.6920 5.9776 0.3838 4.2399 3.3495 3.8317 4.8264 3.7467 3.5229 2.8380
3.2602 1.2443 2.8523 3.2518 1.5886 2.9149 4.5777 4.3055 5.2053 1.9559 2.7145 4.0817 4.3623 2.8171 0.7892 0.6478 5.5590 2.1068 3.6186 4.1537
2.3312 0.6034 2.8925 5.9655 3.5666 5.1989 5.6548 5.4955 3.8881 4.6228 4.4744 3.6116 6.1259 4.5928 3.5950 3.8086 3.9220 4.7973 3.9443 2.6029
