2.500000000000000000e-01 2.500000000000000000e-01 7.370000000000000000e+02
2.500000000000000000e-01 7.500000000000000000e-01 9.000000000000000000e+00
2.500000000000000000e-01 1.000000000000000000e+00 2.000000000000000000e+00
2.500000000000000000e-01 1.138889999999999958e+00 3.000000000000000000e+00
2.500000000000000000e-01 2.527779999999999916e+00 1.000000000000000000e+00
2.500000000000000000e-01 3.361110000000000042e+00 1.000000000000000000e+00
2.500000000000000000e-01 5.387760000000000105e+00 1.000000000000000000e+00
5.000000000000000000e-01 0.000000000000000000e+00 8.100000000000000000e+01
5.000000000000000000e-01 5.000000000000000000e-01 5.000000000000000000e+00
5.000000000000000000e-01 7.500000000000000000e-01 2.000000000000000000e+00
1.000000000000000000e+00 2.500000000000000000e-01 1.300000000000000000e+01
1.000000000000000000e+00 3.888900000000000134e-01 6.000000000000000000e+00
1.000000000000000000e+00 3.000000000000000000e+00 1.000000000000000000e+00
1.000000000000000000e+00 5.250000000000000000e+00 1.000000000000000000e+00
1.250000000000000000e+00 0.000000000000000000e+00 3.000000000000000000e+00
1.250000000000000000e+00 1.388900000000000134e-01 7.000000000000000000e+00
1.250000000000000000e+00 3.125000000000000000e-01 2.000000000000000000e+00
1.250000000000000000e+00 1.250000000000000000e+00 3.000000000000000000e+00
1.250000000000000000e+00 1.875000000000000000e+00 1.000000000000000000e+00
2.000000000000000000e+00 5.000000000000000000e-01 2.000000000000000000e+00
2.000000000000000000e+00 1.125000000000000000e+00 1.000000000000000000e+00
2.250000000000000000e+00 2.500000000000000000e-01 1.600000000000000000e+01
2.250000000000000000e+00 5.277800000000000269e-01 1.000000000000000000e+00
2.250000000000000000e+00 8.750000000000000000e-01 2.000000000000000000e+00
2.250000000000000000e+00 1.361110000000000042e+00 2.000000000000000000e+00
2.500000000000000000e+00 0.000000000000000000e+00 9.000000000000000000e+00
2.500000000000000000e+00 2.777800000000000269e-01 3.000000000000000000e+00
2.500000000000000000e+00 6.250000000000000000e-01 3.000000000000000000e+00
2.500000000000000000e+00 8.163300000000000001e-01 1.000000000000000000e+00
2.500000000000000000e+00 1.111110000000000042e+00 1.000000000000000000e+00
3.250000000000000000e+00 6.633000000000000007e-02 5.000000000000000000e+00
3.250000000000000000e+00 3.611099999999999866e-01 2.000000000000000000e+00
3.250000000000000000e+00 1.316119999999999957e+00 1.000000000000000000e+00
3.250000000000000000e+00 1.444439999999999946e+00 1.000000000000000000e+00
3.250000000000000000e+00 3.972220000000000084e+00 1.000000000000000000e+00
4.000000000000000000e+00 6.250000000000000000e-02 5.000000000000000000e+00
4.000000000000000000e+00 2.500000000000000000e-01 1.000000000000000000e+00
4.000000000000000000e+00 4.199999999999999845e-01 2.000000000000000000e+00
4.000000000000000000e+00 1.000000000000000000e+00 1.000000000000000000e+00
4.000000000000000000e+00 1.637760000000000105e+00 2.000000000000000000e+00
4.000000000000000000e+00 4.500000000000000000e+00 1.000000000000000000e+00
4.000000000000000000e+00 1.608476999999999890e+01 1.000000000000000000e+00
4.250000000000000000e+00 1.700000000000000122e-01 2.000000000000000000e+00
4.250000000000000000e+00 2.656200000000000228e-01 1.000000000000000000e+00
4.250000000000000000e+00 3.161200000000000121e-01 1.000000000000000000e+00
4.250000000000000000e+00 1.387760000000000105e+00 2.000000000000000000e+00
4.250000000000000000e+00 3.805559999999999832e+00 1.000000000000000000e+00
4.250000000000000000e+00 1.105471000000000004e+01 1.000000000000000000e+00
4.250000000000000000e+00 1.342999999999999972e+01 1.000000000000000000e+00
4.500000000000000000e+00 2.222200000000000009e-01 1.000000000000000000e+00
4.500000000000000000e+00 5.000000000000000000e-01 2.000000000000000000e+00
4.500000000000000000e+00 1.280000000000000027e+00 1.000000000000000000e+00
5.000000000000000000e+00 6.377599999999999936e-01 3.000000000000000000e+00
6.250000000000000000e+00 0.000000000000000000e+00 1.000000000000000000e+00
6.250000000000000000e+00 1.275499999999999967e-01 1.000000000000000000e+00
6.250000000000000000e+00 2.500000000000000000e-01 3.000000000000000000e+00
6.250000000000000000e+00 1.402349999999999985e+00 1.000000000000000000e+00
6.250000000000000000e+00 2.658319999999999794e+00 1.000000000000000000e+00
6.250000000000000000e+00 3.188779999999999948e+00 1.000000000000000000e+00
6.500000000000000000e+00 0.000000000000000000e+00 1.000000000000000000e+00
6.500000000000000000e+00 2.148799999999999877e-01 2.000000000000000000e+00
6.500000000000000000e+00 8.096900000000000208e-01 1.000000000000000000e+00
6.500000000000000000e+00 1.152349999999999985e+00 1.000000000000000000e+00
7.250000000000000000e+00 1.658320000000000016e+00 1.000000000000000000e+00
7.250000000000000000e+00 4.385799999999999699e+00 1.000000000000000000e+00
8.000000000000000000e+00 5.555999999999999828e-02 1.000000000000000000e+00
8.500000000000000000e+00 4.765310000000000379e+00 1.000000000000000000e+00
9.250000000000000000e+00 3.200999999999999679e-02 1.000000000000000000e+00
1.000000000000000000e+01 1.012399999999999967e+00 1.000000000000000000e+00
1.000000000000000000e+01 1.275509999999999922e+00 2.000000000000000000e+00
1.025000000000000000e+01 1.265400000000000136e-01 1.000000000000000000e+00
1.025000000000000000e+01 2.091800000000000048e-01 2.000000000000000000e+00
1.125000000000000000e+01 2.551000000000000142e-02 1.000000000000000000e+00
1.250000000000000000e+01 2.778830000000000133e+00 1.000000000000000000e+00
1.300000000000000000e+01 0.000000000000000000e+00 1.000000000000000000e+00
1.325000000000000000e+01 1.635800000000000032e-01 1.000000000000000000e+00
1.600000000000000000e+01 1.562000000000000020e-02 2.000000000000000000e+00
1.850000000000000000e+01 7.399999999999999911e-01 1.000000000000000000e+00
