0 1
0 6
0 7
0 8
0 9
0 10
0 11
0 12
0 13
0 14
0 15
0 16
0 17
0 18
0 19
0 20
0 21
0 22
0 29
0 30
0 32
0 39
0 40
1 3
1 8
1 9
1 10
1 11
1 12
1 13
1 14
1 15
1 16
1 17
1 18
1 19
1 20
1 21
1 22
1 23
1 24
1 25
1 26
1 27
1 29
1 31
1 32
1 33
1 39
2 4
2 5
2 8
2 9
2 10
2 11
2 12
2 13
2 14
2 15
2 17
2 18
2 19
2 20
2 22
2 23
2 24
2 25
2 28
2 29
2 38
2 39
2 40
3 5
3 6
3 9
3 10
3 13
3 14
3 15
3 16
3 17
3 18
3 20
3 21
3 22
3 23
3 24
3 25
3 27
3 28
3 29
3 46
4 0
4 1
4 9
4 10
4 11
4 12
4 13
4 14
4 15
4 16
4 17
4 18
4 20
4 21
4 23
4 24
4 25
4 26
4 27
4 28
4 29
4 40
4 41
4 42
5 1
5 10
5 11
5 12
5 14
5 15
5 17
5 18
5 19
5 20
5 21
5 22
5 23
5 24
5 25
5 26
5 27
5 28
5 36
5 37
5 38
5 49
6 5
6 10
6 12
6 17
6 18
6 19
6 20
6 21
6 22
6 23
6 24
6 25
6 26
6 27
6 28
6 36
6 37
6 41
7 7
7 8
7 14
7 17
7 18
7 19
7 20
7 21
7 22
7 23
7 24
7 25
7 26
7 34
7 35
7 36
7 37
8 0
8 6
8 7
8 8
8 13
8 14
8 15
8 16
8 17
8 18
8 19
8 20
8 21
8 23
8 24
8 25
8 26
8 34
8 35
8 36
8 38
8 47
8 49
9 0
9 3
9 5
9 6
9 7
9 8
9 9
9 13
9 14
9 15
9 16
9 17
9 18
9 19
9 20
9 23
9 24
9 25
9 26
9 29
9 38
9 39
9 46
10 1
10 2
10 3
10 8
10 9
10 14
10 15
10 16
10 17
10 18
10 19
10 20
10 23
10 24
10 26
10 27
10 41
10 42
11 2
11 6
11 7
11 8
11 9
11 10
11 11
11 12
11 13
11 14
11 15
11 16
11 17
11 18
11 19
11 20
11 22
11 23
11 24
11 25
11 26
11 27
11 33
11 41
11 42
11 44
11 45
12 2
12 6
12 7
12 8
12 10
12 11
12 12
12 13
12 14
12 15
12 16
12 17
12 18
12 19
12 20
12 22
12 23
12 24
12 25
12 26
12 40
12 44
12 45
13 6
13 7
13 8
13 11
13 12
13 13
13 14
13 15
13 16
13 18
13 19
13 20
13 21
13 22
13 23
13 24
13 25
13 26
13 39
13 40
13 41
13 49
14 1
14 4
14 8
14 11
14 12
14 13
14 14
14 15
14 16
14 17
14 18
14 19
14 20
14 21
14 22
14 23
14 24
14 25
14 49
15 0
15 1
15 2
15 3
15 4
15 5
15 6
15 7
15 8
15 9
15 10
15 11
15 12
15 13
15 14
15 15
15 16
15 17
15 18
15 19
15 20
15 21
15 22
15 23
15 24
15 25
15 26
15 29
15 38
15 45
15 46
15 47
15 48
15 49
16 0
16 2
16 3
16 4
16 5
16 8
16 9
16 10
16 11
16 12
16 13
16 15
16 16
16 17
16 20
16 22
16 23
16 24
16 25
16 26
16 27
16 28
16 42
16 43
16 44
16 45
16 46
16 47
16 48
16 49
17 8
17 9
17 10
17 11
17 12
17 13
17 15
17 17
17 19
17 20
17 22
17 23
17 24
17 25
17 26
17 28
17 29
17 30
17 31
17 35
17 40
17 42
17 43
17 44
17 45
17 46
17 47
17 48
17 49
18 2
18 3
18 6
18 7
18 11
18 12
18 13
18 14
18 17
18 18
18 22
18 23
18 24
18 25
18 26
18 27
18 28
18 29
18 30
18 31
18 35
18 37
18 38
18 39
18 40
18 41
18 43
18 44
18 45
18 46
18 47
18 48
18 49
19 2
19 3
19 6
19 7
19 8
19 16
19 17
19 18
19 19
19 20
19 21
19 22
19 23
19 24
19 25
19 26
19 27
19 30
19 31
19 32
19 33
19 39
19 40
19 42
19 44
19 45
19 47
19 48
19 49
20 0
20 1
20 6
20 7
20 8
20 15
20 16
20 17
20 18
20 19
20 20
20 21
20 22
20 23
20 24
20 25
20 26
20 27
20 29
20 30
20 31
20 32
20 33
20 34
20 35
20 36
20 42
20 44
20 45
20 46
21 0
21 1
21 2
21 3
21 5
21 6
21 8
21 9
21 17
21 18
21 19
21 20
21 21
21 22
21 23
21 25
21 26
21 27
21 28
21 29
21 30
21 31
21 32
21 33
21 34
21 35
21 36
21 37
21 44
22 1
22 2
22 3
22 4
22 5
22 7
22 9
22 10
22 11
22 12
22 15
22 16
22 17
22 22
22 23
22 24
22 26
22 27
22 28
22 29
22 30
22 31
22 32
22 33
22 34
22 35
22 36
22 37
22 38
22 39
22 40
22 42
22 43
23 0
23 1
23 2
23 3
23 4
23 5
23 6
23 7
23 8
23 9
23 10
23 11
23 12
23 15
23 16
23 17
23 18
23 19
23 20
23 21
23 22
23 23
23 24
23 26
23 27
23 30
23 31
23 32
23 33
23 34
23 35
23 36
23 39
23 40
23 42
23 43
23 49
24 0
24 2
24 3
24 4
24 5
24 6
24 7
24 8
24 10
24 11
24 12
24 15
24 16
24 18
24 19
24 20
24 22
24 23
24 24
24 25
24 30
24 31
24 32
24 33
24 34
24 35
24 36
24 37
24 38
24 39
24 40
24 42
24 43
24 47
24 48
24 49
25 0
25 1
25 2
25 3
25 4
25 5
25 6
25 7
25 8
25 9
25 10
25 11
25 12
25 14
25 15
25 16
25 17
25 18
25 19
25 20
25 23
25 24
25 25
25 26
25 33
25 34
25 35
25 36
25 39
25 40
25 41
25 42
25 47
25 48
25 49
26 0
26 1
26 2
26 3
26 4
26 5
26 6
26 7
26 8
26 9
26 10
26 11
26 12
26 15
26 16
26 17
26 18
26 19
26 20
26 22
26 23
26 24
26 25
26 31
26 33
26 38
26 39
26 40
26 47
26 48
26 49
27 0
27 1
27 2
27 3
27 4
27 5
27 6
27 8
27 9
27 10
27 11
27 12
27 13
27 14
27 15
27 16
27 17
27 18
27 19
27 22
27 23
27 24
27 28
27 31
27 32
27 33
27 34
27 38
27 40
27 46
27 47
27 49
28 0
28 1
28 2
28 4
28 5
28 6
28 7
28 8
28 9
28 10
28 11
28 12
28 13
28 14
28 15
28 16
28 19
28 25
28 33
28 36
28 37
28 38
28 39
28 40
28 41
28 45
28 46
28 47
28 49
29 0
29 1
29 2
29 3
29 4
29 5
29 6
29 7
29 8
29 9
29 10
29 11
29 12
29 13
29 14
29 15
29 16
29 17
29 18
29 26
29 37
29 38
29 39
29 40
29 41
29 42
29 43
29 44
29 45
29 46
29 47
29 48
29 49
30 0
30 1
30 2
30 3
30 4
30 5
30 6
30 7
30 8
30 9
30 10
30 11
30 12
30 13
30 14
30 15
30 16
30 17
30 18
30 19
30 33
30 39
30 40
30 41
30 42
30 43
30 46
30 47
30 48
30 49
31 0
31 1
31 2
31 3
31 5
31 6
31 7
31 8
31 9
31 10
31 11
31 12
31 13
31 14
31 15
31 16
31 17
31 19
31 20
31 40
31 44
31 45
31 46
31 47
31 48
31 49
32 0
32 1
32 3
32 5
32 6
32 7
32 8
32 9
32 10
32 11
32 12
32 13
32 14
32 15
32 16
32 17
32 18
32 19
32 20
32 22
32 23
32 45
32 47
32 48
32 49
33 0
33 1
33 2
33 3
33 4
33 5
33 6
33 8
33 9
33 10
33 11
33 12
33 13
33 14
33 15
33 16
33 17
33 19
33 20
33 21
33 22
33 23
33 39
33 48
33 49
34 0
34 1
34 2
34 4
34 5
34 6
34 9
34 10
34 11
34 12
34 13
34 14
34 15
34 16
34 17
34 18
34 19
34 20
34 21
34 22
34 23
34 24
34 25
34 26
34 27
34 29
34 34
34 49
35 0
35 1
35 2
35 3
35 4
35 5
35 6
35 9
35 10
35 12
35 13
35 14
35 15
35 16
35 17
35 18
35 19
35 20
35 21
35 22
35 23
35 24
35 25
35 26
35 27
35 29
35 34
35 41
35 49
36 3
36 4
36 6
36 7
36 8
36 9
36 10
36 11
36 12
36 13
36 14
36 15
36 16
36 17
36 18
36 19
36 20
36 21
36 22
36 23
36 24
36 25
36 37
37 3
37 6
37 7
37 8
37 9
37 10
37 11
37 12
37 13
37 14
37 15
37 16
37 17
37 18
37 19
37 20
37 21
37 22
37 23
37 24
37 32
37 35
37 36
37 37
38 3
38 6
38 9
38 10
38 11
38 12
38 13
38 14
38 15
38 16
38 17
38 18
38 19
38 20
38 21
38 22
38 23
38 27
38 36
38 37
38 38
38 47
38 48
39 9
39 10
39 11
39 12
39 13
39 14
39 15
39 16
39 17
39 19
39 20
39 21
39 22
39 23
39 24
39 25
39 37
39 38
40 5
40 8
40 9
40 10
40 11
40 12
40 13
40 14
40 15
40 16
40 17
40 19
40 20
40 21
40 22
40 23
40 34
40 37
40 38
40 40
41 4
41 6
41 8
41 9
41 10
41 11
41 12
41 13
41 14
41 15
41 16
41 17
41 19
41 20
41 21
41 22
41 23
41 30
41 31
41 32
41 33
41 34
41 37
41 38
42 2
42 8
42 9
42 10
42 11
42 12
42 13
42 14
42 15
42 16
42 17
42 18
42 19
42 20
42 21
42 22
42 23
42 30
42 31
42 32
42 33
42 34
42 35
42 37
42 38
43 1
43 2
43 7
43 8
43 9
43 10
43 11
43 12
43 13
43 14
43 15
43 16
43 18
43 19
43 20
43 21
43 22
43 33
43 37
44 6
44 7
44 8
44 10
44 11
44 12
44 13
44 14
44 15
44 17
44 18
44 19
44 20
44 21
44 22
44 31
44 33
45 8
45 9
45 10
45 11
45 12
45 13
45 14
45 15
45 16
45 17
45 18
45 19
45 21
45 22
45 23
45 24
45 30
45 31
46 9
46 10
46 11
46 12
46 13
46 14
46 15
46 16
46 17
46 18
46 19
46 20
46 21
46 22
46 23
46 24
46 25
46 26
46 30
46 36
46 41
46 42
46 43
46 44
46 45
47 6
47 7
47 8
47 9
47 10
47 11
47 12
47 13
47 14
47 15
47 16
47 17
47 18
47 19
47 20
47 22
47 23
47 27
47 38
47 39
47 40
47 41
47 42
47 43
47 49
48 2
48 5
48 6
48 8
48 9
48 10
48 11
48 12
48 13
48 14
48 15
48 16
48 17
48 18
48 19
48 20
48 21
48 22
48 23
48 37
48 38
48 39
48 40
48 41
48 42
48 44
49 5
49 6
49 8
49 9
49 10
49 11
49 12
49 13
49 14
49 15
49 16
49 17
49 18
49 21
49 22
49 23
49 37
49 39
49 40
49 41
