1.5576 6.2214 0.7893 1.7599 5.0940 4.8155 5.7513 5.3943 4.8535 0.3410 4.6397 4.9805 4.5825 4.9124 3.5131 3.8303 4.6486 3.9895 4.1076 2.1045
1.7676 1.6392 0.8563 1.3569 5.1582 4.8592 4.6030 5.1882 4.2892 0.4068 4.6481 4.5722 2.3007 0.5370 4.7250 4.9659 5.9693 5.6479 1.6586 2.1280
1.2279 1.6457 1.4072 5.9468 5.9192 5.7974 5.3855 5.1696 0.1597 1.4713 3.8096 3.5338 3.7063 1.4180 0.4845 0.8274 0.4329 0.7045 1.6160 1.8096
0.8271 1.1350 0.4945 0.1529 0.4959 6.1130 1.0805 0.5062 1.3331 1.6898 1.4998 2.3538 2.1580 2.0491 1.8054 1.6397 1.2616 1.5685 1.2665 0.5693
0.8059 0.2517 5.8260 5.8290 5.9892 5.9208 6.2667 0.5627 1.1003 1.5532 2.1754 2.2453 2.1890 2.3194 1.6477 2.5521 1.3089 1.6309 0.6760 5.7736
1.5028 6.1549 5.9502 5.8229 0.3220 0.0597 0.7132 5.6767 0.3966 0.7734 4.8118 3.2800 2.5928 2.1697 1.7523 1.7105 1.3567 1.1469 0.6114 1.6503
2.5922 2.1814 4.7065 4.8589 4.8639 5.0606 6.0875 5.9333 0.1156 0.8989 5.8388 3.8557 3.9146 3.1364 2.8698 3.6572 2.1486 1.4315 1.0581 1.0106
1.7947 0.8355 5.6148 5.1515 4.6469 4.2741 1.5210 0.9540 1.4603 6.2121 5.5971 3.9134 4.4008 4.2047 4.3311 4.1221 3.1977 3.0190 2.2898 1.4260
5.7388 5.5566 3.5199 4.4717 5.3843 0.9075 1.3249 1.0736 0.9852 0.6349 5.8360 0.0009 5.9606 4.0460 4.6467 3.8658 3.7563 4.2800 4.9782 5.7372
5.9149 5.7071 3.9031 4.2775 5.0178 5.8233 0.2533 0.3530 0.4796 0.8144 0.8316 0.1235 5.2675 3.7741 5.1858 4.0292 3.6355 4.4186 4.1356 5.7278
5.2292 5.1870 4.2339 4.6503 4.9245 5.7525 0.5297 0.3455 6.0122 1.1063 0.6486 5.8969 0.2151 6.0581 4.8289 3.8727 3.0358 3.2794 4.0966 5.0093
5.4993 5.0648 3.9796 3.6988 4.0808 3.8150 1.9096 0.5278 0.6053 0.4871 6.0174 5.8297 0.7128 1.0110 1.5067 3.1479 2.4362 2.6420 4.0416 4.2889
2.1297 4.1490 5.0400 5.9908 4.9708 4.4138 2.2897 1.4283 1.2740 1.0710 1.1673 1.6114 1.1581 1.4751 2.4811 2.3790 2.5153 1.6289 2.5191 2.6150
2.6707 2.4033 6.0851 5.6357 4.5989 3.8670 2.8098 1.8435 2.2892 1.5276 1.5465 2.1638 1.1116 2.6442 2.5879 2.4925 2.1294 1.8970 2.8681 2.1632
1.6126 1.0322 6.1730 5.7886 3.4868 3.0762 2.9445 2.0371 1.5699 1.3315 1.7030 2.4349 1.9528 2.8066 3.1067 2.8748 2.2160 0.4125 1.0104 1.0706
1.2660 0.8606 1.3231 0.2793 2.2969 3.4640 1.1677 1.3477 1.4726 0.8515 0.9850 0.5357 2.3140 2.3402 3.2098 2.5756 2.0197 1.6204 1.8085 1.3771
2.0325 1.6893 1.6382 1.8770 1.9345 2.4392 1.9317 1.0625 1.2041 1.9073 1.7306 1.3314 2.9969 3.1119 4.0705 2.0823 2.6676 2.2305 0.1713 1.3454
1.3377 0.8226 0.7316 1.4195 3.2237 2.7450 2.1390 1.1238 2.0788 1.9393 3.2436 2.2088 2.0640 3.9337 3.0703 2.2419 2.7331 2.6140 2.3534 1.5446
1.6195 0.8453 1.2302 1.4909 2.1924 3.0144 3.4908 0.2101 0.2868 0.0099 0.6823 5.6113 2.4466 3.0569 2.5307 2.8901 4.0442 2.7075 1.6854 1.6910
1.4387 1.8320 2.4827 1.9811 3.8795 4.6154 4.8956 6.1542 4.8344 5.9531 0.3317 5.8076 4.5632 4.0949 3.2421 4.7446 4.2373 3.5991 3.2816 2.8036
