1.6100 1.9587 0.9316 0.8309 2.7882 4.3309 3.9976 4.2548 3.4616 5.6247 4.6201 5.6628 6.1001 0.6424 1.7226 2.3682 2.1375 2.0447 1.7904 1.3259
2.1793 2.3957 2.4338 2.9357 2.5909 2.9810 2.7202 3.5147 4.2973 4.5533 3.5222 3.6200 0.6589 1.1430 0.3280 2.3596 0.3591 0.9605 3.5418 2.1468
1.9780 1.5299 2.3255 3.7370 2.7145 3.4284 4.1713 4.2115 4.0807 4.0278 4.3922 4.8031 5.2757 0.1807 1.4457 1.6319 1.1194 0.8643 2.0199 2.5259
2.1302 1.7126 2.1201 0.7634 3.4295 3.8832 5.1458 4.7243 5.2894 4.2371 4.6093 5.7495 5.8702 5.7485 1.0811 1.6480 1.2830 1.2815 0.9788 1.1420
2.0644 1.7645 5.6963 5.9302 4.0942 4.5232 4.9400 5.2380 4.5370 4.5928 3.7584 4.7956 4.7362 5.0439 1.2196 1.5503 6.2456 1.2399 0.8193 1.0838
1.2202 0.8317 5.1156 5.4128 5.5503 5.7839 4.8199 4.5384 4.1603 2.9233 3.5196 4.1943 3.4311 6.0766 0.5229 0.9621 0.4835 1.0243 0.6237 0.5022
0.0298 6.2559 4.9726 5.7766 5.9807 5.6014 5.6109 4.3112 4.1291 3.4913 3.5349 5.9375 4.5636 5.3328 0.8285 1.2130 0.6396 1.3420 0.4687 6.1903
5.7653 0.3090 5.3258 4.0594 0.3767 5.5623 4.8368 4.7329 4.5935 4.3261 3.5032 3.6668 3.2814 2.8368 1.6980 1.0365 1.0431 0.9028 6.1453 1.3296
5.2824 5.0146 4.5282 3.9519 5.2279 3.9662 3.6898 3.9595 4.3146 3.9359 3.9755 3.2483 4.1230 3.2219 2.5839 1.4379 0.8572 1.1803 1.0060 6.2064
6.1522 5.3529 4.8351 4.7694 4.5518 4.5574 4.3004 3.5899 4.5968 3.4036 3.6390 2.9157 2.9659 2.3511 2.2099 1.9215 1.1773 1.3279 0.5516 0.3931
5.1858 4.8947 5.2851 4.6805 4.3389 4.3814 5.3708 4.5186 5.3582 4.5352 3.8399 0.8623 1.8018 2.0424 1.1957 2.1054 2.0296 2.0731 0.8428 6.1336
5.8513 5.4807 4.8459 4.0761 3.3428 3.4796 5.0469 4.5011 5.0982 5.1737 4.6070 5.1865 6.1556 0.9882 1.6036 1.5197 0.9743 1.2927 0.9914 6.1407
4.9721 3.7594 4.1572 3.8096 3.7115 3.9792 5.9429 5.5429 0.1814 6.1012 5.5797 3.4421 5.5857 6.0306 0.3716 6.2817 0.5937 1.5968 1.3907 1.3091
3.6304 2.0667 3.9102 3.9146 4.0098 3.7303 4.9096 6.2214 6.0403 5.1736 5.5872 4.7024 4.5739 4.8349 5.3593 5.9108 5.8248 0.7176 1.8276 1.9287
2.5406 2.4303 3.8983 3.7474 3.3983 4.9467 4.5918 4.1442 5.4139 4.9002 4.9996 4.7234 4.5659 4.7915 5.8305 6.2770 0.0701 0.5001 0.9648 2.8632
0.3988 5.7210 4.7251 4.0243 3.9701 4.5455 3.4031 4.1902 4.0404 4.4561 5.9970 3.9557 4.0837 4.7721 6.1437 5.9977 0.5110 1.6236 1.8760 0.9983
4.2381 5.3851 1.6074 4.1446 4.7589 5.4249 2.9773 4.4588 4.5682 4.8459 5.4674 5.2431 4.5294 5.6677 0.7667 0.6837 1.5483 1.1508 1.8854 1.9665
1.9159 5.7600 6.0355 4.2331 4.9241 4.5167 2.8530 3.4930 4.1617 3.8375 3.7249 5.6133 5.3160 5.8523 1.3796 1.8630 1.4153 1.2484 1.6488 2.4343
1.2642 1.1707 0.7958 0.6036 0.3264 1.9277 2.8861 2.7656 3.8106 3.2145 5.0326 5.0227 0.2171 0.5639 2.2822 1.2275 1.5179 0.3527 1.0175 2.6445
1.5783 1.6483 1.2382 0.6312 0.5794 2.3438 2.5908 2.8373 3.3322 3.6946 5.0769 5.2529 0.1118 0.9941 2.4527 1.8241 1.9739 0.8880 2.9403 2.5777
