6.2669 5.8282 5.8998 5.5537 5.1850 5.8843 5.8393 5.9709 5.8280 5.2739 5.4287 5.9765 1.1916 1.0119 1.0110 1.1744 6.1466 0.4353 6.0997 0.4744
6.1269 0.2770 0.0234 6.0281 5.1203 4.8072 5.7905 5.1698 5.4566 0.2252 0.9323 5.9353 0.6538 0.9760 1.4847 0.6511 5.9194 0.2866 5.9555 5.8785
0.6310 0.1722 5.4502 4.7377 5.3849 5.2946 5.0653 6.0859 5.9697 5.0147 1.7461 1.6264 0.7774 0.2164 1.4153 1.7659 5.5753 0.3622 0.1267 5.9210
5.9629 5.4445 4.7789 4.5836 4.0492 4.8751 4.7185 4.5521 4.5860 4.7739 0.8504 0.7898 1.6046 1.8545 2.2354 1.7477 0.2155 5.6844 0.2040 5.9473
5.8378 4.8556 4.8850 4.1564 3.5307 3.4003 4.2425 4.4867 5.0691 4.7526 0.2136 0.4974 1.0672 0.9820 2.4780 1.7242 1.3115 0.3815 0.2356 0.4131
0.6811 5.9370 3.7854 2.5945 2.3844 2.5289 3.6681 4.4131 3.6253 4.0946 1.7117 1.9476 1.4096 1.0659 1.4876 1.6405 0.0476 1.0097 0.4557 0.8185
0.7995 5.9506 2.4996 3.2207 3.1366 2.7021 3.6823 3.8086 2.4470 2.9357 1.7852 0.8291 1.4779 1.2819 1.4450 1.4657 0.7482 1.0825 1.4128 0.7515
0.6246 0.4083 3.3155 3.3828 3.4120 3.7580 2.9534 3.4166 3.1103 3.7807 2.3443 2.5175 2.1556 0.6928 1.7655 1.4284 2.3969 1.9309 0.8045 1.3574
1.4445 2.1652 2.6276 2.7128 2.9508 3.5403 2.4374 2.6433 3.4502 2.9642 1.8195 1.3041 1.5685 2.1698 0.8038 0.5942 2.3917 2.6475 1.8646 1.6444
1.8239 1.8539 2.9013 3.0375 3.5634 3.9381 3.1907 2.8491 3.1988 3.1179 2.7723 2.4570 1.4671 1.9106 1.4770 0.9329 1.4418 1.8002 2.2188 2.0056
2.3982 3.0313 3.8587 2.7952 4.1027 3.7029 3.6247 3.4396 3.6166 2.6740 1.6156 0.9997 1.3873 1.5545 1.4833 2.2092 1.9050 1.4593 2.1568 1.5087
3.1610 3.4091 2.7428 2.9405 3.0320 3.5208 3.2000 3.6544 2.9605 2.3739 2.3356 2.0075 1.8229 0.2218 0.9073 0.8576 2.6539 1.4768 2.1789 2.7007
3.1572 3.2907 3.3783 3.0379 3.8884 3.1729 2.6373 2.6522 2.3806 2.5483 1.4514 0.5612 0.6717 0.5487 1.0183 1.7707 2.0396 4.0271 2.8294 2.7603
3.3196 3.1089 3.4912 4.6754 3.9414 4.3237 3.6300 2.7221 2.5072 2.1974 0.8610 1.8680 1.6198 1.2631 0.6368 1.3513 4.3581 4.2351 3.9395 3.0699
3.4954 4.0539 2.9812 4.2375 3.7518 3.6745 4.1735 2.4649 2.2266 1.0712 0.8403 0.8115 0.8850 0.0922 5.9695 6.1230 5.0804 4.4096 4.6483 3.6049
4.6498 4.2076 4.4969 4.2229 4.5950 3.0853 3.2009 1.7264 0.9690 0.6113 0.5273 0.2512 0.6175 0.5722 5.9978 0.4676 0.2174 5.7226 4.3891 4.1638
4.6734 4.1403 4.3786 4.5127 3.9509 2.9152 2.1722 2.4892 0.9669 0.0166 0.0548 0.0711 0.8088 1.6074 0.7752 0.6007 0.1935 4.8133 4.3267 4.3399
4.6986 4.4490 4.8868 4.2859 4.3118 3.8700 5.4751 0.3348 6.0976 5.3231 6.1017 5.5712 0.4131 5.8972 0.4801 0.2679 0.9583 1.6932 1.7700 5.1535
5.2575 4.7200 4.4904 3.4781 3.9635 4.2008 6.2735 0.1194 5.3523 5.4220 0.5982 1.4723 0.4818 0.0388 1.0574 0.6063 1.1082 1.5853 0.2330 5.2919
5.9682 5.3357 5.1806 3.9698 4.2336 4.8343 0.1685 6.0852 6.0758 6.1780 6.2335 0.7077 0.0761 0.6663 1.6762 1.0503 1.1205 0.9790 6.0754 0.1078
