0.7478 0.8171 1.5559 0.1963 6.2603 0.4760 0.1359 5.9864 5.3195 5.3898 5.6280 5.0182 5.8238 5.8468 5.0851 0.1946 5.8302 6.2282 0.0819 5.8770
0.4269 0.6456 1.4520 1.9609 1.3668 0.3844 5.5817 5.8131 5.3290 5.7691 5.4509 4.9884 5.4484 5.5910 5.3140 5.8739 6.1907 0.4684 5.6618 0.0991
1.2809 1.6336 1.0341 2.9030 2.3799 3.4710 5.0118 5.6038 5.3096 5.8973 4.4262 5.7297 6.0575 0.5866 5.5222 0.3398 5.8723 1.0295 6.1346 6.2623
1.4097 2.1480 1.7560 2.3804 1.8619 3.0493 4.4811 4.2010 4.9623 6.0069 4.5292 4.0353 5.5776 5.7530 5.7399 1.0526 0.1656 1.1788 0.8645 0.8055
1.8858 2.9963 3.1024 2.9083 2.3475 2.2766 3.9088 3.5892 3.6071 4.3001 4.1847 4.4444 6.0883 6.0731 0.5895 0.3395 0.6428 0.2331 0.5635 1.9066
2.2989 3.7685 3.2027 3.2331 3.1339 2.7525 3.3270 2.9369 3.1985 3.9807 3.3538 0.4004 5.9937 5.2148 0.2015 0.4319 0.4442 1.3926 1.0247 0.7494
5.0475 5.1032 3.0108 3.0577 3.8842 3.8508 3.0317 4.8409 3.6387 4.5522 5.5406 5.7911 0.4778 0.1513 0.9058 0.5707 5.5511 6.1580 1.3205 5.9085
5.6015 5.5597 4.2873 2.8710 3.5143 3.8982 2.7767 3.9713 3.2477 4.4874 0.1291 5.5305 1.1792 0.2383 0.6631 5.7731 5.0769 5.5839 6.2157 4.8141
5.8438 5.2768 5.5854 1.0680 1.7896 2.3604 3.2632 3.8358 2.9788 2.4720 1.3868 0.0000 5.7292 5.9044 0.4604 6.1810 6.2075 0.2802 6.2072 4.9272
5.9863 6.0604 5.1363 1.0078 1.7549 2.4853 2.9601 3.1544 2.4738 1.5452 1.8642 6.0995 6.1478 0.4648 0.3693 0.5536 0.9177 0.1932 0.4713 5.9525
6.1851 5.9426 0.1258 6.1876 2.4684 2.2522 1.7312 1.9218 2.0229 0.6700 1.0919 1.0632 1.0278 0.9466 1.1963 0.5327 0.1052 1.0137 0.8168 0.5907
1.9023 2.3705 1.5011 3.2763 2.3587 3.0359 1.8770 2.6295 2.8486 1.6387 1.2288 1.4351 1.8207 1.3053 1.2173 0.9738 0.5641 0.9015 1.5613 0.7238
0.5692 0.4062 0.6974 1.2381 2.0460 2.3636 2.7124 2.4518 1.9786 0.4937 1.4790 0.3217 2.2015 2.2045 1.6826 1.0020 1.0992 1.4731 1.3589 1.1378
0.9392 5.9779 1.0058 1.5356 0.8528 1.5976 2.0736 2.7329 1.9320 3.3342 3.0676 1.9085 2.4660 2.0195 2.2769 1.4245 1.3972 0.7777 0.5232 0.7017
2.0811 1.9751 0.8316 1.5778 0.9449 1.2660 1.5774 1.7765 3.2022 2.8958 3.8043 3.0107 3.0000 3.3458 3.2329 1.5783 1.5144 1.0502 1.5544 1.6282
1.1981 0.7078 0.6186 1.1062 2.1463 0.9262 1.3931 1.0593 2.7731 3.2886 4.4881 3.1224 3.5671 2.9040 1.7637 0.8161 1.1858 1.4284 2.5504 1.0675
1.0310 0.3806 0.8483 1.7840 1.9873 0.7462 1.1143 1.1541 2.5838 3.1998 4.0301 3.0339 2.8643 2.6743 2.7818 2.3012 2.2448 1.8212 2.6268 1.1737
0.8460 1.4281 2.0137 3.1564 1.4505 0.4198 0.7069 0.7616 2.0971 2.7875 3.9235 5.1243 4.7281 5.6861 0.4857 2.0297 2.1390 1.3499 1.2985 0.2586
0.3572 1.9227 2.6544 3.4785 3.8212 1.5206 0.7621 6.1449 0.3688 5.1070 5.5310 5.4065 5.6153 5.1120 0.1096 1.9726 2.1508 1.0747 1.7279 0.9207
1.5017 1.5191 1.5508 0.3369 0.9584 0.8234 1.1554 5.3377 5.9336 5.3705 4.6200 4.8536 5.3582 5.7051 5.7390 6.2428 5.0657 0.4495 1.1726 1.5089
