3.9106 4.2092 0.9142 6.2450 0.0731 0.2125 0.8208 1.1689 5.3642 1.7362 1.4087 2.2817 2.2909 2.5632 1.7637 2.9637 3.7279 2.8765 3.3483 2.8320
4.1544 4.4059 5.0808 0.0857 0.2068 0.9981 1.2803 0.9848 1.2554 1.7192 2.0754 2.1087 2.9773 2.6576 1.9726 2.1888 3.5257 3.7289 2.6855 2.6618
4.1858 0.1277 0.2460 0.8485 0.0405 0.8569 0.5303 0.2049 6.1290 2.4990 0.9803 3.6912 3.0152 4.1417 4.0367 4.7638 3.2204 2.8224 3.8282 3.3946
3.6522 4.0879 5.8343 5.1659 5.8385 1.2436 1.0362 0.3994 0.4465 0.5918 0.5335 4.4894 2.8993 3.1358 4.2788 4.8005 4.8065 4.9853 5.1970 4.3377
3.3758 3.0619 4.7518 6.1739 0.3030 2.7576 0.4192 0.4794 6.0721 5.8925 5.5422 4.0438 2.9841 3.1636 3.4471 5.3567 5.2707 4.8678 5.4860 4.5503
3.7096 3.0927 4.0257 0.0802 6.2302 0.6053 5.2970 5.3721 5.2369 0.3654 6.0465 3.1128 2.2658 2.7254 3.5061 0.4793 5.7832 4.5722 4.6975 3.2466
3.0108 3.1787 3.7587 4.7840 0.7529 1.8341 5.6540 5.5372 5.4791 5.8243 6.0084 2.3737 3.7180 4.3326 2.5089 3.1470 3.0031 3.5615 4.3503 4.0234
3.7066 3.4942 4.4046 5.3808 0.2325 0.2902 0.0969 5.7262 5.2123 5.5319 4.7070 4.9965 4.0271 3.1051 2.9901 4.3268 3.5436 2.8120 4.0016 4.0193
4.1769 3.9362 4.2755 0.7704 0.3223 6.0992 6.0243 5.9074 4.9762 4.6828 4.5006 3.5586 3.5648 3.4536 2.9867 3.9108 3.5212 3.5655 4.1439 4.7043
4.0670 4.7616 4.6245 6.1233 0.1098 0.0575 5.5726 6.2270 4.3997 4.0942 3.6661 3.7724 3.6145 3.2162 3.0978 4.0933 2.9216 3.6951 4.1465 3.7742
4.1428 3.8915 5.2682 5.6038 0.3146 0.8579 6.2728 0.7492 4.9307 4.4030 3.3454 1.4242 4.1515 4.3382 4.6593 3.4916 3.5011 3.6007 4.3785 4.9899
4.4386 4.2665 5.3288 5.5698 6.2336 0.6687 5.4909 5.7032 4.7377 3.9743 3.7471 3.9746 2.6896 3.5726 3.7516 3.3504 3.5985 3.4452 4.1450 4.6797
3.2222 2.8080 2.8690 3.2141 0.2245 0.6878 0.4727 1.8638 2.7074 3.5084 4.5315 4.3457 3.9674 4.3508 4.0135 2.9943 4.1702 3.8399 3.8028 2.7175
2.6504 3.5091 2.6673 2.0790 0.4349 6.2504 0.1541 2.4044 2.7359 2.2989 2.2616 4.0902 4.0965 5.1060 4.5917 4.3814 4.0657 3.3090 1.8473 3.1053
2.7853 5.1751 4.3242 4.5242 5.6117 5.6956 4.9136 2.2086 1.7930 2.2514 2.6855 3.3180 3.4528 3.6904 4.6021 4.0820 3.2537 3.3596 2.0620 3.1008
4.1881 4.8417 4.5333 5.9043 5.8729 5.2510 4.7987 4.0373 3.0097 3.3193 2.7769 3.1839 3.1104 2.5378 4.7515 1.2205 3.4370 2.6530 3.9787 3.5232
3.9757 3.5088 3.9960 5.4711 0.0615 0.7722 5.1780 4.4058 4.2276 3.1877 3.3469 2.9091 2.9685 3.3500 3.4078 4.0634 3.1792 2.3869 4.7237 4.2371
4.6462 3.9928 3.7066 5.0074 6.1700 0.1574 1.2637 2.4621 3.6149 2.8449 2.6211 2.6493 2.0117 2.4830 2.5325 2.6762 3.0035 3.2170 6.2493 4.9128
5.1569 3.5245 4.0224 5.6873 5.6721 5.8283 1.1798 1.7167 2.1692 2.2925 3.6684 2.1620 1.6624 1.7222 1.1609 1.9548 2.7994 3.3933 4.7803 5.0403
3.8954 3.3251 4.3143 0.4273 6.1180 6.1435 0.1010 1.6297 2.2813 2.2504 3.0837 2.4929 1.7737 2.5037 2.6033 3.5248 2.7158 2.9833 3.5851 3.5641
