3.3882 3.0825 2.9268 3.0921 1.6842 2.5280 3.1239 3.4005 3.2109 3.9442 2.3958 1.0501 1.9519 2.1045 0.6436 4.1950 4.2829 3.9565 3.0986 2.5063
2.2286 2.1040 0.5428 0.8472 0.7075 1.4737 2.5171 3.2856 2.6450 2.8973 3.7843 2.0656 1.3357 3.5029 0.7238 0.4855 5.0026 4.2871 2.8002 2.7201
1.7089 1.4573 0.9383 6.1995 6.0222 0.3496 2.4848 3.2948 1.8573 2.0559 3.0415 2.7873 1.6321 2.1553 2.0628 2.5175 2.3784 2.6092 3.0681 2.8779
2.2896 1.6329 1.2504 0.6674 0.0994 0.7044 1.9546 2.7439 2.4684 2.0759 1.4902 2.8200 2.0434 2.4844 4.1907 2.6093 2.6639 2.4602 2.5283 2.1756
1.5351 1.0043 0.9522 0.6520 1.0196 1.7116 1.9940 1.8838 1.3167 1.8228 2.2127 1.8292 1.9062 3.0602 3.5158 3.3164 3.5190 2.6167 2.0558 1.3290
1.9123 2.0472 1.3634 0.2423 1.3494 1.3212 1.6615 2.6748 1.8032 2.7770 2.6935 2.9236 2.9365 3.1833 3.0012 4.1499 3.9605 2.3996 2.6207 1.2966
2.0767 1.6785 1.4375 5.2849 1.7930 1.4762 1.5120 1.9180 1.7754 2.0326 1.6293 2.1803 2.5240 2.2632 2.5985 2.8696 3.4229 3.3345 2.8069 2.4134
2.3274 2.7224 2.4873 2.1868 1.8855 1.9171 1.9440 1.2674 1.5849 2.8224 1.8689 3.0519 2.7235 3.5378 3.5996 4.0405 2.5886 1.1319 1.9729 1.6580
4.4224 3.1813 3.4449 1.9762 1.4360 6.0248 1.5930 2.0650 1.6359 1.9093 2.3219 3.8160 3.1611 4.1639 3.8002 3.0255 2.0470 5.8090 0.7223 5.1587
4.5631 2.9025 3.1207 2.5055 1.4728 0.8020 1.2688 1.9315 1.8405 1.9461 1.6366 1.4692 2.5799 3.1272 3.6839 5.5909 0.0095 0.0332 5.6475 5.7625
5.1762 3.9260 4.3543 2.0204 1.2246 1.1850 1.9731 2.3364 1.1392 1.3650 1.1044 1.3814 3.0938 3.3517 2.9105 4.6495 5.7326 5.6590 4.8361 4.7546
5.0247 4.1844 3.7364 2.8620 2.1581 2.0267 1.5977 2.5218 2.5187 1.0321 1.7110 2.0285 2.5707 2.9589 3.4527 4.7536 4.5560 4.9021 5.5082 5.4710
5.6711 5.2563 3.1729 3.1633 1.3653 1.5935 1.9074 3.2938 3.1012 0.8433 2.0767 2.4924 2.6156 2.6137 3.0217 4.6515 4.9964 4.6319 2.2303 2.0223
6.0297 0.1319 2.4368 2.5055 2.1544 2.3594 1.3726 2.4509 3.0927 4.4819 1.5389 2.0411 2.5362 4.0352 2.9385 3.8511 5.2283 4.3545 3.1257 2.4889
1.2016 1.1927 1.0686 0.8501 0.8920 3.2562 3.1270 3.4793 3.2712 3.2867 3.6643 2.7615 2.1950 0.2118 3.2474 5.3233 5.6950 4.9199 2.4439 0.2852
1.0731 0.9875 1.2663 0.8448 0.7904 3.8557 3.0134 2.1530 3.2470 2.7875 1.6917 1.5928 1.3035 6.2759 3.5005 4.2301 5.0603 5.2316 2.3475 1.6058
1.2736 1.2351 1.4482 5.8754 5.4034 4.3970 2.7361 2.2968 2.2151 1.7348 1.0310 0.7205 0.1124 5.4480 4.8580 3.9166 4.3877 4.6279 3.1028 1.6814
1.5097 0.1656 0.9802 1.4169 4.7923 4.9692 3.6735 1.7739 2.3695 1.6679 0.6799 6.0353 5.4501 5.3013 4.0733 4.6481 4.4992 3.8918 2.7674 2.9715
5.1776 5.7738 2.0194 3.4997 5.2481 5.0457 4.0202 2.5400 2.1458 0.3647 1.8873 0.1295 0.1673 5.5901 4.7924 4.0104 3.6580 4.1008 3.7583 3.5235
3.7433 3.2867 4.2566 3.7344 2.2132 2.6787 2.7821 2.7959 2.7361 1.2424 1.7415 1.0109 1.0415 5.8822 5.2774 3.9549 4.5835 4.6098 3.7510 2.3025
