2.5214 3.1325 3.0077 3.1208 2.7853 1.9513 2.2699 1.6649 1.7167 1.0343 1.7166 2.2102 1.2168 0.8652 0.6940 1.1893 1.3616 1.4315 2.1174 1.6311
2.5411 3.0392 3.4915 1.9072 1.8807 1.0073 1.8259 1.8494 2.6191 2.3190 1.9298 2.6518 2.5347 1.8798 1.7580 1.7246 0.6565 2.3090 3.8004 3.3530
3.3422 4.1499 3.3036 2.4946 2.0041 1.2626 2.2737 2.8453 1.9863 3.1399 2.1530 1.9340 2.2024 2.0028 1.4344 0.6472 1.5046 2.5096 3.7892 3.9628
3.7737 4.4074 3.4540 2.0879 1.2125 1.2473 0.7952 2.0524 1.5296 1.3722 1.9837 1.9559 2.1080 2.7934 2.9568 2.8965 1.5840 2.9311 3.7100 3.3496
3.0397 3.5078 2.7539 1.7583 1.4379 1.4647 0.4886 1.0004 1.3366 1.6233 1.0107 0.7284 2.2214 2.8932 2.2174 2.4742 2.4398 2.5248 2.9370 3.4479
2.8179 3.4236 2.4921 1.5811 1.1098 1.9176 0.9071 1.3617 1.1512 1.8515 1.5494 1.3855 2.6988 2.7805 2.5144 3.0132 2.6646 3.0216 2.7869 3.1126
3.3986 2.9481 3.2298 1.6345 1.8534 2.4557 2.3275 1.6762 1.2632 1.0405 1.2106 3.6360 3.4500 4.5977 3.8684 2.2499 3.9136 2.7998 3.0955 1.6190
3.2463 3.2271 3.2611 1.7951 1.3553 1.5413 1.5564 0.7459 0.6450 0.7942 1.1918 2.3087 2.7317 4.1256 5.5790 2.6386 2.8456 3.2913 3.0313 2.7640
1.9842 2.0975 3.0388 1.9686 1.4189 1.3604 1.6975 0.8872 0.5218 0.0989 0.4667 1.6665 1.4944 6.1848 5.7275 3.2517 3.3253 3.4009 3.8932 1.6691
6.0979 2.3105 5.0588 2.0038 1.3880 0.7227 1.0403 1.3750 5.5931 0.2452 0.2704 6.2713 0.5076 6.2291 6.1528 2.4077 2.2647 1.3234 5.0010 5.2794
4.8880 3.0807 2.3703 2.7198 3.1003 2.0305 0.9379 1.4202 1.4220 0.8076 5.4725 0.1444 0.1083 6.1034 0.1180 1.2667 0.8108 0.8567 5.2116 5.9471
6.1205 4.3335 3.0785 2.1123 2.9414 3.0569 1.9301 2.8762 4.1918 3.3064 4.1193 4.5219 5.6946 6.0825 6.1426 5.8923 0.5050 0.4734 1.4118 0.0908
5.1533 4.1539 3.2234 3.7069 3.0879 3.8934 4.0673 4.8330 5.5899 4.2322 4.7052 5.8149 6.1861 0.0601 5.7198 6.2626 6.0661 1.6493 0.7824 4.9482
4.3889 4.7805 3.1982 3.5265 3.5052 3.1496 3.2424 5.3271 4.7753 4.9108 5.0163 5.3433 0.1625 0.1175 5.8602 0.1357 0.6668 0.8378 0.4799 5.0143
4.0667 4.5231 5.3233 3.0448 3.6061 4.7077 4.4873 5.1237 6.1752 5.8120 5.1570 6.0783 5.9339 5.7226 5.9612 6.1536 6.0542 6.1913 5.2509 4.9824
4.7964 5.5350 4.9413 2.9893 3.4471 4.7368 3.6385 4.7097 5.5148 0.5243 5.8005 0.0447 4.8964 0.0790 5.4855 6.0476 0.1220 5.9404 0.4969 4.9982
6.0879 5.3652 5.9115 3.7572 4.3548 4.8876 3.7683 3.5575 2.5878 6.2022 0.3340 0.7289 5.1551 6.2605 6.0546 0.1985 0.5313 5.7536 5.8593 0.7111
0.5482 5.8643 4.9181 4.9148 4.2130 3.2822 2.4758 2.5243 1.9302 0.5294 0.6321 1.1109 5.5368 5.8611 0.0972 0.8874 6.2448 0.3264 5.5733 0.5741
0.6611 4.5498 4.3939 4.6523 4.7572 2.3548 2.6273 1.4540 1.7729 0.9809 1.2103 1.6112 0.9727 0.7324 0.8117 5.6862 0.2868 0.2960 0.5713 1.2187
6.0727 3.8971 4.0848 4.2771 4.3760 2.9290 3.0290 1.4654 1.3993 1.2224 1.7028 1.4322 1.2125 1.3140 0.6128 1.0205 1.2084 6.2613 0.5688 0.7964
