3.8793 3.3637 4.1071 3.8903 4.6186 5.1772 5.8981 5.6169 3.5367 1.7591 0.0515 0.1182 0.6671 0.2173 3.8464 2.9719 1.8487 2.8210 3.1870 3.6965
3.7643 2.6806 3.7682 5.3383 5.7434 6.1576 5.7137 5.1139 5.2506 4.8452 5.8753 5.2821 5.3113 5.5905 4.7994 4.0466 2.3037 1.7627 3.1062 2.2311
3.5271 2.5585 3.1079 5.0637 4.5464 5.0378 4.9434 4.2826 4.6939 5.0216 3.9231 5.4484 5.1395 4.7756 4.6273 5.1973 2.3038 2.6328 1.7890 2.7030
3.5375 2.1129 2.8546 3.3810 4.4699 4.6755 4.1496 3.2905 3.1538 1.8630 0.4282 0.5614 0.2183 6.2529 5.3801 3.9386 2.6343 3.5716 2.7797 3.4163
3.3560 1.5458 1.8522 2.1722 2.5288 3.2923 2.5572 2.7975 2.8248 2.2673 0.6698 0.9466 0.4649 0.3753 5.0798 4.7042 4.2024 2.4429 2.3944 3.4316
3.1488 2.3406 1.3387 1.1843 1.4156 1.5930 1.6615 2.3572 1.5358 1.4890 1.5791 1.2886 2.3460 0.2970 4.9651 4.1004 3.8890 3.6798 2.8244 3.0537
1.6739 1.5976 1.4455 1.6789 0.9219 1.3805 1.6316 1.9920 2.5715 2.3328 2.1645 1.1027 1.5505 3.5723 4.9233 5.0177 4.7063 3.8043 2.2518 2.3901
2.1061 2.0417 1.4048 1.2172 1.9250 2.0994 1.8200 1.2774 1.8606 0.6774 1.7460 0.6969 1.7709 1.0333 6.0080 0.2689 5.8842 3.1577 2.6706 1.9790
1.2838 1.8900 1.2903 2.1239 1.9231 2.5651 2.0409 1.9787 2.1064 1.2823 0.7725 0.8804 1.7541 0.8029 5.6242 6.0087 0.4620 4.8310 0.5397 1.3451
1.5207 1.1762 1.4683 0.8559 2.1816 3.0301 2.4831 2.9021 3.2929 1.1086 1.6157 1.4909 1.6578 1.2771 0.1817 0.9934 0.6549 6.0384 0.5266 1.1059
1.0674 0.5797 1.6282 1.5010 2.0983 3.0442 2.6594 2.9087 3.2319 1.3933 2.6041 1.7765 1.1453 0.8215 0.3406 1.1932 0.5966 0.6434 2.1886 0.8834
1.7376 0.6902 0.4179 1.6369 2.7392 3.1522 2.8758 3.6906 2.8985 1.4341 1.7025 1.2278 1.4099 0.6099 0.9488 0.8706 0.2341 1.8470 1.1966 0.8821
1.2483 1.2303 0.3334 1.5799 4.2424 2.8297 3.1148 1.9361 0.3548 0.3128 1.7766 1.1536 1.1276 1.4560 2.0338 1.4976 0.8844 2.8967 0.8661 1.2580
0.1407 1.1607 4.6360 4.4499 4.2064 3.3093 2.2572 0.5487 0.3215 0.3475 0.4586 6.0643 0.2715 0.6221 1.9960 2.4687 0.5344 6.1826 0.7082 0.6640
0.1627 5.0220 4.6121 4.5327 4.8183 3.2646 1.8667 0.5638 5.5421 5.6860 0.0690 0.5131 0.9504 1.9712 2.4876 2.5313 1.6184 2.0868 2.2555 1.6760
3.0690 4.1101 3.5168 4.3533 4.8391 5.1989 0.9686 0.1562 0.4282 0.3815 1.5088 0.8022 0.7220 2.6775 2.3142 2.1466 2.2540 2.9030 3.3767 2.1733
2.8160 3.9030 4.1148 4.3708 5.2272 5.5596 0.0279 6.1270 0.2188 0.9634 0.5230 0.5501 5.7765 4.4629 1.5575 1.2758 2.2040 3.5592 3.1571 2.7587
4.0245 4.3876 3.8549 3.1626 5.2811 5.9747 5.5627 0.0383 0.3495 1.2038 5.9615 5.4322 4.9472 4.3559 5.9333 3.4975 3.0316 2.3255 3.3226 3.4185
4.6150 3.7976 4.2927 3.7102 0.5028 6.2290 6.0616 5.0074 0.0431 1.2053 0.6057 5.5588 0.0320 5.7220 4.5258 3.2249 3.0513 2.8742 4.0422 4.5988
4.5576 3.8212 3.3696 3.9796 4.1016 5.3088 5.2107 5.0451 1.3374 1.0799 0.2828 0.2219 5.5418 5.6352 4.3495 2.2083 2.1560 2.8974 3.8235 3.7974
