1.5912 6.1814 5.4520 3.7084 3.7532 5.0650 2.7490 1.8099 1.3468 1.2120 1.8373 2.4640 1.1867 1.3083 1.3517 1.5191 1.7662 0.2699 6.1216 0.8289
4.8358 4.5122 4.8147 4.1103 2.8921 3.8420 2.5719 1.1462 2.0246 0.9504 2.1030 1.8330 1.8741 1.1154 1.8212 1.5973 1.4032 6.1628 6.0585 5.2461
6.0743 0.3211 5.0839 4.4928 5.3081 4.7431 2.6869 3.8882 2.8242 3.0871 3.3309 3.2345 3.5992 0.5743 1.4204 1.3910 1.6843 0.9234 0.4780 0.7494
6.0114 0.4404 3.6784 4.0276 4.7398 3.2891 3.2785 4.0469 3.4563 2.7656 2.6459 3.5163 1.6212 1.0377 0.9182 0.7862 1.3294 0.8551 4.8550 5.9666
0.4230 1.1547 3.7775 5.4208 4.8487 3.8180 4.2356 4.4604 3.8607 4.4786 4.3867 3.7724 3.4019 3.1070 1.5109 1.9686 1.1766 0.8320 0.5063 4.9527
0.1103 5.4977 4.7265 4.1318 4.8792 5.3583 4.8863 4.2723 5.6773 5.9189 4.7436 5.5498 3.7889 3.1898 1.5302 2.4285 2.0332 1.5197 0.8451 1.8208
1.6013 0.5405 6.0494 5.3705 5.6880 5.0545 5.0712 1.1171 0.8617 0.5392 0.0586 5.8307 1.4976 1.1812 1.0808 0.7247 2.0681 1.2970 1.5183 0.4324
1.8072 0.9458 4.9144 4.5717 3.7304 5.0091 5.2779 5.7191 0.6898 0.1679 5.8339 0.6050 1.8841 1.3876 1.6704 1.9584 2.2457 2.0143 1.7975 1.9043
2.6019 3.3269 4.0475 4.6333 4.4470 4.0787 4.2419 0.9062 1.3628 0.7947 1.0387 5.9026 0.5086 0.6347 1.5994 1.7062 1.5025 2.3254 1.5786 1.3643
2.1398 3.2340 4.6983 5.3326 4.2159 3.8779 4.2509 4.2443 6.0958 0.3423 0.1929 1.6482 1.7290 0.5253 3.1127 2.3673 1.5498 3.4580 2.4339 2.2844
2.0248 2.5202 2.7846 4.8753 4.4137 4.3396 3.7318 4.5397 1.7128 1.8970 1.2463 1.4571 1.8664 1.3568 2.6835 1.7536 1.7716 1.9074 2.2236 0.2597
2.6908 2.0351 3.6335 3.5883 4.2845 4.5890 3.3581 3.7739 2.6066 1.6839 1.4951 1.0911 2.1237 1.8887 2.6107 1.8534 0.5092 1.1154 1.7571 1.2645
1.7755 2.5192 3.3358 3.6195 4.2175 4.0444 3.6829 3.3891 1.4275 1.9756 1.4523 1.2504 1.0196 0.8540 1.0989 1.8072 1.0465 1.3203 1.8878 0.3889
0.9890 1.3975 1.5050 2.7271 3.5576 2.7527 2.5377 3.2927 3.2087 1.7859 1.9981 1.2863 1.0979 1.3247 1.3070 1.9878 1.1254 1.3150 1.1527 2.0354
1.4690 2.2522 3.2550 2.8007 3.7949 3.2696 3.1080 2.0633 2.2048 1.3872 1.1507 1.9141 0.9273 0.7691 0.6123 2.6450 1.4564 1.9763 2.2172 1.9522
2.5569 1.7923 1.8015 2.6651 2.1667 1.1628 3.2415 3.5406 2.3682 1.6747 0.8638 1.1429 1.0380 1.4206 1.1865 1.1640 2.3761 1.4355 1.6771 2.2720
2.0251 2.3871 0.9956 2.0501 1.4463 2.0084 2.6553 2.3288 1.9165 1.9461 0.8898 1.6243 1.1520 2.0270 1.7507 0.7722 1.5972 1.5144 1.9132 2.6972
1.4908 2.0613 1.2028 0.4269 2.4682 1.7751 1.0179 1.9344 0.9567 0.1747 1.4432 1.5162 1.4737 1.5498 1.8459 0.2840 1.3984 1.4369 1.5824 2.1297
1.4313 0.2296 6.0928 6.0119 2.4193 2.1208 1.7858 1.3156 0.6369 0.8632 1.8998 1.0876 0.1182 1.0474 1.9041 0.8343 1.4881 2.0934 1.0786 1.4889
1.4068 0.7710 0.3893 1.3199 1.8252 2.0578 1.5386 1.5084 0.6768 1.1241 1.0807 2.0102 0.9569 1.0292 0.8613 1.3140 1.0001 1.6106 0.8955 1.8325
