3.1326 3.2572 2.7843 2.3850 4.2275 3.6636 2.7966 2.2536 3.0803 1.5887 1.0553 1.7909 0.7117 0.8194 0.5490 1.0117 6.2427 0.1555 4.2584 3.8894
3.8185 3.0363 4.0250 2.7877 3.1301 2.7585 3.8060 3.6253 4.4495 3.8301 5.2939 6.2613 6.1085 1.1412 0.0903 5.8645 5.4531 5.7849 4.6995 3.7953
3.8966 3.3150 3.5698 3.6199 3.6647 4.0379 4.3834 5.0339 4.9057 5.5413 4.8049 0.5051 6.1462 1.1751 0.0763 5.3351 4.9877 4.7562 5.1908 4.6955
4.7943 4.6552 5.0570 4.4628 4.4769 4.8129 5.1845 5.2133 6.0698 4.8207 4.1913 6.1005 0.0677 0.1107 5.7379 4.7459 4.6049 4.7789 4.3213 3.9051
3.5353 4.4376 5.4241 3.9680 4.9434 4.9957 5.8057 5.3308 5.4676 0.5093 5.9175 0.4153 0.3922 6.0881 5.8762 5.1384 4.1928 4.3807 4.6650 3.8278
3.1314 4.0074 4.0906 3.7477 3.2155 2.1215 5.6895 5.3796 5.8848 5.2430 5.6326 0.1986 0.0326 6.1324 5.3520 4.7196 4.9107 4.9716 4.5560 3.8947
3.6362 4.3630 4.1424 3.5006 3.5692 2.2390 0.2474 6.1679 5.6709 5.5780 5.7525 5.3022 6.1222 5.7327 6.0151 4.8860 4.1910 4.1735 3.7854 3.6658
4.0398 4.2026 3.7350 2.5744 2.3747 2.1270 1.8472 1.0654 5.3938 5.4321 5.0922 0.2236 6.1514 0.5321 6.1141 5.8140 0.5665 1.9310 2.4244 3.0025
0.0563 3.2968 4.0793 3.3991 2.6635 2.4826 2.3522 2.2966 0.2837 0.1125 5.4899 0.7971 4.0069 5.1196 5.1275 0.0176 0.8346 1.1492 1.0656 5.7755
3.5299 3.5075 3.2240 2.7661 1.1640 2.1395 2.3577 1.6514 0.9408 0.3931 6.1777 0.0311 4.8811 5.3012 5.6129 6.0834 0.3855 1.2711 1.8293 1.7547
0.1258 2.1705 3.1664 2.7655 2.4826 2.3941 1.5924 2.4085 0.9615 0.2768 0.4118 5.4137 5.4704 5.7187 5.9147 5.8108 0.9101 1.4521 2.3372 2.3357
3.5634 3.2155 2.6174 2.2742 3.4185 2.5871 2.1497 1.4530 5.7906 6.1138 5.9448 5.8338 4.6979 4.9165 5.6499 3.7033 1.0209 1.0942 1.9833 2.1952
2.4035 2.6812 3.2486 3.1149 3.0853 1.8929 1.3837 0.5747 0.9625 0.6850 6.1292 0.0726 4.5110 4.7628 0.0604 0.4945 5.8229 0.7889 1.8262 1.3065
3.3480 1.9876 2.7721 2.2035 1.8594 0.9084 1.0818 0.9905 1.3635 0.2492 6.2758 0.1682 4.3896 4.9941 5.3420 0.6116 0.4405 1.9189 1.8893 2.1696
2.0629 2.5878 1.5235 1.7239 2.0323 1.1308 1.6466 1.2459 1.5777 1.2296 0.1960 0.4889 4.8149 5.5801 0.7490 1.4748 1.3678 0.9646 1.5220 2.0509
1.1567 1.6504 2.1141 2.6242 2.8711 4.5737 1.0315 0.6664 1.6059 2.1701 0.4077 0.9829 0.3207 5.9102 5.7067 1.1385 1.2108 0.8591 1.5490 1.3277
1.6524 2.3135 2.7176 2.5129 2.9754 4.4497 3.7486 1.8826 1.4507 0.6438 0.2388 6.0674 0.0915 0.4074 4.8060 0.1072 0.7005 0.7617 0.3588 1.6143
2.1115 2.2963 2.8549 0.9918 3.1726 3.5125 2.4817 2.6860 2.1455 0.3777 1.0713 6.1588 0.1313 6.0435 1.4146 1.2545 0.3751 6.2441 1.0198 1.4259
2.2266 2.7853 2.7323 2.3490 3.4986 3.5638 2.7745 1.9019 2.0477 1.1780 1.1969 1.6369 1.2884 0.0708 0.6871 1.0415 1.3452 1.5939 2.0974 2.2599
3.0712 3.4906 2.3048 2.8107 3.1526 2.5549 2.2965 2.1565 2.0457 2.8487 1.0897 1.3098 1.9367 0.4565 1.1139 1.0623 1.4395 0.9532 2.6821 2.9473
