2.8710 3.1143 2.8462 2.8078 4.0145 4.0271 4.4769 4.9348 4.6377 4.9712 5.3737 4.8060 4.7283 4.2778 4.6590 3.0515 4.0549 3.8627 3.1194 3.6021
0.8239 2.1665 1.9688 2.6348 3.2687 3.1826 3.9600 4.9516 0.5328 0.6221 0.2710 3.1947 5.3971 5.2904 4.5360 3.6905 3.0052 4.7793 3.4349 3.1962
1.4790 2.8428 1.7633 3.6562 3.0420 2.7216 3.0244 0.7516 0.6207 0.9136 1.8618 2.2862 0.0505 5.9552 3.6117 3.7180 4.2200 4.2633 5.5462 3.0124
1.8610 2.8509 2.2930 3.4201 2.2007 2.6684 5.9622 0.5081 6.1468 0.8510 2.1650 1.5624 2.3945 3.5867 3.5634 4.0767 3.3458 5.1611 3.2623 3.0394
3.7905 3.0191 2.3702 2.9684 1.1010 1.2661 0.5368 0.7464 1.5901 1.7026 1.0043 1.9212 2.3532 2.6205 2.9173 3.7080 4.2278 4.9524 2.1908 2.8980
2.7777 3.4437 2.0113 6.0227 6.0780 6.0437 1.0190 6.1185 2.4483 0.3985 1.2779 2.4775 2.9911 2.1601 2.2255 3.0515 4.0346 2.5109 1.5181 2.4381
2.1824 2.2341 2.4636 1.2582 0.0405 6.1342 0.3711 0.6467 1.1965 1.7428 1.1716 2.0516 1.1961 1.9997 2.8608 3.8706 4.0154 2.9252 0.0304 2.3392
1.7198 1.6020 1.6047 1.9063 0.5082 0.5335 0.7345 0.3969 2.0479 1.7909 2.1020 1.6612 2.6589 3.2708 2.6283 2.6098 2.6689 3.1738 1.6188 1.6286
2.7711 2.3588 1.0936 2.1108 1.5931 1.4221 1.6229 0.8250 2.1834 2.0653 3.3455 3.0911 2.4061 2.1124 2.5164 2.9972 3.5480 3.2631 3.0826 2.2368
3.3126 2.9236 3.2190 1.6776 2.4522 2.0933 2.4229 2.2497 2.5555 2.9529 2.4558 4.3309 2.6042 1.8128 2.2709 3.4294 3.5572 3.7058 3.3844 3.1604
2.8829 2.1579 3.2297 2.3719 3.1799 2.3182 2.5228 3.7448 3.0100 3.3034 3.3429 4.2463 3.5919 2.0489 1.2213 3.3894 3.2880 3.7243 3.7387 3.3188
1.3162 2.7646 2.3483 2.3524 3.1546 3.5924 3.6554 4.1129 3.8886 3.3268 2.9068 2.8834 2.8282 1.7229 0.8126 1.2943 2.6697 3.6092 2.8963 2.5939
3.8970 2.0374 2.5082 2.3901 2.6000 3.6440 3.0695 4.8124 3.1338 3.0582 3.5376 3.3304 1.1875 0.5763 1.1586 4.5084 3.4232 2.8512 3.1190 3.5852
3.8035 3.1822 2.6821 3.2284 2.5969 3.4386 2.4606 4.4226 3.7246 4.1648 2.8032 2.1843 0.2903 0.5466 0.6487 5.5967 4.3840 4.4196 3.8367 3.7316
3.4219 2.9924 2.9081 3.3787 2.5603 2.1908 2.4290 3.5721 4.4901 5.2763 3.4774 1.2489 1.1892 0.3870 1.1437 0.5842 6.2127 3.2882 3.5038 3.6457
2.9357 2.3505 2.8738 3.4876 2.2513 3.3799 2.6364 3.8880 4.9550 5.5456 5.0862 0.6696 0.2158 6.1206 0.3472 0.8820 0.6881 2.5126 2.4795 2.4550
1.9553 2.1173 2.5849 2.2534 2.2144 3.3474 3.9192 4.4824 4.8801 0.4532 5.9540 5.7195 0.7833 1.4636 1.3690 2.0180 1.5283 2.6611 2.5147 2.1777
1.2091 1.1697 1.7483 2.1486 2.0785 3.7111 2.1887 4.6952 5.3876 5.4858 6.0315 4.7798 4.0652 3.0506 3.3125 2.6839 3.0344 2.8760 2.2167 2.0021
1.2087 1.7748 1.5152 2.4125 2.7723 4.5225 2.4635 3.7740 4.8737 5.1476 4.9111 4.9581 4.3640 3.6019 4.1450 3.0758 3.4205 3.8132 2.3381 2.3624
1.8762 2.4605 1.4798 1.6941 3.9691 3.7276 3.8863 4.4336 5.1495 4.1309 5.2179 5.0618 3.6653 3.6969 4.2762 3.4946 3.0857 3.5742 3.0839 2.7362
