0.4459 0.1780 1.3373 0.6906 6.2714 5.9700 0.2627 0.1762 0.2852 5.5865 3.3562 3.3237 3.8230 4.2942 5.4692 4.3290 4.0515 3.6183 2.1105 1.5188
0.2163 1.2601 0.7995 0.0152 5.2804 0.1552 6.0503 5.9096 4.5212 5.0284 3.2930 3.0924 4.1288 4.4995 3.7540 3.8760 3.8818 2.0516 2.2460 1.3672
0.8845 1.2854 1.4809 1.5713 0.4368 6.1384 5.8839 6.2373 4.2503 5.0706 3.1596 2.7273 3.9414 4.1397 3.1201 4.7097 3.7045 3.0311 2.3105 1.5795
1.1729 0.3887 0.9484 0.2415 0.9606 0.2703 0.6265 5.5377 5.6541 6.2414 5.0317 3.8021 4.4125 3.9931 3.6562 4.2419 3.9950 4.1216 2.2773 1.2787
1.0834 2.7878 1.8882 0.5404 0.7180 5.5684 0.3997 5.6413 5.2514 5.2264 5.1686 5.0452 2.9594 4.4041 3.8154 3.2285 3.4748 3.7952 4.0426 0.6821
1.6770 3.1048 3.9034 5.4108 5.6712 5.7597 5.4464 5.0772 4.8826 5.4564 0.1658 6.0556 5.3130 4.3045 3.8559 3.3610 3.4885 3.9040 2.2726 1.6710
2.1442 3.6630 4.7323 4.7775 5.2408 4.8778 5.8576 4.8593 4.4069 3.2337 4.3174 4.7432 4.9374 4.2825 4.0692 4.2921 4.1787 2.8010 2.1557 1.1881
5.7840 0.0142 0.5169 5.5013 4.5932 5.2004 5.4146 5.4364 5.3631 5.4232 5.0278 4.6453 5.0102 3.1952 3.7521 3.3534 4.0470 3.0671 4.2380 1.9106
0.3634 0.0898 0.0025 5.6206 6.2554 4.7332 5.8218 5.4158 0.0656 4.6883 4.7977 5.1434 5.2263 4.4056 3.9459 3.5626 4.2989 4.1773 4.7687 1.7435
5.6135 0.0603 0.1084 5.8795 5.6928 5.5709 4.5913 4.5624 3.9303 5.2901 5.2653 4.5336 3.5579 3.8753 3.6531 4.5103 4.6993 4.8646 5.7316 0.2628
4.6257 5.8875 5.6758 0.3170 5.3851 5.3744 5.8956 5.0657 4.0547 6.1349 4.6615 4.9085 2.9816 4.1778 3.3836 4.1401 4.8973 6.1978 5.9970 4.6642
4.7864 0.9611 6.1043 0.4475 0.0463 5.6288 5.4448 5.4057 5.6167 1.1574 2.6385 2.3013 3.6227 3.2538 3.2826 5.7961 6.1643 5.2347 0.1811 5.0990
4.8625 5.2064 5.6087 0.4981 4.7179 0.5104 6.1384 6.2010 0.6981 1.7254 2.1564 1.4300 1.7929 2.7469 2.0946 0.7423 0.0176 6.2073 5.7702 4.6958
4.2435 3.1911 0.6582 0.4140 5.2209 4.9136 4.8479 0.8275 0.0314 0.4695 0.3428 2.5621 2.2723 2.0545 0.6283 0.5679 0.6805 0.8949 5.2431 4.6281
4.6630 4.0006 5.8764 0.1353 4.7466 4.7641 6.0993 5.5818 5.9017 6.0178 1.0019 1.0788 1.5785 1.5241 0.9962 0.3242 5.7312 1.5275 3.7967 3.3097
4.0977 4.0047 5.4924 5.7936 5.3544 0.1806 5.7587 6.1437 5.4122 4.2721 2.0720 1.5994 1.5432 1.4979 1.7225 0.4859 1.0276 2.2463 2.6540 2.7753
2.9110 5.0615 5.3882 5.8942 0.2349 6.0474 5.8119 6.1604 4.8113 3.1831 2.6072 1.5382 1.2115 1.6665 1.6690 1.1814 1.1135 1.4405 2.0868 1.8958
1.1396 2.8175 1.5801 0.7937 5.9586 5.2498 5.3132 6.1421 3.2061 2.2834 1.5595 1.5520 1.6255 1.0209 1.2390 1.2590 0.7180 2.1809 1.1539 1.3974
1.0036 1.6978 1.7612 0.5007 0.0022 5.7080 0.0452 0.5643 0.5873 1.3316 1.2488 1.9772 1.2018 1.7378 2.0922 1.7301 2.1273 1.9845 1.5261 1.2623
0.2423 1.8382 2.0283 0.8494 0.2691 0.3375 0.7949 0.4162 6.1728 1.5974 1.6986 2.8692 3.1327 1.9075 2.0873 1.8549 3.0515 2.7190 2.6377 1.2636
