0.5935 0.4219 5.5166 5.5240 5.2854 3.0774 2.6876 3.8942 3.5883 3.8070 3.3895 3.5062 3.2426 2.7574 2.2679 2.0111 1.3979 0.3470 6.1322 5.9363
1.4403 0.0569 5.0908 5.2972 3.5155 3.2665 4.3779 2.9652 3.9432 3.7355 3.5927 3.0238 2.7499 2.0893 2.7384 2.6775 3.0449 6.2559 5.8334 5.9736
5.3630 5.7115 4.7969 4.5336 3.6711 4.1124 4.1309 4.9608 4.5827 3.1849 3.6145 1.8961 2.6497 1.9768 2.9171 2.1282 2.6722 4.8702 0.4066 5.3079
5.4338 5.2415 5.3190 3.7203 3.5462 4.5168 3.9079 4.7756 3.7869 3.5855 3.2396 2.2808 1.7571 0.7115 1.6571 2.8301 2.3915 1.9604 0.5561 0.1153
0.5194 5.0094 4.6640 4.2409 3.6838 4.0550 3.5678 4.1609 3.8799 3.2236 3.5829 3.3639 2.4207 1.7711 1.9235 2.3693 1.2444 1.3324 6.1840 5.9146
6.1554 0.4558 4.0603 5.3636 4.0753 3.4566 3.8481 4.2357 3.5111 2.5140 1.7493 2.4288 1.2919 1.8644 1.3900 1.3299 1.1275 1.3439 0.1502 0.0938
0.5646 0.0647 5.7703 1.9240 4.4567 4.0061 5.3481 4.7422 2.3167 1.4041 0.7442 1.7909 1.9431 1.4051 2.0015 1.0384 6.1575 5.4864 5.9442 5.5767
0.7209 0.3958 6.2150 5.8411 5.9951 5.3041 5.3634 6.1510 0.3266 0.4954 0.0836 1.8195 1.3654 1.5095 2.0256 5.6919 0.3703 5.4704 5.5320 5.4902
6.2520 6.0840 5.7491 5.3633 0.6108 5.4541 0.5231 5.7390 0.3455 6.2650 0.4630 1.0508 1.5039 1.7687 0.2810 5.8324 0.9434 5.1994 5.8731 5.9865
0.8501 4.8741 6.2630 0.6963 5.3721 5.8323 5.7430 5.6727 5.3904 5.1781 6.1608 4.7170 1.0212 1.2164 0.5578 5.1522 0.0114 5.8179 5.0657 0.3147
5.6959 5.1295 0.0534 0.2689 5.1343 0.2548 6.2586 0.6570 0.4751 5.8865 6.2545 5.5231 0.3252 0.7279 5.9709 5.3795 5.4208 5.6563 5.8690 5.5585
5.8960 5.5737 5.9220 1.4998 6.0409 5.9607 5.8079 6.0856 0.2992 0.8339 0.1887 6.1721 0.4086 6.0401 4.9293 5.4629 5.7166 5.0932 5.5986 5.0946
6.2813 4.8122 0.9217 1.5630 0.1226 0.4337 0.3784 0.0377 0.0870 5.8462 6.2687 5.9049 5.8773 5.6509 5.4775 5.2767 4.9612 5.1732 5.8868 5.5677
6.0451 5.1176 4.3419 2.8952 3.5701 1.8579 0.2116 6.1982 5.9622 5.8451 5.3578 5.9351 5.1516 5.6175 5.8815 5.1135 5.6657 5.8606 0.0623 5.7516
5.4494 0.0723 4.9422 4.9658 3.7072 0.9335 1.3093 0.2543 6.0871 5.8929 5.3614 6.1029 5.4017 5.6391 5.5105 3.7888 5.3187 5.3800 5.5378 5.3743
6.1200 0.4654 5.7072 4.5399 3.0970 1.6460 0.5474 5.6369 5.9472 0.3464 0.2387 5.3498 4.4330 3.9618 4.3667 4.7404 4.9703 0.4160 5.9954 4.8784
5.4889 5.5553 6.1902 5.1062 2.7489 1.4762 1.0955 6.0348 6.1734 0.3576 5.9865 4.7494 5.0297 4.1753 4.9240 4.9840 5.2900 5.6989 1.2265 0.0707
5.3633 5.6948 5.2169 5.7502 4.0906 2.3859 4.1127 3.9659 3.6630 3.3728 4.6659 4.2252 5.0619 3.9214 4.6648 5.8962 5.6581 0.6943 0.4084 0.8649
3.9829 5.1454 5.4177 5.3205 3.0415 2.9155 3.3827 2.9371 3.9019 3.4118 3.6523 3.3736 4.4875 2.0122 0.6574 1.6783 0.2887 0.3562 1.8443 0.9953
6.2538 5.8616 0.2727 0.3373 3.3242 2.5917 3.5470 3.6308 4.3116 4.0160 3.9181 4.1313 3.2805 3.0261 2.1069 1.3921 0.5918 0.2591 0.0196 0.1114
