1.4811 2.5004 2.8036 2.8175 3.4586 3.6832 4.0032 4.7412 5.7109 6.2419 1.7802 4.9952 0.0694 0.0348 5.3130 5.5932 5.9008 5.9341 1.9313 2.0187
1.9178 2.4191 3.9691 2.8247 3.9594 3.4819 4.9990 5.5740 5.9380 5.8100 6.2594 5.3117 5.4257 5.7312 5.6037 5.9013 5.3346 6.0042 2.5951 1.7960
2.9411 3.0646 4.4035 2.7049 3.3182 3.7864 4.0201 4.4586 5.3911 5.1831 5.5783 5.5602 5.8652 5.1769 5.9269 5.3158 1.2252 1.6154 3.3344 3.0849
1.4551 2.6213 3.0881 3.2668 4.2591 3.7981 4.3698 5.4576 5.6217 0.8469 0.9094 5.3350 5.4807 5.1439 5.7538 5.7022 1.5833 2.1841 2.1409 2.0308
2.8840 3.0509 4.4182 3.8735 4.0411 5.1831 5.0598 5.3387 5.9348 5.6820 6.0696 5.6752 5.6628 0.0364 6.2508 0.1701 1.3573 3.5278 3.6546 3.5900
3.5980 2.8842 3.4862 4.4752 4.1641 5.2744 5.4309 5.5560 0.3146 0.7008 5.1724 5.8028 5.6152 5.7520 5.7802 6.0417 5.6924 3.5417 3.9055 4.1424
4.3081 3.1208 2.9791 1.6848 4.3356 5.3774 4.2617 3.7996 3.7623 5.5447 5.2920 4.6724 5.0064 0.0570 0.1104 6.2037 5.7220 4.6943 4.0847 4.0876
2.9218 3.2420 4.4003 4.7788 4.4850 5.0275 5.5447 4.9293 5.7538 5.0948 4.9853 5.4044 5.8450 0.1224 0.4333 0.0624 5.5912 5.9059 3.5214 2.6857
3.1123 3.0591 4.7617 3.5981 3.8500 5.1537 5.2527 5.3733 5.4875 4.8595 5.5081 5.2758 0.3295 0.7730 0.3264 5.7003 5.8492 5.6197 0.8358 2.8758
2.9358 3.5094 3.6233 4.1800 4.0806 4.6507 4.4165 5.0458 5.0996 5.2589 5.8596 5.8765 6.2147 1.1362 0.6718 0.2734 5.8833 5.6913 0.8943 3.2223
3.4339 3.0518 3.1566 2.4591 3.2604 3.9264 4.6038 4.5516 1.5959 5.5087 5.9489 5.6145 5.8138 5.3981 0.5975 0.8790 0.4495 0.1881 1.7333 2.5673
4.1242 3.7746 2.8900 2.8581 2.2039 3.9024 3.8974 4.7744 0.1741 5.3926 5.8617 0.2465 0.0211 4.7523 0.5211 5.7587 2.0249 1.8868 1.2458 2.0188
4.2384 4.1908 3.3746 2.9740 2.6539 3.6357 4.8662 5.4523 5.8480 5.8455 5.7642 5.0761 5.8973 5.9885 0.1520 0.9040 1.7072 1.1639 1.7403 2.9747
3.5615 3.0737 2.9865 3.2299 2.9187 3.5264 4.3069 4.2121 4.8095 4.6229 0.1873 5.8897 5.2723 5.2447 0.1564 0.7777 1.3184 2.8051 3.7805 3.7444
3.4857 2.4210 1.9684 2.5405 3.5786 3.6693 4.5729 3.9622 4.2059 5.4581 4.3984 4.5425 4.5681 5.5314 0.4075 3.5354 2.4027 3.8540 3.7561 4.5058
2.0300 1.4106 2.8008 2.7561 3.4288 3.3599 4.0573 4.6766 4.4466 4.4451 4.7640 5.3069 4.7849 4.8540 2.5690 3.5303 4.9868 3.1423 3.2624 2.8997
2.9917 1.7812 2.3429 1.7707 2.4673 3.4041 4.5181 5.5634 4.5347 5.2531 4.6696 5.0667 5.0661 5.0729 3.7141 3.4821 3.3046 3.4086 2.0489 2.9111
2.3457 2.5172 1.9527 1.8834 2.9345 3.0144 4.8515 5.9087 5.9838 6.1268 4.5143 3.3230 5.0799 4.5688 4.4462 3.7127 4.1058 3.6436 1.6087 2.5337
1.5546 2.9592 2.5797 2.6279 2.6887 3.6381 4.3720 5.1785 0.1428 0.0376 5.7431 6.0724 4.7587 3.8549 4.5700 4.5716 4.9199 4.2734 1.0042 1.2804
0.7465 1.7124 2.3401 3.7105 2.8265 3.4938 4.6410 4.1211 5.2022 0.0689 5.9921 5.9775 5.3406 4.8309 3.8008 4.6509 6.1697 5.2444 2.0763 1.0713
