5.9994 6.2484 5.8834 0.2335 6.2807 0.9545 0.1497 5.4559 5.8641 4.9075 0.0413 5.5028 5.2299 4.8751 5.1112 3.9532 3.2079 0.0481 5.1796 5.2587
0.4454 5.8047 5.2696 6.2148 0.5152 0.5561 5.4771 5.2698 0.4853 5.6696 5.6822 5.5328 4.8760 4.8167 3.6686 3.9114 2.5348 3.9212 0.3545 5.8736
1.5313 4.6727 5.4689 5.9055 6.2424 5.7621 5.2796 6.0182 6.0871 4.7814 4.8784 5.6085 5.9286 4.9988 2.8784 3.6673 3.0281 2.9523 1.2685 0.3847
5.8186 5.3761 5.4143 6.1177 5.2704 5.1373 6.1245 0.3442 0.2651 6.0027 4.7201 6.0630 0.7031 5.9954 0.6751 1.7357 3.1292 2.5408 1.8105 1.6319
0.2064 1.3413 6.2411 6.1421 4.9922 5.0720 4.5803 5.5350 5.4050 5.5804 0.4730 6.0804 2.6208 2.1063 1.8528 1.9784 2.3155 1.7894 1.5566 1.0513
0.1846 0.0700 0.0711 0.0314 5.7632 4.7917 5.2558 5.7970 5.6582 5.4125 0.4890 0.8405 1.4779 1.1309 1.4115 1.7769 1.8991 1.8943 1.1930 1.0591
0.4230 0.8265 1.2456 0.8953 1.1722 5.5029 5.0813 5.5897 0.5388 6.2555 5.4159 0.3514 1.1245 1.1115 1.5493 1.3045 2.0316 2.3959 2.2311 1.6475
1.6448 1.8622 1.3191 1.3700 1.2660 5.9061 5.6539 5.6305 0.5452 5.8520 5.8816 0.1509 0.8208 1.0174 1.2805 0.7333 1.9672 2.7074 2.7146 1.7356
4.1513 2.6638 1.0499 1.0001 1.2172 0.4660 4.9132 4.9219 4.7717 4.7312 5.2986 4.8827 6.0576 6.0285 6.1557 0.0017 6.1090 3.8618 3.7738 3.2476
4.3815 3.6990 3.6829 0.6807 0.8506 0.1191 5.3297 3.4678 4.0872 4.8996 5.3390 3.9361 0.0171 6.2317 0.0208 0.1109 6.2427 4.6432 3.7926 2.6944
3.8497 3.1506 3.3072 1.2601 1.2556 5.7076 5.0813 4.8055 4.5470 5.1787 5.0750 5.1627 6.0675 0.6010 5.6665 5.8675 5.4421 5.3662 4.7540 3.7136
5.4129 3.5112 3.5920 1.5805 1.6164 0.7006 4.9810 4.8171 4.3572 3.8809 2.5822 5.3915 5.1511 5.6590 0.6521 0.2635 5.5772 4.9525 0.6439 5.5900
4.8256 2.8287 2.2897 1.3981 0.3019 4.5528 4.6118 4.5309 3.8532 3.2471 4.5207 0.0890 5.5362 0.4498 5.8500 0.1688 6.0856 6.2271 5.5500 0.0833
3.9234 2.3983 2.5822 2.8275 2.9466 3.4076 4.2386 4.9093 5.2303 4.4242 5.8931 5.7799 5.9545 0.4502 5.8301 5.6394 0.4058 6.2274 5.3854 5.9811
0.7973 1.9015 2.8110 2.4052 2.9127 4.5366 5.2147 0.2106 5.8433 5.2345 6.1740 0.4450 0.1194 0.1549 6.1843 6.1528 5.4204 0.2753 0.4596 5.5590
0.0938 2.2297 2.2327 1.9789 3.3540 3.1071 2.5514 0.6825 0.9610 5.3314 5.0142 6.1773 0.0333 0.0769 0.1691 5.9492 5.6698 0.2090 0.0130 5.6150
6.1273 6.1482 2.8799 3.1972 3.2340 2.4075 2.4307 1.5634 3.0460 4.2586 4.1892 5.2106 6.0254 0.4257 5.7755 0.0587 6.1594 0.4606 0.9796 5.9859
0.5446 6.1979 0.2815 1.6975 2.0874 2.2836 3.4545 0.9917 4.2041 3.0714 4.2162 4.8247 5.8952 0.2802 5.6126 5.7558 0.4295 0.2128 0.7312 6.2548
1.2625 1.7408 5.9506 0.4904 2.2161 2.0493 3.8023 3.5482 4.9816 4.7086 3.7599 5.3644 5.9803 6.2773 5.4825 0.2215 5.9214 1.0553 0.7165 3.1401
6.1581 6.0677 0.2978 0.2779 0.7640 1.1907 2.5909 2.1597 5.2805 3.8381 5.4333 4.9495 5.1960 4.6527 4.9685 0.4874 5.2502 0.4323 0.0946 5.9851
