1.8946 2.4516 2.0229 2.3516 2.5517 2.3201 1.2620 5.9778 5.2973 5.7517 5.7546 6.0592 0.7809 0.9764 0.4795 0.6008 1.1328 0.9590 1.4021 1.5349
1.3363 2.4083 2.2506 2.0590 3.0146 1.5989 1.0828 0.2083 6.2524 5.5426 0.0443 0.1022 0.1637 1.0158 0.7915 1.2271 1.8579 1.6719 2.0576 1.9628
1.7010 3.1084 2.7006 2.5655 2.1587 1.3907 1.2077 0.0563 5.7129 5.6460 5.4330 5.6894 6.0887 0.5904 1.1895 1.5346 1.5602 1.7658 1.7299 1.5671
2.0488 2.1797 2.3794 2.3298 2.0556 1.9624 1.0394 6.0467 5.7240 5.9982 5.6984 5.9967 1.1772 1.1210 1.1980 1.6533 1.7596 2.1786 2.3419 2.2464
2.3560 2.2981 2.1879 2.4049 1.7588 1.8492 0.9018 0.0817 5.6096 5.7327 5.6426 5.5873 1.5714 1.9605 1.4716 1.6216 2.1035 1.7186 2.2905 2.4537
2.5713 2.6476 1.9168 1.8117 2.1149 1.4366 0.8764 6.0551 5.8267 5.4681 5.3157 4.0684 2.4415 2.5095 1.7882 1.7452 2.5447 2.4429 1.6822 1.7878
2.2258 2.1267 1.5987 2.0053 1.6587 1.7113 1.3199 5.9913 0.0147 5.4106 5.0578 3.4326 1.5230 2.1237 2.6147 1.9915 2.3371 2.2352 2.1928 2.2898
1.9003 1.7587 1.6702 0.8446 0.6732 0.8908 1.1732 0.9973 0.4890 4.9586 4.4711 3.5042 2.1432 2.7689 1.8569 1.7804 1.6230 2.1015 2.5263 1.6183
1.3300 1.4832 1.2518 0.7311 0.8596 0.7321 0.8822 0.3758 0.2667 0.1985 0.0362 6.2190 1.5456 2.3482 1.6350 1.5189 1.2925 1.8215 1.7927 1.8807
0.7932 1.8965 0.6595 0.0323 1.0660 6.2723 0.5521 5.8753 0.0721 0.4753 5.9821 0.3355 1.2836 1.7960 1.5683 1.6221 1.8560 1.8601 1.6996 1.6546
1.2139 1.3098 1.0766 0.3864 0.4074 0.0813 0.6321 0.1532 0.2370 0.5702 0.8247 1.2401 1.7627 1.3546 1.1311 0.9012 2.0035 1.9940 1.4351 1.8501
1.0651 1.2915 0.9936 6.0817 0.2795 6.0709 0.5773 0.5041 0.2568 0.8110 0.6873 0.6802 1.0011 0.9068 0.6575 0.7328 1.2232 1.4152 2.2264 1.6528
1.2815 0.7009 0.8525 6.1504 6.1513 5.8702 6.2067 0.5753 6.2667 2.3055 1.8034 1.6195 1.5756 0.7409 0.5132 0.9855 1.0902 1.7438 1.5689 1.5070
1.5388 0.9217 0.8201 0.1421 5.8875 5.0159 5.1264 5.3600 4.8002 3.7784 1.5943 1.1210 1.6108 0.8116 0.7106 0.9343 1.3917 1.0719 1.4045 1.3628
0.9426 1.3586 0.3690 0.3912 4.8354 5.6207 5.4105 4.9086 4.1830 3.7028 2.1907 1.7293 1.4622 1.0342 1.1419 0.7849 1.8104 1.5337 1.1619 0.9412
0.8769 1.3112 0.5882 5.8249 4.8214 5.3139 4.5752 4.3799 3.4477 3.2945 2.2751 1.9316 0.9126 0.6542 1.0390 0.4178 0.6533 0.9693 0.6705 0.8128
1.0235 1.5252 1.1669 0.2520 4.7397 4.3835 3.7774 4.0287 3.6647 3.5537 2.4311 1.9411 1.1993 0.8480 1.1687 1.3452 0.9337 0.8502 0.1501 1.5587
1.3949 2.5289 2.3805 2.5517 3.5283 3.5652 3.7400 4.1832 4.9718 5.2633 0.0714 0.5919 0.4949 0.3209 1.1318 1.4290 1.7360 1.1103 0.8247 1.5086
1.7049 2.5978 3.0082 2.6637 2.2365 2.8705 2.1824 3.2662 4.4694 4.9933 6.0412 0.6845 1.2407 1.1646 1.5420 1.1001 1.1956 1.1767 1.6170 1.7479
1.9008 2.6613 3.2818 3.0715 2.5967 2.9095 2.6279 4.3120 4.9175 5.0371 5.8725 0.3108 1.1045 1.3197 1.1665 1.2977 0.1114 1.0983 1.5989 1.9217
