3.2670 3.0277 2.0637 1.9385 2.2162 2.4052 2.8680 3.5184 3.8907 3.9131 4.6671 4.1324 5.1719 4.5550 4.7281 4.8846 5.1854 4.8011 5.0206 4.4590
3.1837 2.9306 2.6253 2.7096 1.6795 2.7525 2.8960 3.3366 3.6840 4.3674 4.1946 4.6131 4.6299 4.5714 4.3819 4.6834 4.8447 5.5985 4.9367 3.9949
3.8303 3.0588 3.2464 3.1698 2.5755 3.3284 2.5794 2.6649 2.6991 3.3025 3.8228 4.6300 4.6651 4.9205 3.7195 4.7885 4.4488 4.7167 5.0122 4.2686
3.9088 3.1591 2.5893 3.6153 2.5535 2.9257 2.0068 2.0503 2.6937 3.1477 4.1047 4.2350 4.0045 4.1696 4.2109 4.0899 4.2612 4.7210 5.2254 4.8496
3.8254 3.7589 3.1820 2.6361 2.1636 2.2438 2.3831 2.0665 2.0819 2.7149 3.4034 4.1802 4.1607 4.4794 4.4413 4.7916 3.9184 4.4358 4.3389 4.1031
3.2322 3.3600 3.0914 2.4975 2.1549 1.7647 2.2352 1.9299 2.9473 3.2833 3.5658 3.4655 3.8717 4.1724 3.9131 4.1957 4.4397 4.4937 3.8587 3.5132
3.2160 2.5192 2.9055 1.8588 1.7034 1.6881 2.2144 2.1986 2.9722 3.0200 3.3465 3.4853 4.1823 3.9774 4.0330 3.6231 4.5385 4.2183 3.9204 3.2946
3.2591 3.2499 2.4676 2.3013 2.0138 1.7112 1.8021 1.8178 2.1604 1.9617 2.7174 3.0900 3.8674 3.2566 3.8048 3.8853 4.6484 4.5621 4.5234 3.6151
3.3355 3.3437 3.0008 2.0352 1.6987 1.8249 1.3866 0.6490 1.5460 1.2736 1.9804 3.0374 2.6419 3.2183 3.8280 3.8970 4.2749 3.8120 3.7918 4.0842
2.6179 2.8306 2.7292 1.5016 1.4998 1.1658 0.9430 1.4649 2.1149 1.2168 1.7365 3.0700 2.3030 3.0170 3.7664 3.4891 3.9488 3.9697 3.3095 3.0241
2.5218 2.3015 1.9286 1.8251 1.4020 0.9097 0.8992 0.7875 1.8277 1.1813 1.7990 2.6347 2.8458 2.7178 3.4336 3.7235 4.0878 3.4572 3.5513 2.7693
1.7035 1.0932 0.7270 1.1164 1.6875 1.6681 1.1910 1.1886 1.3627 1.3175 1.7389 2.7776 2.8315 3.9649 4.2985 3.9581 4.2511 3.9155 3.0121 2.7178
1.4027 1.2968 1.1641 0.7848 0.6086 1.7009 1.3143 1.0598 1.1807 0.8836 0.9279 0.8580 3.5810 4.1580 3.6643 4.1592 4.3096 4.0478 3.1179 2.0241
0.0635 0.9948 0.8618 0.5799 0.8627 1.1721 1.2029 1.6241 1.4955 0.8135 6.1197 5.8649 4.5003 4.9384 3.9153 3.8704 4.1933 4.1677 4.2890 5.1974
0.1712 0.0370 0.3196 0.6253 0.7685 0.9868 0.8069 1.0804 0.0212 0.2534 5.2030 5.9411 5.2582 4.8737 4.5354 4.9849 4.9887 4.8154 5.2056 5.7227
5.0979 5.5917 0.2937 0.4846 1.2297 0.8061 0.6777 6.0468 5.8133 5.5467 5.0140 5.0015 5.2235 5.1453 5.0879 5.1516 4.5882 4.1222 5.4981 5.6692
4.8181 5.7699 6.2583 0.7795 0.4589 0.7403 0.4636 6.2694 6.2211 5.1398 5.7471 5.4949 5.2865 5.1237 4.4571 5.2716 4.6103 4.7410 5.0780 4.9318
5.0043 5.5135 5.7890 6.2686 0.6788 0.8097 0.7881 0.6592 5.6416 5.0449 5.9545 5.6149 5.3971 5.0839 4.5299 5.1167 4.9383 5.5032 5.1723 5.0797
4.0145 5.2159 6.2006 0.3733 0.4345 1.1878 1.3542 1.2571 4.7554 4.8603 5.1514 4.9164 4.4162 4.6721 4.2142 4.0425 4.3898 5.3664 5.0748 4.3440
4.3837 3.9446 0.9364 1.0600 1.0574 1.9903 2.2970 3.3028 4.5696 4.3007 4.3728 4.3978 4.5262 4.8243 4.3538 4.3161 4.0118 4.6866 4.7841 3.9067
