3.6755 3.7369 3.3724 3.0986 3.9112 3.9857 5.2046 4.9029 4.8035 5.0279 5.1906 4.6481 4.5480 4.6362 4.7728 4.8283 4.5096 4.2330 5.2545 4.7109
3.2053 3.1227 2.7336 2.8100 2.9150 3.6058 3.6634 4.4152 4.5213 5.0530 4.9688 4.4171 4.1747 4.5939 4.4441 5.0625 4.9153 4.8879 4.9904 4.0147
2.6343 1.9696 2.6556 2.5535 2.8048 3.4656 3.2290 3.9371 3.5101 4.9444 4.0640 4.5958 4.4669 4.8264 4.7650 4.0430 5.5646 5.0518 4.1537 3.7529
1.3092 1.6689 2.0309 1.9702 2.0198 3.0880 3.3976 3.9843 4.2913 4.9242 4.6476 4.5401 3.8104 4.8369 4.5102 4.8030 5.3120 5.1276 4.9755 4.9957
1.2169 1.1018 1.2413 1.0637 1.3842 1.8764 2.6949 4.1617 4.8366 4.6502 4.4301 4.5861 4.8660 4.3877 4.3820 5.2151 5.4299 4.7621 5.2926 5.6822
0.4823 0.3976 0.4363 0.7876 0.7165 0.1706 6.0858 5.0347 5.0173 4.3588 3.6608 4.9543 4.6532 4.8468 4.7352 4.9169 4.9876 5.4875 5.1634 5.7631
6.2567 0.1748 0.1460 0.5185 0.1544 0.1521 0.2882 4.9155 5.2750 5.0633 4.2124 4.0893 4.8046 5.0157 5.0152 4.9036 5.7108 4.9800 5.5886 0.2594
5.4949 5.6327 5.1476 5.2709 6.1761 5.6001 0.1653 5.4835 5.2989 4.9752 4.0950 4.5954 4.7723 5.1939 5.1140 5.1272 5.2482 5.6894 6.0605 5.7047
5.6637 5.9218 5.9957 6.0738 5.9162 0.0191 0.1968 5.3239 5.1837 4.7596 4.1741 3.9804 4.3154 5.2969 5.5685 5.1453 5.3914 5.8848 5.9295 5.3193
5.9764 5.8938 6.1180 6.1831 6.0021 6.1934 6.1392 5.8469 5.2085 5.2397 4.1733 2.8964 3.9702 4.8090 5.2327 5.9167 5.8675 5.9516 6.2558 4.6992
6.2192 5.7072 0.1642 6.2506 0.0215 5.4766 5.8745 6.2757 0.0831 0.0350 0.9981 2.2229 0.0931 5.8749 5.7581 0.0824 6.0881 6.0491 0.0233 5.8181
5.7238 0.0893 0.1625 0.0432 0.2784 5.9975 5.9540 0.1793 0.2490 0.8221 1.2210 2.0691 0.5846 0.3152 0.0559 0.0187 0.3488 6.2162 6.1080 0.4365
6.0760 6.0587 6.0958 5.9670 0.1973 0.0592 0.1465 0.0843 6.2607 0.3590 1.0112 1.1251 1.0144 0.4727 0.6414 0.0086 0.4052 6.2049 0.1046 0.6956
0.0430 6.2438 5.5406 5.3694 5.9677 6.0269 0.0340 0.0132 6.1294 0.8024 0.5678 1.3157 0.5872 0.6155 0.2626 0.4045 0.6660 0.1085 5.6615 6.1189
5.8064 4.8025 5.7747 6.0890 5.8962 6.1824 0.2474 0.0326 0.1593 0.5608 0.3601 0.9787 1.1849 0.3578 0.3668 6.0106 0.7282 5.8038 5.9404 5.6629
4.7678 5.3625 5.7076 5.3517 6.2153 5.8793 0.4870 0.2712 5.8988 6.1377 6.2384 0.1335 5.7251 5.9756 0.0233 0.0484 5.8988 5.8171 5.7954 4.8813
4.4910 4.7394 5.1879 5.6824 5.8041 6.2783 0.3566 0.3345 5.8249 6.2749 5.9929 0.2320 6.1164 6.0148 6.1822 0.0822 5.7692 5.0952 5.5662 4.9913
4.8984 4.3081 4.2247 4.1987 4.8850 5.6616 0.0348 6.1242 5.7755 5.3242 5.9438 5.0194 5.4385 5.8101 5.7020 5.5306 5.2760 4.8702 5.9358 5.4620
4.5878 4.2323 3.3027 4.2725 4.7483 4.8039 5.2980 5.9430 5.3236 4.9528 4.9040 4.5839 5.7912 5.4087 5.4577 5.3042 4.7903 5.3010 5.2725 5.1066
4.5979 3.4204 3.6440 4.2778 4.3123 3.9832 5.1636 5.3026 5.1005 5.0303 5.2856 4.5730 5.0747 4.6149 4.9371 5.2023 4.3356 4.8399 5.1076 4.8316
