2.3191 2.2854 2.7098 1.7161 1.4606 1.1926 0.3799 0.1918 0.2508 0.3499 0.1724 5.6222 6.1422 5.2548 4.8095 3.7304 3.6021 3.4840 3.6457 2.8316
1.9716 1.6681 1.8831 1.2030 0.8806 0.4555 0.4106 6.0006 0.1712 6.1455 6.0316 4.8982 5.3445 4.8604 4.1471 4.5429 4.1343 4.1384 3.6970 2.6762
1.4549 1.5457 1.9744 1.3076 0.7918 0.4567 6.1562 0.2417 5.7676 5.8740 5.4038 4.8145 5.0203 5.1706 4.4128 4.9290 4.3204 5.0403 0.3938 1.2786
1.4794 1.7048 2.2607 1.3710 1.3054 0.0907 5.5993 5.1398 5.2621 4.8804 4.5299 4.4346 5.0183 5.1833 4.5351 5.5722 5.3201 5.0826 5.7093 0.6950
1.0485 1.5816 2.2304 2.2822 2.2648 3.4536 4.2857 4.6451 4.6427 4.8618 4.0370 4.3552 5.3866 5.2089 4.3992 5.6143 5.7251 6.1625 0.1352 0.5142
1.5269 2.0595 2.4410 2.6793 2.5338 3.5777 4.0662 3.7290 3.9690 4.3068 4.5501 4.4335 6.0231 5.5167 4.9712 5.1035 6.0987 6.2280 0.5538 0.3293
1.8885 2.2080 2.8259 2.5778 3.1524 3.4556 4.0610 4.2630 3.6893 4.1188 4.5231 4.2590 5.7409 5.6207 5.6456 5.2849 0.0891 0.1477 1.1807 1.4395
1.7627 2.5686 3.2481 2.8146 2.7946 3.4059 3.6136 3.6961 3.9385 4.0663 4.5354 4.6251 5.6347 4.6484 5.4176 5.8942 1.0836 0.8686 1.1087 1.5851
2.5412 1.9931 2.5465 2.3720 2.8460 2.9410 3.1279 3.5793 3.5173 4.2367 5.2822 5.2027 5.3438 5.6037 5.4054 0.0316 0.6918 0.7757 1.0574 1.8732
1.8536 2.3930 2.3634 2.6135 2.4811 3.4965 3.4742 3.6400 5.0144 4.9364 5.5746 4.9873 5.3312 5.8818 0.1168 0.2532 0.5098 0.6748 1.8458 2.1487
1.3905 2.1537 2.9693 2.9479 2.8610 3.4823 3.7152 3.8716 4.1272 4.7202 4.5600 5.2159 5.1379 5.8418 1.2127 0.1972 0.7603 1.5467 1.8973 3.0664
2.2405 2.2161 2.2247 2.8538 1.9023 3.4557 3.2889 4.2593 3.9986 3.9512 4.4610 5.4251 5.9851 0.4684 0.6054 0.4822 1.2005 1.6690 1.9311 3.0198
2.2182 1.7587 1.6999 2.6135 2.7250 2.9312 3.3022 3.8207 4.2503 4.6853 4.7986 5.4161 6.1711 0.0125 0.6347 0.8569 1.5886 1.4131 2.4044 2.4874
2.4961 2.5570 2.9787 2.5249 2.9192 2.8660 3.2778 3.6632 4.0545 5.1388 5.2257 5.2369 0.3012 0.1959 5.8191 0.3605 2.4993 1.8104 2.0169 2.2640
2.3508 2.7635 3.1269 2.6249 2.6960 2.7110 3.1471 3.2914 2.7185 4.3540 6.1149 6.1688 6.2526 0.4253 0.0388 1.4665 2.0664 1.6819 1.8788 2.2773
2.0914 2.6625 2.4631 3.0349 3.2827 2.3814 2.1840 2.1788 2.3144 1.4445 0.7084 0.4596 1.4500 0.6167 0.6998 2.5652 2.9729 2.1500 2.0434 1.9746
2.5471 2.1877 2.3411 2.3636 2.5631 1.7529 2.3085 2.4263 2.1898 1.7692 0.8719 0.5741 1.2974 1.5305 1.2969 2.0984 2.8122 2.9816 2.6797 2.7925
1.8366 2.2238 2.8335 2.5871 2.0497 1.5207 2.2781 2.0868 1.7110 1.3785 0.6233 1.0906 0.7338 1.8140 1.7415 1.9041 2.8106 2.2803 2.9071 2.4451
3.2280 2.3145 2.0579 2.1694 2.7855 2.5034 1.7826 0.7962 1.4331 0.9653 0.6634 0.2574 0.4124 1.8682 2.7748 3.4141 4.0096 3.1712 3.8505 3.1519
2.2339 1.8263 1.9785 2.3064 1.2517 0.9152 1.2096 6.0592 0.7300 0.9034 6.2090 0.2218 0.0427 5.4934 4.7788 3.8195 4.2984 3.7723 3.5674 2.9033
