6.0263 6.2484 5.6962 0.2503 5.7577 0.6228 0.1424 0.9116 1.2363 1.3563 2.0009 2.1020 2.0063 1.8596 1.3645 0.5093 0.6532 0.2153 0.3459 6.2139
5.8193 6.1444 5.2292 5.0703 5.7338 0.5760 0.5659 0.3919 0.1076 0.6515 1.8760 2.7403 2.1040 1.7160 0.6969 0.2225 0.0488 0.2675 6.1369 6.0781
5.1994 6.1366 5.9895 4.7358 5.8027 5.6115 6.1359 5.9075 5.7844 0.4372 4.8265 4.4859 3.4426 3.0034 4.4456 5.9870 0.1241 0.2862 0.1469 5.7155
5.4744 5.4120 4.6908 4.8859 5.4202 5.9078 6.0263 0.1785 5.6877 5.5611 5.0253 4.7292 4.0548 4.0419 4.9380 5.2108 5.9685 5.6625 6.1927 5.8786
4.8869 4.5590 3.7098 4.4346 5.4073 5.5916 4.9738 5.4018 5.7221 6.0477 4.9776 4.9781 4.2697 4.0756 4.7168 5.0448 6.2632 5.8480 4.7359 5.1775
4.8227 4.1107 3.6068 4.6909 4.9553 4.8390 4.8005 5.5816 6.0650 6.1413 5.5817 5.1629 4.5449 4.4781 4.8425 5.4077 4.9641 5.7371 5.8620 5.3374
4.3984 4.4278 4.1867 4.3454 4.1072 4.2743 4.9824 5.8003 0.1313 6.1578 5.6806 5.5096 5.0731 4.8002 5.2353 5.1528 5.5125 4.8875 5.4638 4.8739
4.4282 4.7756 4.4412 4.4977 4.5440 4.8414 4.8753 5.2830 5.7031 6.2477 5.8167 5.4507 5.4011 4.9161 4.9572 5.5799 5.9939 5.1543 4.7960 4.6924
4.6452 4.9184 4.9150 5.6437 5.4548 5.2889 6.0974 5.2544 5.2043 5.8210 5.9659 6.0618 0.0504 5.9640 5.5291 5.2317 5.0784 4.8847 4.9667 5.0321
5.0518 5.6776 5.0091 5.6230 5.8905 5.4167 5.4711 5.6493 5.4715 6.1453 5.4751 5.7911 6.2480 5.8120 5.6895 6.0620 5.8492 5.7839 5.4344 5.1223
5.2065 6.1466 5.9893 5.9690 5.8117 0.2697 5.3945 5.5036 0.0308 0.0415 6.0959 5.9062 6.0947 5.8231 6.0340 6.1936 5.9061 6.0838 0.0933 5.5794
5.7675 0.6477 0.3300 0.0836 0.5412 0.6421 0.3971 0.6627 0.4627 1.0198 0.4324 0.2739 0.7555 0.2564 0.2412 5.8386 0.0146 5.7535 5.7667 6.0161
5.7287 0.4473 0.2787 0.1437 0.6613 1.1260 0.5528 0.2856 5.8191 0.3472 1.0757 1.3671 1.1620 1.2881 0.8945 0.8735 0.2783 0.1637 5.7176 5.5690
5.6346 5.7617 6.1787 5.9524 0.0424 0.9069 0.9346 6.2120 0.1082 0.8120 1.5273 1.9219 0.8390 0.8694 0.8356 0.3879 0.3018 6.1523 0.2640 5.8052
5.8115 6.0310 6.1390 0.2477 0.7573 0.8831 1.1972 1.1718 1.1771 1.4566 1.5077 1.8378 1.6870 0.9218 1.3263 1.3142 0.4258 0.4963 0.6427 0.0755
6.0011 0.0182 6.2447 0.6036 1.4254 1.2372 0.8220 0.5325 1.1160 1.2642 1.5613 2.1100 1.6446 1.2709 2.0092 1.2799 1.4798 0.6652 0.6792 0.3081
0.2491 6.2706 0.4187 1.0359 1.6370 1.1479 0.4268 1.0041 1.5794 1.2212 1.4847 1.4725 1.5761 2.2475 2.0035 1.8929 1.3191 1.1496 0.4142 6.1220
0.2369 0.5814 5.9610 0.2445 0.5246 0.6597 0.9472 0.9520 1.7901 0.7986 1.1377 1.4934 1.8561 1.3855 1.3931 1.5259 0.0975 0.0933 0.4096 0.9124
5.8079 0.0386 5.7957 0.5684 0.8994 0.7649 0.7086 1.2252 2.1727 1.5823 1.3573 1.9819 1.4795 1.3782 1.1921 0.8339 0.5972 0.5408 0.0190 0.3620
6.0151 0.3245 6.2552 0.5598 0.9166 0.5290 0.5380 0.8870 2.2993 1.3727 1.4082 2.4455 1.2485 1.2924 1.0052 0.8277 0.5110 0.5085 5.9850 0.0781
