3.1287 2.4967 3.3456 2.3466 2.1417 1.6477 1.8665 1.4144 1.2215 1.1176 1.3774 5.5465 5.6341 4.7836 4.4827 3.7199 2.9883 3.7124 3.4065 3.2097
2.8649 2.9432 2.5065 2.4839 2.0165 1.7224 2.5775 2.3520 1.8878 1.9695 1.5519 0.0257 4.8511 4.5779 4.6185 3.6855 2.9976 3.3529 3.4411 2.0021
2.6304 2.5286 2.8316 2.2906 1.5307 1.4332 1.5366 1.3112 1.5689 1.7548 1.2534 1.0752 4.1313 4.6327 4.3930 3.8362 3.2759 2.6651 2.7698 2.4084
2.7060 2.8726 2.9066 2.4280 1.3671 1.5478 1.1573 1.4406 1.5071 1.5237 1.3857 2.0914 3.1358 3.9918 3.9279 3.9345 2.9020 2.8688 3.2283 2.6795
2.8896 2.7844 2.7684 2.1983 1.7481 1.2437 0.7467 0.5609 1.1354 1.3007 1.9628 2.8419 3.2007 3.2262 3.5986 3.9538 2.4607 2.7548 2.6643 2.6655
2.7189 2.8534 2.5887 2.4334 1.8956 0.9604 1.6752 1.3503 1.9126 1.5596 2.0466 2.4238 2.9032 3.2032 3.0676 3.6760 2.9139 3.1605 3.1801 3.3737
2.5284 2.4389 2.4759 1.7623 1.6558 1.7303 0.9177 1.1425 2.2136 1.9918 2.7959 2.4850 2.0556 3.1739 3.5557 3.3647 2.6408 3.4047 3.5331 2.8696
2.9108 2.9819 2.3471 2.4517 1.6773 0.9660 0.8787 0.3862 1.7621 2.2532 2.3188 2.4834 2.1812 2.2288 3.2341 2.5051 2.1426 2.9887 2.6395 3.0025
3.2773 2.6949 2.8847 3.6756 4.4261 6.2331 6.2727 0.3738 0.2287 1.7823 1.9755 2.9719 2.6374 2.6528 2.6634 2.8840 2.5079 2.9112 3.2518 3.4821
2.8477 2.8594 2.6710 3.8801 5.4503 5.3229 5.7060 0.2175 0.4092 1.4400 2.3882 2.8625 2.7918 3.5733 3.4793 3.1338 2.5196 3.3649 3.0493 2.6068
2.6738 3.0778 2.8094 3.7465 4.8850 6.1514 5.7740 0.1636 0.2549 0.8794 1.6426 1.7787 2.8077 2.6807 3.2379 3.0136 2.7528 2.2343 2.2961 2.4279
2.8561 2.9022 2.6633 2.0557 1.2552 5.9532 6.0996 0.1622 1.3080 1.2287 1.3847 1.8748 2.2880 2.6888 2.8538 2.8537 3.2646 3.3552 3.1925 2.8714
2.5145 2.6197 2.1280 1.1689 1.0877 0.5856 0.1637 0.3218 6.0892 0.6910 1.1822 2.5062 2.7982 2.3533 3.1456 3.1591 3.6004 3.6976 3.1460 2.5721
2.5649 2.1477 1.4525 1.6936 0.7037 0.5497 0.3892 0.8109 0.5003 0.9729 0.9696 1.5445 2.6825 2.8532 3.3507 3.3140 4.1455 3.9271 3.6887 2.7275
2.3800 2.3563 2.4995 2.3035 1.8582 1.4001 1.3990 0.9608 0.9608 1.0128 1.4231 1.4068 2.6560 2.5881 2.5555 2.9612 3.4020 2.9601 2.6251 3.1490
2.1809 2.1682 2.2476 1.9834 1.7904 2.1270 1.2814 1.7381 1.1260 0.8812 1.7733 1.6720 0.8831 3.6101 4.0408 3.1567 2.8579 2.6717 2.8810 3.1003
2.8455 2.1907 1.6964 1.7941 1.3301 2.0014 1.5623 1.3853 1.2184 0.7819 0.1966 0.3092 5.8211 4.4888 4.3646 4.0300 3.6480 3.5138 3.3178 2.8685
3.0732 3.2396 2.5131 2.1451 1.4372 1.7139 1.2690 1.2716 1.6565 1.1544 0.4863 5.9317 0.1231 5.6549 4.7370 4.4895 4.0961 3.8412 4.0987 3.4533
2.6611 2.2044 2.8524 1.9086 1.6620 1.4688 1.3786 1.1172 1.0780 1.1457 1.1702 0.9873 6.2432 6.0456 4.9316 3.7121 4.2515 3.5783 3.9979 3.1411
2.8529 2.5706 3.0364 2.3461 1.2992 0.9402 1.4313 1.0870 0.9009 0.8496 0.5567 0.3733 5.6435 5.4343 4.3202 4.1035 2.9899 3.5724 2.4471 3.2257
