5.6056 5.8012 5.9172 5.6305 5.1076 4.9552 5.5552 0.5399 0.9174 0.1973 0.1552 6.2452 0.4168 0.5308 0.3585 0.5946 1.0439 0.5387 0.6475 0.1161
5.7001 5.5378 6.1805 5.5598 6.0198 5.3288 0.7628 6.1460 6.1779 6.0678 5.8276 0.0015 0.5809 0.7804 0.1440 0.3572 6.0294 0.1243 6.0149 0.0351
5.5788 5.8548 5.7088 0.6448 5.9783 0.3254 0.2806 0.2208 5.9763 5.7416 5.7834 6.1912 0.3337 0.5655 0.0615 0.3675 0.2771 6.1779 5.5426 5.2461
5.1454 5.3793 5.6222 6.2437 6.2089 5.9168 5.8535 0.3481 0.1952 5.7705 5.7590 6.1958 0.7570 0.4580 0.6589 1.1359 0.1357 6.2616 6.2670 5.2747
5.4516 5.6572 0.0153 5.6841 5.7887 0.4423 6.2480 6.2744 0.2073 5.5065 5.6344 0.2182 0.8439 0.7268 1.0863 0.7392 0.7114 5.3367 4.7173 5.3489
5.4706 5.9431 0.0213 0.0407 6.0129 6.2702 6.2612 5.8460 5.1774 5.4346 5.7330 6.2493 0.0976 1.0176 2.0036 2.2034 3.2965 3.9686 4.4740 5.0576
0.3902 0.1569 0.2192 0.0893 5.7124 5.9689 0.4768 5.5589 5.5509 5.5594 5.6612 0.0063 1.0168 1.2052 1.7064 2.6569 2.8252 3.2365 3.6576 3.9454
0.6285 0.1238 0.5374 0.6254 6.0494 0.2110 0.2735 6.0157 5.5634 5.4356 5.6301 0.1026 0.7257 1.0962 1.6833 2.3540 2.3710 2.5563 2.6130 3.2244
1.7631 1.3644 1.4643 1.2289 0.2094 0.4197 0.0261 0.0605 5.4927 5.4888 6.0440 0.5097 1.1290 1.3678 2.0616 2.4503 2.2002 1.7126 2.0871 2.9719
2.1822 2.1913 1.6733 5.9090 6.0739 5.7389 5.9058 6.0913 5.6011 5.9858 6.1867 0.2729 0.4253 0.8719 1.4907 1.7187 1.4679 1.7338 2.9604 2.2587
1.6146 2.5214 2.9405 4.3597 5.1881 5.7718 6.1152 6.0074 5.8117 0.0387 0.3215 0.1466 0.5625 1.3649 1.6534 2.3231 1.4577 2.4637 3.0731 2.6332
1.7831 2.5129 3.7469 4.8596 4.9529 5.7865 6.2032 5.4074 5.2168 0.3676 0.6887 0.6854 0.7048 1.3967 1.0764 1.8878 1.2800 2.3688 2.5572 2.8074
2.2425 2.9050 3.6997 4.4605 4.7868 5.1408 4.9672 5.7790 6.0419 0.6830 0.7677 0.5050 0.9970 0.9897 1.4283 1.5965 1.0305 2.0365 2.5375 2.5801
3.2719 3.5280 4.0448 4.2800 4.1720 5.0784 4.8465 5.6427 6.2390 0.2951 0.5271 0.4675 0.9526 1.4290 1.8088 1.2086 1.5273 1.8220 2.5807 2.8093
3.0153 3.5769 3.9696 4.2418 4.6861 5.1154 5.4514 5.8077 6.1022 0.3237 0.5421 0.9528 1.8235 1.3596 1.3916 0.9477 1.4040 2.0510 1.6321 2.8009
3.5827 3.5377 3.9541 4.2178 4.5560 5.7525 5.5496 5.6878 0.1123 0.8236 0.4196 0.9483 0.6949 1.3304 1.4625 1.4424 1.0406 2.1661 1.3723 2.6257
3.2976 3.9587 4.0432 4.3271 4.3297 5.4935 5.1956 6.2355 0.3043 0.6426 0.7675 0.6175 0.7521 1.4930 1.1957 1.6253 1.3806 2.0033 2.0256 2.2569
4.7167 5.4537 4.9906 4.2607 5.1107 5.7473 5.3243 5.7801 0.2058 0.3513 6.2752 0.3114 0.9818 1.5190 1.0976 2.3165 1.3505 1.5570 1.8654 2.4987
5.4517 5.2081 5.0343 4.6410 4.8822 5.2197 5.5967 5.8929 0.0114 0.0194 0.0989 0.4329 0.7146 0.8907 1.0408 1.3928 1.4063 1.1489 0.9926 0.8205
5.7768 5.3772 4.9128 4.9130 4.9905 5.3979 5.9274 0.0184 6.1609 6.0616 0.3188 1.0213 0.6714 1.0712 0.9322 0.7963 1.7072 0.7192 0.4703 6.2034
