3.0822 3.5587 3.4717 3.8406 4.1514 4.3031 4.4870 4.9067 5.7564 5.1237 4.9973 4.6593 3.6547 4.3275 3.9578 3.3693 3.2927 3.5703 4.4088 3.2114
2.9025 3.3770 3.9270 4.8990 4.9034 4.8143 5.3289 4.4375 5.3002 5.5383 5.1743 4.7995 4.4009 3.7256 3.6231 3.5902 3.6806 3.2424 3.3562 2.8524
3.1893 2.7031 3.3037 4.3707 4.8049 5.4161 4.2898 4.5657 5.0131 5.6831 5.7216 5.4826 4.4544 3.7325 3.6378 2.9506 3.8742 3.2191 3.3508 3.2878
2.9208 3.2596 3.5858 4.2337 4.2452 4.1360 3.9694 4.8451 4.3418 4.8697 5.0421 0.2305 2.4007 2.6256 2.9177 3.1788 3.6482 3.5866 3.2822 2.6341
3.5861 3.8616 4.0837 4.0997 3.9158 3.3741 3.9047 4.2130 5.1137 5.7810 6.0436 0.5921 1.6773 2.7474 2.2958 3.3193 2.7552 2.8975 3.2954 3.1851
3.0191 3.4333 4.0782 4.4032 3.3434 3.9599 3.7933 4.3767 4.6665 5.6421 0.1782 0.6554 0.9697 1.6886 2.3417 2.7821 1.9188 2.9954 3.1774 2.7419
2.4799 3.1059 3.8418 4.3262 3.4749 3.5532 3.7321 4.6997 5.0954 5.7844 0.6038 0.8435 1.7727 2.1539 2.2177 1.6478 1.1056 2.5004 2.7671 3.0355
2.8658 2.7670 3.1742 3.1075 3.1141 3.4409 3.5839 3.7995 3.2958 1.0389 1.2356 1.4083 1.2999 1.1186 1.1639 0.7976 1.0001 2.2940 2.3476 2.3349
3.4902 3.5177 3.7663 3.1400 3.7781 3.6953 3.1604 3.3316 2.9027 1.8641 1.4710 1.3838 0.9232 1.1929 0.3640 0.8930 2.2972 2.5377 2.6781 2.6196
3.6426 3.7265 3.8793 3.8344 3.6730 3.8524 3.3177 3.5987 3.1122 2.4890 1.5634 1.2902 1.2633 0.3576 1.1264 0.8932 1.8768 2.6542 2.6976 3.5530
3.7361 3.4989 3.1016 3.5832 4.0645 3.8705 3.6313 3.0402 2.9633 2.0806 1.0212 0.7237 1.1200 0.1439 1.6760 1.1336 1.7174 1.8485 2.4868 3.5067
3.1979 2.7049 3.1158 2.8387 3.1060 3.5725 4.0637 4.0676 3.8221 4.0758 5.6026 0.4356 0.1696 0.2665 0.5260 0.7376 1.7760 1.6853 2.4825 3.3161
3.7398 3.5276 3.6148 3.4198 3.1786 3.6652 4.6144 3.6005 4.3711 4.9466 5.8386 6.1174 0.0868 6.2502 6.0567 0.3470 0.2669 0.9713 1.3417 3.3935
3.7831 3.7788 3.2608 3.6962 3.0615 3.6476 4.5923 4.1668 4.4594 5.5991 5.5584 6.1673 5.7957 5.6042 5.9575 0.2212 5.9664 5.8938 0.3988 5.0465
4.2799 3.8625 3.7855 3.0644 3.2909 3.2663 4.2817 4.1668 4.0994 4.7301 5.4143 5.4629 5.5833 5.1860 5.4947 5.6163 5.6671 5.6886 5.0778 4.7839
4.2714 4.2002 3.7348 3.8140 3.2551 3.9572 4.3359 4.7185 4.5329 5.1504 5.3102 5.4254 5.4882 5.7176 5.1972 4.6638 4.1248 4.4794 4.6577 4.6552
4.8297 4.4374 4.0384 4.0506 3.7490 3.8596 4.0448 4.5735 4.5416 4.8754 5.0225 5.3920 5.0094 5.2314 5.1381 4.2874 3.8855 3.5768 3.8514 4.6031
4.6942 4.4790 4.1408 3.8865 3.5669 3.9557 4.2503 4.4831 4.7686 5.0591 5.0961 5.0273 4.5988 5.0885 4.5901 4.1522 4.2360 3.7688 4.3951 4.7392
4.4237 4.1048 3.8343 3.4517 3.3036 3.3850 4.4263 4.6146 4.5899 5.1486 5.1734 4.1162 4.1582 4.6222 4.0689 4.3957 4.1620 3.9693 3.9172 3.8655
3.5772 3.5981 3.4138 3.4146 3.5010 3.8067 4.5517 4.9714 5.3411 5.0031 4.7004 4.6766 4.4952 4.0654 3.9606 3.6796 4.0660 3.6479 3.5732 2.9078
