5.1104 6.0998 6.0335 5.7083 6.1845 0.2942 0.4244 0.6842 1.0160 1.0922 1.1387 0.5415 0.6885 0.1808 0.1064 0.5036 0.2800 6.0075 0.1985 5.9670
6.1077 5.4886 6.1598 5.7476 6.0273 5.3065 0.1805 1.2073 0.7403 1.3374 1.2575 0.4648 0.4018 0.2341 6.0735 6.0119 1.2444 0.2539 0.3229 5.6656
0.5460 0.3194 6.2460 0.2387 0.0345 5.8229 0.4897 0.7233 0.4477 0.5806 0.2445 0.7094 1.5298 6.1397 0.1718 0.3157 0.2571 0.6784 5.8609 5.8860
0.2083 0.3994 6.0046 0.9602 0.2452 5.7844 6.2327 6.1722 5.8371 0.4606 6.2324 6.2435 0.4234 6.1068 6.2171 0.1013 5.3192 5.7671 5.8450 5.7597
5.9503 0.3315 6.1829 0.0415 0.4922 6.1258 0.2814 5.8487 5.8127 5.9779 0.8517 0.3294 0.1227 0.6794 0.5137 0.8126 0.8546 4.7363 5.5118 5.5707
5.8067 6.1688 6.1191 0.6228 0.1324 0.2674 0.5759 0.2109 6.0292 6.0715 0.6477 0.1028 0.0090 0.7824 1.9856 2.3912 2.5851 3.0934 3.0439 5.1253
0.1601 0.5971 0.0635 0.8000 0.8074 0.5903 0.6761 0.0182 0.3462 6.2286 1.0586 0.3011 0.9498 6.2448 2.7256 3.0115 2.8132 3.0342 1.9030 0.2169
1.9195 0.7682 0.4038 0.6309 0.5589 0.9388 0.4473 0.4450 0.9441 0.6283 0.8717 0.4775 5.9632 6.0719 3.1463 2.7812 2.8818 1.9831 1.8800 1.8484
1.5115 1.3724 1.1176 1.5022 0.7335 0.7489 1.0317 1.0383 0.5354 0.6910 0.6050 0.3520 5.9541 5.4282 3.7868 2.4464 2.5631 1.8290 2.3556 1.9137
1.6628 1.4840 1.0286 1.4043 1.4061 0.3836 0.8821 0.8864 0.8575 0.7639 0.1807 6.2677 6.2514 5.1207 4.7080 4.2648 1.8840 1.6577 2.2975 1.7200
1.7996 1.7221 1.7017 1.2132 1.4662 0.5806 0.8510 0.9942 0.9864 1.1783 0.8095 0.8140 5.5167 5.2048 3.9976 2.0410 1.9104 1.9095 2.5210 2.0966
1.7542 2.2910 1.4035 1.3381 1.5095 1.2500 0.8189 1.5027 1.1298 1.0450 1.9582 2.1552 3.9333 3.5911 2.9551 1.9477 1.5156 1.7315 2.2063 1.8139
1.6805 1.7221 1.5967 1.5491 1.2022 1.2159 1.7046 1.3218 1.0897 1.4140 2.0559 2.4027 2.3046 2.3475 1.9607 2.1824 2.2181 2.3896 1.6370 2.1863
1.4033 1.4426 1.2539 1.1740 0.5020 1.8573 2.1387 1.6065 1.4265 1.7839 1.4800 1.6756 2.1603 2.6679 2.5232 2.3888 2.4171 2.5112 2.4972 2.3081
1.5904 1.4470 1.2420 0.7256 0.3052 1.2125 1.9185 2.6836 1.8717 2.7454 2.1060 1.6567 1.9892 2.4484 2.6818 2.2318 2.5803 2.4763 2.5610 2.3662
1.0330 0.9811 0.7691 0.0193 6.2720 0.3051 4.0168 3.0793 3.0620 2.8236 3.2042 2.6197 2.3759 2.8301 2.2895 2.0688 2.3695 2.7822 2.8553 2.4983
1.8800 0.4977 0.0490 5.8698 6.0224 0.1358 1.9864 2.4333 2.1030 2.2983 2.2990 2.1397 2.0596 1.9598 2.1662 2.2428 2.7963 2.9414 2.9001 3.0611
5.0198 5.6004 5.7442 5.7700 0.3318 0.0967 1.1775 1.6603 1.5303 1.7788 2.0170 1.7451 1.4428 1.9360 2.0880 1.7274 3.4734 4.2358 4.1858 4.5772
4.6862 5.5508 4.8734 4.4722 0.1666 0.6023 1.0337 0.9898 1.2468 2.0017 1.9957 1.8282 1.6603 2.2064 1.5701 0.9896 2.0573 5.4958 5.8772 5.2688
5.6231 5.8930 5.5111 5.8598 0.0529 0.2364 0.3640 0.3917 1.1490 1.7809 1.3927 0.9611 0.4556 0.4827 0.8110 0.9242 0.5755 0.1146 5.8450 5.8272
