0.3589 0.2646 0.7993 0.9025 1.2800 1.4703 1.1180 1.8686 1.7343 2.5514 2.3093 3.4963 3.6675 4.3738 4.7871 4.7172 5.5878 5.7617 0.0184 0.7796
0.0832 0.0663 0.8471 0.6880 1.7142 1.6355 1.7909 1.4671 2.3915 2.5583 2.5459 3.1009 3.2408 3.8501 3.7972 4.4120 5.6716 5.4592 0.1482 0.0930
0.7276 1.2296 1.5254 1.3906 1.3458 1.4655 1.9782 2.1343 2.0421 2.0505 2.9283 3.1296 2.8772 2.9181 3.6571 4.4676 5.3110 5.9007 0.6375 0.2198
0.8640 0.6914 1.7490 2.2919 2.3147 1.3678 1.4676 2.2101 2.3861 1.2427 2.4808 2.9470 3.6546 3.8955 3.5662 4.0973 4.8563 0.1257 6.2790 0.2824
0.8192 0.8669 2.9014 1.6229 2.1765 2.2082 3.0002 2.0636 2.4253 1.3254 0.0108 4.9550 4.8214 4.7269 4.8896 4.5595 5.4991 0.1364 6.0904 0.9514
0.6827 1.4336 2.7512 1.6238 3.0476 3.2874 3.7724 4.6580 5.0556 6.1955 5.0858 4.4213 3.9720 4.3213 3.7521 5.1499 4.8949 0.9587 0.2094 0.9057
0.5861 2.2958 2.4466 2.9196 3.4667 3.4368 3.6032 4.6074 4.4391 4.3842 4.4980 5.4901 4.9579 4.5395 3.8358 4.6448 5.4993 5.7674 0.3826 0.6218
1.4779 1.8449 2.6819 2.9600 4.3715 4.6272 4.2700 3.9867 4.4204 4.9622 4.6889 5.1779 4.7606 4.5680 4.2499 4.4952 5.4298 5.9797 5.8349 1.1774
1.2462 1.0475 1.1934 5.9624 5.3282 5.0611 3.8814 4.2830 4.3345 4.7209 4.7109 4.5854 4.3482 4.2291 4.4996 4.4556 5.6373 6.1107 0.0889 1.3325
0.4447 0.7232 0.4158 0.1547 6.0010 5.0120 4.9277 4.5220 4.0520 4.4085 4.5162 4.1211 4.3643 4.7232 4.9942 4.8873 5.5019 6.0287 0.2403 0.7839
0.0975 0.9355 0.2796 6.1515 5.5731 5.0647 5.1161 3.9206 4.7276 4.5726 4.1210 4.8384 4.1267 4.3917 5.0509 0.1272 5.4698 5.2663 0.2054 6.2624
0.9134 6.0333 6.0516 6.0491 5.5470 5.7978 5.6968 5.3803 4.6527 3.9733 4.9216 5.0387 4.9488 4.8288 5.6402 5.8631 5.3627 4.8098 5.2806 0.5864
0.5016 0.1771 0.2768 6.0324 5.5045 5.2763 4.9521 4.3105 4.9015 4.9492 4.9383 5.1944 4.9568 5.1844 5.1733 5.5007 5.8936 5.3494 5.8867 0.4179
0.7811 0.3647 0.4114 6.2077 5.9292 5.3519 5.5306 4.8049 4.3328 3.4412 4.3461 5.2626 5.0141 5.5481 5.8300 5.9081 5.9446 5.9113 6.2453 1.5376
0.6800 6.0794 6.1780 0.3178 6.1653 5.9875 5.6155 5.1045 4.5640 4.1796 5.1230 5.8722 5.4103 5.9489 5.9184 5.5416 5.8351 5.8593 0.1950 1.2673
0.5391 0.5426 0.8890 1.3292 1.0171 5.7986 5.0032 5.5163 4.6748 4.9793 5.2666 5.0427 4.9165 5.3746 6.0865 5.6919 5.9464 0.3975 1.3174 0.6123
0.4421 0.2645 1.0722 1.0049 0.6952 5.9380 5.6395 6.0168 4.2926 4.2544 4.7998 4.4859 5.1844 5.0659 5.5940 5.7790 0.0433 0.4546 0.5484 0.3379
0.9170 1.1210 1.0296 0.7323 0.4439 0.1654 0.0236 5.6171 4.1915 3.2098 4.6166 4.0800 4.5388 5.1715 6.0548 5.8123 6.1466 0.1240 0.2768 0.9563
0.4856 0.5984 0.4616 0.5795 0.6049 0.6176 0.8037 1.1458 1.6730 3.2782 4.1308 4.0394 4.4257 4.9980 5.4493 5.9195 5.7575 6.0864 6.1844 0.3022
0.5130 0.3807 0.6701 0.6226 0.6207 0.7331 1.4115 2.0282 1.9064 2.7614 3.3839 3.4572 4.4274 5.1351 4.6494 5.0017 5.5902 6.1923 0.1365 5.9373
