6.1827 6.0383 6.0617 5.9575 5.6178 4.9885 4.6290 5.5207 4.5398 4.7045 4.4105 4.7208 4.5092 4.3778 5.2543 4.8424 5.5084 6.2133 0.2401 0.2648
6.1933 5.2085 5.3801 5.4717 5.1860 4.5596 4.7935 4.7457 4.7411 4.7702 4.7351 4.8418 4.8720 4.3150 5.5646 5.3001 5.4969 0.0652 6.2718 0.1514
5.5835 5.1513 5.3294 4.7793 4.6173 3.9480 5.3487 5.0438 4.3496 4.4747 3.9873 4.7817 4.5694 4.3850 4.9590 5.1561 5.2960 5.7483 0.2033 5.6885
5.1436 5.4787 4.9999 4.3896 4.5324 3.9707 4.3560 4.1909 4.1353 3.9278 3.8575 3.4608 4.1338 3.6046 4.0795 3.8703 4.5045 5.4811 5.6956 5.7871
4.9992 5.1149 4.8945 4.6515 4.9373 4.3852 3.9058 4.2471 3.4434 3.3740 3.5093 3.8601 3.3994 3.6844 3.8837 3.5588 4.3534 5.4874 4.9557 5.1164
5.2555 5.1221 4.9064 4.9750 4.5259 4.1161 3.8889 3.7475 3.3941 3.0777 3.1753 3.0158 2.5068 3.2620 3.5554 3.6544 4.0569 5.4249 5.3296 5.2659
5.4168 5.6438 5.0691 4.4053 4.2352 3.9852 3.5337 3.6740 3.2450 3.4482 2.8430 2.1546 2.4500 1.6245 2.9177 2.8245 1.6311 0.2253 5.9249 6.0349
6.1193 5.9091 5.7857 4.7127 4.6212 4.0146 3.8561 3.5315 2.9341 2.5570 2.8118 2.1658 2.3101 2.2842 2.2801 2.0851 1.5470 1.1551 0.7571 6.2313
6.1675 5.6061 5.2583 4.7632 4.7519 4.4350 3.6671 2.6497 2.9976 3.1384 2.4919 1.7444 1.4277 1.6686 1.5171 2.0046 1.2493 1.1235 6.1822 6.1101
0.3686 6.1459 5.8165 6.0434 4.9935 4.2012 4.3824 3.7559 3.4623 3.5798 3.1701 1.7549 1.2512 1.0277 1.5161 1.9050 0.9077 1.3355 0.5643 0.2040
1.2195 0.2529 0.1439 6.2431 4.5354 4.1810 3.9965 3.8289 4.5663 4.2611 4.7001 5.5544 6.0823 0.0724 1.2292 1.0870 1.2003 1.8154 1.1038 0.4731
1.4461 0.8464 1.1304 1.1436 2.4018 3.8836 3.7062 4.2407 4.1599 4.3341 5.4853 4.7118 5.6849 0.5021 0.3190 0.8855 1.1865 2.0175 0.8953 1.4996
1.5851 1.4119 1.5554 1.9755 2.2434 4.0816 4.1505 4.1539 4.1798 4.5595 5.0019 4.7655 5.2545 0.5488 0.1627 0.9526 2.2232 1.5117 1.3347 1.6971
1.2912 1.3719 1.4505 2.2691 2.6046 4.3462 4.6070 3.8086 4.0339 4.8338 5.4252 5.0576 5.5688 0.3385 0.4439 0.4194 1.0972 1.2956 1.0079 1.5008
1.5671 2.0083 1.4099 1.9389 1.9977 6.0214 4.5452 3.9700 3.9237 5.2866 5.5747 5.4563 5.6103 5.8523 5.6581 0.0153 0.3589 0.5824 0.8219 1.6623
1.7565 2.2768 1.6320 1.6653 0.1792 5.8940 4.4809 3.3751 4.0593 4.9164 5.8604 5.4215 5.6500 5.3180 4.8660 5.9686 0.6547 0.4844 1.1567 1.3328
1.8012 1.0949 1.0285 0.8757 0.2894 5.3811 4.6004 3.9853 4.5895 5.5520 4.9526 5.5838 4.9102 5.2525 5.9851 6.0235 0.9459 0.9447 1.2694 1.2410
1.4522 0.4494 0.3258 0.6499 6.1356 5.0623 4.2617 4.0197 4.1928 5.2467 5.4141 5.6870 4.8457 5.4767 5.6377 5.7746 0.0460 0.6406 1.7082 0.9260
0.8738 0.0411 5.9963 5.7779 5.9455 5.4782 5.1982 4.8227 4.1041 4.5425 5.3724 5.8650 5.3397 4.9520 5.5115 5.7127 0.5014 0.3056 1.0325 0.9353
0.5797 5.5897 5.7239 5.8706 6.0445 5.4583 5.4086 5.1226 4.8557 4.7316 5.1803 4.8992 4.8257 4.7733 5.2221 6.0781 6.0344 0.0555 0.5734 1.0209
