3.1516 3.1658 3.5672 3.2748 3.5118 3.0885 3.2950 3.3081 3.6605 3.2008 3.1335 2.5977 1.5981 1.7675 0.6762 0.2538 0.0111 0.3834 0.6253 0.9195
2.2347 3.5597 3.6523 4.4357 4.0904 3.1629 3.8705 3.3148 3.3833 3.1051 2.8610 2.8347 2.3182 1.4133 1.1346 0.9340 1.0687 1.4974 1.8850 1.6874
2.8849 3.3492 3.1090 3.7363 3.6942 4.0541 3.2793 3.9265 3.1931 2.1632 1.9282 1.9667 1.6062 1.5473 1.8039 1.5133 1.7504 1.8123 2.1539 2.2777
2.7197 2.9783 3.0373 3.4967 3.6002 3.8374 3.8177 3.3828 2.8251 1.9671 2.3022 2.2324 1.7670 1.8863 1.7651 1.3548 1.0103 2.1331 2.3799 1.9631
2.5163 2.6037 3.1590 2.7869 4.0951 3.9395 3.7634 3.4744 2.8322 2.7363 2.6437 2.2264 2.4334 2.6079 2.9689 1.9584 3.1814 2.7153 2.7998 2.9686
2.9743 2.6731 2.8757 3.3099 4.1554 3.9641 3.8459 3.6393 3.2417 3.4958 2.9416 3.0907 3.1929 3.1003 2.7148 2.9250 3.3443 2.9509 2.4605 2.8461
2.9888 2.9834 2.7628 2.8414 2.8438 3.5688 3.7668 3.7382 3.2010 3.2294 3.5697 3.2676 3.1715 2.8069 2.8046 3.2438 2.9638 2.2428 3.0762 2.6408
2.7180 3.1365 2.5510 2.7204 2.8884 3.0533 3.7730 4.1265 3.9028 3.1265 3.4813 3.0039 3.1624 3.4599 3.1491 3.1033 3.0163 2.2420 2.1719 2.4092
2.4897 2.0474 2.6539 3.2116 3.0568 3.3360 3.8573 3.8545 3.5284 3.2717 3.5757 3.9136 3.8087 3.2906 2.8993 3.0564 2.5188 2.5058 2.6542 2.1428
2.1563 2.2337 2.9591 3.2458 3.2339 3.5719 3.8283 4.2214 4.5159 3.4891 3.4826 3.5542 3.6137 3.2533 3.3276 3.0199 2.7574 2.4542 2.8442 2.6561
2.7607 2.5183 3.1091 3.0732 3.2770 4.2138 4.2488 3.7581 4.0184 3.5203 4.2878 4.2088 3.5200 3.7805 3.4443 3.9799 2.6007 2.8754 2.8432 2.7918
1.8477 2.9738 3.2818 3.9589 3.2021 3.5149 3.6141 3.8709 3.7223 3.8210 4.4885 3.9748 3.6852 3.7758 3.8723 3.0158 3.2821 3.4114 3.7410 2.7015
2.4126 3.0863 3.5031 3.4602 3.3187 3.2305 3.7574 4.0828 3.8008 4.2658 3.5685 4.0658 3.7662 4.5163 4.5281 4.1246 4.3387 3.3656 3.8857 2.5103
6.2202 4.8435 4.0943 4.4952 4.0964 3.6707 4.0612 3.9984 4.4645 4.5598 3.8015 4.1508 4.2832 4.5177 4.6169 5.0016 5.7201 5.5897 6.1029 0.2071
5.6871 4.5371 4.0111 4.6714 4.1403 3.6765 3.4890 3.9589 4.1352 4.3027 3.7424 4.0274 4.1006 4.6023 4.7253 5.6156 0.0937 6.1956 6.0247 5.8793
4.9496 4.4977 4.3309 3.4297 4.4443 4.3408 4.0770 3.7214 4.1893 3.7659 3.4581 3.5030 3.9899 4.9779 4.5161 5.5185 5.8005 6.1720 5.4909 5.6201
5.2222 4.6411 4.0146 4.4263 3.9526 4.3050 4.0883 3.9349 3.8121 3.4154 3.9081 3.1012 4.0406 4.4922 4.3976 4.8894 5.0172 5.6096 4.8873 4.4979
5.0395 5.3065 4.6606 4.4298 3.9775 3.9367 3.8804 3.5713 3.3802 3.5614 3.2821 3.3139 3.2725 4.6276 5.0191 5.7480 5.9554 6.1952 5.6261 5.0829
5.3106 4.8518 3.8781 3.9364 3.2132 3.6918 3.7259 3.7243 2.7629 3.5227 2.4112 3.1486 3.5494 4.4513 5.7681 6.0172 5.6832 5.9786 5.3975 5.5125
5.1143 4.3943 4.1188 4.0534 3.4709 3.2479 3.5360 4.0697 3.6856 3.0286 2.2091 2.4300 2.2618 1.6012 0.0067 5.6978 0.3011 5.9848 5.8667 5.9900
