3.2244 3.6150 3.4896 4.2224 4.8458 4.9904 5.3364 5.2486 5.7430 6.2643 5.8552 6.1427 6.2729 0.4274 0.6488 0.6144 0.5408 1.3680 1.3436 1.3459
4.3576 4.4507 4.4263 4.4326 4.4764 4.8871 5.6909 5.6923 6.0939 5.5591 6.0649 5.5722 0.0127 6.1658 0.2678 0.7849 1.1063 1.1257 0.4619 1.0151
5.9182 5.3030 5.2068 4.9914 5.3298 5.4524 5.9259 5.8103 5.8468 5.7780 4.8890 5.0236 5.5066 5.9950 0.8272 1.2283 0.8123 0.7756 0.3809 1.2976
6.0700 5.8468 5.3980 5.5382 5.4289 6.1325 5.5085 4.5987 5.1081 4.8262 4.9604 5.1615 5.5917 5.3405 0.3703 6.1199 0.1800 0.3583 0.0994 6.1688
0.0671 0.2125 5.9407 5.2889 5.3835 5.6322 5.0932 5.3463 4.6933 5.3483 5.0766 5.2868 5.2269 5.2464 5.8110 6.0856 5.9965 6.1237 0.0602 5.2121
0.1337 0.5003 5.7519 5.7269 5.2731 5.0567 5.0325 4.5217 4.8806 4.9752 4.8566 5.1014 4.8307 4.9477 5.4965 5.7785 5.7875 6.2092 0.1907 0.0215
5.5105 5.6214 5.4831 5.4018 4.8741 5.1910 4.7810 4.3634 4.2802 4.6907 4.7837 4.6558 4.2539 4.3678 4.7676 5.0497 4.8882 5.0362 6.2767 6.1853
5.1128 5.9248 5.5408 5.4984 4.5657 4.6679 4.4887 4.4485 4.1193 4.2863 3.2702 3.6536 3.8356 4.2851 4.7127 5.1216 5.0091 4.9657 0.0627 0.0146
6.1903 5.9299 6.0228 4.9681 4.5748 4.3049 4.0675 4.5608 4.1159 3.9943 3.0706 3.3707 4.1612 3.0618 3.5107 3.8502 4.7641 5.1093 6.0190 6.0889
6.2505 6.1430 5.7916 4.5884 4.1183 3.2160 4.7153 4.1447 4.0233 3.9730 3.3616 2.4964 2.8286 2.6169 3.1057 4.1553 4.5160 3.3568 0.4439 0.2119
0.4692 5.8538 5.8274 4.7129 4.5382 4.7615 4.7177 4.6236 4.2357 4.4431 4.2246 1.9750 2.7208 2.0442 2.4165 3.2056 3.1653 2.7064 0.6876 0.5650
0.4031 0.0364 5.3232 5.2121 4.6398 4.8574 5.1904 5.0921 4.8194 5.3030 6.0373 0.6371 1.5133 2.4932 2.6012 2.9037 3.1774 2.5196 1.2076 1.0655
0.7674 5.7986 5.2867 4.1081 4.5007 4.2942 5.0628 5.5536 5.9441 5.6188 0.1200 6.1629 0.3990 2.0368 2.3875 2.4543 2.6513 2.3343 1.3786 1.4686
2.9246 3.6607 4.1369 3.8049 3.9159 4.5966 5.1768 5.4654 5.8582 0.3945 6.2700 0.1288 1.1851 1.9069 1.7874 2.5839 2.4655 2.9868 2.9017 2.3089
3.1364 3.5223 3.5110 4.0397 3.8455 4.8258 5.6255 5.6641 0.3968 0.2033 0.1220 0.1073 0.7335 0.9414 1.0222 1.6758 2.8600 2.3824 2.3142 2.4684
3.0378 2.4462 3.1005 2.9716 3.4823 4.2328 5.3866 5.9611 0.0720 0.9321 0.9297 0.3422 0.6647 0.3318 0.6317 1.6685 2.1740 2.5811 2.4280 2.8831
2.4772 2.3640 3.2445 3.3257 3.2511 3.5074 3.9808 5.1699 6.0745 6.2061 0.9705 0.0923 0.4243 0.7062 1.2027 2.2565 1.5188 2.1846 2.2582 3.1026
2.3853 3.1676 2.5976 2.8513 3.3441 3.6852 3.7332 4.8207 5.1760 5.9537 0.1783 6.0646 5.8666 0.2209 0.9289 1.5841 1.4803 2.6439 2.1673 2.2719
2.6348 2.6139 2.5812 2.7443 4.2643 4.6180 4.9763 4.7610 5.2448 6.0710 5.9293 0.2516 5.9300 0.4983 1.2611 1.2113 2.0918 1.7849 2.2315 1.8807
2.8374 3.1878 2.8745 3.7582 3.4903 4.7925 5.0327 4.8961 5.4667 0.3208 0.1046 0.4321 0.3411 0.1552 0.7397 1.3824 1.3373 1.1861 1.4507 2.0845
