2.9801 1.9468 1.5326 1.6760 2.1046 2.4454 1.9334 2.0111 2.1392 1.8764 1.2515 1.3901 1.6641 2.1753 2.4958 3.1346 2.0089 2.5578 2.2454 2.5014
2.5278 1.6551 1.2326 1.3096 1.5702 2.3732 2.4465 1.8641 1.5640 1.3775 1.4550 1.4450 1.6660 2.5430 3.8158 3.7488 2.6841 2.7770 2.5911 2.6061
2.5973 2.0941 1.5586 2.0989 2.7247 2.4069 2.0893 2.1514 1.7546 1.8114 0.7705 0.5557 3.8397 4.4394 4.3335 4.0470 3.6627 2.7970 2.2068 1.7647
3.3567 3.1874 2.8989 2.6116 1.9813 2.2480 1.9939 1.4820 1.3377 1.2448 0.5397 0.0235 4.5929 4.0637 3.9570 4.2136 3.6168 3.6030 3.4061 2.5177
3.5968 3.0637 3.2878 3.0348 2.1741 2.9657 2.0925 1.2765 1.3046 0.6667 5.6873 4.7685 4.0253 3.8950 3.4330 4.3440 3.9660 4.4668 4.0573 3.4806
4.0676 3.5431 2.7051 3.1197 2.5964 3.0319 1.9418 2.0158 1.2440 5.6466 5.1252 5.1530 4.8523 4.2820 3.9795 4.2035 4.2333 4.2960 4.3895 4.3065
3.2609 3.5178 3.0321 3.4255 3.4351 3.1617 2.1612 2.1983 2.1347 3.9035 5.0756 5.0809 5.0253 3.6176 3.8989 3.7012 3.9574 3.7592 3.5531 3.7975
3.4600 3.0884 2.9909 2.7075 3.9295 2.6678 2.5573 2.7235 3.2165 4.0354 3.5615 5.0826 4.8529 3.7004 3.7088 3.2415 3.4062 2.7346 3.3158 3.7183
3.4929 3.4948 3.0467 2.9334 3.0854 2.9462 2.9960 2.5438 3.2518 3.5339 3.8577 4.4164 4.2514 3.8996 4.0874 3.9484 3.3751 3.6570 3.9236 3.9264
3.1741 2.9790 2.6178 2.1776 2.9478 2.9915 3.1776 3.1520 2.7042 2.7282 3.5035 3.6568 3.6155 3.5141 3.6833 3.1592 3.2508 2.8294 2.7342 3.1864
3.1697 3.5625 2.3448 2.9567 3.0954 3.5833 3.4168 3.4235 2.9463 3.0787 3.0917 3.8531 3.8478 4.3118 3.6801 3.3658 3.3641 2.9861 3.0933 2.7754
3.0624 2.4234 2.5230 2.5326 3.1609 3.2041 3.8046 3.2334 2.7551 3.1599 3.3510 3.5266 4.0577 4.1113 3.4917 3.0316 2.8992 3.2850 3.3560 3.1491
3.1540 2.8478 2.5855 2.9466 2.9417 2.9294 2.8156 3.0163 2.8652 3.5460 3.4512 4.1162 3.9170 3.9060 3.2214 3.6278 3.6782 3.4661 3.1021 2.3772
3.5970 3.0879 2.4033 2.3550 2.6670 2.2890 2.4870 2.6475 3.2924 3.1974 3.1749 3.9603 3.5804 4.1874 3.6190 3.9160 3.2648 3.2352 3.9044 3.2447
2.7972 2.2022 2.4804 2.9120 2.8623 3.0052 2.0686 2.3080 2.8155 3.1141 3.1498 2.8890 3.3261 3.3403 3.7462 3.9495 4.3222 2.5789 2.6329 2.7333
2.7296 2.1687 2.3340 2.9640 2.9371 2.3178 1.7139 2.1598 2.2358 3.0258 2.6317 2.6093 2.8606 3.4115 3.7102 3.7464 3.4189 2.9307 2.5519 2.5462
2.7200 2.1128 2.4777 1.5832 1.8735 2.6638 1.8007 1.8610 2.2701 2.7947 2.8430 2.5923 3.1954 3.3945 3.6437 3.3582 2.9458 2.8568 2.7091 2.1209
1.7963 2.5906 2.7192 2.0738 2.1778 2.1372 1.7492 2.2803 2.5724 2.6951 2.5781 2.5345 3.4687 3.3296 3.3316 3.4577 2.6828 2.1205 1.4970 2.0309
1.6518 1.5883 1.9460 2.1768 2.2575 2.1953 2.2275 2.2787 2.4978 1.8374 2.2859 2.1998 2.4073 3.4455 3.0621 2.7017 2.7718 2.9094 2.6011 2.0356
2.2057 1.5333 1.9693 1.6190 1.9510 2.1904 1.9466 2.0841 2.0926 1.7641 1.8571 1.3517 1.4969 2.8215 2.8900 3.0910 2.5166 2.2276 2.4464 2.3132
