3.7559 3.3442 3.3372 2.7760 3.0608 3.4811 2.7323 1.8400 2.0427 1.7736 1.6956 1.4155 0.9778 0.7281 0.4635 6.2715 5.4267 4.6069 4.8291 4.7899
3.4488 4.2475 3.7837 3.6840 3.8446 2.9050 2.8104 0.8116 1.2602 1.6779 1.7795 1.3148 0.6201 0.1797 0.6952 0.0981 5.0410 4.6820 4.4246 4.1855
4.4581 3.9624 3.2096 3.0430 3.6463 2.6209 1.9658 1.4204 1.4138 1.7078 1.3653 0.9383 0.3327 5.6201 5.7039 5.0786 5.3288 4.8923 4.3729 4.8143
4.6155 3.9016 3.3569 2.5613 2.8317 2.6448 2.0207 1.5562 0.7168 1.0690 0.7634 0.8953 0.5754 5.8439 4.9462 4.8152 5.2535 3.9956 4.1979 3.6551
3.1075 3.5316 2.7594 2.6337 1.8049 2.2563 1.8934 1.3284 0.7763 0.9972 0.5022 0.5287 0.3969 4.8744 5.3376 4.6000 5.1885 4.1905 4.1736 3.7311
3.5179 3.4399 3.0404 3.1383 2.6934 2.6625 1.9872 0.9815 0.0043 6.0719 0.2270 0.2983 0.0880 5.0574 4.5689 4.8953 5.1879 3.6218 3.0127 2.7360
4.1303 3.4547 3.2580 3.1180 3.1158 2.7234 2.4383 2.8301 6.0024 5.8643 5.9556 6.2300 5.7059 4.9067 4.2948 3.9505 3.9946 3.9810 3.6313 2.9383
3.6828 3.7006 4.0233 2.8371 3.5323 3.1923 3.4724 4.7286 4.8812 5.4739 5.2541 5.7068 5.4088 4.6186 4.0550 4.3068 3.9210 3.9406 3.8001 3.7959
3.9147 4.0403 3.6259 3.1963 2.8102 3.4627 3.7490 4.3104 4.8151 4.6866 4.6827 4.5805 4.7872 4.9517 3.9755 3.7922 3.7882 3.3498 3.3074 3.4705
3.8698 4.0035 3.6998 3.4606 2.8662 3.5771 3.6993 4.9087 5.1632 5.0551 4.6897 4.7976 4.9811 4.8576 3.2281 2.9594 3.6924 3.6911 3.9112 3.8464
4.2339 4.0448 3.7135 3.0378 3.7226 3.5152 3.6915 3.8257 4.5469 4.7887 4.5569 5.2525 5.2316 4.3896 3.4078 2.6546 3.2512 3.0084 3.6638 3.4060
3.9720 2.9273 3.6019 3.4672 3.7867 3.4762 3.0370 4.1762 4.9722 5.0389 4.4797 4.8814 5.1892 4.7755 3.4541 3.2360 3.7096 3.3525 3.2390 3.5965
3.2034 3.3648 3.5080 3.1700 3.7135 4.1457 4.3379 3.7539 4.1412 4.5046 4.9285 5.2427 4.3312 4.3117 3.5442 3.6298 3.9665 3.0772 3.2185 3.7223
2.6724 3.4251 2.9907 3.1055 2.7664 3.1215 3.8995 3.6730 3.1223 3.5907 4.8592 4.7707 4.5949 4.3553 3.7984 4.1164 4.1233 3.0259 3.0041 3.2226
2.3304 2.9696 3.0374 2.5413 3.6637 3.5059 4.1812 3.8983 2.7819 2.3980 1.8887 1.3093 2.8301 3.0865 3.2943 3.3219 3.1314 2.7077 2.8522 2.7511
2.3832 2.5475 2.7888 2.2310 3.3531 3.6880 3.1670 3.1572 2.8501 2.2687 2.5274 1.7151 2.3630 2.4766 2.4965 3.1025 2.5421 2.3175 2.4331 2.3620
2.4271 2.5664 2.4687 1.5563 2.5384 3.6219 3.0673 3.4154 2.8182 2.6265 2.2868 1.8151 2.3261 2.7600 2.7322 3.2919 3.3755 2.6263 2.4350 1.8036
1.9156 2.5471 2.6503 2.9175 2.7869 3.2255 3.3618 2.7155 3.0867 2.6169 2.0211 1.7373 1.4670 2.1348 1.8905 2.7206 2.9690 3.2585 2.4939 2.3070
2.9312 2.6056 2.8714 3.2370 2.5088 2.6992 1.9371 2.3034 3.2414 2.2003 1.7464 2.2539 1.2859 1.3008 1.4719 2.0649 2.7782 3.3165 3.6616 3.5675
3.4034 3.6172 3.1677 2.8392 2.8947 2.7545 2.3366 2.4225 2.4266 2.2302 1.9742 1.3574 0.9626 1.0016 0.7356 5.9658 4.6974 4.8159 4.5913 3.8563
