0.1518 5.5116 5.9622 5.4799 5.7042 4.3982 4.1385 4.8931 4.5420 4.5746 4.2928 3.6762 4.9295 0.0094 5.9821 5.6153 5.6265 5.9691 0.0265 6.2304
5.8589 5.8593 6.2447 5.7443 5.2927 4.4476 4.1904 4.7326 4.8511 4.3660 4.2571 4.4139 5.1143 5.7909 5.8681 5.2306 6.0157 0.0996 0.2553 6.1046
0.1507 0.9313 0.9630 0.2356 1.5645 2.9850 3.9917 3.7685 4.9381 5.2562 4.6686 4.6194 5.4756 5.8422 5.7353 6.2601 6.2067 0.4612 0.3008 0.5826
0.6891 1.1793 0.8568 1.4182 1.4584 2.0499 3.0105 4.5561 5.1063 4.7005 4.5978 4.8708 5.8633 0.4819 6.2534 0.0000 6.1832 0.2738 0.0966 0.1598
0.7329 0.5976 1.0472 1.4782 2.0079 1.5541 2.7941 3.7477 3.7831 5.0813 4.5169 6.0557 5.9246 0.2693 0.5882 0.7695 0.4093 6.0713 0.2802 0.6913
1.0138 0.9459 0.7949 1.6174 2.0627 2.0067 3.0484 3.3425 3.3647 4.9901 4.7745 6.0570 5.9944 6.1413 0.8748 1.1708 0.3819 0.2943 0.4538 0.5299
0.9890 1.2717 1.4185 1.7601 2.5327 2.5569 2.6077 2.7912 3.2700 4.8236 5.6509 0.2301 0.3556 0.2390 0.1218 0.0687 0.7938 0.8845 0.8143 0.5176
1.0740 1.3361 1.9080 2.0397 1.5443 2.1914 2.5960 2.6981 3.4345 3.3131 4.8728 5.8339 0.0560 0.2726 0.2886 0.6453 0.9012 1.5385 0.5527 0.0557
0.7109 1.2587 1.2776 0.9516 2.0201 2.1555 2.5448 2.8489 2.9646 3.3729 4.5917 0.1143 0.0549 0.1379 5.8772 0.4880 0.4081 0.8365 0.7538 0.2095
0.9774 1.1726 1.1803 1.7920 1.9699 1.7377 2.5724 2.4308 2.5909 2.4365 0.2317 0.1232 0.8444 0.9498 0.4327 0.6727 0.4431 0.4418 0.7080 6.0801
0.9161 0.9157 1.1043 1.4042 1.1728 1.3135 1.8197 1.3564 1.3162 1.0377 6.2508 0.6021 1.0027 0.8297 1.0110 0.1891 0.4805 0.6981 0.2926 0.1266
0.3836 0.9733 1.2926 1.4422 1.1259 0.7313 1.2221 1.0490 1.4510 1.0820 0.9352 0.7793 1.2209 0.6133 0.2693 6.0736 0.2444 0.6207 0.2149 5.7427
0.3146 0.8105 1.3485 1.0647 0.6846 0.0864 0.2688 1.3962 1.7851 1.2662 0.7512 6.0501 0.2396 0.6727 0.2723 0.0428 5.9647 5.9778 0.3484 6.1124
5.7570 0.0712 0.0705 5.9621 0.4290 6.2189 0.2013 0.5471 0.1314 0.3327 0.2145 5.8276 0.0754 0.0839 0.2236 5.5434 5.8490 5.4952 6.1710 5.9606
5.3339 5.2007 5.5626 5.8088 5.7546 5.9694 5.8781 6.0828 0.6091 5.9785 5.6121 5.8396 5.6961 5.9956 5.5602 5.5299 5.0207 5.3771 5.3059 5.3860
5.5571 5.5695 5.7821 5.4198 5.9837 5.1762 4.9133 5.8605 5.7768 5.4544 5.4056 5.6213 6.2613 0.0519 5.4504 4.6586 4.9323 5.6010 5.9026 5.6885
5.3588 5.6760 5.3898 5.0818 5.2881 5.1792 5.4927 5.6940 5.7808 5.8841 5.6622 5.9863 6.0633 5.4944 5.6950 4.7818 5.5784 5.7559 5.8177 5.3271
5.3930 5.5222 5.8557 5.1644 4.4536 5.2838 4.6726 5.5706 5.3605 5.1546 4.6136 4.8331 4.8460 5.2692 5.7665 4.8661 5.0574 5.1029 6.0104 5.4901
5.4764 4.8843 5.6495 5.0588 4.8159 5.3685 4.3024 4.5118 4.2809 5.1994 4.7680 4.3095 4.4984 5.3738 5.0932 5.4045 5.4597 6.1246 6.1895 5.5012
5.8651 5.4766 5.5267 5.1293 5.4374 4.8932 4.2550 4.5548 4.8445 4.6340 4.5044 3.9947 4.5540 4.8875 5.4344 5.9155 5.9490 5.8979 5.9284 6.0545
