1.7426 0.9747 0.9362 1.0995 1.6058 0.7032 0.8922 0.7066 0.9005 0.7413 0.5869 0.8542 1.5130 1.2812 1.7379 1.5811 1.3989 1.1276 1.5910 1.5940
1.3264 1.6715 1.3027 1.3993 1.3534 1.2116 1.9765 1.6188 1.3473 0.6210 1.3876 1.4836 0.9956 1.5352 1.4985 1.6937 0.6730 0.9540 1.2825 0.6779
0.7069 0.8050 0.5796 1.2800 1.0668 1.2396 1.1119 1.9646 1.7278 0.9775 1.0451 1.8955 1.4014 1.6349 1.3721 1.9037 1.1651 0.7613 0.8986 0.9689
0.7455 0.6099 0.5967 1.2710 1.2355 1.4203 0.8582 1.1561 1.0432 0.9612 1.2924 1.3798 1.2722 1.6564 1.5313 1.2571 1.6361 1.2902 1.3469 1.1982
0.8060 1.0963 0.9680 1.2591 0.6054 0.8015 1.0473 1.0363 1.2091 2.0930 1.7393 1.6653 0.7125 1.2018 1.2715 0.8648 1.3487 1.2890 1.0044 1.2129
1.2908 1.1815 0.5811 1.0052 0.9056 1.0246 1.3446 1.3626 1.2366 2.6006 1.6182 2.0473 1.4258 1.5805 0.7819 0.9709 1.1453 1.5607 1.2365 1.3220
0.7987 0.3480 6.1860 0.1013 0.7797 0.8560 1.1102 1.1816 1.3740 1.2025 1.1581 1.0133 1.5065 0.7164 0.8469 0.7801 0.9610 0.7027 0.5315 0.8557
6.0118 5.9388 5.8488 0.4053 0.7126 0.2948 0.4522 0.5327 1.2660 0.4988 0.0902 0.3540 0.8980 0.6234 0.7246 0.9509 1.0433 0.6555 0.3402 0.4815
6.0328 5.6254 5.7030 6.2128 0.5145 0.3366 0.0544 0.1624 0.5989 0.5272 0.3153 0.2636 0.2406 0.9490 0.7061 0.5317 0.4698 0.5482 0.4021 6.0762
6.2763 5.5723 5.8982 5.8131 0.6652 0.3830 0.6551 0.4120 0.1679 0.4244 0.5752 0.5034 6.2401 0.4065 0.3407 0.0921 6.0462 6.0150 5.6766 0.2465
6.1845 6.0324 5.9470 6.0298 0.0963 0.6371 0.4743 0.3338 0.2392 0.4733 0.9042 0.1733 6.2676 5.7850 5.9122 0.1567 5.9272 6.2427 5.5749 0.0690
5.4409 5.6990 5.6066 5.7582 5.9891 0.6364 0.6698 0.0710 0.6149 6.0823 0.5044 6.1824 6.1250 6.1780 0.0460 0.7809 0.2290 5.9597 5.2314 5.5320
4.9229 4.7397 5.0566 6.0181 0.0480 1.1101 0.9186 0.5608 1.2150 0.3429 0.6627 6.1007 6.1605 5.6710 5.9325 6.0387 6.0358 5.3687 5.0223 5.3484
4.7745 5.4099 5.7228 5.8247 5.9096 5.9736 1.0168 0.3774 0.4342 0.7320 0.6358 0.1171 0.0185 6.2285 6.0357 0.0370 5.9976 6.1568 4.5595 5.2293
4.4493 5.7207 5.6770 0.1627 5.7755 6.2759 0.1590 0.6516 1.1233 1.1639 1.1557 0.7193 0.4533 6.2550 0.2553 0.0062 5.6839 6.1914 5.2188 4.2399
4.7811 5.2137 0.0454 0.0586 6.1292 5.7852 0.3875 0.3208 0.3306 1.0428 1.2437 1.0022 0.6424 0.4424 1.1629 0.7591 5.7455 5.2898 5.3694 5.1255
4.3062 3.7191 5.5261 0.4615 0.4216 0.3663 1.0323 0.9481 0.5386 1.1686 1.1698 0.4500 1.1365 0.4327 0.6507 1.9920 2.8102 3.3580 4.7927 4.6568
3.5246 2.8003 1.0409 1.1798 0.4719 0.6449 1.2988 0.6741 0.7870 0.8548 1.1424 1.1292 1.4619 1.0354 1.1436 2.5723 2.5433 1.7877 3.1263 3.4614
2.1667 2.1549 1.0321 1.0171 0.9143 0.8041 0.8838 0.8492 0.4310 0.1980 0.7809 1.5263 1.6466 1.4206 1.6103 2.5709 2.5925 2.2240 2.5471 2.8964
1.9667 1.8126 0.8011 1.8497 1.1355 0.7654 1.0483 0.9639 0.3345 0.7264 0.7978 1.2388 1.9360 1.4422 1.7485 1.9104 1.9411 2.1354 2.5147 2.1533
