1.3752 1.7470 1.2853 1.6264 1.8405 2.3345 2.3791 2.5115 3.4561 1.9565 1.2134 1.9439 1.6387 1.0713 1.2164 0.7374 1.3452 1.5865 1.5826 1.1818
0.9628 0.5247 0.5861 1.6364 2.1396 2.4027 1.8325 2.6508 2.3867 2.2246 0.9151 0.4340 1.3625 0.7027 1.0816 0.5154 1.4417 1.4946 0.5582 0.7659
1.0202 1.3890 1.3559 1.3577 2.0088 2.2278 2.6992 2.5767 2.8998 1.2962 0.7066 0.9262 0.8439 0.6868 1.0058 1.1438 1.7843 1.4973 0.1537 0.4082
1.4113 0.9179 1.0891 0.8396 1.4568 2.3758 2.8122 3.3444 3.6327 1.0369 0.5594 1.2243 1.0106 0.9619 1.6125 1.3889 1.3037 0.9309 1.1176 0.9002
0.7304 0.3497 0.6982 0.3272 0.1358 1.2828 3.5143 3.4145 4.0708 6.1120 0.7328 0.8060 1.1394 1.8815 1.7429 1.7841 1.6635 1.2057 1.2205 1.3284
0.6961 0.4257 6.1362 0.1527 5.7091 0.0392 4.5529 4.3420 5.6739 5.3506 0.0140 1.7892 2.2081 2.2387 2.5605 2.5223 2.0238 1.0135 1.3441 1.2503
0.7583 0.8820 6.2117 0.7107 6.2039 6.1772 5.0460 4.9803 0.0019 6.0169 5.9616 4.8099 3.4835 3.3063 3.6833 3.2482 2.0498 1.7282 1.5085 1.8746
0.7835 0.3281 5.9550 0.4045 5.9333 6.0041 5.4962 5.3774 5.5130 4.9992 5.3994 4.8982 3.8184 3.3787 3.0570 3.6015 3.1856 2.0691 2.2507 1.4559
1.2704 0.9610 0.5918 0.5471 0.3899 0.0075 5.8304 5.9397 5.1427 5.1477 4.8015 4.2558 3.9537 3.2859 2.9439 2.9078 2.5986 1.8676 2.1403 1.4468
1.2642 1.5296 0.6190 0.6989 5.9489 6.0972 5.4608 5.3886 4.9168 4.8953 4.7578 4.4429 4.7853 3.8986 3.8319 3.1464 2.3666 2.1066 1.7308 1.7558
1.0064 0.6775 0.0379 6.2182 6.1539 5.4215 5.5315 5.7940 5.1340 5.0936 5.3115 5.0691 4.7511 3.8738 3.3858 2.9452 2.8959 2.5549 1.7885 1.4437
1.6585 0.9626 0.5735 0.5465 0.6997 0.0755 5.7777 5.6706 5.3320 5.3111 5.5196 5.7062 5.4961 3.9579 3.8963 3.4412 3.4843 2.5771 2.7454 1.8659
2.1234 1.3761 1.5923 0.1731 0.1977 0.1754 5.4043 5.5659 5.6978 5.7072 5.6486 5.1761 5.4817 4.1431 3.4661 3.0914 3.1336 2.3959 2.8268 2.0840
1.3757 1.6628 1.2867 0.5313 0.8750 0.4660 0.6258 0.0390 0.2989 6.1998 5.8790 5.3042 5.4819 3.6908 3.4256 3.1355 3.2783 2.2055 2.3353 1.8194
1.6325 1.0602 1.1223 1.3293 1.3472 1.2164 1.0822 0.8046 0.2367 0.3390 0.6281 0.0599 1.0047 1.9146 2.0519 2.6043 2.3434 1.6570 1.5060 1.5367
1.4391 1.1902 1.2514 1.5520 1.3497 0.5299 1.2173 0.3667 1.0826 0.9119 0.8725 0.4611 1.0104 1.0536 1.7879 1.9601 2.0826 1.9662 1.8333 1.2834
1.6798 0.8663 0.9915 1.7644 1.6912 2.1157 1.3189 1.9947 1.5466 1.1963 0.9205 1.0636 1.6622 1.7816 1.3972 1.1898 1.5662 1.8252 1.8988 1.6863
1.3936 0.8615 0.7796 1.5382 1.3773 1.6179 1.1421 1.2725 1.3510 1.7638 1.3023 1.9855 2.0675 3.0161 2.4580 1.4373 0.6696 0.9848 1.0469 1.5118
2.0246 0.9950 1.5454 1.5933 2.1397 1.7429 1.6701 1.9872 1.9292 1.5125 1.7684 2.3166 2.1443 2.4972 2.0561 1.9082 1.5853 1.5290 1.5361 1.3325
1.7356 1.4834 1.4394 1.4715 2.4378 2.3363 2.3946 2.5880 1.9898 1.5649 1.7140 2.5540 1.5572 1.2166 1.4255 1.2557 1.0956 1.3611 1.3271 1.0885
