4.7820 3.7695 4.0855 3.7515 4.5967 3.2456 4.3162 4.2150 1.9146 4.6096 5.6193 6.1500 4.8093 1.3807 0.3363 0.1197 5.0700 5.7430 5.6526 4.5314
5.6239 0.4197 3.3366 1.3130 5.1135 5.9597 5.2042 1.8350 1.5758 6.1580 5.4376 4.8542 5.7360 4.7580 5.3928 3.6119 5.0589 2.0059 6.2540 0.2935
5.7148 4.9099 4.6538 5.3939 5.2636 5.4587 5.0686 3.9091 3.8031 2.3779 6.0879 0.2207 5.9471 5.2065 4.7810 4.6855 5.6869 5.0502 0.4548 3.1437
5.6407 2.7552 4.8921 1.8176 1.4932 0.3578 0.0978 1.1076 2.9341 1.7314 4.6724 4.8753 5.0472 4.1039 4.2340 0.6169 5.6741 1.5544 0.4106 0.6113
5.1039 5.5071 5.4178 4.9391 2.6861 3.7524 4.4953 4.6229 0.2401 5.4328 5.9436 6.2393 5.2919 6.0542 4.2898 4.4607 4.1583 4.2849 5.1893 4.4268
4.9893 0.7222 0.3885 1.0594 2.7367 4.2309 4.9491 4.7183 5.4753 3.4292 4.3797 3.0863 2.7494 3.2631 5.0080 0.8307 1.9820 0.3649 3.2078 5.7474
5.3865 3.2033 4.4372 5.4482 6.2633 5.9899 4.6750 4.4372 6.1916 0.5135 5.8143 5.7301 5.1375 5.3047 4.4512 4.1482 3.5445 3.7181 3.5914 0.0572
6.0722 0.8827 1.3770 4.6042 5.3302 3.8545 5.1539 6.0879 1.9168 2.0457 3.4032 3.4938 3.6974 3.4573 0.8878 1.9422 5.7971 0.5893 2.1538 2.8871
1.5752 5.0974 0.6304 0.7672 5.6560 5.2884 4.9706 3.8249 5.1189 4.6188 4.1541 2.7588 4.0674 5.3525 6.2693 5.0248 5.3116 4.3338 0.9345 5.9062
2.6190 1.6548 1.3535 5.2601 4.0335 2.2333 4.3475 0.4897 5.8575 1.3312 5.6622 4.9674 3.6548 2.3940 2.0894 2.8296 1.1927 2.7148 2.1054 2.5451
3.4442 4.9599 1.4772 3.0962 3.3423 4.6450 4.5290 3.1601 4.7575 5.0906 5.8800 5.1095 4.5170 4.7322 5.6261 0.1486 0.9170 6.2509 2.1469 4.0061
3.5747 4.9284 2.1620 5.2501 3.2589 0.5967 4.8995 4.7949 5.2000 1.0207 0.9866 1.1261 4.6504 3.4412 4.3385 3.1066 1.0901 0.6581 0.6563 1.1106
3.4151 1.1306 0.9099 1.4248 3.0733 4.2348 5.4953 6.1261 5.5630 3.4526 3.6565 4.2223 4.9844 0.0918 5.6080 6.2798 6.0189 5.6268 3.8357 5.0696
2.7768 4.6760 4.3942 4.2262 4.1929 4.4154 6.0781 4.0821 0.4782 1.4052 3.0368 2.1824 2.2117 3.5784 6.1040 2.8285 1.2117 5.5036 4.2364 1.5844
1.8110 0.9804 4.7020 4.1255 5.4671 0.1533 5.7777 0.7331 0.2262 5.2852 4.7975 4.7226 2.6985 1.9350 0.6246 5.3706 0.5816 1.6037 2.0157 2.6532
2.9188 3.4681 4.3999 3.4490 3.5294 3.3072 3.5738 5.6251 0.1122 2.1911 1.6792 2.8738 2.4820 3.6248 2.6172 2.6788 1.7701 3.6042 3.1214 3.4221
2.4740 2.2214 3.5290 3.3138 2.1632 1.9302 5.2007 2.7209 2.0739 2.6860 1.4168 1.4001 2.0089 1.6593 1.0437 0.2043 0.6247 0.1884 1.5329 0.8393
3.6059 4.2408 4.2398 3.4870 3.1608 5.0551 5.1330 0.3600 0.2931 6.2603 4.5649 4.2169 3.3727 3.4707 2.2747 3.0688 0.7055 2.6959 2.9930 3.3321
5.6078 3.4808 4.3320 5.0364 3.2810 2.6460 5.2594 3.4379 5.3642 5.0117 4.9482 0.4014 6.2714 1.4482 1.8768 1.8425 1.4875 0.2268 4.7447 5.8305
0.0837 0.2013 6.0564 1.9495 3.5492 4.6167 5.5324 0.7102 0.5022 1.5660 5.5905 3.2438 5.3726 3.9433 1.6933 2.2605 0.8103 3.3941 5.4301 1.5075
