1.4027 1.4107 1.1728 0.8690 0.8183 2.0196 2.5953 5.3282 5.5159 5.2547 5.1272 4.3430 4.6093 4.5138 2.5535 0.8730 5.0345 5.5328 4.2823 5.8062
2.0484 1.6171 0.7811 5.8210 0.2623 3.9962 2.4134 0.7515 5.8147 2.6668 0.0377 0.9385 1.3897 2.7405 2.9490 4.5785 4.4732 0.7253 3.4394 2.8810
2.2971 3.8498 2.4825 3.2391 4.7863 6.0698 2.4807 4.5667 5.0662 5.1513 5.2470 4.5116 0.4400 5.3978 4.9232 4.8175 3.7547 3.5347 2.9308 3.4080
1.6267 0.9401 1.3849 2.9572 4.0782 4.2198 2.5804 3.0610 1.7759 2.4684 2.8918 2.0094 2.8744 2.7672 3.7524 3.0130 4.3927 1.1673 0.4348 0.8514
3.0749 3.0398 2.0304 2.2983 1.1721 0.9496 2.5746 0.8910 1.3174 5.4595 3.5693 4.7452 5.1379 5.4042 3.9167 4.6458 4.1696 3.7841 2.8664 3.9172
1.2587 0.8024 1.5410 5.1343 6.1573 0.9278 1.4260 5.9928 0.2822 0.6668 4.3675 2.2601 3.2514 2.6252 4.2152 2.4778 4.3494 1.0039 1.9108 0.7351
1.4509 1.8919 2.0808 0.1468 5.2438 4.3949 5.2236 3.7120 5.0584 4.6435 4.1982 5.0673 3.8322 4.0538 4.4270 4.2191 4.2539 2.6299 3.1901 1.5926
4.9419 4.4653 2.8027 2.9912 5.2647 0.4266 5.3908 0.1894 4.3184 6.0556 5.9282 6.1659 3.4378 5.3238 5.1756 5.3079 3.5200 5.7609 3.7839 3.5357
5.6447 1.8304 3.6442 0.3235 0.2820 5.5345 5.1719 3.2397 2.4921 2.5158 0.7425 2.3154 1.8561 2.3107 2.0605 2.0051 3.2639 2.8044 2.0275 2.1627
1.4124 4.5285 3.8604 4.2673 1.2167 1.2675 5.8823 6.2216 6.1957 5.2911 0.4328 5.3681 5.4492 5.7396 4.3348 4.9590 3.8163 4.4186 2.7735 4.4718
1.3094 3.0279 3.3306 1.4105 3.0806 3.6599 4.4822 2.2436 1.6451 1.6664 2.0939 1.6887 0.5776 0.9550 1.1156 0.6864 2.3130 1.7939 2.0635 1.3011
4.1835 4.7619 4.9563 4.6419 6.0195 5.5620 3.6898 4.7648 4.3306 3.5480 1.5855 0.5208 0.4042 5.7971 1.6364 5.1930 3.3344 4.2044 4.2515 3.6770
4.2487 2.6912 0.0432 1.9595 1.5433 1.4527 0.1909 6.2318 4.9640 5.2567 1.0579 2.6403 5.7947 3.3189 2.2406 2.2241 1.0482 1.5612 5.8499 5.9099
1.6404 5.8874 5.6264 4.2100 0.9342 4.9856 0.8982 4.4991 5.4174 0.6555 5.8913 5.6738 0.1024 0.1935 0.9988 6.2658 0.3899 5.1381 5.6930 1.5331
1.0512 1.8763 0.6001 0.6551 1.2651 1.4978 1.1388 0.2684 5.1401 5.3153 5.6883 1.1360 0.1114 4.3379 2.7224 3.2991 1.5012 2.1187 4.9771 4.7202
5.5567 5.1075 0.6527 3.6390 0.2621 6.1230 1.4935 2.6351 3.7158 4.1057 5.1031 4.8268 0.0121 6.2401 0.9774 0.0718 0.6547 6.0458 6.0619 0.2074
5.5000 1.0823 0.5303 1.1755 2.3874 1.4616 0.7717 1.3938 3.6272 4.3007 5.1972 1.4789 1.3136 0.8121 1.0157 1.1351 0.6505 5.4806 5.7974 4.1863
6.0983 6.2738 1.6579 0.9115 2.3505 1.6154 2.6458 4.9358 4.7443 5.7322 4.8184 4.1028 4.1762 4.6416 6.0467 5.5126 5.7702 0.7740 0.3550 0.4741
2.5788 2.6023 1.4723 2.7333 3.0248 4.1578 2.8533 2.1919 3.2894 2.4003 4.3111 4.9258 3.2224 1.3226 2.7379 1.5996 3.6098 3.6724 1.7947 3.1463
1.6238 0.3976 0.0935 5.1106 4.3950 2.1569 2.3152 3.2567 4.5567 4.9193 6.0036 0.8031 1.4616 2.1260 3.6408 3.7885 3.1448 1.9180 2.4904 2.1544
