3.9305 3.5466 4.0186 2.7937 4.1868 3.9291 3.3948 0.0130 2.9682 3.7746 4.0156 4.4428 3.1284 3.2522 4.2197 6.0040 0.4288 6.1638 5.6148 4.3667
3.7979 2.0646 3.4242 4.7034 4.3274 3.2296 1.9337 2.9354 2.9528 2.6807 3.3163 2.9732 3.0630 3.8714 2.5116 1.9641 1.6535 1.5712 4.5414 0.4919
2.6258 2.4288 3.1717 2.1094 2.3526 2.7287 2.7183 2.2293 3.9679 5.1232 5.4679 4.8293 3.7173 2.3228 1.9518 1.3213 6.1076 4.2647 3.9222 3.5671
1.2678 5.1141 0.5437 6.1356 4.7884 4.4964 3.5725 3.4026 4.4413 1.6865 0.6435 0.2147 5.4031 6.0448 0.0980 3.5370 5.0157 5.6498 4.4518 2.4335
1.2584 2.1832 1.2690 1.0345 3.8076 1.2633 2.9521 5.6467 4.4560 4.6862 4.9547 4.3276 6.2249 4.8623 5.4354 5.5684 5.0462 5.1325 4.7457 2.8402
6.1599 0.1413 2.2210 4.1388 3.5216 4.1510 2.8767 1.5542 2.5163 2.1108 2.6713 1.1765 0.7277 0.0926 5.5645 4.1846 1.5914 0.8308 6.0766 4.8198
1.2234 3.7842 3.2558 2.3481 4.0886 2.8254 2.7012 4.5492 2.4072 1.4080 2.9259 3.0495 0.2118 4.4307 0.4196 0.6820 1.2172 0.3517 0.5678 6.0151
0.8921 1.0507 2.8062 5.7729 5.2814 4.7871 3.7893 2.1881 2.7889 3.3476 1.4619 1.8987 0.9822 1.0643 0.9256 3.7898 2.0636 0.1052 6.1977 0.4632
4.4712 5.0456 3.9921 2.4991 3.0878 2.7377 3.2416 4.3883 3.3138 1.7384 1.6784 6.0674 1.5444 3.0921 1.8767 1.3207 1.9844 2.7923 5.0668 3.8706
5.1771 5.3568 3.7412 3.8365 3.1443 3.5464 2.9565 3.0622 4.4744 5.0115 2.0848 1.1618 1.4140 6.2591 0.0608 4.7255 0.1740 0.4740 0.7664 5.1030
1.1354 3.0837 0.0704 0.4326 3.0445 3.0089 3.6672 4.6908 5.3788 1.5375 1.9340 6.2255 0.6397 2.6923 0.8932 1.5369 3.2863 1.6866 1.1953 1.4991
0.4875 0.0003 5.5389 4.5536 3.5524 4.3253 3.7129 0.7809 4.8807 5.3167 1.0651 1.3693 0.3183 6.0392 0.8925 2.0834 2.3848 5.2309 0.0431 5.6504
6.0575 2.8930 2.7432 2.5263 3.1832 3.5258 3.0733 3.5562 5.0888 1.2325 0.6808 4.0835 3.9083 3.8292 2.2020 5.2449 5.2431 5.9175 6.0661 0.8686
2.9047 5.4897 0.0690 5.3838 4.7712 5.9644 5.2777 4.6598 4.8068 4.1325 3.3333 3.7033 2.5632 1.2917 1.8166 0.4959 5.4655 1.6717 3.9241 2.6204
3.3827 2.6361 3.3755 2.9372 3.3704 2.3055 3.4191 2.0726 2.4108 1.3424 2.2236 1.0944 5.8026 5.4256 0.6901 0.8962 0.5519 4.9281 2.9911 3.8517
5.7776 5.8325 5.7306 5.4651 5.4805 4.8527 4.5518 4.4595 3.8580 3.9971 4.2663 4.0513 6.0407 1.8340 1.0728 2.3851 4.6724 4.3215 5.3289 0.2645
5.2660 4.0013 3.7958 2.9208 4.5668 5.0551 4.3673 2.7959 2.6703 2.9497 3.9801 5.0777 0.2264 5.3568 0.4861 4.4265 4.1933 5.5030 5.3310 3.5839
5.5301 5.5304 4.0514 4.3563 3.6141 0.5253 4.1058 0.5009 1.7410 2.5388 4.4345 2.9047 2.9019 2.0468 3.1913 5.9135 4.2287 5.7875 6.1206 0.5936
3.1482 2.8483 4.0128 1.7387 2.4500 1.6593 3.4190 4.0321 2.7360 0.8025 3.7319 4.5037 5.0587 5.3885 4.1640 2.5909 2.9104 2.4098 1.1530 2.8580
4.4840 5.4812 4.2904 5.4649 4.3763 3.8626 3.7590 3.6457 3.4431 4.7038 3.8795 3.5384 3.2421 2.2650 3.7948 3.6765 0.4263 6.2142 0.4763 5.6513
