5.3744 3.9973 3.5471 3.1876 4.8021 3.9885 0.8149 1.4267 1.1969 6.0323 0.6266 2.0328 3.1985 2.6744 3.7704 4.4895 5.7691 5.6336 3.7339 4.3379
1.2972 1.7916 3.7396 4.9564 4.1147 5.8632 4.7438 4.6236 3.2878 2.8736 4.7204 3.7988 2.1565 0.6916 0.7196 0.2360 0.0973 3.2734 2.5321 0.8047
3.5083 4.5963 5.2982 5.5330 5.9344 4.2355 3.0785 1.8626 2.3649 0.9376 0.2343 0.3708 1.6102 2.4852 1.3453 2.3505 1.4324 6.0917 1.4470 2.6820
2.5110 2.9133 2.5758 2.0056 1.2877 0.0022 4.0684 4.9046 4.2493 4.2469 5.4233 4.8647 1.4611 1.1171 1.4352 0.9272 0.8521 1.0592 1.1765 0.3785
0.6565 0.8188 0.3888 5.9486 1.4896 3.1419 1.9879 2.5411 5.2877 4.1254 0.4817 1.4601 1.5495 2.2129 0.8389 5.0326 4.9745 4.1612 1.2343 1.5475
1.2179 0.1942 1.3800 1.9944 0.9473 0.6196 0.8442 0.1393 0.1556 0.9283 0.9320 0.1266 1.8178 2.5340 1.6310 1.5981 1.9158 1.2738 2.5855 4.2243
1.4614 2.3868 1.7139 4.2391 3.3290 3.8019 5.9370 4.0864 0.1788 5.4687 0.0866 5.1319 3.8885 4.9172 3.6292 3.8267 3.1580 4.0359 2.5444 1.3872
1.9562 1.3768 0.9501 1.6404 0.2022 1.4686 6.2102 0.9422 0.9478 0.3353 0.3270 1.9456 1.3099 1.2817 2.2753 1.9906 3.4905 0.9596 1.9078 3.2864
1.5279 2.2585 0.9332 3.2221 4.8582 5.5554 5.9309 1.0921 1.3422 2.6039 0.6962 0.7169 1.7517 0.7782 2.0747 4.6180 5.6250 6.2389 0.8227 1.2787
5.7789 5.9013 0.3247 0.1409 5.7628 6.2486 6.1096 1.8856 1.4543 2.6385 2.4604 2.3404 3.9782 2.6045 3.6677 1.7619 0.0527 5.9429 6.0258 5.5108
4.4087 6.0132 0.5111 2.2222 5.9299 3.4118 3.7904 5.1523 5.0869 5.3168 4.7697 3.9857 4.1213 6.1933 6.0869 4.0755 6.0515 1.8307 0.4188 2.8605
1.2980 2.8500 1.3660 5.0179 3.9740 2.2844 2.8828 2.7086 4.5437 3.7022 3.4953 3.3344 4.2652 4.0485 0.0160 5.9668 5.6687 5.3963 0.4920 6.1483
2.5851 2.4466 0.8174 0.8048 1.9398 5.7608 2.9700 5.9110 5.2926 5.4027 5.5741 5.9464 4.6885 2.5110 0.5250 0.8905 4.0759 3.8931 1.7027 3.1733
2.0093 5.6186 0.4071 0.1526 1.7334 2.3719 2.3685 2.7431 5.7263 5.9071 5.7299 5.8152 5.5331 4.7496 5.2505 2.1926 3.6167 1.3401 1.1250 0.3727
2.5973 1.0670 1.9408 0.2362 5.7908 0.9590 1.9199 0.9447 5.8154 5.3091 4.8534 4.3358 5.3204 4.8590 5.1304 3.9091 3.7926 4.0536 2.5449 3.4465
2.6679 2.7871 2.5453 3.7663 2.8921 3.6380 3.6250 4.1813 5.6866 3.2157 4.9628 4.0631 5.3600 0.0767 2.3533 1.2658 3.5505 2.3147 2.2596 2.4227
1.1459 1.3657 2.0201 5.4363 6.2706 0.0826 1.4359 0.4711 5.7369 0.1917 0.9045 0.7571 1.6584 2.5865 2.3787 3.5593 4.1261 4.0107 2.9395 1.4033
2.3945 2.7278 1.1205 0.6312 0.6340 2.6640 1.7468 3.2591 5.5744 3.8367 4.9355 2.5827 1.3295 0.6313 5.4620 5.4779 4.8345 1.2645 2.6825 2.3721
1.6853 0.5942 1.8231 5.0207 0.5038 5.4205 0.5290 0.3947 6.0101 5.4168 6.0464 5.5807 4.0091 2.9001 4.7255 3.9478 5.3201 4.5818 2.9481 2.7824
1.0553 0.9391 1.6482 1.4392 1.2403 1.0933 0.7836 0.4016 1.9257 2.1237 5.1941 5.7580 1.9928 0.8733 2.2412 6.1565 5.0143 3.4570 2.3948 1.3568
