3.2157 3.0137 3.4199 3.2245 4.0647 3.2184 3.1501 3.1717 5.6161 4.6315 6.2174 5.3969 2.4529 2.4867 1.7794 1.1434 0.3142 0.5554 6.0700 3.3847
4.7262 0.3371 3.2238 6.2066 5.4716 5.0404 3.8593 4.8489 5.7489 0.8866 1.6530 2.2370 2.8891 5.0246 5.7920 4.8931 0.5213 5.4265 6.1107 5.8593
5.7557 3.1147 3.1695 4.0936 3.5760 2.1138 2.3027 1.8186 4.6955 4.0046 4.3106 5.4847 2.1568 2.3372 0.4015 1.2365 2.1761 1.7134 0.0863 4.1449
5.4541 0.2105 0.6977 0.7133 2.5762 5.1886 3.9481 4.3290 4.1160 4.8210 4.6486 2.9630 2.9538 4.9198 0.4884 5.3238 0.0315 6.0572 0.5683 5.2691
1.3856 1.7135 5.7095 4.1516 3.6947 1.9376 3.1169 0.9104 3.2179 2.3592 3.7643 2.0966 2.6147 2.5727 3.2368 3.0554 6.0313 1.9413 1.0818 2.2444
4.9213 5.4727 0.5551 0.1289 5.6995 4.8622 6.0991 3.8869 2.8804 4.6571 4.2604 3.5213 6.1537 6.2824 4.0752 6.1134 5.9968 0.1661 5.4505 5.4246
4.1073 0.0817 5.4940 1.1210 5.4395 4.0807 0.8256 0.5825 2.2927 1.6770 1.4389 1.3725 4.2453 3.1831 3.9864 5.3678 6.0933 0.4145 4.9134 1.7119
4.6734 3.6478 4.1529 4.8180 5.0941 5.8565 5.9537 2.8824 3.6364 3.4977 3.6954 4.2915 4.6983 5.6986 3.7951 3.8413 5.5824 0.5425 4.2169 5.3537
4.3784 4.5954 3.9096 2.3702 5.3702 5.4056 5.8167 5.4833 5.3855 6.0600 4.1457 0.0781 0.0861 2.6392 1.5679 2.3247 3.0925 3.3624 3.6493 4.1801
3.0614 4.4601 4.4019 4.8207 4.8776 4.0595 5.3776 6.2110 5.6808 3.5878 4.5832 4.3868 0.0585 0.1235 1.1989 0.6014 2.2723 1.2252 1.7840 2.0504
2.9999 4.4783 5.0361 5.5027 4.9833 6.1129 2.8735 3.1369 4.4051 5.3091 5.1275 0.0339 2.0993 3.2776 2.7617 3.4757 1.4050 1.2435 1.7455 4.8780
0.1078 6.0622 4.7560 5.1018 3.5885 4.7599 3.4967 5.2807 3.6947 3.3030 1.9579 3.1493 1.7054 0.6779 5.7612 1.3009 1.1625 1.7135 1.5414 2.0907
1.7832 2.7045 4.5108 5.7761 4.3398 2.2545 2.3369 3.2426 2.5746 1.9097 2.5156 3.1901 0.9926 1.1295 1.0664 1.3370 4.5523 3.3581 2.3732 6.2278
2.8592 3.8637 4.2364 5.0091 4.4898 0.7561 0.0970 4.3402 4.7413 4.8225 4.4909 0.3545 5.6571 3.9385 4.6005 4.8027 4.1759 1.5207 1.2755 2.0848
6.1593 5.7976 2.7683 2.5151 3.3165 2.6020 2.7796 1.7413 3.6228 4.0306 4.7577 4.4019 5.9209 0.4998 4.3226 3.0831 2.9217 2.4557 0.4745 6.1956
1.2069 3.1953 3.0506 4.9203 3.1524 4.4586 3.3626 4.2724 4.2242 4.2624 4.1820 3.7221 2.6588 3.4659 3.3440 2.0352 3.1446 4.1213 5.7106 3.7958
1.7927 0.6036 1.6935 1.6256 1.4144 2.1986 2.4429 3.0839 4.2522 4.0289 4.6843 0.0887 2.7196 0.2991 3.4798 5.5858 1.8480 1.2372 0.5934 1.5760
0.7594 4.2493 1.5462 0.0407 0.8558 0.2294 1.8637 4.6263 4.3517 4.8670 4.1591 3.2531 2.8395 2.2887 2.0968 2.0597 1.9650 5.8531 0.9048 0.7932
6.2705 1.1879 6.1997 1.3237 5.1598 2.1753 1.0261 1.5074 0.3289 2.2606 3.4028 4.2734 3.8527 3.4190 2.5705 2.0073 0.7846 2.8404 1.6622 2.9078
0.0082 6.0490 4.9304 5.7982 4.9974 5.1358 0.3146 5.3695 5.9584 1.2848 1.3316 2.3509 3.7509 4.4945 3.5299 4.8592 5.6845 5.8204 5.3433 6.1666
