0.0351 4.1492 2.0324 1.6396 0.9073 1.0098 1.9925 0.8477 2.5723 4.0273 3.0369 0.7013 1.6927 1.2361 6.0864 5.8693 4.2694 4.3193 5.3692 5.5426
5.1866 1.7320 1.6705 0.2390 5.5390 6.2721 1.4528 2.7828 2.0924 0.9916 3.5829 2.8854 2.1261 5.1478 6.2133 0.0277 5.2709 2.8574 4.2432 2.8287
4.5626 4.8704 2.2391 3.3451 5.2496 2.8511 2.4757 5.8557 4.6457 2.2631 4.4256 2.3023 1.2575 2.3390 1.2452 2.2686 4.0866 3.5324 4.8834 0.0135
2.3634 1.5120 0.9104 0.9149 0.3514 1.2941 3.5663 1.8346 4.1368 3.8891 4.1098 2.4382 0.5089 0.3195 0.1332 4.4519 4.9915 5.8853 0.7556 4.2097
4.7377 3.5534 1.3826 3.0053 5.0034 4.6583 4.6254 5.0362 4.9543 0.4863 5.9148 5.9045 0.2034 2.7073 1.2148 2.1344 1.8042 4.7587 4.7409 1.6760
4.4194 0.7975 0.9232 0.4882 1.7037 1.9937 5.4082 5.1591 4.5505 4.6094 5.8658 0.3583 6.1475 0.3296 0.5555 2.2566 1.7906 0.6846 3.9951 4.9423
4.4814 5.3963 4.5116 5.3935 5.5532 5.1143 5.0738 4.7819 4.4712 5.9473 5.8279 5.2284 0.0673 5.2941 0.2555 6.0448 4.0389 4.5677 4.7214 3.6906
4.5254 4.8689 4.1371 3.0035 4.1936 3.7267 0.4276 2.4614 0.1095 1.6544 4.2854 3.3981 4.0761 3.0908 6.1640 3.7850 3.4504 2.8497 4.9863 0.5339
0.1680 0.9419 6.2814 1.0768 0.4886 0.7157 5.7547 5.9998 5.5115 4.9119 3.8799 5.4451 4.2755 4.7859 5.9139 5.0684 5.5735 6.0102 5.1786 4.2267
3.4439 3.5341 5.4792 4.1474 5.2457 4.6642 4.6176 4.2055 4.3451 4.2931 3.0755 2.5967 4.0955 3.4485 0.3637 0.6788 5.6539 2.4904 4.9142 5.4322
1.3862 0.0664 1.5140 0.7346 6.1530 0.8515 0.0630 1.5322 2.7251 5.2429 5.5168 5.7420 3.7206 5.3535 6.1781 5.2381 4.1231 4.7850 5.2132 1.1378
4.1995 4.5469 5.4155 5.6044 0.3096 6.1560 0.1742 0.1808 1.3002 4.9044 4.3924 3.8974 3.2293 2.3826 0.0568 0.6541 5.9254 2.8067 5.8851 4.1950
3.2449 4.2795 3.7282 3.6127 0.0080 3.0515 1.7765 2.1340 1.5099 0.5844 4.9901 5.1476 3.8231 0.8620 5.8264 6.2101 5.7171 5.9312 6.2185 1.1673
1.9262 2.2007 4.2125 5.7288 0.6945 0.0364 0.6872 5.9831 2.5229 1.7295 0.2242 1.8553 4.5522 5.6639 4.7773 5.2313 4.5555 5.7285 0.3957 3.8350
2.3247 0.8568 3.1101 3.2870 1.3425 1.6621 1.5627 2.0431 3.1205 4.9865 5.1444 5.0089 4.9519 3.6344 5.7943 4.6934 4.8698 4.8599 5.1149 4.4885
0.9220 4.5264 4.2596 5.1130 3.2428 3.9709 0.1458 4.9659 4.6333 2.8290 3.2867 0.2154 5.2411 6.1625 5.6773 3.8189 4.1472 3.2956 3.0312 0.7394
4.3420 0.2789 0.1795 0.1828 2.6813 6.2774 1.6749 1.9796 4.4335 4.9415 4.4113 2.8749 4.8676 4.4778 5.3843 0.4323 5.5996 0.9963 3.1493 3.6468
4.4702 4.1100 4.7682 1.9784 2.9708 2.1272 3.5290 4.1402 3.8168 0.8113 0.3180 0.5906 2.2217 1.3911 4.6377 2.8547 1.8772 1.3064 5.4734 0.8204
0.7056 1.0730 4.3653 4.6233 4.4594 3.5162 3.9996 4.0768 2.4114 3.0581 3.7765 4.6919 3.1091 4.1886 5.3386 5.8526 4.7603 5.5744 5.4242 4.9184
0.8278 6.2039 5.1801 6.1666 5.3781 4.6397 2.7595 2.4865 1.5837 1.4949 2.4334 2.9655 3.0359 3.5273 4.0580 2.3888 4.5075 3.2834 6.0457 1.8394
