1.9877 1.3428 1.4847 2.9274 1.7445 1.3180 1.2766 0.5553 1.0544 6.1264 2.8626 5.1079 5.3374 5.2296 0.1783 1.1375 0.9192 2.9356 3.6769 0.8982
2.5780 1.8384 0.8152 1.9932 2.4816 1.5141 6.1068 1.7912 0.3999 2.9120 1.7959 0.4508 0.7063 1.1080 0.5449 2.7538 3.2946 3.1519 4.1668 3.0624
2.1514 5.4844 5.5598 4.2186 3.4699 4.5114 5.6164 6.0009 0.7332 5.1611 2.8292 2.7663 3.6860 3.3672 5.7498 0.0619 0.5032 0.1804 3.8727 1.6756
2.3758 1.6362 0.1886 0.8094 1.2375 0.4004 0.1272 0.6706 0.8613 2.6868 1.9802 2.0357 2.0025 1.0152 0.0675 3.1515 3.0874 1.9562 3.6131 4.6219
2.8143 4.7089 5.5184 4.9573 0.1665 3.6660 0.0290 0.2734 0.0667 5.1174 0.9678 0.2747 0.0854 5.6342 0.1591 4.5300 3.2533 2.2854 3.6745 4.9051
2.5959 0.8368 3.9555 1.0527 5.9816 0.0556 1.0999 0.9560 0.5547 1.3988 1.7776 1.4442 0.3131 6.0785 6.1329 0.8614 2.3627 4.2039 3.9274 3.1851
5.6102 3.8751 3.3091 3.6840 4.5125 4.3331 4.3145 5.2032 5.7492 4.4655 1.8671 2.8826 2.4618 2.9834 2.7890 2.2490 2.6630 2.3697 3.0282 5.1006
4.5634 4.2235 4.1544 0.5962 6.0677 5.8185 6.0137 0.3402 6.2721 1.1584 1.1248 0.1014 3.0080 4.9855 5.1462 2.8924 2.3354 4.5818 0.3537 3.4346
1.1148 0.8709 3.9834 3.7338 5.4424 5.5987 4.5753 3.9944 5.6368 0.0289 5.4125 4.1164 2.9286 2.4541 1.0490 1.7570 1.5769 6.0571 0.9530 1.1559
1.7939 0.2539 5.7887 0.3758 6.0079 5.7952 0.5536 0.8068 4.4708 3.0766 3.7946 2.6692 4.2569 5.0636 0.9773 1.1589 3.5097 0.8416 0.9522 3.0734
1.6540 2.8785 6.1933 5.0078 0.7271 1.8803 5.3616 5.0463 6.0532 1.3838 4.9015 5.4034 3.6779 3.4756 1.8845 0.5207 1.4530 1.8764 0.5849 5.8662
1.2682 0.2791 0.8523 0.0096 6.2817 6.2279 1.1897 0.4149 0.3099 4.7330 5.0894 6.0497 5.0326 5.9061 1.6425 4.2790 5.7498 5.0672 5.8421 1.7885
1.9199 3.1563 0.1847 0.7691 0.5841 3.0483 2.6165 3.4220 4.4604 3.6011 4.0976 1.8716 2.7390 2.6381 1.7324 1.5751 1.5203 1.8987 0.4331 3.4971
6.1497 5.5657 5.1733 4.0031 1.4306 1.5295 1.4718 0.9044 0.5185 0.7146 1.2695 1.4100 1.3029 5.9836 3.6468 2.6582 2.0240 0.3824 5.4940 5.8868
5.0538 3.7627 3.4641 0.3315 4.3791 5.4310 5.4028 3.8382 5.6885 0.4083 2.3937 2.1993 2.0610 3.3899 4.6016 6.1736 0.4542 0.3810 0.0722 5.1932
3.8996 2.1851 3.9697 4.1284 3.9675 3.5904 5.0961 4.2053 2.9844 3.6574 2.6993 0.0398 1.5479 4.6206 5.3492 2.0353 2.1345 3.1514 4.3173 3.9465
6.0849 5.5266 1.2611 1.6269 5.4517 5.3012 5.7428 5.6919 4.1446 6.0164 2.5427 1.5649 1.8469 0.5581 4.4674 4.9332 4.0351 1.7767 4.9953 0.6248
5.2543 4.9150 0.0355 0.2038 0.2019 0.8395 5.6059 3.3399 3.6987 2.5449 1.6946 2.0209 1.8939 1.7812 2.0761 1.5959 3.6563 5.0452 5.2772 5.7607
5.4084 6.1061 0.3114 4.6300 5.9991 4.7967 0.4647 0.3366 2.2928 6.1506 3.7063 5.0803 5.4244 5.0414 4.0215 3.5893 2.1034 1.8645 4.3855 4.6617
4.0766 4.7478 1.1400 1.3678 1.5191 2.4942 1.6834 1.7191 1.6805 3.0547 3.0179 1.8182 5.1170 6.2502 1.3643 1.5762 2.9132 3.9026 3.5848 2.9773
