0.7743 0.9129 0.6523 1.9814 5.8032 5.1955 5.7371 2.1532 1.6678 5.1288 6.2321 5.1559 4.2566 4.1813 6.0642 4.6268 5.9052 5.3655 0.5491 0.4811
0.5180 2.9988 1.7493 4.6443 0.0494 1.8243 5.8534 6.1114 1.9014 6.2494 0.0314 2.1660 4.0645 3.9693 0.0288 6.2702 4.7708 6.0906 1.0976 2.8211
6.1801 0.4268 0.5429 0.6658 1.0220 5.2716 1.3415 2.9705 2.2152 2.7466 2.4719 3.2949 2.5554 1.1793 6.0471 4.1228 5.0323 3.7268 1.2844 5.8550
1.8606 2.9082 1.7688 2.9939 1.2733 1.8328 0.4430 1.4496 1.5230 0.9843 0.9529 0.3199 1.4183 5.2393 4.6275 5.8343 5.1927 0.9964 1.1265 1.4105
2.7194 5.2230 5.2049 5.2769 5.1349 4.7765 4.1200 4.1568 2.0475 2.2742 2.9999 3.1005 1.6019 2.5041 3.8035 2.7857 2.9136 6.2272 0.4749 4.5343
1.6230 1.4453 3.7654 2.7919 3.9870 4.3197 5.7929 0.8043 0.4578 5.7155 1.4496 1.1148 1.5246 5.7907 5.9947 4.7935 3.6966 5.2946 6.0217 0.4523
1.9121 4.5210 3.4954 4.6909 4.3111 4.2363 5.3652 4.8459 0.2268 2.3691 3.0153 1.5745 1.2148 0.9747 6.1491 0.6950 1.3203 3.8128 5.6027 4.6493
2.2530 2.2148 3.5905 4.3167 2.5168 0.6299 0.5268 0.5752 6.1944 0.4094 1.4177 1.4175 2.1423 0.0503 5.2873 3.9602 5.1158 1.4404 1.4627 0.8251
3.3211 4.0206 2.7357 3.3461 2.7867 3.7589 2.4571 2.7991 1.3282 2.7336 2.1987 3.5166 3.5384 4.6206 4.6929 0.1617 4.9719 4.1285 3.3602 3.8377
2.8075 2.5363 3.2299 1.7897 1.8116 0.7198 0.1603 0.0755 0.1297 0.0991 1.5610 0.1236 2.1634 0.9811 4.0938 4.2314 3.8824 1.3088 3.7275 2.7697
4.2090 4.2640 3.2119 0.3239 6.0672 5.4715 6.0948 4.2969 5.0993 3.3230 2.3639 2.1679 2.7046 4.1972 4.4471 3.3217 4.0775 4.8305 2.5288 5.9026
3.6766 3.3933 3.2652 2.5348 4.2563 5.0890 5.8499 0.8740 0.6929 0.5645 0.6904 0.0396 2.9157 0.4988 6.0308 5.2302 3.3226 1.8923 2.8283 2.8980
5.5720 5.4474 6.1522 5.7591 0.6863 0.7838 5.3789 4.1663 2.5608 2.2082 0.9931 2.9180 2.5466 2.7710 5.8043 1.0397 5.0196 4.9702 4.1630 4.8435
3.4422 3.1499 0.9237 1.8283 2.2935 2.8533 2.1353 2.3876 1.8476 0.9054 6.1222 0.1842 5.0776 5.1402 5.1881 5.0106 2.9335 1.9106 1.9020 3.0218
1.8134 5.2489 0.2073 6.2753 2.9683 4.4122 0.2786 6.2027 6.1518 6.1495 5.6829 4.0524 5.3592 4.6875 5.6940 2.4928 2.2788 3.3168 3.5595 2.8000
2.7579 2.2078 0.6888 1.1421 3.1496 2.3788 1.5655 4.5211 4.8724 2.5896 3.2987 0.6168 5.6545 0.0578 5.8085 4.1162 3.3884 2.8754 3.6298 2.5547
5.5598 5.7737 0.1118 4.7704 5.9905 6.1718 0.5863 1.3743 0.1927 0.1628 3.9318 4.4945 5.2238 5.1852 0.9872 1.5610 0.7384 0.1201 5.6347 5.1770
3.2631 4.3799 0.5823 0.8562 6.1745 4.4070 5.3819 6.1039 1.4472 1.3439 0.5321 1.6126 2.4424 1.9161 0.7013 5.7436 5.1788 0.3227 0.6289 4.4091
1.4776 0.8018 0.7297 6.2257 6.1683 3.2410 5.1169 2.7182 0.8139 5.1132 0.2678 6.2790 1.6400 5.4110 1.0277 2.2785 5.7205 5.6451 1.0934 2.1615
3.2752 2.6444 0.7823 5.1951 6.1334 0.2456 5.4174 6.1048 2.4135 2.4394 0.9606 0.5130 5.0241 1.9046 6.0337 0.6758 6.2747 2.6951 0.5805 4.8041
