3.5609 1.2260 5.2166 5.7120 0.5363 5.9662 4.5432 4.0961 3.1664 2.7958 2.5586 1.6864 1.3144 5.9473 0.1190 2.5260 3.6495 3.1214 3.5036 3.6680
4.6128 4.3905 4.2577 3.5959 6.2685 4.5133 4.6183 2.5304 1.8347 1.9357 2.4803 4.4130 1.0459 1.8599 6.2352 5.2995 4.8162 1.0018 1.8500 2.3136
4.2625 4.3788 4.0479 6.2132 0.8675 0.8415 5.7336 5.7713 2.6716 4.1611 3.1267 1.6425 1.9203 5.4928 4.6216 4.0381 3.3727 3.3362 3.7010 4.1233
4.3923 4.5371 3.1203 2.7489 1.1073 0.8063 0.3192 1.5759 0.8950 1.0449 3.0672 4.1368 2.8820 3.1852 0.3773 0.4649 5.4694 5.1945 5.1065 5.0109
4.5675 0.5829 6.2259 0.0025 6.0230 4.9248 4.5376 3.5788 5.1812 4.3534 2.5483 1.0524 2.5618 0.0719 0.4285 2.1705 1.2117 0.8867 5.4157 2.0967
4.8430 4.5611 4.3943 3.2550 1.9667 5.3294 5.5278 6.2087 6.0693 0.4217 3.2860 3.3930 2.3214 3.6000 0.0998 5.4269 5.4783 4.5380 0.3765 0.0838
1.6710 2.3521 3.3919 2.9885 2.6171 1.7051 4.0523 3.3526 4.4703 1.1613 6.1939 1.0386 1.0213 6.2642 5.9827 1.0247 1.1040 0.8731 0.8739 1.8132
1.3749 1.0140 2.3687 2.3556 2.2836 4.3080 4.3122 0.6693 4.1684 4.8792 5.2070 5.1235 1.1948 0.9792 0.3503 4.9947 4.6752 3.5797 4.6145 4.7584
2.0156 4.3072 2.4051 2.2045 3.1376 2.1371 3.1215 3.4182 4.1410 0.5849 6.1922 2.1999 0.0575 4.1277 0.1051 1.0062 0.4565 5.7841 5.9525 4.7273
1.4709 2.3606 2.9268 4.5971 3.7769 5.4972 4.0022 6.0275 3.6338 4.4359 1.7196 1.4092 1.0374 2.6104 4.4872 5.1449 6.0603 5.8474 0.6701 1.4065
0.9103 0.1653 1.9912 1.6707 2.8400 3.0925 2.1710 3.6293 3.2256 1.6929 2.8539 5.7887 5.1935 5.7487 3.6184 2.7376 5.2597 0.9288 0.4426 5.5092
1.9084 1.8737 1.7357 0.7336 1.6237 2.1739 3.7101 1.9917 3.0845 3.0944 2.1867 3.3576 3.2981 3.5685 5.1359 4.9714 4.9192 3.8978 5.5111 1.3138
0.7827 5.5947 4.2122 5.3750 5.6049 5.0157 4.5879 4.1619 4.8741 0.8256 0.5654 0.4203 4.4006 5.1540 4.7352 5.4681 4.9008 0.1606 5.8457 0.5352
0.6541 2.8529 4.1541 4.2689 5.0058 6.1681 5.1669 0.5979 5.6830 5.4327 6.1544 3.2071 4.3185 3.6415 5.4727 4.1575 3.9053 3.0247 1.0445 1.5594
0.0407 4.8022 5.5703 1.8297 5.2181 4.4122 2.6470 2.6030 2.2985 1.8491 5.9968 5.7330 6.0515 5.9775 0.1874 1.4695 2.4883 1.9217 1.0306 5.9355
5.7148 0.1184 6.2585 3.3170 4.8501 3.6810 5.1472 4.7272 3.0502 4.2950 4.9995 2.5428 6.0234 0.0722 1.3711 3.7639 3.5129 2.7652 2.1517 2.5051
4.5136 4.1453 5.0609 0.3507 5.8372 5.5085 4.8638 5.7730 1.3484 1.3357 6.0682 0.7837 2.2581 1.4633 2.0385 1.5345 2.9992 2.7209 4.7708 3.8246
5.9378 5.7071 6.0851 4.4463 2.5078 3.2151 3.1246 2.3120 4.6827 4.9810 4.9930 4.2848 3.0985 3.2833 2.6466 3.4273 2.8281 3.7135 4.9653 5.4674
5.2472 2.3424 1.6704 1.6116 1.3208 1.6549 1.7812 1.6954 1.9821 1.6692 0.7888 0.6310 1.2300 5.9048 1.0068 1.5031 1.8916 1.2191 2.1143 3.3932
3.7310 5.1247 5.6393 6.1895 0.0503 3.7777 3.3540 3.9030 2.4724 5.6832 1.0984 3.4164 2.0668 2.9793 5.5211 0.0185 3.9795 3.7451 2.6321 4.2571
