2.1707 2.2324 2.3978 1.9196 1.8178 1.5843 0.3391 3.0935 2.9847 3.0021 3.7557 4.8527 4.5250 5.5528 2.1563 1.6877 2.3354 6.0911 2.6939 1.7647
3.4073 4.5989 4.8424 4.0378 4.4555 4.8312 5.2344 6.1713 0.4256 0.5050 2.3482 2.9308 2.9513 2.2721 1.8570 5.3126 5.7703 3.4938 4.3333 4.1650
3.5031 2.8281 3.8517 5.7780 4.0311 5.1189 5.1882 3.0085 3.4724 3.3219 3.5196 5.6509 3.8662 5.0459 5.9671 1.0993 0.3821 0.4764 5.1995 5.4800
2.5147 4.7104 4.5429 3.9869 4.6303 0.5418 5.0528 5.4192 3.6208 4.8472 4.0158 3.5147 4.2710 1.3877 3.6063 3.2142 1.7991 1.0634 2.9272 1.5186
2.5915 3.0352 5.1981 4.5958 4.4060 3.4818 4.2790 3.1351 2.6553 1.6646 4.2691 6.0506 5.1620 5.4361 5.6068 0.1618 1.6626 3.2815 1.3094 3.6417
1.6964 1.2062 1.6422 0.0571 5.4021 1.1068 4.5481 3.3111 4.1294 3.7126 3.7934 4.7203 4.6086 4.1446 4.8716 2.5283 1.5672 0.6716 5.8024 0.2456
2.9336 3.2594 0.7756 1.8768 2.2564 4.4257 4.7232 5.6395 4.2237 2.8297 2.9313 3.1433 4.2766 2.3286 0.6517 0.5252 0.9578 4.3092 4.0429 3.8057
1.5514 1.7779 0.4845 5.4617 3.0214 2.6628 3.6081 3.5551 5.4624 5.7008 4.1200 3.7822 4.9104 3.6199 0.5421 0.0833 0.7243 1.0056 1.6896 2.2156
5.9719 5.0905 6.2801 2.8144 2.9790 5.7098 5.4580 4.8619 4.5482 4.0572 4.8568 6.0607 5.9623 0.9953 0.9181 3.5137 6.0570 4.5393 3.6230 4.7944
6.1458 1.3945 0.0784 5.3252 1.1484 2.9295 4.9226 3.9772 6.1630 0.3314 0.4069 6.2775 0.1390 5.1055 0.8999 5.7694 6.0842 0.7578 0.9795 1.5703
0.4885 5.4404 1.1722 1.4426 1.7305 1.9751 2.1155 4.1568 5.7034 5.7083 5.8408 2.4468 1.4730 3.0247 1.8245 4.8859 5.8997 4.1317 5.9430 5.1580
5.7717 0.7833 0.9243 0.4682 0.4421 5.3536 2.3863 1.6770 0.7156 1.5482 5.9377 2.0001 1.3256 1.1061 2.1098 0.3133 1.0695 0.9315 1.0574 2.2163
0.0351 5.8447 5.1649 4.8142 4.1939 1.3917 6.1927 5.4075 0.4319 1.1075 5.8909 4.7582 3.6091 4.4790 5.2415 5.6037 1.1462 2.3611 1.6631 5.6458
1.2079 2.3145 5.3938 4.2509 4.5774 4.7402 5.7925 0.8655 5.1167 5.0740 5.9100 1.1456 2.0364 1.1670 2.7275 2.0682 1.4361 0.6826 1.5991 1.7872
6.0907 0.2115 0.8661 0.4316 5.2303 4.3666 4.9909 4.6402 5.4108 4.3923 4.7949 3.2704 3.9413 2.6919 3.2068 4.3147 2.2452 2.9481 1.3888 0.2573
2.3308 2.5018 1.7638 1.7619 0.7527 0.3652 0.5708 0.5773 0.8752 0.8380 6.1288 4.6017 4.5209 3.6607 2.6616 1.3071 0.7209 5.6472 1.4504 1.9436
1.5264 5.0831 0.5750 4.9262 0.0428 1.7172 6.2191 4.3570 0.8659 2.1830 0.6993 0.7232 0.1152 0.3166 3.6147 5.8114 6.2041 3.7965 1.7245 1.4660
0.4995 0.9711 1.7889 0.4084 6.0521 5.8911 0.8278 0.0082 6.2119 5.6948 0.2354 3.4361 3.3435 3.8065 3.7181 1.3501 0.3230 0.3150 2.6319 0.9231
2.7024 2.8210 3.0319 3.0329 0.3871 1.1481 6.2618 5.9684 0.6508 2.2837 5.2391 5.9299 2.7744 6.0564 5.1098 4.7712 4.9682 3.5596 2.9736 2.5305
3.9059 5.2440 3.7073 0.1495 0.0800 5.8474 6.1097 0.5326 6.1567 5.4243 3.0085 2.8172 3.3309 3.1029 3.1570 2.5901 3.0429 1.9071 2.9667 4.4662
