1.4492 3.0922 2.8450 2.7326 3.1930 4.0347 4.3811 5.3648 4.5757 5.1939 3.0529 4.2655 3.1729 0.9235 1.0692 2.0659 2.3496 4.3464 2.6752 0.0284
0.0199 0.0053 5.5145 3.3965 2.1514 0.7390 3.5193 3.3228 3.9919 4.4367 4.0929 4.7185 4.9296 4.1738 0.7723 5.3072 6.0942 1.4482 2.4967 2.8307
5.9633 5.1246 5.1996 4.7620 4.0085 3.6134 3.9790 4.3597 4.6875 0.3707 3.4354 2.0205 0.1965 0.0792 0.0452 6.0992 0.0195 6.0124 5.6744 5.7473
5.1475 1.0215 6.2211 1.0409 3.2310 5.0286 3.2632 3.6763 3.5896 3.9925 4.1789 5.9141 0.3744 0.3433 6.0714 2.4019 2.5576 3.9737 3.4321 4.4099
4.7350 4.6980 5.4170 5.3587 0.7226 0.5889 2.5372 5.3117 5.7789 0.4447 5.2235 3.6259 3.8237 2.6833 4.2660 5.0249 2.6887 2.1095 2.9417 2.2090
4.5108 4.2967 5.1195 4.6578 3.5639 3.4220 2.8056 1.6030 5.6050 5.9361 5.6452 0.2896 5.3963 4.9843 4.8284 2.2938 2.5999 3.2807 4.8710 4.7129
0.5091 0.6774 1.3122 1.9439 5.5507 5.9087 5.5050 6.2764 0.2167 0.9084 0.7609 0.1567 5.5352 5.0214 4.8058 4.2423 1.9177 0.4277 6.2797 0.5552
5.9024 4.9519 4.9965 4.9161 0.5019 3.8302 5.6939 1.2439 1.7027 2.5303 1.1382 1.6750 0.9482 2.3436 1.8945 1.9220 1.4382 0.9979 0.0649 5.2006
1.0702 1.2597 4.2965 3.7132 6.2617 5.7922 5.6639 4.6994 6.0033 4.0909 3.2592 5.2507 6.0379 0.7221 1.1460 1.9897 1.6416 1.8293 1.0179 1.7754
0.3577 5.5433 4.2326 5.0885 5.5482 6.0403 5.6401 5.4964 0.3424 0.7575 2.6419 2.6434 1.3486 1.8158 1.7583 6.2369 0.8568 2.3297 1.3863 0.0678
0.7278 2.4648 4.2462 2.3943 5.2668 2.5058 3.0469 3.3510 6.1821 2.9705 3.2073 2.7052 1.3582 1.2766 0.5459 0.7594 6.2339 0.2681 2.1509 2.3210
6.2670 4.4693 3.2388 0.6749 3.7222 3.6743 3.1741 6.2517 5.9127 5.3730 3.3452 5.3828 0.2763 5.4864 0.4023 2.7651 4.0755 1.8917 1.9929 5.7589
0.2237 0.4785 5.3063 4.4054 4.1319 4.6166 3.9134 2.9948 2.8794 2.9761 2.9193 1.4514 0.5019 5.7888 1.3823 0.1476 0.5298 1.5163 0.0023 1.5023
5.4723 5.3006 0.1847 1.6605 3.4339 3.9125 1.0381 5.1955 3.0747 0.0630 6.1629 5.5077 6.1574 5.8210 0.7911 2.0696 1.3899 2.4801 5.0096 4.4316
1.1645 2.5856 4.2761 2.1612 2.1701 0.8487 1.5008 2.0974 2.3819 2.4823 6.2647 2.8611 0.9081 1.5083 1.0050 4.7530 6.1146 5.5284 5.6750 0.0314
4.0165 4.3065 5.0457 0.0535 1.3523 5.1084 1.1797 4.8395 4.1143 0.0735 0.5964 0.5241 0.9179 6.0386 1.1803 1.9452 2.7872 3.9011 4.5594 5.0174
3.9412 3.6925 4.5995 3.9780 4.9880 3.2442 2.2635 3.0338 2.1412 2.9649 1.8277 3.1232 1.8538 2.0624 2.3126 3.8320 4.5251 0.9605 0.9011 3.8620
5.8623 5.1943 3.7651 0.4809 5.5245 5.8347 0.1924 0.7182 1.6505 0.8604 1.1700 1.2487 0.0951 6.1861 0.4156 5.0897 4.7652 4.5481 5.1921 0.9049
1.3122 1.3356 2.6234 2.5218 3.5331 3.3909 4.2361 5.4663 4.6920 4.0174 0.2294 5.8575 3.4668 3.3228 2.9564 2.8901 2.9112 2.8367 3.2029 2.1063
0.2551 3.5589 3.3849 4.0554 3.8105 5.8208 4.1793 3.0037 3.6781 1.4197 2.2123 1.9642 4.0787 4.9535 0.0247 0.5169 4.0161 5.1943 4.0355 5.8386
