4.8971 1.5510 3.1600 4.0089 5.5171 5.0621 4.4995 4.9445 5.4879 2.5837 2.9008 3.8115 2.0259 0.5132 6.1242 4.7818 2.1980 2.0321 2.2206 2.3451
4.4753 5.4716 5.5871 4.0046 5.8391 1.0182 1.1512 1.7414 0.5188 5.7955 0.5979 1.2378 1.3166 1.9814 1.0665 0.2781 1.2154 0.8188 0.1335 4.5654
5.8048 2.0362 1.6008 0.1614 5.5751 5.2832 0.2907 0.0475 6.1801 0.6723 0.7805 0.2543 1.9123 5.6959 4.6183 1.9404 3.7036 1.1893 6.1385 5.9458
3.6563 4.1988 3.2536 3.8864 5.5327 1.4631 0.8174 2.5813 1.2027 4.9661 0.9335 3.3782 2.4884 2.8250 4.7760 5.0402 6.0679 0.1629 6.2423 4.6531
1.7180 1.1057 2.1448 5.0674 6.0824 5.4295 0.5114 1.3451 1.1444 2.0931 1.2552 0.7494 0.9510 0.2076 5.5162 3.8312 4.4261 4.9531 5.9489 2.4829
0.9385 0.9854 1.7960 0.7965 6.2145 1.2653 1.8406 0.0497 0.5659 5.6915 3.6147 3.9944 6.0744 1.5031 2.6705 2.1800 3.7833 0.6159 5.9868 6.1471
1.3926 1.4569 1.7298 4.3533 3.7450 4.3538 2.3145 3.1793 1.7466 4.4824 3.6042 1.9260 5.6521 5.0437 2.8558 1.8656 3.0344 3.9052 5.2407 5.8038
0.2773 5.5349 2.9097 1.3345 2.3011 1.6046 1.3759 0.9527 2.3387 2.1179 2.2054 5.3821 4.4197 3.1847 2.2325 5.0866 0.7555 1.8867 4.2518 2.2002
5.2143 0.4022 2.7366 4.5362 4.1095 5.6458 2.8624 2.4252 1.1889 1.5050 3.3600 3.4334 4.2233 4.8519 1.2493 1.8014 5.3386 5.3949 4.7122 6.0835
4.6573 4.1817 3.9968 0.6820 5.8513 2.0203 2.3636 1.4897 1.8620 3.4679 4.1029 4.8750 5.8025 2.7976 3.1580 4.5088 4.7134 4.7210 4.5753 4.1312
5.7464 2.3764 2.4383 1.5642 5.1955 4.0802 3.7557 4.8618 5.5362 5.9431 1.3207 2.7122 5.3844 5.6468 4.7151 4.9701 3.0186 3.7049 4.5849 3.2315
5.8417 5.9665 6.0004 5.6919 4.7331 1.4044 3.1226 2.6166 3.1680 1.6215 2.2789 1.8976 2.6661 3.6175 5.4081 2.9360 1.9869 0.6460 5.5204 5.1791
1.2090 2.6753 0.0153 5.2954 5.0010 4.8387 4.6681 5.1828 4.8263 2.1634 2.8785 4.8738 1.1891 5.3932 6.1781 0.5494 2.4123 2.8915 4.1853 3.0642
0.1772 5.0388 0.2453 1.2923 1.2321 1.1587 0.1970 1.6962 4.2313 5.0979 3.5497 2.0454 0.1816 1.4922 1.8761 1.9085 1.5607 3.7262 4.2407 5.9976
0.7474 1.7129 0.4932 4.8326 0.3291 5.5783 5.8182 5.9669 4.7344 0.6775 4.9963 3.9134 4.9798 5.4267 0.0314 5.5421 0.7599 0.1325 6.1000 1.0999
0.2546 0.2072 6.0413 5.9865 1.8351 2.0105 1.1770 0.1086 0.0264 4.0734 4.4777 4.6646 3.7170 1.4656 4.6027 1.7328 2.4985 2.9654 5.2409 2.0768
6.2671 2.6597 4.5974 3.5904 1.5071 0.5080 0.0631 1.0715 0.2395 0.7788 1.9852 0.9345 2.3422 5.1938 4.6426 3.9670 5.4482 0.6777 5.4145 6.2352
4.1094 5.7171 5.7475 6.0082 5.1017 3.6358 2.2930 2.9335 0.5389 3.0638 3.8276 4.3500 1.6976 2.4540 1.1840 2.0751 2.9116 4.0096 3.5377 4.3297
4.9046 3.6304 4.6116 4.3178 4.1028 5.5928 4.8781 5.6156 0.0531 0.5163 1.6713 1.7984 2.1387 0.1554 0.6792 5.8015 0.2326 1.0972 0.1818 0.0767
6.0732 6.1800 5.3276 0.1668 1.3764 2.9239 3.7613 2.5108 6.1005 5.0022 0.1227 0.5614 1.3136 1.0803 0.7580 1.1241 1.3519 4.3863 5.7657 0.8002
