3.8719 3.8352 2.5547 0.9240 4.5971 4.9220 3.4211 4.6140 4.5581 6.0858 5.0201 4.4177 1.0711 1.8972 0.8154 1.6627 0.3540 5.8086 0.1060 5.2396
3.5488 0.1015 2.7849 2.3498 3.8580 2.6010 3.0913 1.4679 5.2365 3.4142 2.6815 2.3647 2.3157 2.2342 2.2273 0.4281 1.5937 1.0866 0.7750 3.2969
2.8937 3.6412 4.2911 4.1073 4.1052 5.3660 3.8653 4.6551 3.8196 1.1675 3.0621 5.7333 1.4707 2.1254 4.4643 4.2260 0.8924 5.8080 2.4455 0.8270
2.0654 0.8728 1.0029 1.0401 1.7530 2.0755 1.9004 1.4035 3.4395 3.9854 3.5695 2.5194 2.8458 4.4417 6.2147 6.0640 0.5830 2.3785 2.9402 2.4603
4.2248 5.8793 0.1389 4.5996 4.6696 5.3326 5.7828 4.4284 4.2918 3.2997 3.3975 2.7452 3.3337 1.9202 2.6381 2.3372 0.9586 1.4588 1.4303 1.1627
4.7829 1.4118 0.6014 0.7970 0.5450 1.4549 0.2581 0.5398 6.1176 5.0296 5.1503 0.0550 3.1748 3.8332 3.9592 5.4419 5.9909 2.8499 2.8315 4.4193
5.2320 4.7298 0.6509 0.4924 6.2091 5.4182 0.6022 2.5116 5.6577 0.1917 5.7749 4.7444 3.9535 5.5135 4.2948 3.8652 0.6776 2.9342 3.6829 2.3007
0.8089 2.0480 2.8709 2.1077 0.0581 6.2331 0.0672 6.1092 0.1986 1.7677 1.5265 1.5683 4.2207 3.0695 0.7995 1.9832 0.8721 5.6990 5.2860 0.4940
0.8084 5.0896 5.8217 0.3674 0.1748 0.6928 0.6128 2.7499 2.7030 3.3924 0.9130 5.8877 5.4264 0.6309 1.0757 6.2478 2.6602 2.0686 4.5670 3.1185
2.3048 2.5008 4.8363 4.4649 0.2835 6.0331 1.0107 5.0609 5.2439 5.7939 5.9907 1.9949 1.1526 2.9770 2.8656 2.7088 3.6564 4.4331 3.6366 1.3453
2.9995 4.6275 2.8955 2.6861 3.7232 2.7074 2.2429 1.6590 5.4160 1.8485 0.6882 0.9487 0.2856 0.1676 2.9935 4.6430 3.8892 1.8064 3.1536 3.5344
2.8148 2.9950 2.5011 4.9116 3.4615 4.2434 3.6717 4.3318 5.3570 5.0535 6.2357 4.6190 5.0231 2.8837 4.1278 3.1514 3.3884 3.7128 2.2289 2.3268
3.5633 1.0089 2.4450 2.0565 2.1446 3.7711 2.6710 0.4304 0.8160 1.5110 6.2549 6.0957 5.9240 5.7954 4.6986 5.2784 1.7376 1.1359 1.5189 3.6999
3.3096 3.3738 2.0176 4.2660 2.3932 1.6241 2.2406 1.8054 2.0257 5.3265 0.9283 0.7548 0.8853 2.1891 2.0844 1.7287 1.8230 2.3246 0.6782 2.1976
2.1825 2.1888 2.6647 4.8581 3.8080 3.5427 3.5044 4.8298 1.5772 1.0985 0.4933 2.8715 2.3007 3.2458 2.4694 1.8081 5.5453 4.7499 2.4211 2.6349
3.5891 4.5234 3.5564 3.8793 3.5703 0.2494 0.0185 1.3481 0.9601 0.8709 1.0975 5.1535 2.0807 1.6307 0.1936 4.9541 5.8362 1.5226 2.0044 1.7509
2.7272 2.2491 2.8299 1.5587 4.6125 3.6873 4.0276 5.0586 3.4995 3.3320 3.0988 2.8545 2.8314 4.9702 5.8743 0.3098 3.9613 4.2705 4.4057 3.9569
1.7803 2.5348 2.1204 3.5904 4.9439 5.6904 3.8118 1.8727 2.5244 3.8515 3.6918 4.4526 2.6434 1.1944 4.5744 3.9247 2.5536 1.8875 2.3691 1.4321
3.5498 4.6573 3.4356 1.4708 4.5264 3.4428 3.8910 4.8556 5.2170 0.2824 0.4308 2.1095 3.0862 3.5762 2.8535 1.2615 1.0862 4.2418 3.6955 4.3453
3.7572 1.4162 2.7119 3.0862 3.8528 3.5972 3.8238 4.7459 4.7596 3.5435 0.0171 0.9196 0.4809 1.0389 1.6373 1.2943 0.8630 3.3595 4.9320 2.0166
