2.5768 1.3497 0.3674 1.0047 2.5730 2.5061 2.5933 1.7049 4.7999 5.1095 5.7147 0.1758 1.6259 2.9889 3.6314 1.5300 1.4472 2.1810 0.2355 5.2523
2.0885 5.4261 5.9929 6.0099 5.1415 5.0399 0.8251 0.3121 1.6651 2.9072 2.7254 2.7776 2.2158 4.0516 1.9926 4.7449 0.7374 0.2827 0.0618 2.6171
2.2112 2.4019 3.4720 3.4273 3.5814 1.5073 2.2559 3.4340 1.4936 1.1936 1.5506 1.4073 1.4936 1.4549 0.8652 1.1456 2.8086 0.2968 0.3132 0.3646
2.6759 4.3060 4.5115 4.6319 4.0554 3.0905 2.0353 4.2677 4.4241 3.7241 3.1355 4.4260 2.9353 3.5819 2.1194 2.8934 2.5050 2.3344 2.5917 3.6230
2.3133 1.3660 3.1269 1.3480 3.2490 0.6076 1.1685 0.3639 4.6666 3.4951 2.1842 1.7270 3.1477 0.7109 1.6361 0.5923 1.1818 0.5732 1.8303 0.6802
1.2373 3.4910 3.0780 4.6615 4.8711 4.0244 3.7149 3.5237 2.5194 1.2595 1.7425 3.0916 3.4451 3.9547 2.4455 3.5560 1.5626 3.6581 2.2870 2.6034
6.0659 0.8429 0.9699 1.9634 3.9412 0.5496 0.6609 0.3415 2.4512 3.4892 2.0172 1.2363 0.6245 0.9528 1.2445 0.6034 1.2756 2.6956 3.1578 5.8345
5.7045 5.2603 5.9139 4.6470 0.1980 1.5330 2.8603 3.0407 2.0893 1.6257 2.9739 4.0072 4.9739 4.8455 5.3383 3.9808 3.6010 5.0317 3.6998 1.4918
4.5872 3.0584 2.1216 1.7884 2.6731 3.6818 3.3558 5.3808 4.3598 4.1557 3.4723 1.2725 5.6582 0.3372 6.1666 0.9960 3.3298 3.2093 4.0376 4.2704
4.6163 0.1580 1.0163 3.7518 2.6169 6.2705 4.3966 3.9837 3.9608 3.1843 3.4666 3.9757 0.1518 3.8452 5.2503 4.1879 3.0232 4.1961 4.6204 0.1049
5.1329 5.2911 5.5507 1.0372 2.0373 2.4464 4.1140 4.2513 3.6410 3.3481 2.7483 0.7916 1.2295 0.7921 0.1079 0.5725 3.3686 4.4990 4.5840 4.6364
4.1828 4.8023 5.2431 4.8573 2.6632 0.2243 4.8577 5.5725 4.0454 3.9248 2.9917 1.7833 0.9624 0.4279 5.5245 4.0305 2.6893 1.4259 2.8823 3.1177
4.6362 4.0249 3.5594 1.9722 2.4842 2.8766 2.8998 2.0429 0.5094 0.5329 1.7775 4.8680 4.9722 4.8545 5.2605 0.8477 3.2351 4.2751 4.3784 6.1864
2.4564 3.0756 2.6899 3.7765 3.0225 4.1358 3.5948 0.2914 0.7331 0.9571 1.7260 1.5015 6.2221 0.1851 4.3761 3.4321 4.0361 2.0242 4.2760 2.4659
4.9376 5.3093 0.1728 5.8741 2.2176 1.0054 0.8158 0.7021 0.6016 4.2694 4.2665 3.6994 0.3109 0.7286 4.2703 4.4453 4.5827 4.9757 4.2984 5.4813
4.2378 3.4104 3.7501 3.2077 1.7102 4.1827 4.2633 3.8214 5.4403 3.5006 2.9836 6.0820 5.5946 4.0844 3.3535 2.7918 2.5049 2.4774 4.4878 3.1974
4.7275 5.6247 3.6187 2.7539 2.0673 1.6300 4.4599 0.2481 5.0293 5.7604 1.6335 1.8413 0.4841 5.8693 1.5205 5.9272 4.3401 4.4953 5.0158 5.7423
4.4927 1.5653 4.1322 2.0803 1.9798 3.8736 2.8363 3.0957 4.2132 1.7830 1.8348 1.9826 1.6433 1.5016 1.9568 2.2780 3.4143 1.5561 3.4494 2.8428
5.2582 5.2971 0.3674 1.5922 1.8393 1.3031 4.4237 4.5122 4.0194 4.4057 2.5569 5.2625 4.0961 3.5445 0.3655 5.9261 0.1627 3.1799 1.2044 5.3145
6.0310 5.4042 5.1106 4.8645 1.4833 4.7882 4.9435 5.4975 5.3709 0.4572 1.0962 2.2201 1.3495 0.3030 0.3265 5.7539 5.8491 5.7632 0.3271 1.2686
