5.8592 4.7521 4.1132 3.7960 4.8830 0.0248 5.9518 6.1045 2.1395 0.1644 1.2555 1.6208 3.2915 6.0763 0.2618 1.7602 1.7574 1.8732 5.1396 5.4890
5.0746 2.5835 3.5062 1.2307 4.7580 5.5402 4.8515 3.6538 3.4137 3.0774 4.1517 2.7294 2.9655 4.1963 5.8017 6.1680 5.0691 5.4710 6.0583 5.6522
4.8885 5.8988 5.1769 4.1728 4.5625 0.4715 5.2037 1.5994 3.5132 4.8308 5.3418 4.6684 4.1275 4.2298 5.9646 2.9033 1.1625 1.2230 1.9235 0.1361
4.8262 2.1271 5.1588 4.3110 4.8239 4.3378 2.4078 3.9549 2.9614 2.5974 3.7267 2.3372 4.0228 5.0311 5.4830 0.2349 5.6861 0.0701 4.1761 4.7025
5.4882 4.3804 5.7477 0.3188 4.2741 4.3823 2.9601 4.8035 4.6985 4.9801 4.6128 5.4045 3.9058 3.8401 3.3997 3.4925 4.1592 3.4053 5.6447 6.1891
0.4296 1.8172 1.0678 1.1826 4.2958 3.0486 3.6810 3.0333 1.3162 1.7178 1.0797 1.9013 2.1288 2.6872 3.3895 5.2374 1.6642 0.5617 5.2074 3.7940
1.0187 1.0197 2.0018 3.9659 4.3316 5.5065 4.9113 6.0715 1.6198 0.9527 0.5969 6.1317 0.8732 4.6030 0.6150 2.5970 3.3912 4.5025 1.0291 0.0084
3.8091 3.3854 3.7610 5.7994 4.9549 3.6526 3.4433 4.6742 0.8544 0.1853 6.0633 1.5652 1.0338 1.5227 1.8697 0.7236 2.4921 2.7216 1.6927 4.2831
3.5810 2.1120 2.0101 3.0508 4.4328 6.1467 6.2831 6.2312 0.3006 4.4231 3.7305 3.8804 1.4832 5.6618 1.5691 1.6217 1.1007 4.7906 1.3964 1.0804
5.8167 5.4564 4.7720 5.5224 4.4052 3.6148 5.4586 0.5068 0.5751 0.3352 0.0486 1.4060 2.3521 1.6631 0.4831 6.2439 5.8495 1.6541 0.2242 5.9991
5.7620 5.7854 5.5367 3.9167 4.1372 5.5181 5.7711 4.7325 2.5056 2.8255 2.8449 3.7286 1.7846 0.2762 2.3552 0.3717 5.9656 5.1380 0.4707 1.1114
4.3177 2.9339 4.3177 4.5054 4.0095 3.0101 1.9122 1.9659 1.7264 0.0622 1.8275 1.0073 2.2803 3.2105 1.6500 2.1074 6.1100 0.6435 1.2789 5.0482
2.8660 4.8936 3.7993 4.3441 3.9347 1.1620 1.8028 4.1942 4.6284 3.5604 3.1791 4.6098 0.0417 0.6716 0.8738 5.5489 5.3157 1.4324 0.9861 0.2744
3.0163 2.8386 2.8832 3.3919 2.9285 2.7486 2.6743 6.0273 5.2273 5.7218 4.9259 0.0314 0.0768 2.1758 0.5117 5.6891 5.9843 4.1705 2.9340 3.2633
0.6917 0.6661 1.4134 1.2985 3.0112 4.5159 4.5910 3.3366 4.9331 3.9740 3.7982 0.0363 0.4743 0.1381 0.7545 1.9612 1.1725 0.9751 1.6821 0.6312
1.6026 3.4119 3.5318 3.7617 2.6798 2.0570 4.7907 4.1259 4.9205 5.3832 0.5792 2.9763 2.1919 0.6716 5.4168 3.5416 0.8803 4.7101 2.9945 2.6753
1.2036 1.4336 1.9079 2.9142 4.5132 5.4267 5.0316 3.2472 4.5425 1.6407 2.4232 1.6654 2.0858 1.6899 3.1715 4.1958 4.9537 2.4576 2.9134 5.9138
0.0695 6.1440 1.6798 4.3155 4.2108 6.1397 5.6604 5.7215 5.0787 4.1937 2.8993 3.1642 3.0856 6.0405 2.9132 1.8455 4.1654 0.2787 1.8295 2.2555
0.2044 1.5175 2.1115 1.0882 3.2320 2.1470 1.2772 2.4842 1.3370 1.9313 0.9325 1.3111 2.7637 2.1479 3.4969 3.9760 3.1149 3.7694 2.8829 5.1045
0.4718 6.2031 2.5968 3.9944 4.0779 4.8060 0.0938 2.9380 2.5019 2.5796 5.1718 3.5915 3.7299 3.8511 3.7331 5.0400 0.1862 6.2265 5.5535 1.4669
