1.4262 0.2605 0.7362 1.3256 6.0317 0.0731 0.7226 0.0826 5.6627 2.7018 4.8381 4.8536 3.0154 1.0123 1.0171 5.9973 1.0531 5.9465 0.3665 1.7582
3.2783 4.8899 5.6400 6.0935 5.9297 3.1590 5.3010 3.7935 5.2654 4.8464 0.1766 1.2704 2.6572 4.2461 2.4500 5.2874 1.7870 5.0423 5.0486 5.3044
3.6655 3.8220 5.1707 3.0741 1.2485 0.8668 5.5303 5.6212 6.1246 2.2723 1.0446 4.6761 1.4464 1.6168 2.4018 1.8246 2.2214 1.7364 2.4601 2.2599
0.8642 5.1872 5.2033 6.0171 4.7564 0.0293 3.7767 4.3981 4.7305 5.6722 0.3340 1.1292 3.5596 3.6763 1.6623 5.5684 0.0360 5.6751 5.7910 5.9513
2.2784 2.8277 2.3299 2.8381 3.6766 3.5976 3.9319 2.6116 4.3226 5.0960 0.1774 4.0801 2.5528 2.3863 2.1613 2.3046 1.7855 2.5530 5.7098 3.0919
1.7861 2.3181 2.7193 4.0054 4.1196 4.1294 4.5687 5.0581 3.6171 3.3001 2.2484 1.9710 1.9688 5.8367 0.0498 5.5377 5.3560 5.5673 5.5495 5.9424
2.1493 1.8452 2.7275 4.0295 4.0422 2.1318 3.6237 3.1822 4.7907 4.0819 2.3682 1.9082 2.0821 2.2401 5.5912 5.6049 4.1377 3.9276 4.6353 4.4624
3.1259 4.8273 2.9425 0.8521 5.8564 0.0317 4.4974 5.7905 5.0020 6.1619 3.6382 1.3079 1.2663 2.4665 5.3909 2.4809 2.4459 1.5840 1.1502 2.0454
3.1181 1.2732 1.3698 2.2498 5.1226 4.4577 5.2055 2.8473 2.7304 2.6896 2.7826 3.6043 1.1418 5.7664 5.6304 5.1142 3.6742 4.6436 1.3221 2.4387
4.0843 0.5955 1.0702 0.3917 0.7604 0.2028 2.8433 2.1193 1.9430 0.4257 0.5862 0.4568 1.0360 0.4654 1.0093 1.9140 1.7820 1.7618 1.1365 5.6085
3.5275 2.7522 1.4242 4.8682 5.0003 3.5200 4.3679 5.7359 1.6606 6.1651 0.6376 0.8651 5.9076 4.7524 0.1805 4.0630 3.2113 1.7513 1.7443 2.4612
1.8045 0.3960 1.1859 1.9497 0.0748 3.1499 2.3600 0.9423 1.7823 1.7911 0.8263 6.1068 4.9668 2.6286 1.1875 1.3233 1.4522 1.0452 1.8098 0.7544
1.7989 1.9763 0.5134 5.8972 6.1437 4.5221 1.9938 2.1358 0.8438 0.3953 6.1453 0.7194 5.1340 5.7114 4.0903 3.4655 5.6234 2.3315 2.5111 2.5484
5.8455 0.1159 1.8986 2.2405 1.2044 2.3801 3.8647 2.6933 1.8186 5.1591 5.3283 5.1886 5.7260 3.1032 4.6166 6.2805 0.3444 6.0731 4.3056 4.0469
4.4410 4.2526 2.2888 4.9210 6.2201 0.0686 3.6491 6.0010 5.6722 1.2499 6.1638 1.3007 0.6270 1.3596 5.3521 4.1915 2.7896 3.1298 3.5779 4.3906
3.3843 1.8912 4.2686 6.1576 6.1288 3.6699 3.4905 4.5523 5.2365 4.7390 5.8590 0.6158 0.5700 4.7625 0.3405 0.6975 2.5849 1.4651 3.7985 1.6276
3.8308 3.7496 4.3009 5.0772 5.0012 1.0146 1.0677 1.4308 1.9963 1.6873 6.1658 4.7156 0.4213 0.2815 0.1079 1.8032 1.8160 6.1663 4.4138 3.9615
4.1622 5.0710 5.1833 3.5168 5.5175 3.6417 3.1773 4.7598 5.7137 4.2760 1.8890 1.2529 1.7024 3.1998 5.6316 5.9574 0.5417 6.2254 5.0168 4.6993
1.6025 2.2421 1.4620 0.6136 1.2054 1.2648 3.7504 0.6044 0.9830 0.9726 6.2188 4.8553 2.4578 1.4057 0.4321 0.8650 2.3979 3.8028 4.1106 1.4299
0.7202 4.9810 2.1683 3.9998 5.4280 4.1179 3.7658 3.0086 5.6014 5.3166 5.8535 1.9005 3.0467 3.3964 2.3192 2.9323 2.7784 1.8267 4.4513 5.7470
