4.0463 3.4853 3.7338 4.2799 3.5465 4.7872 4.7151 4.9371 5.4019 5.3085 5.7656 4.7386 3.8504 3.7459 3.7938 3.2672 2.4874 2.8001 2.8852 3.9828
4.0900 3.2546 3.4533 3.1613 4.9173 4.8526 4.6245 5.2139 5.3740 5.7152 5.7331 5.4433 5.4037 4.6855 3.9009 3.7813 3.5987 2.5176 3.5572 3.8994
2.7515 2.7048 3.1833 2.7800 4.9709 5.5057 0.3126 5.6172 6.2366 0.2655 6.2309 5.9633 5.3760 4.2211 4.7770 4.1984 3.3825 2.7227 3.7398 1.3627
2.1155 1.9294 2.1011 1.7442 5.7773 6.0769 5.7189 0.4079 0.0063 6.0363 0.3306 0.0552 5.5982 4.8106 4.8419 5.9059 3.4796 2.7553 3.5235 2.2399
0.9220 1.7257 1.6158 1.0586 0.7740 1.9764 5.8658 0.4245 5.9935 6.2475 5.9647 5.6825 0.0174 4.9750 5.0611 4.2410 2.6117 2.6053 3.0067 1.5331
0.6935 1.7738 1.5686 1.9408 0.1337 0.1273 0.6807 0.9364 0.5117 6.2350 5.5644 5.5241 4.9056 3.8467 2.9046 2.6379 3.0618 2.6156 1.9366 0.5653
1.6378 2.0275 1.0934 1.0542 6.2789 0.4874 0.3594 1.5642 0.3922 5.8818 5.5973 5.9284 4.8488 4.1377 3.4087 2.7084 2.9442 2.6628 1.3967 1.1737
1.1765 1.0466 0.6185 0.6149 0.7739 1.0240 0.4063 0.9968 0.4038 0.7081 6.1957 5.2302 4.3773 4.1680 3.9366 2.0694 3.0358 2.8839 1.6961 1.3871
1.5874 1.4429 1.2354 0.8091 1.5517 1.5461 6.0214 1.0297 0.4548 0.1718 6.2745 4.4324 3.8013 3.0943 3.5444 3.5825 2.5095 1.7846 2.2838 1.3374
1.1609 1.6664 0.8205 1.2687 1.1589 1.4323 1.1254 1.0079 1.1955 1.0913 1.1941 2.6978 2.9886 3.0499 3.0789 3.6530 4.0252 3.2322 3.7124 2.3352
2.2652 1.8874 1.3602 1.3986 0.7341 0.8518 1.4185 1.4202 1.0848 1.4163 2.2879 3.0781 2.5916 2.3966 3.9164 3.1314 3.9367 3.6606 4.0491 2.9339
1.8810 0.2075 0.4236 0.9981 0.6286 1.6971 1.2522 1.4820 1.7845 1.7366 1.9481 3.1374 2.8852 3.5548 4.6280 3.6863 4.4192 4.7440 4.8363 1.9392
0.8476 1.3037 1.1373 0.7131 5.4697 0.9194 0.9272 1.1236 1.7042 2.1175 2.6202 3.0359 3.9445 4.4532 4.5737 4.3961 5.9195 5.0939 0.5592 1.0700
1.2607 2.0456 0.9369 0.9392 0.3427 0.5740 1.2569 1.3429 1.0265 0.9060 3.1646 3.1219 3.5315 3.7806 3.6509 5.5304 0.0453 6.2610 1.0262 1.0671
0.6307 0.8671 1.0814 1.3065 0.4441 0.3292 0.4699 6.1486 6.0609 6.0204 4.0626 3.0128 2.7879 4.3419 4.4800 4.6564 0.7359 0.9262 0.7835 1.2760
1.2613 0.4163 0.5964 0.0119 0.2236 0.9160 0.9076 6.1031 5.3269 5.0820 3.9821 2.9233 2.8366 3.3618 2.7299 2.3289 1.3735 0.8437 1.1838 0.6802
1.8165 1.4193 0.6217 0.3948 0.0988 0.2539 6.0252 4.4960 5.3275 4.6811 3.5531 2.9820 3.4151 2.0358 2.6013 1.0670 0.5188 0.9421 1.9884 1.1806
2.6541 2.7030 0.8409 6.0537 0.0848 5.0157 3.6208 3.9349 5.0451 5.0509 4.1405 3.9883 3.7862 2.5524 2.8634 2.2682 2.2414 1.3318 1.6987 3.4783
2.9427 3.0477 4.4547 4.7774 4.9354 4.2907 3.9269 5.6210 6.0130 4.7913 5.2142 3.7864 4.3739 3.3073 1.2819 2.0546 1.4139 2.2469 1.9378 2.8846
3.9586 4.1489 4.1374 4.4688 4.2885 4.2873 4.1763 4.1451 5.8370 4.5608 5.3511 4.4284 3.2031 3.1555 2.9064 2.3903 2.5511 2.7309 3.0269 3.8244
