6.2402 0.8137 1.6215 2.2002 1.7327 1.8746 2.8187 2.8472 2.1679 1.6023 1.8719 0.4694 0.3667 0.2673 5.6678 4.5720 4.9850 5.0486 4.5397 3.5648
6.0554 0.3130 1.0618 1.8245 2.3824 2.9462 2.9390 3.6424 3.3983 3.0441 2.1496 6.0611 5.9482 5.6806 5.6168 5.0055 5.8127 5.6343 5.1947 4.9147
4.2386 0.1055 0.6050 1.4098 2.0091 2.8862 3.1961 3.8310 3.6727 3.0067 2.4090 5.2773 5.5937 6.0213 5.7418 5.9412 0.1501 6.0098 4.2717 3.9014
4.3744 4.3682 2.9861 3.2523 2.3940 3.0642 3.9631 4.4945 4.1976 2.9924 0.5198 4.6597 5.6503 5.4608 6.0989 0.0980 6.2072 4.9068 4.2383 4.3349
3.7294 5.1083 4.7040 3.0581 3.4448 3.8341 4.4315 4.4724 4.5579 4.6666 5.3522 5.2798 5.7348 5.6938 5.5421 6.0732 5.1818 4.9788 4.5416 3.9995
4.2663 5.0435 4.3838 3.4238 3.4926 3.3215 3.1242 3.6478 3.8363 4.3509 5.4866 6.2105 5.9413 0.3222 6.2748 6.0799 6.1912 3.6814 3.7375 5.0438
4.7477 5.4145 2.3492 1.9628 3.3270 3.5726 3.8727 3.4058 4.5460 4.7149 5.9919 0.0296 0.2154 0.1239 0.6402 0.2036 1.0699 3.3076 4.3218 4.2266
0.0749 0.8339 1.8073 2.0198 2.1308 2.4437 2.9110 0.5096 0.1972 5.8797 5.8615 6.1163 5.9157 5.5990 0.2646 6.2037 0.4286 1.6553 1.7943 0.9432
5.9007 0.4645 1.1816 1.8896 1.4455 2.0505 1.4978 1.1187 0.3499 0.2036 5.7555 5.7356 6.2057 5.6310 0.8095 0.8769 5.8058 0.6833 1.1277 0.1810
0.4076 1.7751 1.9506 2.2091 1.2979 1.6570 1.5809 0.5492 0.4830 0.1584 0.4939 5.4613 0.2415 0.3571 6.0213 6.1736 5.9865 0.1234 0.9377 0.4174
1.5521 1.2972 1.8269 1.9561 2.2673 1.2553 0.6605 0.7162 1.6018 0.6189 6.1694 5.8329 6.0255 0.2355 0.7553 0.9360 0.3775 0.3262 5.3476 1.1025
1.0380 1.2074 2.3733 1.9304 2.2963 2.6555 1.5289 1.1077 0.5834 0.2383 0.2303 5.8328 5.9618 6.0177 0.5005 6.2651 0.6369 0.5168 1.0807 0.8690
1.0867 1.3267 3.3588 2.9894 3.7931 3.0449 2.6533 1.7209 3.6553 0.1193 0.2725 0.0416 0.1673 0.1265 6.0440 6.1984 0.0498 1.3344 1.4734 2.0608
1.0034 2.4865 2.9665 3.4977 3.7115 3.7726 3.4290 2.8805 4.0347 5.8394 0.1932 6.1767 5.9660 6.1787 5.4105 5.9290 0.9220 6.2763 0.8155 1.7001
2.8050 2.5692 1.9985 2.9960 3.3517 3.2794 2.9047 2.7240 3.1081 4.8940 5.1975 5.8413 0.1530 5.7687 5.3130 5.3958 0.1068 0.4258 1.0164 1.7182
3.2395 2.6600 2.9244 2.6239 3.5829 2.9705 3.1983 3.3174 4.1076 5.3556 5.2036 5.8382 6.1969 5.6561 4.9642 5.0686 5.6483 6.0594 1.4811 2.9211
2.9106 3.3040 2.8102 3.1274 2.9809 3.1542 2.0449 3.1391 4.0119 4.6623 5.5726 5.6978 5.6413 4.9439 5.7589 4.6548 4.8337 4.8960 3.5045 4.6404
2.6121 1.8572 2.2777 3.3030 2.1649 2.2708 2.9571 2.9572 3.2034 5.2498 5.8724 5.8488 5.1452 5.1450 5.2703 5.1533 4.2765 4.2698 2.9595 3.1682
2.8230 1.4396 1.4532 2.0411 1.9363 1.5261 2.1982 2.2607 2.5951 0.9163 0.4930 5.5183 5.6856 5.3781 4.3334 4.6120 4.7984 4.1309 4.0822 3.8506
1.5423 1.4857 1.5511 1.9101 1.5877 0.8909 2.0580 3.3990 2.6328 1.2893 1.4069 0.3362 0.2403 5.3989 5.6256 5.7684 5.2281 4.6141 4.2812 2.8716
