3.5611 3.0339 2.7575 1.7779 2.3588 2.4070 2.5674 1.7960 1.8709 0.4840 0.7491 0.5060 5.7140 5.1935 4.5696 3.7445 2.5493 2.7182 2.6059 2.6472
2.7090 2.3572 3.2445 2.5366 2.4323 1.9617 1.2828 1.4510 0.8199 0.9260 5.9584 5.6953 4.7062 3.8699 3.6127 3.5741 3.2293 1.4701 1.7036 2.8641
2.5318 2.0166 2.6698 3.1413 3.0135 2.2527 0.8717 0.8208 1.2564 0.8379 5.9571 5.8590 4.7037 3.7532 3.8465 3.0835 2.9373 2.0583 1.4011 1.6743
2.7617 2.1079 2.6095 3.0522 2.1112 1.5335 0.7569 5.8319 0.0603 0.0907 5.2321 5.0193 3.8153 3.8372 3.9486 2.2347 2.2607 2.0688 1.6354 1.3484
1.4113 2.6482 2.0070 1.4795 1.5663 0.5955 0.7929 0.4508 5.6465 5.4822 5.3080 3.9190 3.8264 3.7257 3.4266 2.6023 1.6644 0.9280 1.3281 1.2264
0.9712 2.1880 1.5361 2.8169 1.4585 1.4452 1.2052 0.9761 6.2420 5.3336 4.5276 4.6723 3.2077 3.2908 3.2768 2.8263 2.0511 1.6224 1.0157 0.8613
1.7514 1.9819 2.0301 1.8161 1.8969 2.0631 1.5146 1.5761 5.7870 4.6180 4.8785 4.4631 3.5007 3.1778 2.2760 1.8720 1.5875 0.5300 1.0370 0.9450
0.8335 1.9118 1.7318 1.6698 2.1919 2.2043 1.9246 1.7898 2.3787 4.0053 3.9935 4.3793 3.4585 2.6073 1.6999 2.2097 2.0567 2.4004 1.8088 1.1182
3.4536 2.3958 2.4103 2.4716 1.8999 2.1102 1.3786 0.9118 4.2149 3.6956 3.5765 4.2609 4.5153 3.3591 2.1339 2.6400 1.8765 2.1939 2.1822 1.5604
2.4029 3.4645 2.6977 3.1212 2.0420 2.1738 1.5280 0.2848 4.5701 3.7541 3.7960 3.4973 3.6315 3.4985 2.7220 3.8119 2.8997 2.6821 2.6410 2.5462
2.7610 3.7082 3.5798 3.0032 2.1030 2.5070 2.7944 6.0246 4.3884 4.3258 3.9487 4.1901 3.8139 4.0843 3.6892 3.9277 3.6499 2.9199 2.9271 2.9125
3.5382 3.6719 3.9960 2.4511 2.7030 2.0793 0.3820 6.2050 6.1982 5.5195 3.8012 2.9295 3.2251 3.7612 3.6884 3.4535 3.0087 3.0480 3.4209 2.8705
4.6423 3.8194 4.3291 3.5423 3.5539 2.8955 0.7446 0.2970 0.1697 5.7859 4.7084 2.6141 2.6712 3.4324 4.0616 3.0891 2.5454 2.4311 3.9516 4.1305
5.1215 3.9670 3.3716 4.1945 3.1990 1.1155 1.0134 0.5496 0.7581 6.1841 0.6578 2.4295 1.5164 2.0560 3.4965 2.4165 2.9382 3.3511 4.0606 4.9142
5.2054 5.0136 4.3603 4.7287 4.2875 5.2971 0.0132 0.3668 1.6270 1.1632 1.6826 2.0488 3.9430 2.4454 3.0624 3.3571 3.3159 3.1995 4.4917 4.7632
4.1693 4.6771 3.9345 4.1537 4.5965 5.7463 5.2210 4.3072 3.4014 2.0238 2.1176 2.1293 2.6742 3.5548 3.6845 3.8349 4.4867 4.9012 5.4053 4.5059
4.1725 3.9775 5.1731 3.8876 4.3070 4.3579 3.8099 3.2521 3.3075 1.9776 2.1977 2.2093 3.0878 2.8237 4.0279 3.6194 5.0942 5.1700 5.2837 3.8725
4.7005 5.3276 4.6509 3.7158 2.5736 3.1473 3.1201 2.7074 2.1039 1.5079 1.8926 2.4310 2.5603 3.1757 3.8633 3.9207 4.1064 4.3497 4.7774 4.4795
3.4339 3.2090 3.6112 2.5099 3.2053 2.1711 2.3252 2.4993 1.8148 0.5453 1.9010 1.1602 3.0961 3.3604 3.6758 4.3221 4.1021 3.3502 3.7299 3.7833
2.2062 2.9662 2.9107 2.4554 2.8206 2.4632 2.5068 2.7371 2.2751 1.1662 0.8805 1.2415 3.5730 5.2315 3.5460 3.4821 3.6077 2.9206 3.7134 3.0732
