3.9067 2.9831 2.3672 3.0474 3.7402 4.6088 4.6313 4.4085 2.5085 2.5904 1.6532 2.0575 0.8019 6.1445 6.2238 5.9053 0.0663 5.7456 5.4112 4.4100
3.9943 3.5535 2.6317 2.5638 2.1155 2.6211 3.1429 3.2278 3.1572 1.3642 1.9834 1.2171 1.0880 0.1799 0.3572 6.1728 6.1220 5.7252 5.1740 4.6707
4.3260 3.9771 3.4112 2.7911 3.5630 3.1132 2.9981 3.1676 1.9855 1.6001 1.6555 1.2585 0.9371 0.7817 0.6369 0.5812 1.4232 0.5109 3.9606 4.3992
3.1114 3.5123 3.1934 3.1144 3.2997 3.2458 3.7997 2.9400 2.8227 1.8721 1.4204 1.3042 0.9117 0.7860 0.5897 1.4579 2.0945 2.3162 2.5327 2.2088
2.3588 2.2489 3.6346 3.6104 3.5451 2.6421 4.9010 0.5606 1.2115 1.5686 1.0135 0.8600 0.0430 6.2697 0.4671 1.1735 1.5620 3.3019 2.7864 2.6507
2.7862 2.3990 3.4813 4.0134 3.3436 3.7116 6.1813 0.9359 1.3623 0.7705 0.6850 0.8395 1.0225 6.0980 6.2008 1.7213 2.2135 2.5354 3.0376 2.7825
2.3989 3.2781 4.4992 4.4301 3.7083 3.9993 0.1755 0.8231 0.7748 1.0701 1.0048 0.7999 1.1860 0.2755 1.8100 1.8285 2.3859 2.5569 3.0329 2.7197
3.0030 4.1536 3.7300 4.1711 4.6939 5.9061 5.9289 0.7364 0.2648 1.1482 2.1517 1.4755 1.2959 2.2006 2.3435 2.9286 2.9764 3.2923 3.5345 3.5844
3.9733 4.6945 4.2669 4.6299 4.6348 5.4222 0.0678 1.0172 0.8732 0.7469 1.6181 2.2584 1.9781 2.6596 3.5001 3.2104 3.1966 3.3429 2.9460 3.3696
3.8928 4.3226 4.5241 4.0533 4.9262 4.6733 6.0326 6.2681 1.8294 2.3472 2.0477 2.1555 1.6753 3.6182 3.5186 2.8189 4.3003 3.8187 3.9376 4.5809
3.6740 4.4252 4.8152 5.0415 4.1571 4.6177 4.4831 4.2782 4.5477 4.3718 4.5165 3.9554 4.9087 4.3782 3.9698 3.8869 4.6819 4.6981 4.2685 4.5464
5.8160 5.7185 3.5295 3.6075 3.2645 4.2339 4.4871 4.3762 3.9759 4.7036 3.8543 3.1361 3.8655 4.7335 4.5278 4.8955 4.9201 4.6841 5.3161 5.9195
6.0913 5.6816 6.2677 5.5802 4.8473 0.2443 4.5242 4.0660 4.3445 4.1988 5.0202 5.2771 4.5083 5.1635 4.9442 4.7894 5.0152 4.7309 4.8628 5.6627
6.0716 5.8323 6.0006 4.9899 0.0577 5.0733 4.9706 3.7812 4.1363 3.8635 5.0864 4.6912 3.9853 4.3197 4.8843 4.7876 5.4510 5.9347 4.9407 5.9443
4.7739 6.2781 5.3340 5.7437 5.6345 4.5614 4.3910 5.1463 3.7650 4.0743 4.6699 5.1248 4.7115 4.2776 5.3359 4.5150 4.9714 4.5107 4.9174 4.3242
5.2315 5.8380 4.3829 5.4137 5.5114 4.7100 5.1211 5.2607 4.3032 4.1956 4.8713 5.7254 4.9518 4.3518 5.0100 4.5283 5.5635 4.7540 4.6207 4.2379
4.8792 5.2926 4.8120 5.0863 5.2457 5.1878 4.6895 4.3239 4.0593 4.7623 5.0439 5.7399 5.4689 5.0387 4.7979 5.2890 4.8072 5.0559 4.7784 4.8994
5.0996 4.9571 4.0239 4.7464 4.4801 3.9708 4.5180 3.5660 4.4583 4.0596 4.3483 4.5658 5.4054 5.2550 4.8525 4.9907 4.6413 5.1173 4.7036 4.6180
4.8388 4.4220 3.3388 3.6543 3.7972 3.4564 3.8832 3.2542 3.4880 4.3933 5.7290 1.0362 5.7163 5.6347 0.4601 5.3355 5.1681 5.8732 5.2059 3.6567
3.5857 3.2662 2.9661 3.1951 3.7156 5.1734 4.9268 4.2656 3.3662 3.1368 2.5771 2.6494 0.9847 0.7818 0.5865 5.4372 6.1647 0.4729 0.0062 3.3295
