5.0307 4.8181 4.0899 5.1134 0.9058 1.4334 0.9054 0.7107 0.1894 0.0421 0.5941 0.8093 6.1170 5.4279 5.4487 5.5300 5.2125 5.2148 5.3991 5.6693
5.3704 6.0646 5.9466 0.6266 0.8259 0.9259 0.2078 0.1274 0.5313 0.1149 0.3677 0.2801 6.2126 5.9627 5.9734 5.3751 5.6564 4.6973 5.2514 5.7999
6.1130 0.0686 5.7880 0.9665 0.6311 2.0826 1.5493 0.1652 0.5353 0.7159 6.1473 5.7467 5.5935 0.0357 0.2295 5.4271 5.4763 5.2409 5.5290 5.5938
5.8147 0.3592 0.7712 0.6391 0.4033 1.0007 1.5105 0.7655 6.0892 4.8724 0.0974 0.0523 5.8681 0.3023 0.2340 5.4584 5.0551 5.4436 5.0549 5.7566
0.5324 0.6346 0.8159 1.3385 1.0979 1.4992 1.9473 0.7302 5.7695 5.5158 4.7214 3.8810 4.7481 5.6158 0.0859 5.7145 6.1205 5.9449 0.5490 0.3673
0.5476 0.7196 0.7293 0.9001 0.9170 0.6505 0.9988 0.5448 5.7203 5.4906 4.6626 4.9827 4.4757 5.9508 5.0949 5.5343 5.9460 6.1126 0.1370 6.1842
0.8724 1.2845 2.0718 0.9418 0.8259 1.8651 0.4895 6.2536 5.5447 6.1359 4.8659 5.0422 4.4791 5.4402 4.5611 5.0165 0.2912 0.1543 0.6132 0.6805
0.8800 1.5707 0.7664 0.9928 0.9603 1.0011 0.2042 6.1577 5.8223 5.3518 5.1340 5.4556 5.1839 4.4059 4.2011 3.5047 1.6221 1.0969 0.2954 1.3209
0.3798 2.0948 1.0040 5.9839 6.2293 0.0754 6.2134 5.0657 5.4342 5.5452 5.0419 4.7865 5.1033 4.1888 3.1922 2.4843 1.8610 1.3748 1.3570 0.4032
6.1322 1.1446 0.6601 0.0274 5.8364 5.8314 5.3125 5.2911 5.0781 4.9333 4.9921 4.8602 3.7136 2.8442 2.5605 2.1989 2.4752 2.0148 1.3711 0.9757
6.1186 5.6864 5.7032 5.9000 4.9389 4.4290 4.2576 4.5840 4.9341 3.9787 3.8537 4.5247 3.6491 2.8795 1.6613 2.5068 1.8830 1.7287 1.4472 0.7818
0.0611 0.0218 5.9996 4.0672 4.8359 4.5885 4.9659 4.7874 3.1977 3.2525 3.6590 3.1044 2.9544 2.0520 2.5835 2.4116 2.1106 2.0940 0.7362 1.2864
0.3074 5.1928 4.9873 5.4453 5.0606 5.2205 4.0232 3.5265 3.1943 2.6556 2.0340 2.7958 2.7626 2.5929 3.1468 2.4736 1.4802 1.2606 1.6959 0.4601
0.3794 5.3310 5.7580 5.6606 5.1964 5.0270 4.4158 2.6647 2.3248 1.6033 2.2995 1.7534 2.0883 1.9173 2.4238 2.7519 1.8732 1.8524 2.2850 1.3661
0.1812 4.6772 5.6852 0.1604 6.2542 0.3504 0.7874 1.7621 2.3101 2.3268 1.8688 1.8323 2.2727 1.6418 1.9888 1.8986 3.0018 1.1189 1.2890 1.2740
6.1899 4.4060 5.5043 6.1274 0.1167 0.8273 0.6690 1.3059 1.6484 1.7866 2.0633 1.0969 2.1403 1.7352 1.9130 2.8516 2.9836 2.2217 1.1191 0.7744
4.3618 5.1419 4.7461 5.1548 6.0850 6.0674 0.3881 1.2698 1.1113 1.2309 1.1886 1.1522 1.7155 0.9765 1.1882 1.7914 2.0125 0.9179 1.0599 0.7008
5.0432 4.7471 4.7296 4.0102 1.8942 1.0000 1.2519 0.6393 0.4148 6.0760 0.1148 1.1399 1.5602 1.3751 1.7430 2.8394 3.3303 1.6081 0.5199 0.2874
5.4736 4.7185 4.2110 2.7723 1.4749 1.0385 6.2735 0.3255 0.1245 0.1519 0.1718 1.1849 1.3890 1.1887 2.6630 2.9263 3.8254 0.3346 0.4402 6.0517
5.1440 4.4876 3.6917 2.8701 1.4524 1.1782 0.9839 0.5578 0.0345 0.1330 6.1729 1.9203 0.6871 0.9905 3.9779 4.1406 4.2176 5.2973 5.8309 5.0831
