1.9354 2.5294 1.7371 1.9521 3.2800 4.1419 5.2231 5.6086 5.7782 6.2643 5.1480 5.0208 4.7857 4.5539 3.3471 3.8705 4.0091 2.6637 2.6519 1.7494
2.6214 3.2009 2.8518 3.4968 3.6861 3.2228 4.1498 5.2583 5.2257 5.9207 6.2582 5.3922 4.4007 3.7590 3.9123 3.3084 4.3374 3.3607 2.8158 2.5462
2.1079 2.1768 3.1483 3.8107 4.0350 3.8005 3.9743 5.0938 5.9956 5.6953 5.4728 5.4194 5.3230 4.5596 4.3488 4.5394 3.7630 3.4290 3.0519 2.4969
2.5516 3.0178 3.7231 3.4367 4.5267 4.2889 4.9082 4.2386 4.2461 5.5097 5.3804 5.8885 5.9759 0.9556 0.7318 5.4406 3.4969 3.2826 3.2134 2.6038
3.3729 3.7994 3.6564 2.3533 3.4639 4.3088 4.6035 5.3126 4.9940 4.6061 6.1960 5.1017 5.9271 5.2832 5.5708 0.2753 6.0647 4.1453 3.3146 3.4735
3.9607 2.8106 3.4095 3.2503 3.6134 3.9854 4.5985 4.8052 4.9989 4.7051 5.1607 5.3012 5.5278 5.1979 5.9946 2.4280 2.7460 3.6448 3.1759 3.0315
5.1927 4.3386 4.4515 4.4584 4.8603 4.7041 5.0540 4.8892 4.9803 4.8969 5.2106 4.6406 4.7173 4.9902 3.8263 2.6203 2.6760 3.8233 3.7713 4.7029
4.8717 5.7408 4.5241 4.0441 4.8047 4.9868 5.6631 5.2900 5.7895 5.7312 5.1705 4.4298 4.0904 4.4107 3.6528 3.0615 3.5072 3.9654 4.3662 5.0043
5.7222 5.4035 4.3638 5.0217 5.0803 5.2986 5.2088 5.8221 5.3901 4.8090 4.2518 4.0399 4.5043 3.8737 3.9166 3.0893 2.6389 4.6613 4.4526 4.5028
4.8360 5.3337 5.1094 5.4133 4.9573 4.6483 5.0508 4.7295 4.4814 5.4594 3.8243 4.5000 5.0155 5.1204 3.7309 3.9558 4.6831 4.1842 4.4561 4.0388
5.1403 5.0137 4.3342 4.8887 4.1205 4.3967 5.9947 5.9004 5.2755 4.9319 4.9703 4.7398 4.1880 4.5513 3.3363 3.2275 3.5100 3.2094 4.6095 5.0804
5.1676 5.0504 5.0354 6.1782 4.9610 5.0329 0.4386 6.0152 5.3000 4.0345 4.2699 4.0755 4.4238 4.1389 3.7621 3.7003 4.5236 4.3720 4.6638 4.9202
6.0060 5.4602 4.6494 4.7338 5.6334 5.0445 5.0783 6.1850 4.9464 4.2978 3.5304 4.0972 3.6652 4.5497 4.0737 4.2773 5.6983 4.5478 5.0918 5.6487
5.4936 5.4086 5.0222 5.2597 5.5380 5.6387 5.4568 0.3252 5.7996 3.9537 3.4088 4.3054 3.9060 3.3260 4.0997 4.2109 4.4242 4.1436 4.9240 5.5572
4.6434 5.0425 5.8798 5.6209 0.2511 5.6647 5.7351 5.6686 4.3341 4.9685 4.4066 3.8625 3.0901 2.3642 3.6309 2.3010 3.8760 3.7573 3.9415 3.7001
5.1534 0.0176 5.6857 5.9780 0.0578 6.2821 5.5516 5.6090 5.9472 5.8538 0.3303 3.8513 3.7398 3.7787 3.9786 2.6127 2.2230 3.1304 4.1983 3.9944
0.9080 0.9135 6.1376 0.2078 0.0590 6.1470 0.3327 5.8508 5.3926 5.2294 5.4413 4.5020 3.7784 3.6034 4.1619 3.2593 3.8989 3.1090 3.4260 2.8302
1.4159 1.3561 1.1638 1.2220 1.0852 0.8145 1.6706 5.4950 5.5936 5.2167 4.5049 4.7274 4.3685 4.8911 3.7626 2.6869 3.7680 3.3222 2.5840 3.1965
1.8466 1.7849 1.2298 1.1042 1.6525 0.5707 6.1612 5.6277 5.5890 6.0194 4.1256 4.7092 4.7349 4.4251 3.7925 3.4360 3.4835 2.7856 2.7650 2.9926
2.1388 2.3645 1.7443 1.7389 1.5322 0.6961 5.8680 5.4542 5.4753 5.5809 5.4722 5.1211 4.7591 4.5131 2.6471 2.8870 3.9177 2.9143 2.2648 2.1095
