2.4671 2.1526 2.8087 2.7573 3.2263 2.2038 1.7423 2.2016 1.0597 0.7831 1.0481 0.3909 1.6935 6.2418 2.6645 1.9978 0.9844 0.8136 2.3068 2.0204
2.0925 2.6866 2.8837 3.1330 3.2654 2.9361 2.7436 2.7745 3.4227 2.4113 0.9838 0.3702 1.6526 0.7031 0.1160 1.5837 1.5777 2.1115 1.3171 1.8902
2.0261 3.4501 2.7071 2.7499 2.6831 2.1524 2.6282 3.9517 2.5572 2.5567 2.7350 1.0859 6.2107 0.0852 1.1164 0.9798 0.8161 1.2747 1.0361 1.7489
5.3922 4.9261 3.8286 4.1723 3.7609 2.9903 4.0275 3.9349 3.6845 3.0958 3.0401 1.7862 0.9158 0.8054 1.2831 0.7071 6.2467 0.3205 0.0910 0.2932
4.0158 4.4870 3.6169 4.1947 3.6606 4.0145 4.0614 4.5884 4.1022 3.7734 4.4640 0.5573 0.7137 0.2987 0.2926 0.0048 0.0404 1.1841 0.3337 6.1034
5.2864 5.0314 4.1410 4.7866 4.5936 3.8995 4.4471 4.1408 4.7844 3.6871 4.6259 5.4261 0.2648 5.9263 0.2067 0.7579 0.8979 0.4771 0.1176 6.0738
5.5528 6.2582 4.9427 4.6830 4.8313 5.2697 5.1719 5.3128 4.8015 3.9207 5.1619 4.8306 5.8802 5.5684 6.0093 6.1336 0.3981 0.6938 6.2599 6.2793
6.1204 0.2821 5.3828 5.1974 4.5924 5.2071 5.5103 4.9116 4.8333 5.1699 4.4485 4.9703 4.3170 4.5241 5.5616 0.0040 0.3929 0.4945 0.1922 6.0460
5.9703 0.2537 5.6419 5.1632 4.5783 5.0389 5.6053 4.5003 3.9804 4.7749 4.5995 4.2260 4.5629 4.4660 6.2407 5.8105 5.9844 5.8176 0.8436 0.1330
0.1681 0.0628 6.0010 0.3515 5.6341 5.5774 5.9199 3.9795 4.0229 3.9152 3.8644 3.8040 3.5681 3.5865 5.5244 6.0671 6.1145 5.0889 0.4946 0.8355
1.4619 0.1603 5.9560 5.8966 5.6154 5.9431 0.3689 6.2247 5.5772 4.4435 3.2904 3.5496 3.5646 2.7825 3.2233 3.7969 3.8623 4.6169 5.8626 0.2443
0.0024 0.4877 0.3388 5.6493 0.1948 0.3108 0.4416 1.8920 2.4459 3.0878 2.6372 2.7484 2.6903 3.1972 3.1457 4.2139 4.6387 4.7544 6.2104 0.1870
6.2167 6.2488 0.5174 0.5416 0.8449 1.8229 1.2370 1.5448 1.5376 2.7264 3.0942 2.9989 2.1714 2.2649 2.4498 3.1231 3.2490 3.8370 0.7603 0.1292
0.0879 0.3342 1.9195 0.2129 1.0194 1.2510 1.2902 1.6070 1.3434 3.5745 2.3946 3.0546 4.0976 1.9951 2.4839 1.9091 2.5381 2.5994 2.2465 0.1023
0.8339 1.1234 1.1501 1.3266 1.8679 1.4271 0.8705 1.5643 0.0888 5.9982 0.6298 0.9407 1.6833 2.4654 1.8583 1.8876 1.4600 2.0006 1.9493 2.5660
1.6432 0.8369 0.0391 0.2830 0.3857 0.6762 1.2668 2.3028 1.3300 0.4787 0.8998 0.6639 0.7453 1.5206 1.7447 1.6730 1.3702 1.8430 2.0234 1.2085
1.7115 1.4616 1.0270 0.7954 5.9484 0.5999 1.2650 1.3116 0.9252 0.4579 0.8661 0.4341 0.0537 0.8305 1.4927 2.0392 2.0801 1.6221 2.0516 1.0586
2.7685 2.4056 1.3756 1.5720 1.8319 2.1901 1.6323 1.2293 1.5983 1.2125 0.7105 0.2951 0.6851 0.7289 1.2848 2.1371 1.9901 2.0330 1.1093 1.5738
1.8072 1.8687 1.5594 1.0255 1.8326 1.6830 1.9478 2.1755 1.8478 1.3449 0.6987 0.4669 0.1185 0.8980 1.2260 1.5023 1.0476 1.7489 0.7396 1.3646
1.9673 2.0981 1.9949 1.1569 1.5183 1.2582 2.3047 2.3959 1.7244 0.1573 0.2208 0.6791 0.6580 5.9826 0.7075 1.0114 1.5241 1.5276 1.5081 1.4208
