4.8359 5.9532 0.2613 0.1506 5.8995 5.5348 5.3196 6.0445 0.3402 0.1231 0.7641 1.1848 0.5046 0.9614 0.5976 0.1495 0.2139 0.7370 5.7033 4.9001
5.0482 5.3459 5.5807 5.3817 0.2873 5.7341 5.7914 5.5322 5.2218 0.0667 0.9395 1.6845 1.6113 1.1393 1.4773 0.6483 6.0766 0.5566 4.9656 4.5551
4.9704 4.8443 4.6377 4.8217 6.0740 5.7385 3.9231 1.1274 0.9143 0.6425 1.6752 2.2651 2.2527 2.3039 1.9744 2.5068 2.9208 1.6660 3.4847 4.3184
3.1391 4.4916 6.2091 5.7337 6.1532 5.7198 4.8572 0.5146 6.1688 5.9604 0.7658 2.1028 2.6643 2.1426 2.0625 2.6208 2.5393 2.2653 2.7272 3.9431
2.4969 2.6398 0.3911 6.0731 6.0362 0.4049 6.0583 0.8957 0.4131 0.5109 0.9779 2.0335 2.3365 2.7504 2.7495 2.0701 2.4344 2.7490 2.6826 3.9180
3.0614 2.7592 1.8547 6.1001 1.0634 5.7701 0.4249 1.0808 0.7746 1.4406 1.5857 1.7865 2.1208 2.6365 2.8000 2.1637 3.1135 2.9330 3.2141 2.7933
3.1814 1.5570 1.1539 0.2313 0.3201 0.5366 0.7348 0.9329 0.6031 1.3928 1.4828 2.1319 2.4172 2.7401 2.9412 2.7719 3.1567 3.1107 2.4126 3.5383
2.3345 2.8166 1.6445 0.8172 0.4879 0.9306 0.1896 0.5618 1.0324 1.6719 2.1041 1.9738 2.1252 2.9050 3.4421 2.2693 3.8041 2.7089 2.8181 2.6553
5.1717 4.0100 6.1162 0.9817 0.3114 0.9569 0.2463 0.1094 1.8425 1.5565 2.2258 0.8331 1.7398 2.2452 3.0010 3.7610 3.6790 3.8185 4.8435 4.8280
5.1484 4.7458 6.2060 0.3273 6.1584 0.4739 6.1814 1.0444 0.9523 2.2240 1.6933 1.4891 2.0538 2.8078 2.3918 3.6055 3.1984 3.7976 5.0333 5.0237
5.5153 5.9388 5.3702 5.8853 0.0166 0.3588 0.5858 0.4187 1.5777 2.0595 1.8405 2.6414 2.5557 3.1542 2.8487 2.8968 3.4099 3.6459 4.6883 4.7714
6.0501 5.8850 5.2901 5.4881 5.6150 0.6088 0.3855 0.8320 1.6947 2.4202 2.2848 3.3193 2.9572 2.7354 3.4065 4.4811 4.6065 5.0201 5.4195 5.6524
4.7695 5.5706 4.7590 5.1315 5.4342 5.5153 0.7133 1.2880 1.4899 1.8976 1.9452 3.0261 2.6323 2.6202 4.6501 4.8168 5.0799 5.3237 4.6100 4.1852
4.6481 5.7436 5.4546 4.5768 6.0968 6.2762 5.5617 0.5303 1.2464 0.8899 1.3467 3.4064 1.9493 0.5468 5.1613 4.9143 5.0995 4.8542 4.8420 5.2597
5.3171 5.4909 6.2164 4.1061 4.9154 0.0366 5.9863 1.2713 5.9690 5.7923 2.0270 1.8264 0.7563 5.8865 5.8888 6.1202 5.5979 5.9388 4.3939 5.2428
6.0897 5.7710 4.9487 5.5284 5.2837 4.9376 5.1328 5.7276 5.5340 5.6429 0.1068 0.5276 0.1710 0.2968 0.5027 6.1935 0.3544 5.3830 5.0291 5.7717
5.6396 5.7457 5.1251 5.3718 5.2505 4.5795 4.9653 5.5279 5.4101 6.0581 0.4903 0.3005 5.7379 0.1878 5.9635 5.5194 4.4269 4.9274 0.0270 5.8583
5.8350 5.8771 5.3029 5.2583 5.3574 5.7720 6.2655 5.5103 5.7100 5.8638 5.8180 6.2555 0.7078 5.9243 0.4109 5.4312 4.8031 4.5555 5.7628 5.6908
5.9876 5.8130 5.9660 0.0808 5.3720 5.7047 5.7736 5.9093 5.0564 5.8883 5.3959 6.2459 0.5268 6.2026 0.1859 5.3676 4.9267 5.4044 5.6568 6.1118
5.4691 5.5864 6.2206 6.2582 6.0865 6.0176 4.8939 5.3873 5.0256 5.6553 0.7734 6.2658 0.2693 6.2234 6.2077 5.7923 5.6890 5.3276 6.0341 5.5969
