2.2849 2.2570 2.3037 2.8629 2.1697 2.2295 1.0405 1.3072 1.6421 1.3107 0.2252 0.9106 2.2732 2.9903 3.3086 2.9762 3.1381 2.1684 2.7574 2.1534
2.1545 2.8004 2.9002 3.4349 1.6262 0.9311 0.8156 1.0439 0.6138 0.1478 0.3718 0.5483 2.4412 2.7611 2.7943 3.4540 3.3750 1.5147 2.1891 1.9910
2.6474 2.6704 3.5829 2.9810 1.2598 0.0014 0.8190 0.6212 0.1272 0.9435 5.7959 5.1020 3.4661 2.3575 2.3639 2.7660 3.0811 2.3576 2.8647 2.9561
3.0484 3.3137 3.2787 2.1982 0.5309 5.8615 1.0814 1.2542 0.6420 0.9709 0.3199 5.1251 3.7410 2.6767 2.5396 2.1804 2.9664 4.0130 3.4813 2.4992
3.7466 3.8715 2.8780 2.7175 5.6042 6.1183 0.6269 1.2772 1.8490 0.8504 1.5963 2.3983 2.3910 3.8343 4.1091 3.7608 3.3933 3.1430 3.2257 4.5646
4.0998 3.9759 4.2806 5.0302 5.6694 6.1073 0.7047 1.1290 2.0049 1.0238 1.0107 1.0497 2.3815 2.3234 3.2283 3.1557 3.4910 3.2445 3.7146 4.1951
4.0780 4.4434 4.3813 5.2699 5.1291 4.8966 0.0935 0.6690 1.0897 0.8229 0.8020 0.9318 1.7594 2.0806 4.0003 3.4179 4.5983 4.3186 4.4694 3.6183
4.2588 4.4703 5.1146 5.4650 4.8127 4.9579 5.5635 6.0439 1.1149 0.8822 2.8003 2.5758 2.2055 2.7335 4.9624 4.5929 4.5341 4.9729 3.8502 4.2289
4.5854 5.0397 4.0284 6.0923 4.2077 4.3781 5.4593 5.7359 2.5903 1.4348 3.0976 1.9807 2.4346 3.7603 4.7294 4.4039 5.2105 4.9777 4.0033 4.3840
4.0537 3.8174 3.8028 3.5949 3.3894 3.5491 4.5638 6.1399 0.3298 1.2386 1.8735 2.7742 3.6831 3.7921 4.3811 4.6736 4.9285 4.3258 4.0237 3.9901
4.6296 2.1472 3.1118 4.2699 4.1831 5.0699 5.8772 0.2958 0.9975 0.9487 0.9759 0.3657 3.9662 5.5989 5.0737 5.5017 5.4962 4.2542 4.9362 4.8769
3.8563 3.6661 2.1806 5.4738 5.1715 5.2709 5.2800 0.1884 0.4358 0.3408 6.1169 6.2068 6.2399 5.5197 4.5556 5.0353 6.0185 4.0926 3.9685 3.5764
4.1412 2.7249 2.7577 5.0080 6.2468 0.3904 0.1159 0.4958 0.9096 0.6237 0.4940 0.7223 0.2628 3.9734 4.3671 5.0382 5.5223 4.2906 3.5367 3.2908
2.9690 2.2710 1.4684 1.4969 0.5058 1.3937 1.2871 1.2536 0.7498 0.9616 0.6589 0.9359 0.4661 1.8462 5.1709 4.9426 4.0437 3.4257 1.6465 2.9437
2.1863 1.8392 0.8982 1.5506 2.0743 1.7533 1.4919 1.5364 1.3880 0.5595 0.3758 0.3214 0.4300 5.8798 5.4046 4.6009 3.7189 3.5247 2.3882 2.7733
2.8409 2.4728 1.6778 1.4857 2.2230 2.2781 1.7922 1.3507 1.0372 1.1335 1.1306 0.4228 0.1114 5.7750 5.4529 5.3597 3.7319 3.2558 1.9096 2.2999
2.4180 2.3285 1.9121 2.3884 1.8761 2.1282 2.6005 0.4084 0.8670 0.4910 0.9298 0.3781 0.6928 5.8257 6.0194 4.6926 4.8108 3.4377 2.7672 3.2692
2.2499 1.4131 2.1097 1.8780 1.5893 3.0236 2.1573 1.2722 1.2052 1.4287 0.9673 1.0584 5.8368 5.6868 5.1990 3.5702 4.9260 3.1058 2.5939 1.8854
1.6870 1.8194 1.6210 1.7785 3.1475 3.1265 2.1401 1.9505 1.1110 1.5594 0.4997 0.6070 5.6991 3.9848 3.9779 3.7697 3.7082 1.8312 2.3419 2.7537
3.5502 1.5477 1.6787 2.5381 2.7482 2.1443 2.4185 1.7753 1.8911 1.5113 0.7915 0.5361 6.1716 4.0072 4.6539 2.9447 3.2651 2.9821 2.1549 3.1005
