5.5975 5.1648 5.5387 5.2680 5.4007 4.4858 4.6225 4.5451 3.9261 4.1150 4.2748 4.4202 3.4368 4.3344 3.7778 3.7743 2.9530 3.5927 1.6724 0.1210
5.7037 5.4456 5.2381 6.0035 5.8046 4.4376 4.1661 4.0817 4.3345 4.4697 4.8986 5.0681 4.1124 3.6217 4.5906 4.7510 2.9355 2.3544 0.8122 0.6032
0.1343 5.8330 5.7925 6.2618 4.2772 4.8503 4.9322 5.1929 4.4994 4.7284 5.6847 4.7597 6.0682 0.4060 5.3833 6.1638 1.5274 1.9002 1.6173 0.8518
0.0005 5.9053 6.2592 4.9111 4.3324 5.2308 5.2870 4.9443 5.3596 4.9571 5.6873 5.5813 6.1005 5.5656 5.9271 0.7466 0.6547 0.6595 0.9299 0.6450
0.0804 6.2737 0.3189 5.1353 4.8438 5.1913 4.7564 5.0937 5.2410 4.9551 5.4437 5.4519 5.4276 4.9667 0.5134 0.3694 0.4753 1.2247 0.5407 6.2178
6.0613 0.2483 6.0429 6.2169 5.7035 6.0085 0.1654 5.5912 5.3940 2.5857 0.9895 0.9104 1.2105 0.1003 0.0837 6.0543 0.2360 6.2823 5.4919 0.0477
5.0324 5.5858 5.4234 5.9422 6.2679 0.0880 0.3799 6.2715 0.5664 1.7809 0.7348 0.1004 0.4254 0.3919 0.0659 0.0977 6.2166 5.8257 5.5710 6.0144
5.2294 5.7924 0.3866 0.4498 6.2412 0.2400 0.5517 0.7737 0.3137 0.3627 0.5264 0.5148 1.4922 0.2362 0.7346 0.0812 5.7917 5.7424 5.7334 5.3597
5.3830 5.0069 0.0997 5.3197 5.9757 0.1770 0.2166 1.0463 0.2601 0.0974 0.3261 1.4742 1.4093 0.6799 0.4034 5.8524 5.5408 5.5048 5.2192 4.6613
5.0523 5.1902 0.6060 2.0467 0.2144 0.6544 6.0667 0.6748 0.3321 0.4143 0.8895 1.3626 2.1120 1.1285 5.6399 4.9293 5.1461 5.7610 5.1669 5.7421
5.3310 5.4833 0.2397 0.4041 6.0741 0.0566 6.0012 5.5770 5.9182 5.1515 5.4817 5.8292 3.3246 3.4145 5.1826 5.1007 5.0439 4.9720 4.5268 5.1229
5.7827 5.6771 5.2586 5.5438 5.2009 5.4831 5.3207 5.4890 4.9112 4.7541 5.4238 5.0271 3.7566 4.2520 4.9693 4.9106 4.4345 4.3454 4.0869 4.9955
5.3661 5.8127 5.3452 6.0636 5.0466 5.9046 5.2702 5.5893 5.3166 5.1955 5.3573 4.8955 4.4392 4.5754 4.4494 4.4332 3.9899 4.2113 4.1612 4.5301
3.9422 5.4277 5.3012 4.9187 5.3847 5.9497 1.7811 5.9770 4.4782 3.9618 4.2496 3.9261 4.2261 4.1045 4.6353 4.4671 3.8531 4.0694 3.8643 4.7323
4.6856 5.2690 4.7648 4.7902 4.3521 3.7351 3.6707 2.9088 4.1434 4.1025 3.6900 2.7342 3.4430 3.2611 3.8594 5.1488 4.1631 4.1167 3.9883 4.4508
4.7497 5.0659 4.2535 4.5764 3.7716 3.5649 2.7575 3.6117 3.7747 3.8507 4.4338 2.9292 3.3176 2.9670 4.1863 3.9344 2.9470 3.4135 3.4354 3.8481
4.8295 4.9595 3.7670 4.0646 3.6801 3.9336 3.1167 3.7634 4.5311 3.7159 4.1590 3.4112 3.2611 3.0422 2.8860 3.7192 3.6807 3.0194 3.7505 3.7280
4.5511 4.2001 3.9103 3.8760 3.9925 3.1210 3.2289 4.0111 4.3511 4.3156 3.5092 3.7814 4.0683 3.0592 2.6651 3.5394 3.1712 2.0786 3.7226 3.6614
4.0576 4.1555 4.0430 4.0406 4.4027 3.5909 4.2107 4.1911 4.3086 4.1259 4.0004 3.7855 3.5173 3.5471 3.0620 3.4036 3.1599 2.3353 3.1575 3.1566
5.1647 4.2439 4.5797 4.7713 4.6576 3.9871 4.2971 3.9787 4.2878 4.6280 4.1922 3.5760 3.7131 4.3717 3.8843 3.3938 3.8249 2.4395 2.4899 3.5661
