2.1298 2.4440 2.1877 2.3991 3.8703 3.0595 2.5318 2.8395 3.0308 3.3155 1.7674 1.9510 1.2153 1.0051 0.3559 6.1878 0.2242 0.6254 1.7234 2.1110
1.8654 2.8041 2.0965 3.0872 4.4618 2.9674 3.1620 3.2770 3.3812 2.7608 2.0319 1.5133 0.7825 0.5348 0.6249 0.8149 1.1685 1.8566 1.9357 1.4679
2.2206 2.7714 3.4819 4.6138 3.3450 2.0632 2.9387 2.4480 2.0825 1.7882 0.6568 1.2439 1.2557 0.8221 0.8537 0.9570 1.6436 1.8439 1.9902 2.1989
2.7459 1.9672 2.0429 3.1807 1.2621 1.4371 1.9354 1.5795 0.8286 2.2024 1.1002 0.9913 1.2707 0.9761 1.4531 3.3741 3.0770 3.5503 3.1190 2.6368
2.1649 2.0874 1.3421 1.5638 0.7080 0.9739 1.5623 1.5617 0.7479 1.3455 1.2891 1.0676 1.8694 1.4451 1.0727 2.2000 2.5494 3.3671 2.5944 1.9219
0.9834 1.8113 1.9959 1.1655 0.2908 0.7390 1.4629 1.8015 1.8211 1.0503 2.5531 1.4196 2.3755 1.9720 1.1337 1.4793 1.9197 2.1821 2.5044 1.2232
1.9526 1.0677 1.3776 1.4677 1.1574 0.5535 1.8568 1.8628 1.7556 2.1956 2.4297 1.1587 1.5029 1.3336 0.7890 1.3430 1.4632 1.8872 1.5997 1.9251
1.6110 1.6590 1.3762 0.5923 0.6087 1.2946 2.1428 2.7042 2.0376 2.2905 2.4691 0.3195 1.4976 1.5001 1.7423 1.3843 1.2303 1.6713 0.5961 2.1483
1.4670 1.2956 0.9439 0.9424 0.5256 1.1795 1.3885 0.8974 2.0552 2.3848 2.1761 2.3713 2.5800 1.8438 2.5309 2.4250 1.2314 1.3546 0.8263 1.7159
0.2320 0.5621 0.4790 1.2051 0.8730 0.7170 1.4895 1.3084 1.5709 2.1971 2.0652 2.1423 1.7770 2.1206 1.5341 1.0205 1.9807 0.9121 1.0060 0.9110
0.3668 0.6584 0.3033 0.8008 0.8712 0.9368 1.6804 1.1366 1.1807 0.5974 1.7099 1.7343 1.9677 2.7795 0.7651 1.5574 1.7128 1.3977 1.1568 0.5898
0.3784 1.1218 0.2298 0.0923 6.2126 1.7034 0.5791 6.0909 0.5577 0.6954 1.3853 1.1788 0.9357 2.2119 1.2390 0.9069 0.9890 0.9866 0.2331 0.5711
5.7538 5.5997 4.7238 4.9156 6.1759 5.7536 5.9542 5.3811 5.3114 0.0880 6.1775 0.1814 0.0501 1.1269 1.5581 0.3717 0.1831 0.1631 6.1904 5.7315
4.9472 5.2354 4.2169 4.7566 6.2674 5.2826 5.8933 5.9455 5.9142 5.7901 5.1739 0.9401 0.7125 1.0029 0.7680 0.5873 0.1549 5.8093 5.3118 5.0591
5.5725 4.7676 4.5036 3.9909 4.0437 4.5723 5.2832 5.0498 6.2316 6.0285 5.5415 0.1726 0.4715 0.8569 0.1285 0.1512 0.5977 5.8703 5.3694 4.6709
4.7925 3.6451 3.8021 3.6663 3.7728 3.9435 3.9695 4.1330 5.8299 6.0822 0.0898 6.1578 0.1199 0.7988 1.5220 1.0199 1.4371 0.7202 0.6688 3.7694
3.9231 2.6117 3.8626 3.5613 4.0752 3.5911 3.7351 3.3941 4.3035 4.1102 1.6173 0.5512 6.1715 0.6355 1.7763 0.5638 1.3451 1.9220 2.0006 3.6367
3.2342 3.9139 3.6989 3.4698 3.2159 2.3033 2.7659 3.2967 3.4920 3.6436 2.1964 6.0002 0.2081 6.2770 1.0515 0.5559 0.8454 0.4754 2.2078 3.0044
2.2792 2.6236 3.6239 2.7356 3.3052 2.8999 1.8341 2.5842 2.2766 2.9045 2.6631 1.1579 0.3093 6.1525 0.2603 0.8419 0.8640 0.8836 0.5899 2.5887
2.6775 2.4473 3.6864 3.2723 3.3623 2.8370 1.5362 1.9980 2.8501 3.8904 1.6166 1.1065 0.8562 1.2130 0.5650 6.0944 1.0430 1.1446 1.8526 1.6513
