1.1305 1.4925 2.9149 1.8570 2.4082 2.0748 3.2722 3.5839 4.2737 4.0197 4.6200 4.6135 3.9760 5.7833 4.7235 4.6987 0.0983 0.9717 1.1003 1.4714
2.2817 1.2400 1.7655 2.7575 2.5874 2.7986 3.8488 4.1334 3.8044 3.0757 4.9834 4.6337 4.3284 5.3511 5.2579 3.9899 2.1827 1.6109 2.0300 1.1628
2.2225 1.9555 2.6609 2.7603 3.7896 2.7885 3.5216 3.6582 4.3855 4.6775 5.2275 4.7799 4.0990 3.6289 3.7724 2.9933 1.8502 1.9489 2.2361 1.9488
2.3010 2.3372 2.0688 2.3938 2.7550 2.4806 2.6477 2.6327 3.1191 3.5633 3.9333 3.9579 3.3348 3.1352 3.0319 2.4837 2.1777 1.3940 2.0465 2.1695
2.1397 2.3497 2.0607 1.9292 1.3385 2.4107 2.6477 1.9330 2.3151 3.4428 3.6428 3.3280 3.1179 2.9600 2.5444 2.5674 2.6187 1.5063 1.3682 1.8182
2.1582 2.4744 0.5795 1.6734 0.9299 1.9189 1.0902 2.4876 2.3902 3.1499 2.8512 2.7235 2.4761 2.1024 1.6959 2.7241 2.7167 2.1354 1.4718 1.2116
2.5270 1.8385 1.4910 1.1350 0.1227 0.7283 1.8193 2.4012 2.6525 3.5983 3.3577 2.4307 2.2526 1.9960 3.3984 2.2719 2.5466 1.4792 1.1189 1.5655
1.7935 1.3156 0.7339 0.4728 0.5904 0.9768 0.2735 1.0885 2.2361 2.5255 2.2440 2.7497 2.6632 2.4421 2.8034 2.9523 2.2183 2.5979 2.1803 2.5514
2.0096 1.3852 0.5565 0.0527 0.7028 0.8783 1.3646 0.4457 1.0098 2.0876 2.8264 2.5766 2.6000 3.4622 3.1092 2.6210 2.9515 3.3471 2.4985 2.5367
1.7316 0.8189 0.2328 0.6659 0.8752 0.7917 1.3104 1.3114 1.2493 1.7068 1.9809 2.0170 1.2173 3.3338 3.6228 3.7579 3.3621 3.2002 1.4663 1.5989
1.0511 0.9952 0.2428 0.2168 0.6544 1.0885 1.0755 0.6063 1.1096 2.0094 2.4786 2.3599 1.5906 5.0057 4.4621 3.6461 4.0096 5.4566 5.7198 4.9204
0.2814 0.2613 0.3672 0.2193 1.1525 1.6903 1.0293 0.6018 1.6114 2.4546 3.1371 3.2925 2.8292 3.8086 4.1324 4.0233 3.5239 4.9467 5.1960 5.7014
5.2557 5.6726 0.2849 5.9532 0.4032 6.1562 0.4754 1.0996 0.5954 0.6706 2.7850 3.1251 3.1116 3.8110 3.1650 3.3423 2.8744 3.7153 6.0614 6.0155
6.0791 0.4317 5.9437 5.6945 6.1977 5.1600 0.1042 0.7019 4.0803 3.1783 2.9177 3.8719 4.5251 4.7958 2.8560 2.8476 3.3783 4.7034 6.0090 0.1912
0.2662 0.4659 0.4552 0.1983 5.6191 6.1023 6.0591 6.0498 4.9536 4.2275 3.5005 3.5655 3.4210 3.6150 3.4670 2.9887 2.9200 5.1370 5.6012 5.7652
0.4698 0.4422 0.9596 1.0858 1.0684 1.5084 2.7946 3.7054 4.1883 4.0038 3.7718 4.3051 4.3149 4.2869 3.2910 3.5210 2.5756 5.0828 5.6829 0.1726
0.1201 0.0083 0.3113 1.8273 1.7432 2.4489 3.2106 4.0691 3.7950 4.7018 3.4444 3.7436 3.4224 4.9842 4.2664 3.3230 2.9628 4.6580 6.1464 1.1308
0.6963 6.0654 0.0637 1.8388 3.1133 3.5811 3.8464 3.7012 4.1167 4.1376 4.3609 4.3881 5.4368 4.7970 4.9098 5.7777 4.4050 3.9472 0.2255 0.6301
0.0695 0.8465 1.8248 1.9851 2.3668 2.2930 2.8961 3.6303 4.3922 4.9029 4.5145 4.8429 5.6136 5.3919 4.2712 5.4956 0.1208 0.1977 6.2138 1.0541
1.3418 1.3617 2.3939 2.9076 2.8626 2.7158 3.2191 2.9085 4.2705 4.0254 4.4237 4.5597 4.9098 6.1252 4.5260 5.0826 0.6357 1.1568 0.7774 1.2769
