5.5141 0.2354 0.6816 5.3926 0.5643 3.5840 2.2238 0.9889 4.7422 5.3248 2.7576 2.5545 2.4071 3.6196 3.1441 1.8087 2.7328 1.6399 5.2443 1.4010
3.5149 4.1712 2.1034 0.7051 0.0110 0.7250 3.0504 5.0285 4.0171 2.9230 3.1312 2.1403 2.7766 3.6753 3.5342 3.7817 4.1423 4.1257 4.0435 3.6921
2.1217 0.6626 3.2388 5.0711 4.2633 1.6636 2.7847 2.6863 4.3161 3.6731 3.0895 4.6034 1.9977 0.4475 0.5804 1.0605 4.3391 3.2767 4.7732 0.9126
3.1138 2.6341 2.7789 2.7526 3.1028 4.5876 3.0123 0.5531 3.6350 1.2360 2.1107 2.1252 2.0825 3.3861 2.7131 2.9791 4.6979 5.7727 4.1732 3.4478
5.6182 5.8757 3.0357 5.2170 3.7901 2.1700 4.0883 3.6807 2.8194 2.8115 2.8164 1.4073 1.8023 5.8848 0.7051 5.0381 5.4425 3.2604 3.5144 5.8987
6.2287 2.4458 2.3125 0.8547 4.1551 4.1231 4.9646 4.1557 2.9629 1.2830 0.9513 0.8370 1.0276 2.9099 0.7009 0.8778 0.2970 0.2951 0.7299 1.3080
4.7627 5.4347 2.4908 5.0130 4.3287 1.8071 4.9427 4.6733 4.1731 4.8676 4.2533 4.9692 0.3512 0.0134 5.9296 5.1968 4.5579 5.1145 5.0747 4.4359
2.4272 3.3093 3.1640 2.2987 4.0601 5.3984 4.8324 2.9488 2.5251 1.6771 1.6226 1.2067 1.7981 1.5467 0.5846 0.6825 0.3412 0.0158 5.8828 1.3302
3.3821 3.0726 3.7960 5.4775 1.7305 2.6547 6.0859 0.8796 2.8433 3.9225 3.6622 4.6625 2.7974 5.5995 5.8528 3.8173 3.3626 3.9046 4.4819 4.7710
4.2841 3.3220 2.9764 2.9555 1.1514 5.8419 6.2339 3.2267 4.3279 5.6008 4.6680 3.1905 2.0680 1.6568 1.8721 2.0350 2.4272 2.1432 2.9862 2.5725
4.8751 5.1908 3.1088 0.5925 0.9060 1.8887 0.8005 0.1293 4.3132 3.9631 5.0285 4.8034 0.2080 0.0339 0.8112 3.6007 2.2659 4.9549 3.4169 3.8290
0.7054 2.2492 3.4282 3.5156 4.2529 4.7867 4.5185 4.0633 4.5327 1.1190 1.0730 1.0083 0.9481 1.8089 0.6596 3.3356 5.2864 3.4491 5.0156 0.5777
5.4303 1.1794 0.9544 1.7693 5.1703 1.4433 0.9182 0.2121 1.8916 3.7067 3.9433 2.7548 5.4679 2.9860 6.2213 0.9792 5.7695 0.4071 5.9129 4.8953
4.3245 5.0656 6.1449 5.1139 5.6664 4.5165 5.1733 0.4504 1.5919 0.6395 2.4660 4.4953 3.9861 5.0443 5.5205 4.7923 5.3870 4.8285 4.6140 5.1510
1.7326 2.7104 0.8351 1.1330 0.0273 1.5611 1.8022 3.9674 1.9347 2.3596 3.0557 2.0175 4.4754 5.8241 4.5186 1.2107 2.5132 2.1599 3.9374 2.6346
5.6908 0.0719 1.5443 3.1190 0.4355 0.7307 1.7528 1.5800 2.2773 0.8170 3.1815 5.2044 3.8479 3.8289 3.0339 3.4859 2.3490 5.2495 5.3642 5.1277
1.1471 1.6448 0.5069 0.6306 0.4672 2.8958 2.5851 3.5057 3.4035 3.5188 4.3272 2.0015 2.1688 1.4573 2.0519 2.2178 1.0283 5.9926 0.0664 1.4715
0.1023 5.7697 1.1978 3.4089 5.8016 0.5962 1.6869 2.0505 0.4111 0.8599 5.2415 5.3412 3.4958 3.0504 3.1898 4.9241 0.3680 5.2320 5.8432 5.3667
0.9263 1.2145 0.4699 5.8651 0.6643 4.2117 2.6203 4.7319 5.7274 4.4582 5.0063 3.1681 3.2835 3.1741 3.4634 0.7219 1.3666 1.2628 0.9987 0.8943
1.9162 2.8469 1.4754 1.1630 0.8035 1.2002 2.6185 2.7300 2.6630 1.7085 4.8420 5.4654 2.7542 1.6839 3.4609 4.4447 3.6911 4.1551 5.0144 4.2697
