6.0242 1.4540 3.2764 2.1872 3.2750 2.4440 3.3050 2.3121 3.9936 3.3728 5.2082 2.1443 0.9947 4.8718 3.2904 4.4771 1.3505 1.0138 0.1981 1.8702
4.9924 4.3659 2.9954 5.2409 3.5943 4.3046 4.0674 4.5750 3.9845 3.4466 4.4601 3.7110 5.8941 2.6416 1.8126 2.1101 2.0788 3.4922 1.1015 5.4265
4.2794 1.9666 2.7657 1.1913 3.3517 2.7660 2.6906 1.9776 2.2960 0.0993 0.4080 1.0253 0.0988 6.2207 1.0873 4.6497 1.0499 0.3820 0.6341 2.7847
3.9081 3.8562 3.2197 2.3319 1.8942 1.1526 3.4105 4.1852 3.1586 2.2074 0.1053 0.2493 0.3109 0.6427 1.2819 1.2782 1.2313 0.8315 0.4420 6.0688
2.0275 1.6568 3.1726 3.5971 3.2805 1.7436 1.0782 5.9135 5.2496 5.7719 0.9370 5.4278 4.8645 4.9169 6.0443 0.1301 0.8416 2.2519 1.2161 2.6763
5.0669 4.8319 2.7975 0.5172 3.0890 3.3799 2.6458 1.9767 3.0264 2.0085 1.7223 3.1642 5.2273 1.8142 1.4314 0.5714 0.1524 5.1456 0.4197 5.9038
5.3413 6.2208 4.0038 3.8254 3.9681 4.9380 4.6408 4.6881 4.0532 4.1880 1.1798 1.7789 0.4574 1.9845 1.4702 2.6650 0.8584 1.7536 1.8724 2.3695
5.2480 3.8886 3.4763 1.8213 3.2895 1.1881 6.2806 4.9038 3.9860 2.8988 1.1106 5.6651 0.7864 0.9103 0.9219 6.2715 0.4699 0.4324 0.4088 4.7932
6.0443 2.3879 2.6693 1.4328 2.7446 3.4459 6.1283 6.2644 2.4465 2.4081 2.1080 3.0283 1.5560 2.2799 1.2026 2.7326 3.7437 3.8625 0.5613 0.9580
6.1910 5.4415 3.3785 4.1185 2.9390 5.7948 5.2546 4.2070 2.8282 3.1830 2.0853 1.7083 1.9487 0.1575 2.6529 1.3912 1.3994 1.7024 3.6461 4.8707
0.7960 1.9348 2.5144 1.5398 2.6321 2.5361 2.4410 0.9534 1.5350 1.3705 0.8466 3.9788 4.1778 4.4193 4.0306 5.5535 1.1240 3.7632 3.8230 4.4109
2.6562 2.5142 2.6125 2.6051 1.8152 3.6160 3.3528 5.7641 1.0538 5.4988 1.0392 0.0474 0.5513 1.0219 2.7442 2.0927 0.5173 0.0588 4.6504 3.6639
3.1472 3.9630 3.6952 4.5666 3.6076 1.1626 1.6901 1.9348 0.7848 0.8756 0.9894 0.7728 0.3410 1.9086 2.4244 0.2256 0.1925 2.7508 4.9096 1.2166
2.5220 2.8712 3.8033 3.0951 3.2889 3.9471 3.4007 5.1222 4.8728 4.5866 5.7296 5.3118 5.3447 5.0413 4.7811 5.0927 0.2404 5.9038 5.6284 2.4688
3.9623 5.1801 2.2462 1.3599 4.0597 1.9929 3.0606 2.9333 4.5675 4.2541 1.8334 2.1977 1.1551 1.3742 2.4146 1.6141 0.8574 2.4213 3.4074 3.7172
3.7812 2.3937 2.8039 3.0763 3.8855 5.5464 5.5259 5.3975 4.3400 0.7396 0.8029 5.6915 0.9063 4.0059 3.7525 4.3648 0.3729 0.1754 3.3709 5.3551
2.8783 1.5416 1.9439 3.7222 3.2148 3.1183 2.2351 1.6315 4.8233 3.7541 0.2719 1.7670 1.4900 1.3185 1.8265 1.7961 1.3323 3.2902 3.7563 3.0547
3.6663 3.0250 2.2747 0.7356 1.6140 6.2800 1.6595 4.6572 5.2611 6.2807 0.1728 4.1045 0.9580 0.7667 1.2225 0.2158 5.8909 5.9306 5.2989 4.4369
3.4744 2.0139 1.6582 4.0826 2.9728 2.3661 5.8727 0.2363 5.4984 5.1196 6.0537 2.8923 0.4769 1.0428 2.0364 3.2904 1.2737 1.3295 0.3150 0.9813
4.5453 4.4017 4.2228 4.3539 3.4962 2.8572 3.3020 4.0411 4.9657 5.8500 0.5139 5.8961 6.1886 1.1304 3.2381 1.3750 0.4527 5.1904 5.4383 4.9095
