0.0696 0.2030 0.0169 6.2413 0.7252 0.8242 1.4140 1.6190 3.5000 2.9071 2.5311 1.8467 2.9066 2.2248 2.1072 1.9322 3.0817 3.8072 4.7327 0.1979
4.4498 4.3991 5.0041 4.0741 3.4875 2.8626 4.1495 5.0719 3.7261 3.4407 3.2267 5.2837 4.3288 4.1490 3.6283 4.8110 2.7011 2.0369 3.5941 3.9462
4.9761 4.6004 0.7512 1.4291 1.0474 0.2848 4.7597 5.7191 0.5508 4.8425 3.5300 1.4793 1.8030 1.6085 2.4227 2.2353 2.4921 3.2809 4.0204 5.3804
2.9585 1.6108 5.3869 5.9301 1.1286 3.2483 4.5452 4.3231 1.4687 1.0539 2.6646 3.9790 2.0347 3.9296 2.5150 2.9233 2.4344 3.2171 2.6900 2.4642
1.6781 5.6219 5.4273 4.6077 0.2639 4.4595 4.4428 3.4227 1.2437 2.5619 2.3048 1.4709 1.3385 0.3059 1.9277 0.2012 0.0718 0.3796 3.4265 4.4273
1.8330 1.6110 5.3201 1.9622 0.2652 1.3355 1.4187 0.9301 1.3699 6.2830 1.0415 0.8970 1.6088 2.5870 2.5277 2.5034 1.4574 5.5832 0.9453 1.8598
1.5840 3.6694 4.0326 4.8144 2.3201 2.3096 1.4746 3.5513 2.7912 0.4011 1.5727 2.8701 2.1111 2.3179 1.8732 5.0032 0.7006 1.1116 0.5667 0.5214
1.2435 0.9410 2.0887 2.1737 3.8746 2.8692 2.0009 2.5337 2.4401 3.0983 0.6959 1.8325 2.3408 4.2580 1.9877 2.5896 0.8258 0.2444 0.5143 0.9590
0.1411 0.3328 1.0066 5.8580 5.4546 5.5367 1.7749 5.7159 1.4565 0.5480 0.3241 0.3693 3.5038 2.4463 2.9672 0.0917 0.3710 1.4792 0.9181 5.6668
0.5395 5.7578 2.3701 1.7282 1.5840 2.0126 3.1018 1.7852 2.1721 4.3586 0.3342 3.6241 4.0491 2.7658 2.0247 1.3049 0.2062 5.3133 1.1758 2.3690
5.9619 2.0439 1.9206 0.7733 1.1100 2.9495 5.6197 5.3357 1.6681 1.6641 0.5824 1.6563 2.1036 0.0077 1.7784 0.4314 0.4674 1.5625 2.2177 6.0575
0.1245 0.1157 3.2682 3.2560 1.9895 3.0720 1.2811 1.9525 1.3698 3.0147 0.6649 3.5199 1.9068 2.6785 2.6151 2.4520 0.1318 4.2572 3.1615 1.1590
4.1463 3.0949 2.5867 2.9949 1.4049 1.1313 6.2816 5.0705 0.7221 0.4536 0.8420 6.2334 5.0755 5.2941 2.5917 5.6318 5.6443 1.2025 3.1807 2.9361
4.0116 3.0243 3.4458 3.6015 3.1085 2.9390 1.4743 1.5508 6.1832 4.9108 6.1835 2.2631 3.9085 2.9736 2.6875 3.4881 4.4744 3.4714 2.6993 4.8280
3.7156 2.2852 3.7530 5.6110 0.0569 6.2176 0.5335 5.2151 0.2445 0.3793 6.0171 5.3443 5.8045 0.2172 4.5180 5.8036 4.7267 5.3322 3.3733 3.1312
4.2793 3.5235 4.0962 2.0455 1.9394 1.2073 0.7030 1.2353 5.9895 5.3444 0.0052 1.0266 4.1637 3.4478 3.6185 3.8383 3.2890 2.8643 3.0596 3.8154
6.0211 0.1397 5.5074 6.2161 3.8961 3.9632 0.1752 3.8036 3.4370 1.4268 4.1958 5.5134 5.6020 0.0336 3.1516 1.0896 2.4552 0.9538 1.8620 0.2004
4.8466 5.3908 0.1937 5.3964 1.8363 1.2120 1.4344 0.2833 0.0761 4.7659 4.1148 3.4470 3.9635 4.3876 4.6079 4.0377 3.5172 4.9727 4.5239 3.9228
6.0443 1.8652 0.9887 1.7379 1.9677 3.0006 1.5642 0.9285 0.4057 1.1120 1.8434 1.4632 1.3206 1.0874 1.7763 2.6952 2.8209 3.2184 4.7448 0.3043
5.3988 5.2094 5.3161 3.5022 1.5044 0.0882 0.4314 5.0204 4.8240 4.0545 1.9994 5.1986 4.7672 4.9976 3.7051 5.8583 1.9083 1.0736 4.5529 3.8496
