1.0634 5.2079 5.9441 0.7634 0.5212 1.5988 4.5766 4.0194 4.7349 5.1638 0.0214 0.6786 5.9312 6.1735 5.0366 3.8789 2.6771 1.2041 1.1021 1.2266
0.9596 1.8970 0.5767 4.4444 4.7755 5.6779 5.8938 1.5601 2.3445 1.6494 3.1731 3.2656 3.7449 3.3178 3.7818 3.7519 2.1839 2.8078 1.0363 6.1377
4.9719 4.2025 5.9913 2.0354 2.3870 2.0967 5.1602 4.2811 3.3350 3.6455 2.9396 0.7795 1.7225 1.4419 2.9470 2.3899 3.1334 4.5780 1.5078 0.9105
0.4378 1.8106 2.6147 0.7826 2.4807 3.8055 5.2360 6.0371 3.5395 2.1959 2.7617 2.7517 3.0226 4.2934 4.1178 4.7102 1.5963 1.1535 1.6255 0.7736
4.2408 3.5803 2.6646 2.0404 2.4240 1.4606 2.2348 2.9752 3.6746 3.9434 3.9120 3.8281 3.3684 3.0529 2.3322 1.4807 0.8594 3.1584 2.6490 3.5274
3.2793 4.1116 3.0348 2.7690 3.6593 3.8255 2.3799 5.2914 3.9359 2.0335 3.3980 1.6587 3.1824 2.8136 2.4567 0.2280 0.3217 5.9991 1.9662 1.0445
3.1765 2.4315 3.6546 3.8654 3.4431 1.4258 2.0515 3.9587 4.3661 4.4160 3.9588 3.5249 2.9292 2.2996 3.1545 2.5399 1.1652 3.2367 3.7742 4.1028
2.5125 1.8324 2.5915 1.8184 3.1975 4.5930 4.2432 3.8458 3.8404 2.5423 3.2718 4.1408 3.5085 2.5226 3.5783 4.4266 0.2224 4.2722 4.1161 2.0709
4.3246 5.0616 4.5810 3.8508 3.9510 2.7553 3.6678 0.3274 1.7364 0.3018 1.2284 2.0329 3.2150 2.5570 3.4095 1.6286 1.0608 2.1377 3.9701 5.0917
3.8847 3.3694 3.8817 4.2060 3.8024 5.0890 4.2456 1.5114 1.4359 2.3209 1.3768 5.4980 4.3727 0.6654 4.8317 5.1119 5.7535 5.2130 3.3875 2.7963
4.8984 5.8125 5.6133 3.3711 4.0121 4.1075 4.6826 4.0430 3.3983 1.7956 0.5436 0.5874 4.7472 3.7216 3.6464 3.8925 5.0852 3.9479 3.9729 5.9103
4.6269 4.2214 4.7854 5.2089 4.6119 2.6864 4.5564 3.1530 3.7998 5.2524 5.5153 5.7627 5.8805 6.0558 5.3211 0.3155 0.6776 0.7690 4.3583 4.5361
0.2021 6.1856 5.1986 4.9898 4.4267 5.1458 5.2656 4.6049 4.4234 4.2316 4.8774 1.0615 5.4843 4.8583 4.7188 2.8127 4.2651 4.4853 4.3623 0.1494
0.1767 1.8856 5.1789 3.0567 3.9453 2.4338 3.5245 4.6496 4.3146 4.3957 4.0248 3.5422 0.2864 5.8696 5.5564 1.7763 3.2911 2.9696 4.2986 2.4460
5.1999 4.6604 5.4725 5.6164 5.6235 5.2146 5.2828 4.7799 2.9731 3.1807 3.3850 0.4818 6.1909 0.4479 0.0057 5.2282 2.2861 0.5228 4.0644 5.4734
0.8286 1.0783 1.3556 1.3412 1.1679 1.1509 0.7987 1.2885 1.1529 2.0303 3.4885 3.6043 4.0039 2.9017 4.3151 2.2552 2.7810 3.8675 2.7143 1.0375
4.8041 4.0271 3.1504 3.1310 6.0423 3.5427 1.5749 2.4481 4.0686 1.6091 2.0147 1.3598 5.7638 5.2186 5.5097 5.5282 2.5475 5.3424 3.7220 4.6402
1.2843 1.3783 1.7067 1.5838 5.6719 0.7592 5.1282 3.9449 4.9881 5.0034 0.0955 3.0032 4.7331 5.4011 4.6539 3.9494 2.0295 2.2576 2.8356 2.2416
1.0319 6.2141 2.0449 0.0472 6.2385 4.3187 4.9716 5.6805 5.4837 5.8639 0.0786 5.9199 5.3653 2.3736 3.6479 3.1663 6.0172 0.6439 2.5552 5.3340
1.9760 1.7050 2.8772 2.9707 0.5156 0.0381 5.4208 0.0039 5.8225 6.2107 0.6608 0.0318 5.9069 5.9745 6.0060 0.3748 2.1819 3.1771 2.0130 1.8044
