1.2451 3.7669 3.6305 3.8837 3.3317 1.5759 3.0433 0.6190 1.2302 2.0150 1.3706 2.2398 3.2857 3.1196 4.8244 4.1608 5.0333 4.0128 2.6545 2.4820
1.1183 1.3548 2.4281 1.5944 3.8925 4.7204 3.4299 2.6275 2.8323 3.2604 2.8509 3.8273 2.9153 5.6117 5.8545 5.9594 5.4640 1.6164 2.5227 4.2760
0.1012 0.2375 0.1018 5.2442 4.6187 5.5229 5.7634 5.3305 0.9231 0.9114 0.2641 1.3087 1.1020 3.0397 2.3628 2.1202 3.0855 4.0274 1.6575 1.1038
0.0765 6.2179 1.3717 2.7268 3.1765 2.8732 2.5498 1.0246 1.2016 0.0902 6.0947 5.0721 1.0224 0.7290 1.3803 6.2312 2.9915 2.5552 3.3208 3.0118
4.6295 2.2741 1.2737 4.7930 3.7140 4.2981 3.8235 3.1814 3.6924 4.1034 0.9352 1.4218 0.8167 2.5137 2.0311 3.1980 3.1799 2.6156 3.8272 5.2422
2.9379 0.4438 0.1074 2.1261 1.2467 1.0723 2.4842 1.5305 1.9788 0.6024 0.5576 5.1629 0.2023 6.0159 1.3033 4.0919 4.0312 3.4282 2.5993 1.2205
2.9252 2.8051 3.1016 3.3141 3.8797 3.8858 1.8435 2.4847 2.1004 2.7812 1.3516 1.6743 2.6352 2.1412 2.0432 3.0211 3.7296 2.5324 2.8533 4.1536
0.9444 0.2676 1.2440 1.2485 2.6581 1.1640 2.0188 4.6256 0.4654 5.6503 5.6232 4.6293 3.7816 2.9426 2.3802 1.9033 4.1543 6.1789 2.7564 0.7266
1.1739 1.9598 2.5314 3.9521 3.3814 3.1442 0.3129 1.4889 1.6082 1.1649 2.4277 1.9065 2.9313 4.3468 4.3165 4.3528 3.9755 3.3901 4.8355 4.9334
1.1344 3.8301 2.5769 1.2365 0.6233 0.8421 3.0008 3.0771 1.8351 3.3379 3.5846 2.8421 2.8046 2.6034 2.4819 1.1740 0.2291 2.0941 3.3452 1.0336
1.4526 1.6138 1.1329 2.8307 0.9729 3.8150 3.6809 0.0678 1.2579 5.6917 4.3992 5.4597 4.5842 0.6764 4.8274 4.5479 6.1898 5.5402 4.2609 3.4868
0.5093 5.0941 5.9524 5.7368 0.6442 1.3656 2.9353 2.0268 2.6070 3.5938 4.2313 2.7795 3.9766 3.9401 4.5377 2.2629 4.6494 5.0070 3.9683 0.2001
4.9355 5.6392 5.8718 1.1156 1.7379 5.6842 2.7176 2.7280 4.1287 5.8766 4.8807 4.8375 4.2593 4.9883 5.5999 4.0748 3.7969 2.1295 2.7272 4.7469
6.0347 3.5967 3.5470 2.6189 2.5184 2.3807 1.9740 1.0216 3.5406 2.9336 3.8508 3.5347 3.2492 2.3602 5.3843 6.1554 4.0750 3.7393 2.7279 2.1199
0.3936 6.0204 5.6364 5.5715 0.6418 0.1322 0.8392 5.5739 4.1269 5.4369 4.3472 3.9852 3.8454 4.6089 4.0244 3.9635 4.0877 4.4329 4.3171 5.5740
0.1093 1.4020 0.4526 2.0285 0.5801 2.5307 2.3678 2.9084 4.2333 2.2737 3.0109 1.9238 3.7926 2.0639 3.1890 1.3927 2.2756 2.4606 3.5162 2.2225
5.8255 5.8028 0.5242 0.3458 5.3337 4.2132 3.4259 5.5207 5.1387 3.6211 3.5968 4.7601 3.8415 4.4067 4.3042 4.6390 4.7236 4.2356 3.5863 3.6420
1.9959 2.3401 1.7833 1.9658 1.5579 2.0002 3.0384 1.8982 0.8313 0.6145 1.8267 1.8671 0.5196 0.6290 3.3062 6.0937 5.7962 1.2675 2.2666 2.1266
2.3191 1.2411 1.5005 0.1796 0.3482 5.3210 4.5017 4.4287 5.6818 6.2615 0.2455 0.2886 1.1266 3.4805 4.0012 3.3216 5.2216 3.9887 3.0355 4.0038
1.6505 2.3215 2.9814 4.4839 4.6559 4.0194 4.5554 4.1484 4.7023 4.4340 1.6929 5.3679 5.0020 0.1343 5.3170 0.4004 6.2462 1.3249 1.4659 1.1508
