1.9136 1.7694 3.2893 3.0352 2.8408 2.7738 4.0148 4.3961 3.2581 2.5775 4.7922 3.8396 4.2534 1.3968 4.6996 5.1612 4.6539 4.9430 3.0512 2.5253
0.9814 0.3699 4.8665 4.9890 3.7345 5.4306 5.4986 0.5412 3.7139 4.7023 4.3381 0.9767 5.1259 5.2166 4.2704 3.1856 2.5792 3.3944 2.9162 0.7177
5.8374 6.1798 4.8913 2.0494 3.1495 4.0958 5.0045 3.9394 4.3394 3.3686 4.4874 4.0189 4.9104 3.1274 3.6888 4.9179 3.2809 4.5226 2.7347 2.2183
5.9076 4.6835 4.2878 4.9137 4.7401 0.3191 5.8827 0.2445 5.8000 1.8498 4.0517 4.0317 4.0205 4.2223 3.8397 2.9832 2.7649 0.9219 5.8411 5.8022
6.1256 0.7011 1.8985 2.1080 2.9185 2.7487 2.2096 3.0484 4.4320 4.6824 4.6243 5.0454 2.9684 2.8938 3.8515 4.6309 3.3950 3.9050 3.7115 4.9518
1.8875 3.7306 3.2621 4.2821 3.8731 5.0243 2.8913 0.1706 2.5475 0.7442 2.8015 1.2098 2.6484 2.0180 2.6602 3.2066 2.5170 3.3451 2.9777 3.1290
3.7845 0.4412 1.8250 2.3173 1.8728 2.7281 4.1729 4.1154 4.2936 3.5163 2.0499 4.7078 3.5104 3.7126 2.6287 0.7694 2.4174 1.3139 1.7280 5.3097
3.3287 2.2663 2.5223 2.6647 3.3333 1.9353 4.0987 1.1514 6.1022 5.8842 0.8153 0.7710 2.7605 1.7061 2.5301 3.1638 2.7108 3.1742 3.7582 1.5976
5.3552 5.7608 5.6147 4.1944 3.8188 4.1268 4.3563 4.9394 5.1529 4.9914 4.6124 4.7056 3.1560 4.0773 2.0551 0.9816 0.5559 1.4651 3.1603 5.5487
4.1897 4.2129 5.1913 6.0497 4.8975 0.2507 3.6901 0.3937 5.5893 6.1992 6.2441 1.0747 3.8917 1.9780 2.4694 3.8207 4.9341 3.7478 3.5669 2.4573
5.5133 5.2764 4.8283 4.8032 3.8738 4.2481 4.8076 4.2352 4.7366 3.8690 5.1126 5.2114 3.1277 5.9840 1.7924 2.8955 4.4515 4.2023 5.5455 5.0608
0.2214 2.3559 4.0273 3.1958 4.5127 0.1863 5.8647 0.1323 4.8928 6.1591 5.1440 2.7282 2.9575 2.8922 2.9643 3.6305 4.2407 4.5297 5.6162 1.4481
5.5983 0.9303 4.2699 4.7726 4.6468 4.3469 2.5206 3.0086 3.7711 3.0175 4.6471 4.9328 3.7035 1.3040 1.0215 2.0574 1.1134 0.2669 0.0864 6.1737
4.1915 4.5048 4.1656 2.7154 2.9215 1.2699 1.6935 0.2264 0.3222 5.7292 4.7492 4.5925 3.8180 4.7626 0.4765 6.1249 1.0443 4.7891 4.8699 4.1839
0.3985 5.6761 5.0251 5.8242 3.1334 1.9147 2.5507 1.9405 1.8078 3.0870 6.0588 1.3323 2.6398 1.9364 1.7168 0.5985 0.5954 0.4522 0.2703 0.0783
1.3724 0.9873 3.7313 5.1429 3.8638 4.3036 3.2492 4.7517 5.8498 5.3265 0.1368 0.4143 2.7271 3.4883 2.8358 3.0530 3.1281 5.0576 3.6534 2.9245
1.3453 1.9999 5.0403 4.2469 3.2915 2.4975 3.3349 0.0999 5.1843 0.8326 0.0279 1.5573 2.5308 1.4547 2.1612 6.1473 3.0548 1.7801 3.2534 5.7556
1.8627 5.9512 4.9358 5.7400 5.0090 5.3035 2.7366 3.6482 4.0346 4.9314 4.8902 4.3811 2.9957 2.3713 2.1360 4.5580 4.2851 1.3259 2.6888 2.0519
1.8807 1.8414 0.2113 0.8916 5.3589 2.0400 2.7451 1.1404 2.2878 0.9581 5.9371 2.1994 3.2215 0.7207 1.9475 0.7680 2.7009 2.0330 2.5443 5.7788
1.6714 4.5101 2.7505 3.7594 3.2585 0.7312 1.3649 2.1702 3.2887 4.5535 5.1926 5.6470 4.9597 3.7967 2.8978 3.1821 3.2735 3.3327 1.4029 0.6583
