3.6412 6.1124 5.6028 5.0900 4.6725 1.5172 1.6509 0.4525 5.7116 0.1142 5.5346 3.7840 5.0978 5.2314 5.5783 6.2356 0.6454 0.0926 0.5065 5.9803
4.0599 1.8463 1.1983 0.8355 5.1236 4.8090 5.0184 4.8517 5.9470 3.7793 5.1900 6.2706 6.0382 0.5228 4.8753 4.0467 1.1435 1.4444 1.2891 0.5699
3.0754 4.0126 5.1811 2.3554 0.5234 0.1504 0.1362 5.7740 6.1496 0.1228 5.8385 5.0192 5.7198 5.8356 0.8065 1.9368 1.7610 2.1663 3.0979 3.6873
1.0669 0.1186 5.0241 3.3330 5.9506 2.1829 1.2276 6.0290 5.9383 3.3017 5.6006 0.5757 5.9984 1.7083 0.4891 0.2880 0.0462 1.9126 2.1687 1.0670
3.9762 4.1204 5.2337 0.5753 0.4182 0.4224 3.2364 4.0664 5.1002 0.2662 5.5672 0.0872 0.1350 6.1860 6.1163 4.8651 5.3921 5.5113 4.7144 3.6270
4.9153 0.4599 5.5802 5.3046 6.1828 0.2236 5.0645 4.7693 4.2431 3.1886 5.1158 6.0529 0.1592 2.0752 1.1346 2.2406 4.4599 4.2377 5.2330 0.3696
4.9413 5.0993 5.4558 5.9438 0.0566 4.5065 3.2264 2.1046 3.9105 3.6857 4.4681 5.0446 6.2422 0.3818 1.4801 0.3326 5.6004 4.9674 5.6337 4.4046
0.5138 1.4135 0.4047 0.7524 0.0498 5.9826 0.3570 5.6754 0.0615 5.8816 5.2638 3.5782 4.8337 3.5442 2.2720 2.9078 3.2677 1.9314 1.0832 1.0615
5.5679 5.6291 0.2486 5.1786 5.9715 6.2570 0.9787 0.7645 5.4878 3.6425 4.1758 3.6697 4.4465 5.2674 2.3176 3.1735 2.1227 5.0821 5.4987 4.9350
1.5776 1.6981 0.8597 2.1812 3.7907 3.9872 2.6596 2.0469 0.1965 6.1561 5.3568 4.9934 5.1058 4.4475 4.2948 0.8580 6.1365 0.6515 0.1335 1.4451
1.2623 0.2755 0.4763 0.2470 1.5687 0.8702 0.3707 6.2168 5.1048 5.6017 5.2070 5.5294 5.5756 1.5859 0.6392 1.6667 0.7351 1.0255 1.1626 1.3416
1.6273 0.2080 0.8638 4.3069 2.8076 4.4278 4.6571 3.9646 4.5069 3.1364 3.2923 3.7884 5.1606 5.6050 0.9147 4.9304 0.5778 5.5117 3.8061 2.6353
0.9285 0.0437 0.9134 1.0643 2.5312 1.5175 0.3507 6.2316 3.5418 5.7797 1.0353 5.9114 3.1889 4.0324 1.3310 2.3211 2.4898 2.7116 4.1294 5.5882
0.8673 2.2673 2.0496 2.6594 1.1545 2.8304 0.2990 1.0314 1.0129 2.7036 4.5121 4.5047 4.8052 5.5701 6.2121 5.9448 6.0904 0.5077 6.2253 1.8321
4.6144 4.3274 3.7043 2.5593 1.1593 5.9107 5.6543 5.3915 5.9679 0.7419 5.3527 5.6165 5.7091 1.9613 1.7911 2.1595 1.5677 3.5770 6.0678 6.0797
5.3179 5.6015 5.5433 5.8017 0.5436 1.7735 1.5302 1.3991 5.4760 3.2638 3.9335 3.1612 4.6739 4.8157 0.8998 5.4316 0.4944 0.5269 0.3762 4.8645
0.3742 1.9999 1.7557 2.8167 3.1249 3.9304 4.4778 4.6997 5.2865 1.8359 1.2231 5.7124 0.0205 0.0711 0.5473 1.8225 1.2581 6.1806 0.9530 0.5436
0.5472 6.0522 0.0867 4.4212 3.4900 0.5757 5.0970 1.4282 5.8177 5.7627 0.4205 1.5671 2.4869 2.5075 1.0214 2.8556 2.3054 2.4376 3.0663 0.6283
1.4122 1.0498 6.2419 0.4314 4.2428 2.5778 3.7848 3.4594 0.2762 1.8651 0.9505 4.4429 4.6490 0.0690 5.7363 6.1125 1.6034 1.1092 3.2929 2.9056
2.8252 3.6644 4.5816 4.4457 4.3689 4.4150 3.5727 2.0569 0.6471 5.3521 5.9126 0.6138 5.3831 3.9608 4.5988 2.5813 0.8925 1.4020 1.8863 1.5335
