6.2084 5.4055 5.6413 0.6735 4.9372 4.7836 3.0691 4.0174 2.9192 2.5139 4.3375 3.3946 1.9433 1.9999 1.6511 1.5428 2.3035 2.9662 1.5723 1.8472
6.2669 5.1517 4.9276 4.9323 5.7068 1.2961 3.5490 2.7778 5.7986 5.5682 4.8306 6.1719 0.6431 3.0249 3.2869 3.2715 3.8623 4.1529 4.8921 5.0505
1.2738 1.6093 4.5056 1.7385 4.8021 4.4763 4.3703 6.1019 1.2985 2.5282 6.2444 3.1054 2.2577 2.5671 2.8779 2.1117 3.5065 1.7056 1.0679 0.4126
3.2902 4.3189 4.1884 4.9365 5.0008 5.8042 4.0317 0.9111 0.6448 0.3437 0.5271 5.5017 4.4045 5.3251 4.6363 5.1765 3.9013 4.3683 4.2615 4.5692
2.3393 3.4199 3.4185 1.1770 0.4628 2.2002 4.6344 5.8639 0.1629 0.1873 4.8070 4.7037 4.5170 3.5053 4.4306 3.6540 3.5263 1.7345 1.9053 2.2054
1.2112 1.8888 2.5029 1.6582 1.6607 2.4699 3.8668 1.8821 1.0012 4.1472 4.3310 1.6497 5.4070 6.2482 5.7831 2.3908 2.2522 3.7754 3.4235 5.8321
2.3213 4.7780 3.3756 3.4478 1.8002 0.4019 4.6468 5.3746 6.0631 0.3942 5.0606 4.4915 4.6990 5.3212 4.7384 5.5754 0.7743 3.9487 4.1947 3.4225
2.7533 1.3119 5.6883 0.8655 0.9818 2.3866 4.0993 4.8884 4.6762 3.6441 5.5657 5.9970 5.4163 4.2711 4.2317 1.4891 1.8129 0.9875 4.6775 2.2606
5.5920 4.6894 5.3131 3.9063 3.6907 3.2282 3.3793 2.0853 0.0449 0.2156 0.0389 3.6398 3.1694 5.8549 4.3568 4.5570 3.9386 2.8067 4.1934 0.2925
5.3104 4.5066 5.0420 5.8904 4.8450 3.5644 4.0259 5.3832 6.0719 5.3594 5.0545 3.1885 2.1054 1.7581 1.4409 1.3485 2.8428 1.8950 4.6957 2.9667
6.2543 0.1324 0.1044 3.4812 5.0171 5.4439 4.8925 1.6879 0.9097 2.2304 2.8670 5.3995 1.0259 1.8263 2.2354 3.4637 3.1492 4.2302 4.7112 5.4769
4.6855 4.3006 5.3039 6.1888 0.3337 5.4038 5.0311 5.4265 5.2931 5.6225 3.0416 2.1382 0.8870 2.9603 2.6954 2.3021 3.5605 3.4438 3.1114 3.2808
4.4498 0.1062 6.0422 3.3874 4.6722 4.4689 4.7422 3.4549 4.8134 1.8601 2.3731 0.8562 0.7868 0.1266 0.6819 0.8152 4.5016 1.5386 0.1854 0.6648
4.6567 3.8917 5.7242 0.2919 5.1811 0.3085 4.8502 4.1420 4.9799 3.9543 4.7323 5.1960 0.1626 3.1406 2.0913 5.5115 5.1391 5.3629 4.8557 5.5651
3.9790 1.5470 6.2333 4.0264 5.0223 4.5703 5.2179 1.3707 3.5107 4.9591 5.1064 1.2367 1.2156 1.3231 3.1602 4.1076 3.4623 3.9258 3.9359 4.1431
4.7210 4.5825 0.8936 0.6687 1.3850 1.0981 5.0918 3.8268 0.8953 1.4574 6.1575 0.0590 5.7990 3.3927 4.5473 5.5560 5.0542 5.2983 4.3378 5.5609
4.5909 3.1293 2.3905 3.6754 6.0504 3.8019 5.3567 5.8400 0.7289 0.6427 4.7259 5.7064 5.0179 5.2358 4.5419 4.6166 4.7580 2.8028 3.5415 4.3464
4.6122 5.9296 0.1487 1.3618 5.5192 0.5479 0.4474 1.6109 0.9984 4.7463 4.2718 6.2556 5.8879 3.1575 2.5129 0.1521 3.9164 3.7205 3.2661 3.9144
3.9861 3.3850 5.0921 5.3703 3.3614 3.7309 0.0695 5.5023 5.8978 1.9423 4.5168 4.3920 6.0257 5.3879 1.6720 3.1663 2.6880 2.9678 2.5650 3.1492
6.0472 1.4585 6.1889 2.6209 2.8838 1.5770 1.8110 1.6864 6.2021 5.8150 4.3499 1.7210 0.8460 0.8903 0.9210 1.2878 1.3225 0.9252 1.7766 5.4914
