3.7312 4.1422 3.8230 3.1060 0.8613 0.4876 6.1171 0.1698 4.2144 5.7638 4.1289 3.9937 1.7028 0.9226 0.3978 4.8518 5.9097 0.7502 5.2938 5.4026
2.6910 2.7619 3.8205 5.4809 2.4626 2.1690 6.0435 3.0095 2.9196 2.5756 2.8637 2.2772 2.2051 1.9272 1.4448 0.0685 4.9893 4.7449 3.5649 2.0345
4.5674 0.0661 2.8253 2.8163 2.5768 4.6459 6.1495 1.5468 2.6535 3.5228 3.8289 4.8224 3.9575 3.9929 1.2128 2.3098 1.4035 2.1681 4.7893 5.4721
4.4043 3.2443 1.8300 4.0592 3.2880 1.8521 5.8729 5.4529 5.6031 6.2527 2.3528 2.2643 2.0442 0.6644 0.6864 0.4137 1.0015 5.6914 5.1803 5.3656
3.7972 5.1023 2.5770 2.3566 1.4684 0.2544 2.0333 0.1670 5.8332 3.3496 2.5744 3.2517 2.9571 4.2264 1.0808 2.2535 3.0509 3.3357 3.5973 2.7185
4.6769 3.2955 6.1289 5.1417 0.7845 3.3519 2.3528 4.0038 4.3123 6.0820 5.3305 5.9032 0.7771 0.4280 0.4834 5.3248 5.3413 5.3256 4.4735 5.5766
1.7532 0.4019 0.2335 1.1534 0.6017 0.7465 2.1306 3.4235 3.0285 2.6957 3.4514 2.0796 6.0043 0.1499 0.4955 0.0736 4.7348 4.0154 4.6726 1.3949
3.2679 4.9926 5.7235 5.2337 4.7826 3.2861 1.4093 1.3010 6.1901 5.6172 0.1868 4.9462 4.8290 4.0967 2.1931 3.2346 4.5698 5.3006 4.1211 3.8691
3.5460 4.8624 5.6065 4.0803 5.3547 6.2034 0.6067 0.1907 5.6544 5.8335 5.0625 5.2836 4.2396 5.7837 5.5640 1.0210 4.2072 2.0546 1.4057 1.0622
3.3184 1.2472 0.7277 5.9371 5.3437 5.1074 5.1181 3.5594 2.8188 2.4479 3.4682 2.9613 3.3592 3.6370 4.7216 3.6363 3.9518 5.0485 3.7465 2.8217
4.2901 3.0841 2.1930 2.3243 0.4203 0.6101 5.9550 0.6640 3.9688 4.8198 3.9835 3.7610 2.6916 3.6396 4.7881 5.4780 4.0178 2.6580 3.7224 4.9113
3.1601 2.2069 1.5335 2.7628 2.8185 3.4984 4.9967 5.8746 5.3963 3.6180 3.5123 0.0220 3.5311 4.1558 3.4416 3.8657 4.3680 5.1663 4.1662 2.5641
3.3906 5.4894 0.6302 0.1483 2.6908 3.0173 4.6150 0.8796 5.4371 5.5733 3.7131 3.3053 3.0295 2.2277 2.4766 1.6476 3.0394 1.8352 4.2308 3.6255
4.2567 3.3213 1.5080 2.1188 2.2240 1.7987 4.8932 3.7945 4.2234 3.1107 1.1704 5.8693 4.9718 5.0017 3.6724 4.6963 3.2293 4.9365 3.4048 5.0932
5.7242 0.1829 0.2917 1.3469 1.3392 5.6710 4.3493 5.0426 4.4318 0.3619 0.0356 1.5111 4.1134 1.4286 1.9962 1.1732 6.0034 4.6530 4.2678 3.7311
0.3526 6.2518 6.0983 5.4171 3.0527 2.8320 3.0406 2.5303 4.2212 4.0020 5.6773 4.3485 3.9967 4.2628 3.1253 3.1720 1.2511 0.6847 5.8996 0.2234
4.2888 3.8294 4.2218 3.3902 2.7919 3.8341 3.2861 4.9800 4.3590 4.5333 4.8705 5.6985 4.9997 1.8032 6.0081 0.6930 1.5342 4.4216 5.4438 5.0406
3.2232 1.8843 2.4043 2.2727 2.6615 2.2969 3.3372 4.0932 4.9711 0.0899 0.2159 0.3684 5.6211 0.1315 0.0095 5.7242 5.5619 0.1686 0.6974 3.1523
1.5884 6.1118 2.6698 1.8734 1.7675 1.0739 3.2935 2.2973 3.5846 3.3352 5.0363 4.6362 4.9012 4.7361 4.7098 5.1079 4.9679 4.4522 4.2374 1.7319
3.4272 3.1570 1.8850 0.1266 0.9377 3.9444 4.9414 5.3383 4.6443 5.9839 5.3643 0.8524 0.6130 0.6055 1.0391 0.8290 6.2039 5.1385 4.7238 1.4486
