5.4917 6.2823 2.4455 0.6522 4.4607 1.9903 4.5322 1.9711 4.0336 3.1793 4.1436 5.0791 3.4010 3.2736 4.4549 3.9322 3.5148 5.1012 5.2591 0.5316
3.0141 3.9770 3.1871 3.0537 3.8725 4.6556 4.1218 4.1123 3.8342 3.0336 3.2352 2.2634 4.5640 4.8008 4.5896 2.9419 4.1391 1.9753 3.8971 4.1666
2.9558 2.3580 2.4830 2.6733 3.2721 0.1526 5.7557 1.5453 1.0313 1.6599 3.3958 2.9787 3.1574 2.0937 4.8899 6.0854 4.6700 5.0960 4.3373 0.8073
2.9483 3.6804 2.4683 3.0529 3.1456 3.7611 4.6965 5.7066 5.1010 4.9655 4.1051 4.1171 4.9373 5.7136 5.0039 4.5453 3.7920 3.1066 5.0518 4.2933
2.4001 1.0045 2.5905 3.2016 3.3463 6.0405 4.9820 2.8480 2.0201 1.5976 4.5550 5.8921 5.9070 1.2059 1.2439 1.8931 4.8833 1.0272 2.1921 1.3815
3.0976 4.2656 3.5039 1.7072 3.6746 3.1866 2.7705 2.7656 2.0388 4.5666 4.1001 4.0147 5.7140 4.6790 4.1664 4.5210 5.5595 4.6185 1.7686 3.8381
2.8882 3.3862 3.9223 5.1597 4.6401 6.1189 1.6824 1.5637 1.4748 1.8717 3.2497 5.1484 6.0943 1.0062 6.2507 1.0084 1.6059 2.0040 1.5114 1.7431
2.6407 2.4455 2.2803 2.2383 2.9324 3.2214 1.4017 2.3238 1.5243 3.8248 2.2946 2.1612 2.1992 3.0997 1.1743 2.0298 1.9818 0.4034 1.4483 3.1347
1.4047 1.4315 1.5055 0.5940 2.6652 6.1564 0.2166 0.8214 1.0717 1.0547 2.1822 0.5703 6.0150 5.8303 3.4883 4.9602 3.4189 4.0891 1.8662 0.2687
2.0457 3.6943 4.2569 4.3434 3.0608 3.2978 0.3914 3.5294 4.3279 4.6321 3.5294 2.8601 1.0308 4.1793 3.1499 3.3286 2.7934 2.0075 1.8904 1.0888
5.9811 4.6600 6.1272 0.5434 1.3184 1.1735 1.7564 3.2162 3.7914 2.7281 3.1546 3.7221 3.3521 5.2050 4.6794 5.7700 0.2192 6.0064 1.5049 2.8909
0.6153 1.0705 5.6935 0.3798 1.6998 2.3161 2.4939 2.2687 4.2522 5.3523 4.6449 2.6095 2.4475 1.4905 1.5741 2.0522 0.7763 2.3884 0.6852 0.2343
5.3580 3.4267 4.6594 3.4639 2.0912 2.1767 3.3329 2.4022 2.9575 4.0037 4.9992 5.4808 4.3804 4.6716 4.1747 4.8790 5.7049 5.0594 5.9220 4.3701
0.2732 5.8197 5.7220 0.2133 1.1997 6.2729 1.8993 1.9059 0.6748 0.9990 4.1844 4.2828 3.8835 2.1185 2.9236 4.0254 5.0906 5.1544 4.9281 0.0230
0.6136 5.9779 4.1069 3.7540 2.4798 3.4181 2.3498 1.0951 0.1935 5.9916 2.6937 3.8047 4.1377 4.8983 0.9174 0.8212 6.1949 0.2061 5.9339 0.2302
4.7990 4.3738 3.2017 0.3516 0.7717 0.9415 2.3055 2.2883 3.2918 3.1640 2.7829 4.5496 5.0986 2.5915 1.9117 4.7177 5.3487 4.0835 5.8217 3.1725
1.5279 0.3213 3.8508 2.7811 1.7851 3.0376 3.0016 5.2872 5.6297 0.2290 0.6305 0.3671 0.0455 0.0154 0.3484 1.3731 0.5930 1.1630 5.4266 6.1583
3.4516 3.8258 1.4892 0.4143 2.2520 0.2052 4.0464 2.8079 1.1865 1.9202 0.4021 6.2333 0.3445 3.1614 0.8636 6.2197 5.2118 4.2623 4.7807 3.8057
2.1106 1.1590 2.0292 3.7191 4.1757 2.9521 2.9744 1.7912 1.3437 2.6328 1.3432 3.3214 0.0491 0.7982 6.0654 3.2827 3.7615 6.0791 0.8658 1.2404
3.6628 2.9223 2.4048 2.8667 4.2396 0.2775 5.7359 4.4407 5.1314 0.8622 2.3558 2.4597 4.4507 5.4899 5.6200 0.1273 3.2817 3.3478 2.6704 2.7545
