3.1406 2.8723 3.5737 3.9193 5.1566 4.9124 5.3093 1.5016 5.7150 1.9301 0.1533 1.2067 0.9618 3.5908 4.1805 3.3993 3.8012 1.9592 3.5524 5.5519
3.8917 4.2743 3.8744 3.5921 0.4086 5.6408 5.0775 4.1909 4.1812 5.2386 5.2070 6.2632 5.9868 6.0262 4.3881 5.7837 4.6652 3.3855 4.0005 3.5110
6.2186 5.6670 5.1715 6.0443 0.1064 0.5764 4.9733 4.4701 4.0709 1.5920 0.6273 2.2223 1.1852 5.0704 4.6978 3.0182 3.1490 5.5599 5.4339 5.9259
3.2092 3.1415 4.2768 3.9587 4.2100 4.4708 5.0594 4.4975 4.2444 5.9000 0.3838 0.4603 1.1878 1.2143 2.8429 2.1444 2.3662 2.0559 3.1862 3.2161
1.5479 4.7896 4.7458 6.2831 0.2566 1.3197 6.0636 0.8799 3.5527 1.6982 1.8660 1.9455 2.0900 2.9498 3.3696 5.5853 2.9897 0.0738 5.8687 0.9180
1.2475 0.8807 5.7688 4.0259 4.9643 4.6475 5.9722 3.6969 0.1487 5.1797 5.8615 5.5100 0.4946 5.4044 3.1111 3.6169 3.9453 2.9963 6.0933 2.0708
4.6573 4.1837 0.1978 1.2871 1.0504 0.2348 0.0017 0.6007 1.2555 1.2776 6.1891 2.2389 1.2300 2.9401 4.4579 5.5473 5.4380 5.5785 0.2142 5.6140
1.8311 1.7698 0.3546 4.4369 1.7219 2.4781 0.2038 1.2866 0.6578 5.9931 5.6174 5.2913 5.3935 4.5678 3.3302 2.5841 5.0524 3.6829 1.2890 1.4545
5.3875 1.4154 0.7028 1.2064 0.4427 5.8930 6.0191 2.0723 1.3028 3.8307 1.0182 2.8639 5.3963 4.8015 5.1820 5.2430 5.6031 5.9089 5.9269 4.3002
2.6977 4.0854 2.0306 1.0140 1.7502 4.1286 4.8996 5.8831 0.9980 0.9066 1.3251 5.9197 0.1343 1.1813 4.8569 4.5640 3.6117 2.4364 1.9326 1.9638
2.3960 5.7501 0.7743 5.0552 1.3481 1.6252 4.8376 2.1213 2.7238 3.7268 2.1070 2.5737 3.5013 4.0268 2.6040 3.7930 3.5398 5.1503 6.1240 6.1731
1.6641 3.1380 2.1099 0.4887 1.1825 5.6198 4.2771 3.6194 3.5559 4.9145 5.0527 5.8112 2.0645 2.1748 2.5896 2.9894 3.9161 1.0493 0.6459 0.7287
1.5569 5.7127 1.0978 1.3460 1.5594 1.8758 4.7660 3.3853 1.7938 2.6137 1.1080 1.2784 1.9421 6.1600 1.2369 4.1806 3.6360 4.5882 1.2440 2.7347
1.9775 2.4088 2.1981 2.1866 1.9672 3.2369 3.6193 2.4712 1.5425 1.7963 1.4051 0.2727 1.4485 1.6297 1.3024 1.3637 2.7235 1.4148 1.4442 5.7859
1.6911 4.8940 3.4969 4.8751 5.8480 5.4379 5.0987 5.6729 1.5475 1.3135 1.2567 2.8096 0.8926 5.8551 5.3445 3.4771 5.0604 5.6313 0.7651 1.4324
2.4998 2.0439 2.4706 5.4567 5.6896 0.4662 2.0866 2.0555 2.5220 2.4345 2.0758 1.9188 3.1991 3.4384 4.6646 4.9681 4.8926 2.6442 1.5412 1.6081
3.2596 2.7458 2.6082 2.3343 1.0128 2.3165 1.7600 3.3739 4.5520 5.3100 6.0320 5.7973 5.6697 4.7946 4.9243 4.3252 4.9928 4.6818 4.2259 4.5214
4.0471 5.7802 3.7400 5.8579 0.2415 0.0105 0.5224 0.3672 0.6611 1.5172 5.5227 3.1432 0.7031 0.7412 0.1827 1.1369 5.5769 0.6883 3.1881 2.6346
4.1122 3.8245 3.6425 2.2551 4.6213 3.9273 4.7775 2.0835 5.7203 4.6027 5.2237 5.3110 4.0591 3.9235 0.5421 3.8853 5.8949 3.8002 2.6556 5.4158
2.6430 1.5473 3.8462 1.4679 2.7284 1.7900 5.2067 5.2532 5.4871 5.4203 1.6807 1.6114 1.3957 0.2858 1.1899 0.0085 0.5258 6.0797 4.5003 2.2595
