3.9036 0.2629 4.7715 0.5727 1.6786 1.5180 4.0399 4.8972 2.0242 1.0819 1.8465 1.6761 2.7482 2.6153 2.1425 2.5632 2.8018 4.4379 1.1163 3.3155
3.0916 3.6881 3.7601 4.9776 4.5889 4.4325 5.4195 5.9483 0.2449 5.4525 1.0728 5.7626 3.7570 5.8734 0.5569 0.8213 2.4571 1.9573 1.8689 2.7290
3.5992 4.1070 4.0496 2.9002 3.0519 0.9852 3.0902 3.0858 1.7101 1.9922 1.3395 1.9554 1.6652 0.6215 0.2287 5.7379 5.6170 1.0283 2.1779 3.5674
3.0729 1.8335 3.3590 4.8201 4.4376 3.1837 3.5899 3.1634 0.2644 4.8781 5.5741 5.3128 2.4572 3.3780 4.4439 2.8773 4.2516 5.1536 0.3859 0.9558
3.1178 4.2221 3.2096 2.9296 3.4568 1.9790 2.5853 0.1883 0.6888 0.3374 2.4944 2.2861 3.0612 5.6080 4.3298 3.9589 4.4269 2.3198 1.2575 2.6095
3.7337 1.3927 3.6079 3.3632 4.3336 4.9305 3.6996 3.5388 1.7033 4.4475 3.8608 3.1534 5.5302 1.9918 3.1753 5.6918 5.0354 5.4464 3.6822 2.3731
3.9272 4.4302 3.7786 4.9040 3.4836 2.4739 1.2330 0.5187 1.1641 1.4917 3.7118 5.4400 5.1896 4.4097 3.3343 2.4660 3.9263 5.0080 3.6269 4.1795
2.3605 1.9652 1.8453 3.5068 3.9996 5.1358 4.0174 2.3311 3.7890 3.1059 3.6927 1.0148 0.9731 2.9757 3.8559 3.5819 3.6908 2.5439 3.2231 2.0598
5.6251 5.3610 5.1767 0.3922 4.5633 4.9337 5.1742 4.6850 3.6729 6.1022 5.4942 4.9711 1.4398 0.1568 4.9687 4.9383 4.7098 4.7368 1.8186 5.2198
6.0500 5.3073 5.9236 4.8741 4.0899 4.7189 5.0871 1.9056 3.6094 2.7282 3.8089 2.1216 1.6021 2.8739 0.9733 0.9992 0.9384 0.3991 6.0271 1.4763
5.9432 1.8562 4.2652 3.2553 4.8002 5.5866 5.7710 3.6696 3.6188 5.1247 4.2435 5.1276 0.2847 0.6972 0.7796 3.8782 3.1873 4.2764 4.3590 4.3952
0.6294 5.9063 5.0338 3.2829 2.6537 1.8072 0.1063 0.5387 6.0613 0.1511 4.5422 0.9043 0.2804 3.9588 1.3757 1.1900 2.7859 0.7970 6.2809 0.6980
2.6424 2.3156 0.3748 0.8990 0.6956 4.6249 5.4093 4.5950 6.1474 5.1280 4.2149 4.9580 0.0211 3.3036 4.0434 3.9544 3.8334 3.6513 2.1794 3.9222
2.3638 4.5854 5.2087 4.2599 2.6918 1.4903 5.9532 0.6842 0.3787 1.8772 3.4432 1.4443 1.1317 1.3037 1.2585 0.6610 2.6062 1.2642 2.4749 2.2002
3.2914 2.1038 3.6098 1.1750 3.4980 5.1134 3.6004 3.4338 3.7080 4.3101 3.4391 4.3007 4.6289 4.0644 1.4540 3.3598 3.1934 4.6365 3.3018 4.5742
2.0881 3.0351 4.4981 3.5612 4.3759 3.0883 4.1382 4.9028 3.5306 5.3729 4.3079 4.2999 5.0190 1.5818 1.9979 0.9889 2.4635 2.3585 2.7682 1.0160
5.9486 6.1073 5.8822 5.6951 4.5924 4.6232 5.0086 2.6740 2.6648 2.1489 1.7891 0.0881 5.5215 4.8294 4.7180 4.5078 3.4103 5.1421 2.8690 4.1051
0.1574 0.9349 0.9241 2.1839 4.2832 3.9993 4.2546 4.2349 2.5678 3.2850 3.2119 3.0697 1.0812 1.0294 4.0639 5.0857 4.2860 2.3120 3.0529 1.0763
4.8938 2.4744 6.2736 0.3827 0.4264 1.5885 5.2095 4.9783 3.7589 6.2307 2.0485 2.5543 2.8884 2.5240 3.2428 2.3650 4.0602 3.9734 4.8565 4.1581
4.7056 4.2440 4.1082 4.0266 0.5815 3.6114 3.9945 2.5486 2.7180 2.7352 1.8999 6.1633 1.6133 6.2216 0.2137 6.1385 2.6978 2.0531 0.2556 0.7420
