5.000000000000000000e-01 2.500000000000000000e-01 2.750000000000000000e+02
6.666699999999999848e-01 8.333000000000000129e-02 4.580000000000000000e+02
6.666699999999999848e-01 3.333300000000000152e-01 1.100000000000000000e+01
6.666699999999999848e-01 5.833300000000000152e-01 2.000000000000000000e+00
7.500000000000000000e-01 0.000000000000000000e+00 9.500000000000000000e+01
7.500000000000000000e-01 5.000000000000000000e-01 1.000000000000000000e+00
1.000000000000000000e+00 0.000000000000000000e+00 1.000000000000000000e+00
1.000000000000000000e+00 2.500000000000000000e-01 3.000000000000000000e+00
1.125000000000000000e+00 1.250000000000000000e-01 8.200000000000000000e+01
1.125000000000000000e+00 2.916699999999999848e-01 2.000000000000000000e+00
1.125000000000000000e+00 3.750000000000000000e-01 3.000000000000000000e+00
1.250000000000000000e+00 0.000000000000000000e+00 2.000000000000000000e+01
1.250000000000000000e+00 1.666700000000000126e-01 1.000000000000000000e+00
1.250000000000000000e+00 2.500000000000000000e-01 7.000000000000000000e+00
1.250000000000000000e+00 1.500000000000000000e+00 1.000000000000000000e+00
1.388889999999999958e+00 2.777999999999999914e-02 8.100000000000000000e+01
1.388889999999999958e+00 1.111100000000000004e-01 2.000000000000000000e+01
1.388889999999999958e+00 1.736099999999999866e-01 1.000000000000000000e+00
1.388889999999999958e+00 2.361099999999999866e-01 3.000000000000000000e+00
1.388889999999999958e+00 2.500000000000000000e-01 2.000000000000000000e+00
1.388889999999999958e+00 4.011100000000000221e-01 1.000000000000000000e+00
1.388889999999999958e+00 4.236099999999999866e-01 2.000000000000000000e+00
1.388889999999999958e+00 6.111100000000000421e-01 1.000000000000000000e+00
1.388889999999999958e+00 1.361110000000000042e+00 1.000000000000000000e+00
1.416670000000000096e+00 0.000000000000000000e+00 1.000000000000000000e+00
1.500000000000000000e+00 0.000000000000000000e+00 8.000000000000000000e+00
1.500000000000000000e+00 1.388900000000000134e-01 2.000000000000000000e+00
1.562500000000000000e+00 7.638999999999999957e-02 3.000000000000000000e+00
1.562500000000000000e+00 1.474999999999999922e-01 2.000000000000000000e+00
1.562500000000000000e+00 4.375000000000000000e-01 1.000000000000000000e+00
1.607140000000000013e+00 1.786000000000000087e-02 3.600000000000000000e+01
1.607140000000000013e+00 3.175000000000000044e-02 1.800000000000000000e+01
1.607140000000000013e+00 8.036000000000000087e-02 1.000000000000000000e+00
1.607140000000000013e+00 1.028599999999999931e-01 2.000000000000000000e+00
1.607140000000000013e+00 2.053599999999999870e-01 1.000000000000000000e+00
1.607140000000000013e+00 2.261900000000000022e-01 2.000000000000000000e+00
1.607140000000000013e+00 2.817500000000000004e-01 1.000000000000000000e+00
1.607140000000000013e+00 1.142859999999999987e+00 1.000000000000000000e+00
1.636360000000000037e+00 2.530000000000000131e-03 4.500000000000000000e+01
1.636360000000000037e+00 5.113999999999999796e-02 7.000000000000000000e+00
1.636360000000000037e+00 7.363999999999999713e-02 4.000000000000000000e+00
1.636360000000000037e+00 1.536399999999999988e-01 1.000000000000000000e+00
1.636360000000000037e+00 1.761399999999999910e-01 2.000000000000000000e+00
1.636360000000000037e+00 2.525299999999999767e-01 2.000000000000000000e+00
1.636360000000000037e+00 3.636400000000000188e-01 2.000000000000000000e+00
1.636360000000000037e+00 1.113639999999999963e+00 1.000000000000000000e+00
1.785709999999999908e+00 4.290000000000000410e-03 1.500000000000000000e+01
1.785709999999999908e+00 2.679000000000000131e-02 7.000000000000000000e+00
1.785709999999999908e+00 4.762000000000000260e-02 3.000000000000000000e+00
1.785709999999999908e+00 1.071399999999999991e-01 2.000000000000000000e+00
1.785709999999999908e+00 1.674100000000000033e-01 1.000000000000000000e+00
1.785709999999999908e+00 2.976199999999999957e-01 2.000000000000000000e+00
1.785709999999999908e+00 9.642899999999999805e-01 1.000000000000000000e+00
1.800000000000000044e+00 5.559999999999999838e-03 1.100000000000000000e+01
1.800000000000000044e+00 1.250000000000000069e-02 9.000000000000000000e+00
1.800000000000000044e+00 8.888999999999999679e-02 6.000000000000000000e+00
1.800000000000000044e+00 1.531299999999999883e-01 1.000000000000000000e+00
1.800000000000000044e+00 2.000000000000000111e-01 2.000000000000000000e+00
1.800000000000000044e+00 2.833300000000000263e-01 1.000000000000000000e+00
1.800000000000000044e+00 9.499999999999999556e-01 1.000000000000000000e+00
2.000000000000000000e+00 0.000000000000000000e+00 1.000000000000000000e+01
2.000000000000000000e+00 8.333000000000000129e-02 1.000000000000000000e+00
2.000000000000000000e+00 7.500000000000000000e-01 1.000000000000000000e+00
2.083330000000000126e+00 0.000000000000000000e+00 4.000000000000000000e+00
2.250000000000000000e+00 0.000000000000000000e+00 6.000000000000000000e+00
2.250000000000000000e+00 5.000000000000000000e-01 3.000000000000000000e+00
2.250000000000000000e+00 1.219999999999999973e+00 1.000000000000000000e+00
2.327589999999999826e+00 5.400000000000000069e-04 2.000000000000000000e+00
2.327589999999999826e+00 1.425000000000000051e-02 1.000000000000000000e+00
2.327589999999999826e+00 6.130000000000000032e-02 1.000000000000000000e+00
2.327589999999999826e+00 4.224100000000000077e-01 1.000000000000000000e+00
2.500000000000000000e+00 1.000000000000000021e-02 1.000000000000000000e+00
2.500000000000000000e+00 6.250000000000000000e-02 2.000000000000000000e+00
2.500000000000000000e+00 2.500000000000000000e-01 7.000000000000000000e+00
2.500000000000000000e+00 8.622400000000000064e-01 1.000000000000000000e+00
2.571429999999999882e+00 2.857000000000000164e-02 1.000000000000000000e+00
2.571429999999999882e+00 1.785700000000000065e-01 8.000000000000000000e+00
2.571429999999999882e+00 3.174600000000000199e-01 2.000000000000000000e+00
2.596150000000000180e+00 3.039000000000000035e-02 2.000000000000000000e+00
2.596150000000000180e+00 6.010000000000000064e-02 1.000000000000000000e+00
2.596150000000000180e+00 1.538499999999999868e-01 2.000000000000000000e+00
2.596150000000000180e+00 3.552400000000000002e-01 1.000000000000000000e+00
2.631580000000000030e+00 1.184199999999999975e-01 3.000000000000000000e+00
2.700000000000000178e+00 5.000000000000000278e-02 3.000000000000000000e+00
2.700000000000000178e+00 4.500000000000000111e-01 1.000000000000000000e+00
2.727269999999999861e+00 2.273000000000000020e-02 1.100000000000000000e+01
2.727269999999999861e+00 1.616200000000000137e-01 1.000000000000000000e+00
2.743900000000000006e+00 6.100000000000000387e-03 5.000000000000000000e+00
2.750000000000000000e+00 0.000000000000000000e+00 4.300000000000000000e+01
2.970000000000000195e+00 2.220000000000000185e-03 1.000000000000000000e+00
2.970000000000000195e+00 8.000000000000000167e-02 2.000000000000000000e+00
2.989129999999999843e+00 3.246999999999999886e-02 1.000000000000000000e+00
2.989129999999999843e+00 3.864999999999999686e-02 1.000000000000000000e+00
3.093750000000000000e+00 3.125000000000000000e-02 1.000000000000000000e+00
3.093750000000000000e+00 4.201400000000000134e-01 1.000000000000000000e+00
3.115380000000000038e+00 7.672700000000000076e-01 1.000000000000000000e+00
3.214290000000000092e+00 5.904000000000000359e-01 1.000000000000000000e+00
3.250000000000000000e+00 5.625000000000000000e-01 1.000000000000000000e+00
3.311319999999999819e+00 1.180000000000000059e-03 1.000000000000000000e+00
3.316329999999999778e+00 1.569999999999999998e-03 3.000000000000000000e+00
3.316329999999999778e+00 5.100000000000000366e-03 1.000000000000000000e+00
3.316329999999999778e+00 1.218999999999999945e-02 1.000000000000000000e+00
3.316329999999999778e+00 5.866999999999999993e-02 1.000000000000000000e+00
3.316329999999999778e+00 1.707109999999999905e+00 1.000000000000000000e+00
3.344590000000000174e+00 4.499999999999999877e-04 1.000000000000000000e+00
3.344590000000000174e+00 1.764999999999999902e-02 1.000000000000000000e+00
3.344590000000000174e+00 2.942899999999999960e-01 1.000000000000000000e+00
3.459680000000000089e+00 3.800000000000000209e-04 1.000000000000000000e+00
3.459680000000000089e+00 1.575100000000000111e-01 1.000000000000000000e+00
3.459680000000000089e+00 1.792100000000000082e-01 1.000000000000000000e+00
3.470000000000000195e+00 0.000000000000000000e+00 1.000000000000000000e+00
3.482139999999999791e+00 1.786000000000000087e-02 2.000000000000000000e+00
3.500000000000000000e+00 0.000000000000000000e+00 1.000000000000000000e+00
3.559320000000000039e+00 7.000000000000000146e-03 1.000000000000000000e+00
3.564810000000000034e+00 1.510000000000000057e-03 1.000000000000000000e+00
3.638889999999999958e+00 0.000000000000000000e+00 1.000000000000000000e+00
3.769229999999999858e+00 8.550000000000000308e-03 1.000000000000000000e+00
3.850000000000000089e+00 2.500000000000000139e-02 1.000000000000000000e+00
4.305559999999999832e+00 0.000000000000000000e+00 1.000000000000000000e+00
4.625000000000000000e+00 0.000000000000000000e+00 1.000000000000000000e+00
4.750000000000000000e+00 0.000000000000000000e+00 1.000000000000000000e+00
4.898439999999999905e+00 4.252999999999999836e-02 1.000000000000000000e+00
4.900789999999999758e+00 7.939999999999999142e-03 1.000000000000000000e+00
4.973679999999999879e+00 2.631999999999999965e-02 1.000000000000000000e+00
5.250000000000000000e+00 0.000000000000000000e+00 1.000000000000000000e+00
