2.500000000000000000e-01 2.500000000000000000e-01 5.400000000000000000e+02
2.500000000000000000e-01 7.500000000000000000e-01 1.900000000000000000e+01
2.500000000000000000e-01 1.000000000000000000e+00 6.000000000000000000e+00
2.500000000000000000e-01 1.138889999999999958e+00 1.000000000000000000e+00
2.500000000000000000e-01 1.312500000000000000e+00 1.000000000000000000e+00
2.500000000000000000e-01 2.250000000000000000e+00 3.000000000000000000e+00
5.000000000000000000e-01 0.000000000000000000e+00 5.800000000000000000e+01
5.000000000000000000e-01 5.000000000000000000e-01 1.000000000000000000e+01
5.000000000000000000e-01 7.500000000000000000e-01 2.000000000000000000e+00
5.000000000000000000e-01 8.888899999999999579e-01 2.000000000000000000e+00
5.000000000000000000e-01 1.062500000000000000e+00 1.000000000000000000e+00
5.000000000000000000e-01 1.500000000000000000e+00 1.000000000000000000e+00
5.000000000000000000e-01 2.000000000000000000e+00 1.000000000000000000e+00
1.000000000000000000e+00 2.500000000000000000e-01 1.800000000000000000e+01
1.000000000000000000e+00 3.888900000000000134e-01 1.000000000000000000e+01
1.000000000000000000e+00 5.625000000000000000e-01 4.000000000000000000e+00
1.000000000000000000e+00 3.419999999999999929e+00 1.000000000000000000e+00
1.000000000000000000e+00 3.722220000000000084e+00 1.000000000000000000e+00
1.000000000000000000e+00 4.312500000000000000e+00 1.000000000000000000e+00
1.000000000000000000e+00 7.055559999999999832e+00 1.000000000000000000e+00
1.250000000000000000e+00 0.000000000000000000e+00 6.000000000000000000e+00
1.250000000000000000e+00 1.388900000000000134e-01 2.100000000000000000e+01
1.250000000000000000e+00 3.125000000000000000e-01 5.000000000000000000e+00
1.250000000000000000e+00 1.250000000000000000e+00 2.000000000000000000e+00
1.250000000000000000e+00 1.527779999999999916e+00 1.000000000000000000e+00
1.250000000000000000e+00 2.066329999999999778e+00 1.000000000000000000e+00
1.250000000000000000e+00 2.361110000000000042e+00 1.000000000000000000e+00
1.250000000000000000e+00 2.812500000000000000e+00 2.000000000000000000e+00
1.250000000000000000e+00 3.316120000000000179e+00 2.000000000000000000e+00
1.250000000000000000e+00 4.062500000000000000e+00 1.000000000000000000e+00
1.250000000000000000e+00 5.250000000000000000e+00 1.000000000000000000e+00
1.250000000000000000e+00 1.125000000000000000e+01 1.000000000000000000e+00
2.000000000000000000e+00 0.000000000000000000e+00 2.000000000000000000e+00
2.000000000000000000e+00 5.000000000000000000e-01 5.000000000000000000e+00
2.000000000000000000e+00 7.777800000000000269e-01 1.000000000000000000e+00
2.000000000000000000e+00 1.611110000000000042e+00 1.000000000000000000e+00
2.250000000000000000e+00 2.500000000000000000e-01 2.700000000000000000e+01
2.250000000000000000e+00 5.277800000000000269e-01 1.000000000000000000e+00
2.250000000000000000e+00 8.750000000000000000e-01 1.000000000000000000e+00
2.250000000000000000e+00 1.361110000000000042e+00 1.000000000000000000e+00
2.250000000000000000e+00 2.169999999999999929e+00 1.000000000000000000e+00
2.250000000000000000e+00 2.316120000000000179e+00 2.000000000000000000e+00
2.250000000000000000e+00 3.529999999999999805e+00 1.000000000000000000e+00
2.500000000000000000e+00 0.000000000000000000e+00 8.000000000000000000e+00
2.500000000000000000e+00 2.777800000000000269e-01 3.000000000000000000e+00
2.500000000000000000e+00 1.111110000000000042e+00 1.000000000000000000e+00
2.500000000000000000e+00 1.562500000000000000e+00 1.000000000000000000e+00
2.500000000000000000e+00 2.066120000000000179e+00 1.000000000000000000e+00
2.500000000000000000e+00 5.108019999999999783e+00 1.000000000000000000e+00
2.500000000000000000e+00 6.944440000000000168e+00 1.000000000000000000e+00
3.250000000000000000e+00 6.633000000000000007e-02 5.000000000000000000e+00
3.250000000000000000e+00 1.300000000000000044e-01 3.000000000000000000e+00
3.250000000000000000e+00 3.611099999999999866e-01 1.000000000000000000e+00
3.250000000000000000e+00 8.125000000000000000e-01 1.000000000000000000e+00
3.250000000000000000e+00 1.169999999999999929e+00 2.000000000000000000e+00
3.250000000000000000e+00 5.658319999999999794e+00 1.000000000000000000e+00
4.000000000000000000e+00 6.250000000000000000e-02 6.000000000000000000e+00
4.000000000000000000e+00 5.661199999999999566e-01 1.000000000000000000e+00
4.000000000000000000e+00 1.000000000000000000e+00 1.000000000000000000e+00
4.000000000000000000e+00 2.377549999999999830e+00 1.000000000000000000e+00
4.250000000000000000e+00 1.700000000000000122e-01 1.000000000000000000e+00
4.250000000000000000e+00 2.656200000000000228e-01 1.000000000000000000e+00
4.250000000000000000e+00 3.161200000000000121e-01 4.000000000000000000e+00
4.250000000000000000e+00 1.062500000000000000e+00 1.000000000000000000e+00
4.250000000000000000e+00 1.387760000000000105e+00 1.000000000000000000e+00
4.250000000000000000e+00 2.000000000000000000e+00 1.000000000000000000e+00
4.250000000000000000e+00 2.382649999999999935e+00 1.000000000000000000e+00
4.500000000000000000e+00 5.000000000000000000e-01 1.000000000000000000e+00
4.500000000000000000e+00 8.125000000000000000e-01 1.000000000000000000e+00
5.000000000000000000e+00 0.000000000000000000e+00 1.000000000000000000e+00
5.000000000000000000e+00 3.125000000000000000e-01 2.000000000000000000e+00
5.000000000000000000e+00 5.555600000000000538e-01 1.000000000000000000e+00
5.000000000000000000e+00 6.377599999999999936e-01 1.000000000000000000e+00
5.000000000000000000e+00 2.222220000000000084e+00 1.000000000000000000e+00
6.250000000000000000e+00 2.500000000000000000e-01 1.000000000000000000e+00
6.250000000000000000e+00 3.826499999999999901e-01 1.000000000000000000e+00
6.250000000000000000e+00 6.944399999999999462e-01 1.000000000000000000e+00
6.500000000000000000e+00 0.000000000000000000e+00 1.000000000000000000e+00
8.000000000000000000e+00 5.555999999999999828e-02 1.000000000000000000e+00
8.500000000000000000e+00 2.005539999999999878e+00 1.000000000000000000e+00
9.000000000000000000e+00 4.444400000000000017e-01 1.000000000000000000e+00
9.250000000000000000e+00 5.473000000000000087e-02 1.000000000000000000e+00
9.250000000000000000e+00 8.568099999999999605e-01 1.000000000000000000e+00
1.025000000000000000e+01 2.555399999999999894e-01 1.000000000000000000e+00
