3.7440 2.6287 1.9285 2.0206 2.5172 2.0551 2.6577 2.9146 3.8848 3.8405 4.2649 4.3578 4.2989 3.9512 4.1052 3.7541 4.6312 3.7478 3.4151 3.5851
3.8347 1.7486 1.4584 2.0060 1.8899 2.0310 3.1477 3.3287 3.3629 3.9515 4.5923 3.9590 4.7451 4.1352 4.1273 3.8525 4.4548 4.4909 4.4132 4.3448
5.8527 0.7637 1.2719 1.7120 1.6386 1.9809 2.1578 3.1866 2.8116 3.6050 3.1553 3.5372 4.1484 4.2971 4.5520 5.3922 4.8869 4.9524 5.4148 5.5795
0.2254 0.8722 0.9807 1.4195 1.6203 2.2846 2.2295 2.5791 3.3114 3.2434 2.6285 2.9440 4.4520 4.8390 5.3225 5.8920 0.0175 5.9819 5.6495 5.3776
0.3630 0.5707 0.2065 1.1805 1.6324 1.9495 1.8204 2.2393 2.3440 2.4478 2.7993 2.5398 5.3686 5.3340 6.0778 5.8610 5.7425 5.6770 5.4780 6.0507
0.1896 0.6600 1.0423 0.5996 1.3294 1.8269 2.0522 1.9465 2.2910 1.8438 2.0790 1.4690 0.4727 0.1225 0.2102 0.2200 0.4898 5.8259 5.9826 6.1822
0.2086 0.7622 0.5734 0.4979 0.5643 1.7154 1.6172 1.9239 2.0252 1.8650 2.1963 1.4755 1.1252 0.4326 0.9711 0.4926 0.3177 6.1838 5.8515 0.0270
6.0637 0.8466 0.3479 0.8410 0.4942 1.0104 1.1430 1.4279 1.9188 2.0306 2.0058 0.6451 0.4860 0.3764 0.2003 0.7032 0.3750 0.3913 0.4015 0.3947
0.1136 0.6549 0.6561 0.6560 0.2808 1.1382 1.1726 1.6563 1.9715 1.8143 1.4071 0.8857 0.6655 0.9676 0.5807 0.5002 0.1335 6.0868 5.8536 5.9951
6.1262 6.2806 5.8311 0.6723 1.1335 0.8495 0.8642 1.1093 2.1082 1.6927 0.8794 0.9189 0.3581 0.8715 0.5732 5.8175 6.2277 5.6331 6.0420 0.1751
6.1076 6.1508 6.0905 5.9939 0.5229 0.2571 1.0576 1.8014 2.0846 1.4304 1.5150 0.9505 0.8846 0.6939 0.4770 0.1221 0.2314 6.1489 6.2343 5.5542
5.7546 5.7025 5.4700 5.7723 0.1000 0.1444 0.6410 1.5314 2.0493 1.4751 1.7898 1.0164 1.2807 1.1677 0.5801 0.6344 0.6475 5.4895 5.9225 5.5859
5.8399 4.7595 5.3998 5.6432 0.0897 0.3082 1.6965 1.0945 0.9608 1.7416 1.7597 1.6969 0.9869 1.3001 0.9432 0.9802 0.7454 5.4286 5.2605 5.0226
5.0212 5.4403 5.8402 6.2129 5.7727 0.3179 1.2217 1.1679 1.7072 1.4817 1.5956 1.0636 1.7101 1.3631 1.1335 0.8128 1.2016 5.4891 5.1395 5.1959
4.9882 4.4917 5.6983 0.0260 6.2202 0.4919 0.6770 1.6271 1.4751 1.0178 1.6902 1.2514 1.6251 1.3181 0.7205 1.1470 0.4498 5.5052 5.4398 4.8154
4.4999 4.1175 4.7602 1.0531 0.6826 1.2428 1.4314 1.8233 1.0557 1.4313 1.8953 1.8439 1.5579 1.0253 1.1916 1.6452 1.8246 3.6228 4.1786 4.0639
4.0597 3.2656 3.3341 2.1853 1.0653 1.8438 1.3886 1.0863 0.9819 0.7499 1.6271 1.2267 1.0825 1.3780 1.5421 2.1541 2.5868 3.3338 3.5098 3.8585
3.0652 2.6206 2.4759 2.3680 2.0757 1.3612 1.1669 1.0771 0.7640 0.4490 0.8418 0.4052 0.7229 1.3738 1.8300 1.9867 2.3624 3.5195 3.9030 3.4439
2.9487 2.6440 2.3891 2.1924 2.0852 2.3235 2.6711 1.3885 1.2412 5.8979 5.8088 6.0673 5.6071 1.7889 2.1556 2.8556 2.9276 3.3666 3.2740 3.2758
3.2806 2.8816 2.0254 2.0287 2.0099 2.7587 2.7211 3.2438 3.4344 4.5312 4.9062 4.8342 4.8012 3.4739 3.4748 2.8838 3.5605 3.9228 3.7618 3.3792
