3.0323 2.5143 2.6309 2.4511 2.4833 2.4020 2.0832 2.4574 1.8968 2.3745 2.2530 0.9849 0.6827 0.9939 2.0770 3.1361 3.6870 3.7657 3.6503 3.9975
2.7910 2.5328 1.8866 2.4730 1.9668 2.6241 2.0559 2.2209 1.6117 1.7232 1.7320 2.1827 1.8264 1.0873 1.8764 2.8046 3.0651 2.9002 3.3182 3.6891
2.6224 2.2549 2.1774 2.5555 2.5563 2.4273 2.2569 2.0237 1.8058 1.6363 1.9817 2.2195 1.3529 1.7422 2.0461 2.5120 2.0835 2.3751 2.4219 2.7818
1.9665 2.0279 1.8658 2.1750 2.2576 2.5200 2.8630 2.0325 1.6861 1.7836 1.8606 1.2714 1.3781 2.1327 2.4371 2.0051 2.5013 2.5323 2.3990 1.8793
2.0233 1.6105 1.7439 2.3023 3.0025 2.7187 2.3979 2.2469 1.8692 2.1751 2.4253 1.9139 2.0365 1.8015 2.2314 1.9253 2.2407 2.4728 2.4634 1.8376
1.7655 1.6890 1.6514 2.3802 2.5011 2.9499 2.8115 2.7491 2.3495 1.7736 1.9937 2.0281 1.6718 1.6463 1.8930 2.3492 2.0917 1.9563 2.2232 2.2085
2.1901 1.8838 1.8286 2.4261 2.6305 2.8726 3.3224 2.4606 2.0469 1.5975 1.2347 1.3415 2.3746 1.1210 1.7443 2.1267 1.4608 2.0490 1.8267 1.9147
2.0630 2.0077 1.5549 2.0462 2.4825 2.9229 3.0631 2.2443 1.5474 1.2028 0.7880 1.0591 2.0587 1.5590 1.5482 2.1014 2.3412 1.6448 1.0997 1.7805
1.5271 1.7990 2.0926 2.7778 2.9947 3.8289 4.4959 4.8666 0.1647 0.6530 0.7875 1.0803 1.4079 1.4697 1.3606 1.9943 1.7876 1.2576 1.4926 1.7719
2.1291 1.2931 2.1265 3.4786 3.3742 3.9084 4.7454 5.5206 0.1938 6.1436 0.4125 0.6028 0.8857 0.8659 1.5171 1.6141 2.1300 2.1777 2.1545 2.2840
2.0422 1.6903 2.1938 3.0700 3.0469 3.9668 4.5868 5.6347 5.7394 6.0193 6.2326 0.5283 0.8904 0.9328 1.2062 1.8432 2.4785 2.0006 2.3372 2.3352
2.2194 1.9905 2.1301 2.6895 2.6846 3.6490 5.3020 6.2393 5.5167 6.1606 0.3076 0.7948 1.4221 1.5432 2.0309 2.3879 2.3399 1.5711 1.9618 2.2914
1.5672 1.9905 1.9303 3.0658 3.5393 4.2429 4.9571 5.7773 5.2677 0.0145 0.0350 0.2330 1.2407 1.1789 1.9741 1.9446 2.1543 1.9283 2.3664 2.0218
1.0460 1.4128 1.6879 2.6404 2.8845 3.4918 4.0494 4.9915 5.8986 5.9860 0.0133 1.0643 1.2058 1.0598 1.6766 2.0814 2.7410 2.1715 2.1310 1.5584
0.8673 1.2347 1.4810 1.5262 2.8939 2.5922 3.6457 4.4459 0.6302 0.2784 0.1572 0.6364 1.0896 0.8219 1.6217 2.8109 2.4925 2.0535 2.5897 1.3228
1.4306 1.2774 2.0759 1.4865 2.1852 3.0592 3.5332 3.5847 1.9820 0.9986 0.6006 0.6008 0.5222 0.5218 0.9522 3.5267 3.1347 2.9927 2.6099 1.8061
1.3820 2.4290 2.7067 1.8899 2.1731 2.6577 3.3081 2.9893 2.1402 1.1458 0.5797 0.2964 0.4174 0.2227 5.6345 4.5244 3.4891 4.0638 2.8400 1.9862
2.6652 2.6137 2.6375 2.6797 2.2816 2.7694 2.6760 2.2522 1.7087 1.1709 1.1356 0.5206 0.8388 5.8173 5.6838 5.2234 4.5415 3.6636 3.4479 2.6639
3.5831 2.8997 3.2490 3.2096 2.1193 2.1403 2.5281 2.3734 2.0866 1.9216 1.7663 0.5250 0.3030 0.3154 0.1596 5.0628 4.6976 4.7653 4.6143 3.9516
3.5752 3.0815 2.9447 2.9271 2.5187 2.6805 2.4159 2.4468 1.9502 2.5370 1.9320 0.8886 0.8132 1.1199 1.7704 3.2026 4.2131 4.2292 4.0519 4.0334
