3.4592 3.8635 3.9848 4.3682 4.5078 5.0420 6.0059 0.5914 0.1677 1.3141 1.3224 1.1512 1.9082 2.0918 2.5927 2.5884 3.2438 2.8314 2.6665 3.1540
3.3204 4.0108 4.0269 4.0839 4.1000 4.6142 6.0568 6.2830 0.6966 1.8395 1.8363 2.2149 2.3552 2.4742 2.5364 2.6341 2.7429 2.8151 3.1715 3.4106
2.9065 3.1345 3.3107 3.6644 4.0774 5.2258 5.3333 5.8261 0.7035 1.5003 2.2332 2.6357 2.6817 2.6948 2.1607 2.8151 2.6530 2.8257 3.3255 2.9524
3.4434 3.7988 3.5289 3.8321 4.2089 5.4802 5.3544 0.1208 0.9828 1.7762 1.5031 1.9221 2.5462 1.9920 2.0866 2.3108 2.6326 3.0212 3.3047 3.0769
3.1678 3.6077 3.5697 3.7748 3.6149 4.0692 3.6610 2.3155 1.7953 1.7868 1.6061 1.8178 2.5732 2.1579 1.5665 2.2560 2.2779 3.1012 2.8259 3.6672
3.5457 4.5157 3.7514 3.1290 3.1775 3.3017 3.0174 2.4466 1.9442 2.1223 1.7680 1.9731 1.9171 2.3722 1.8715 2.2435 2.2713 1.9352 2.4219 3.6642
3.5093 4.5678 4.0614 3.2849 2.8203 3.1149 2.4218 2.1941 1.6581 2.3083 1.7498 2.1202 1.8945 2.0336 2.2049 2.3234 1.9680 2.3037 2.3514 2.8589
3.5274 3.8015 3.6888 3.2773 2.7615 2.7372 2.5676 2.5531 2.4729 2.1786 1.9816 1.8174 1.2703 1.5686 1.5207 2.4099 1.8757 2.0210 2.6579 3.3101
3.8558 3.5796 3.7431 3.6178 2.8512 2.9731 2.8489 2.5660 2.6148 1.4324 2.0194 1.8695 1.5405 1.3470 1.2868 0.8942 0.7130 0.3849 3.6230 3.7314
4.1193 3.8354 4.0341 3.3782 3.3450 3.2254 2.6424 2.1080 1.8312 1.7391 2.0722 2.2697 2.5222 1.8476 0.2901 5.6624 5.6578 5.0342 4.7383 4.0649
4.1307 4.1625 4.0308 3.9871 3.3725 3.5380 2.1710 2.0522 1.9328 1.6771 2.3579 2.9062 3.0168 2.2939 5.7873 5.8619 5.7248 5.5063 4.5698 4.0168
4.5042 4.1032 3.6766 4.6906 4.6673 4.9965 1.2756 1.2971 1.7525 1.7139 2.0096 2.7505 2.8803 3.1072 4.8076 4.7182 5.3171 4.9305 4.6807 4.5581
4.8527 3.9358 4.1168 5.4713 5.1775 5.1950 0.5644 0.8998 0.9692 1.7467 2.1548 3.0186 3.4707 3.7869 4.8605 4.5349 4.9665 5.1646 4.7819 4.5440
4.9510 4.3718 4.5720 5.1405 5.2679 5.3580 6.0420 0.7407 0.8861 2.0784 3.0150 3.4137 3.4783 3.4289 4.3941 4.2832 5.0299 4.6540 5.2080 5.0197
4.2647 4.1222 4.5142 5.4146 5.3568 5.6913 6.1037 0.8988 1.1951 1.6695 2.3909 2.9319 2.6911 3.7449 4.1656 3.8544 4.7043 4.6822 4.9260 4.9412
4.2308 4.5202 4.4695 5.3263 5.3236 5.9100 6.1198 0.4605 0.6686 1.5444 2.0776 1.9286 2.2872 3.5653 4.1261 4.2205 4.0287 4.8882 4.0768 4.4862
4.8873 4.3137 4.5965 5.2727 5.4333 5.6016 0.0573 0.7220 1.1196 2.0603 2.3666 2.4648 2.3618 2.8549 3.2992 4.0811 3.3707 3.9552 4.4171 4.6610
3.8791 4.2269 5.1368 5.4208 5.3087 5.4769 5.9075 0.0584 0.6515 1.4664 2.4237 2.8997 2.2119 3.1116 3.6349 3.6222 3.3117 3.4920 3.9372 4.6535
4.0106 4.2491 4.5481 5.1454 5.0584 5.3266 6.0410 0.0394 0.6340 1.2693 1.7686 2.9762 2.3912 2.4205 2.7350 3.1575 3.2692 3.1601 3.0469 4.4532
3.7349 4.0929 4.2253 4.6573 4.8361 5.0316 6.1131 0.3385 0.5512 1.3504 1.4643 1.2631 1.5387 2.3196 2.4079 2.8872 3.0558 2.4539 3.1322 3.9412
