5.9272 6.1203 5.8790 5.6840 0.0689 5.4760 5.4682 5.6082 4.9364 5.6864 5.3633 5.6576 4.3768 4.6175 4.4169 4.2271 4.0042 4.3732 4.5216 5.4259
5.5085 5.8962 6.1585 5.9138 6.0766 5.8795 5.6219 5.6986 6.1860 5.8762 6.0927 5.2409 4.7319 4.7600 4.5287 4.6463 4.6649 5.0841 4.7092 5.7218
5.6241 0.1828 0.8006 0.4570 0.2156 5.9195 5.7492 6.2119 5.8350 0.2219 0.5571 5.5592 0.0247 4.9734 4.8778 4.7592 4.7278 4.9027 5.0027 5.5399
5.2141 5.9993 0.1541 0.4146 0.3285 0.0855 5.9508 0.1256 0.4656 6.2395 6.1669 6.2375 6.1411 4.8352 5.3638 4.2960 4.9342 5.2597 4.9819 5.8561
0.2924 6.0719 0.3013 0.1820 6.1152 0.0329 0.1122 6.1169 0.2799 5.9937 6.2646 0.0351 6.0311 5.6556 5.3374 4.8586 5.0086 5.4864 6.0194 6.1078
6.2629 0.1709 6.0689 0.1368 6.1957 5.8173 5.5856 5.7833 0.0667 6.2421 0.0427 6.1835 6.2247 5.2309 5.5028 5.7837 5.7081 5.2189 5.5504 5.7852
0.1668 0.4084 0.3030 6.1217 6.2105 5.9446 6.1688 0.0128 0.3760 0.0065 0.2924 0.3636 0.3019 6.1881 5.8315 5.8971 5.7608 5.9305 5.7806 5.8535
6.2383 0.4265 0.5583 0.3010 0.3856 0.0304 0.3243 5.8544 5.9220 0.2351 0.3815 0.4583 0.4086 0.4212 6.1763 5.8532 6.1926 5.7812 6.0026 5.9703
0.5369 0.5905 0.7564 0.3516 0.4453 0.2961 0.0808 0.0011 5.8830 6.1220 6.0925 0.7248 0.5168 6.1665 0.4161 6.0463 6.1648 5.9624 6.0433 0.2536
0.0541 0.3713 0.8391 0.7074 0.7037 0.5667 0.0796 0.0476 0.0128 6.1273 6.1599 0.0822 6.1570 0.3182 0.3389 6.2822 6.0480 5.9573 5.9971 6.1942
0.4707 0.4299 0.5711 6.2758 0.5721 0.2114 0.1657 6.0316 6.1541 5.9190 6.2747 0.0788 0.5083 6.2608 0.4522 6.2221 5.9678 5.9638 5.9594 6.1971
0.0561 6.2723 0.3340 0.4255 0.4168 6.2248 5.9601 5.6736 5.5845 6.2145 0.0290 0.1745 6.2110 0.7106 0.6567 0.6922 5.9709 0.5645 5.8566 5.5447
5.5553 5.9450 0.3637 0.3872 0.2732 5.7069 5.5224 5.2774 5.9404 0.1573 0.2736 1.1370 0.4712 1.4214 1.2845 0.5383 0.5406 0.2186 0.1131 6.1819
5.9369 6.2291 5.7441 0.0249 0.0790 6.2224 5.5706 5.4218 5.8530 5.4354 5.9790 1.3662 2.0787 1.7838 1.9012 0.2791 6.0966 6.0923 6.1003 5.8286
5.8634 6.0362 5.7068 6.1984 0.0559 6.1158 5.6181 5.1397 5.3974 5.3833 4.1032 3.5896 2.4608 1.9301 1.7272 6.2479 5.5924 5.8030 5.4538 5.7038
6.0105 0.0831 0.1921 6.1131 6.1782 0.0403 5.7884 4.7202 5.0418 4.5550 4.5421 3.8112 3.2698 2.9318 3.6949 4.0166 4.8532 4.7811 5.3141 5.4114
5.1937 6.1682 6.2583 0.0894 5.8958 6.0195 5.9336 4.7153 5.3384 4.6501 4.5885 4.7403 3.5044 3.1642 3.2659 3.8446 3.8718 4.4796 5.2845 5.1876
5.3942 5.4027 5.4014 6.1287 5.8145 5.8903 5.8636 4.9246 6.1763 5.2654 4.9228 4.5050 3.2770 3.6464 3.7048 3.8279 4.3830 4.6399 4.6820 5.3716
5.6464 5.5517 5.4394 6.0524 0.0597 0.0585 5.6345 5.6127 5.2790 4.8675 4.5971 4.6960 3.5095 3.5241 3.8902 3.7148 3.5184 4.5397 4.4377 5.2464
5.6708 5.7952 5.8240 5.8404 5.8705 5.8277 5.6559 5.3394 5.0975 4.9507 5.4977 4.9975 3.9064 3.8431 3.6464 3.9121 3.7404 4.0544 4.2218 5.3494
