3.8751 3.5024 3.2282 3.6126 3.6024 3.8372 3.8796 3.9951 3.6649 3.9272 3.4678 3.3384 3.3712 3.3649 3.9254 4.2001 4.2133 4.0600 4.3111 4.0262
4.6952 4.4033 4.0822 3.8678 3.9857 4.5004 4.1142 3.7520 3.5352 3.0475 3.2151 3.8371 4.1716 3.6958 4.4359 4.2664 4.1689 4.0940 4.0174 4.4917
4.0926 4.0092 4.2291 4.5169 3.8796 4.1957 3.4870 3.2034 3.2176 3.1922 3.2032 3.3107 3.8234 3.8324 4.0940 3.8653 4.0819 4.3557 4.2769 4.4826
4.0688 4.0358 3.2440 4.1448 4.0306 4.1774 3.0619 2.8197 2.8252 2.7770 3.3107 3.5762 3.9022 4.1203 3.6591 4.0450 3.7476 4.2654 4.7869 4.7672
3.9332 3.6562 3.9746 4.3169 4.2722 3.8171 3.0606 2.7214 2.8914 3.3928 3.6569 3.8912 4.0083 3.8923 3.5446 3.7983 4.1859 3.6393 4.0869 4.2895
3.4453 3.4369 3.7151 4.1376 3.6876 3.3655 3.3858 3.2331 2.9218 3.5740 3.7191 3.8077 4.1116 4.0391 3.2167 3.3370 3.5050 3.1906 2.8411 3.7021
3.8004 3.7797 3.8695 3.8147 4.8147 4.5513 3.3579 2.7251 2.4354 2.8000 2.7433 3.4875 4.1602 3.2541 3.0504 3.7612 3.1006 2.8581 2.8742 3.5144
3.9746 3.6697 4.8386 4.5320 4.7898 5.0365 4.9546 1.9138 1.2776 2.0096 2.3160 2.4947 3.3696 3.1303 2.8483 2.5181 3.2420 3.3908 3.1221 3.9055
3.5456 3.7483 4.3436 5.2293 5.3133 5.5307 0.2410 1.2106 1.4148 1.6013 1.9281 1.6736 2.7924 2.8798 3.2731 2.7669 3.4634 3.8351 3.4573 3.5379
2.7771 3.3198 4.1840 5.2028 6.2578 0.4828 0.8259 1.0349 1.4157 1.7468 1.9212 2.2240 2.6089 3.0284 3.1935 3.0249 2.7132 2.9891 3.3058 3.6979
2.7514 2.7504 2.7221 1.1636 0.3218 0.7510 1.5191 1.1582 1.5833 1.7010 1.7391 1.4022 2.1958 2.4636 2.5974 1.7519 2.5821 2.5750 3.4769 3.1650
2.6599 2.3071 1.6361 1.4018 1.4671 1.1353 1.7064 1.2670 1.8174 1.9958 1.7744 2.2668 2.5416 2.3558 2.3108 2.1093 2.8234 2.6244 2.3843 3.0964
2.1841 2.2099 2.0810 1.5876 1.5880 1.9600 1.9518 2.5262 2.1374 1.8830 2.3867 2.4804 2.8668 2.3822 2.5910 2.0951 2.3734 2.3746 2.6689 1.7101
2.1411 1.9439 2.5112 2.1727 1.9973 1.9447 2.5342 3.1619 2.7510 3.1633 2.3696 2.7696 2.6044 2.6038 2.3846 2.4568 2.1725 2.5637 2.5173 1.8350
2.5341 2.7202 2.6114 1.6686 1.8984 1.9357 3.1411 3.3006 3.3842 3.0095 3.6415 3.1540 3.6100 2.9002 3.0025 2.5838 2.3133 3.0053 2.6243 2.8002
2.6641 3.0187 3.0787 2.7204 2.7137 3.0458 3.7924 3.2697 3.7915 3.8347 4.3997 4.2246 4.2614 4.3084 4.5200 3.7065 2.9707 2.9858 2.4590 2.3405
2.6209 2.4947 2.6103 2.7026 2.9677 3.4304 3.4026 3.8319 3.5578 4.2120 4.1765 3.7461 4.1999 4.6732 4.6710 4.3629 3.6106 3.3580 2.6824 2.8214
2.1510 2.6200 2.3629 2.6238 3.3059 3.7119 3.5081 3.8094 3.7940 3.4782 4.2939 4.0274 4.2480 4.6907 4.1861 4.8608 3.8809 3.8776 3.2953 2.7322
2.3756 2.5599 2.8620 3.4743 3.8938 3.7980 3.8225 4.1251 4.1129 4.2110 4.1098 3.9205 4.1854 4.2310 4.6712 4.4208 4.5427 4.0872 3.5648 2.8925
3.3945 3.0809 2.3091 3.3075 4.1778 3.8122 3.7623 4.0216 3.9036 4.3880 3.6958 3.1707 3.6572 3.7554 4.4469 4.0611 4.7347 4.1995 3.5493 3.1545
