0.7932 0.8022 1.3921 1.1989 0.2969 5.4971 5.4007 5.1579 5.0977 5.5760 5.7102 5.5810 5.5995 5.8473 5.7760 5.9958 5.8346 6.2719 0.1977 0.9127
0.8896 0.6978 0.8482 1.1197 1.3398 4.4747 5.2722 5.0140 5.1983 5.2373 5.6597 5.3449 5.7864 5.9320 5.6492 5.3566 6.0499 6.2369 0.0485 0.5756
5.9434 0.0106 1.6691 1.8600 2.1128 4.1868 3.9414 4.3210 4.5065 4.8988 5.5404 5.7376 5.0946 5.4344 5.8052 5.8658 5.9452 0.2607 5.9980 5.9929
5.4103 0.1407 3.0351 2.6094 2.4835 3.3176 3.6592 4.3242 3.9098 4.1675 4.6966 5.7725 5.8321 5.0826 5.2893 5.6933 5.7787 6.0966 6.2185 6.0824
5.2944 5.0049 3.6476 3.0407 2.8124 2.9465 3.4303 3.2501 3.1158 2.8236 1.8715 1.0251 0.2942 5.5773 4.7433 5.8049 5.8943 5.2985 5.1888 5.2510
4.4513 4.2176 3.7222 3.5803 3.3403 3.4396 3.5869 3.9147 3.7619 2.9825 2.5038 1.6166 1.4912 4.6151 4.7351 4.7504 4.3285 4.3853 4.9057 4.7057
4.5978 4.7028 4.3085 3.8637 3.8064 3.6641 3.8400 3.3330 3.2191 2.7710 2.8243 2.6327 2.3596 4.7370 4.7748 4.5032 4.9251 4.5163 5.0639 4.8818
4.7931 4.4689 4.2763 4.1107 4.6631 4.3524 4.2351 3.8501 3.6038 2.7107 3.2324 3.2078 3.3605 3.7153 4.2547 4.2892 4.3092 4.4390 4.1975 4.6840
4.8835 5.4194 4.6910 4.7844 4.4511 4.4400 4.5549 3.9674 3.7193 3.5160 3.2194 3.3781 3.3393 4.2410 4.5866 4.6264 4.4578 4.7315 4.1154 4.9063
5.3242 5.5543 4.9402 4.8390 5.0240 4.7325 4.5981 3.9754 4.1556 3.9420 4.5707 4.5904 4.5452 4.2282 4.6077 5.0422 5.0459 4.6560 4.8126 5.1917
5.2381 5.9559 5.4629 5.2310 5.2590 4.6730 4.4555 5.0867 4.8110 4.7361 4.3312 4.9420 4.8247 5.1014 5.0565 4.9576 5.2974 4.9587 4.6478 5.4677
5.8842 6.0854 5.8029 5.7279 5.5119 4.4845 4.3192 4.9080 4.7968 4.8557 5.3042 5.1726 5.2009 5.2655 6.0355 5.4992 5.2353 5.4528 5.6126 5.7147
5.5063 5.4837 5.7075 5.8371 6.1189 5.0858 4.9999 4.7649 5.3497 5.6426 6.1134 6.0730 0.2622 0.1583 5.8258 5.3290 5.6324 5.4336 5.7127 5.8193
5.9257 5.5867 5.6481 0.1672 0.3947 0.1881 4.8937 5.4349 5.3278 5.8904 6.0297 6.0918 0.0519 0.4896 6.2664 6.0280 6.0530 5.6400 0.0239 6.2068
6.2112 6.0509 0.1802 0.2420 0.7923 0.4046 5.8069 5.4416 5.8087 5.7604 5.7152 6.2450 5.7953 0.0445 0.0926 5.9554 5.8504 5.9208 0.0562 0.0850
0.2222 0.1274 0.4489 0.9659 6.2195 0.0715 5.6372 5.7113 5.5078 5.4836 5.4656 5.8934 6.2796 0.0361 6.2448 0.2940 5.7338 0.2368 6.2391 0.0257
6.2482 0.5635 0.0119 0.3877 0.2073 0.0312 6.2259 6.1755 6.1873 5.3325 5.6003 5.6701 5.9388 0.0064 0.2567 0.1572 0.5656 6.1792 0.3315 6.0698
0.6913 0.9680 0.5033 0.0125 0.1902 0.0881 0.2737 6.2026 5.9786 5.7370 5.6300 5.9825 5.8903 0.2246 0.6378 6.2549 0.1870 6.0850 5.9219 0.0732
0.9712 0.9569 1.1781 0.4854 0.4364 5.8369 5.9639 0.0738 5.8808 5.5740 5.5638 0.2173 0.0930 0.0872 0.0770 0.4056 0.2009 0.1720 0.4327 0.5204
1.0438 0.8571 1.2896 0.7142 6.2005 5.8180 5.7012 5.6269 5.3868 5.4148 6.1279 6.1762 5.7793 5.8351 0.2952 5.8094 0.0099 6.1555 6.2734 0.8279
