1.1838 0.8191 1.2692 1.3603 1.1832 1.4145 2.3356 2.2267 2.6105 3.2713 3.4981 3.6617 4.4006 4.0935 5.2583 4.9474 4.9815 1.1359 1.1891 1.2540
1.0441 1.3994 1.3506 1.1256 1.4369 1.6000 1.9374 2.2198 2.3244 2.9406 3.5207 4.0945 4.0112 4.9274 5.3097 5.6134 0.2090 0.6315 0.3746 0.8136
0.4591 1.7783 1.9857 2.0079 1.7881 0.9642 1.6913 2.1584 2.5383 2.5039 3.3739 3.2334 4.1057 5.4083 5.4074 5.7140 0.0284 0.3960 0.6003 0.2632
0.6632 1.5272 2.2938 1.6708 1.2092 1.3827 1.9719 2.2396 2.9639 2.3312 2.4344 3.0087 2.8424 6.2217 6.0849 0.0383 6.0467 6.2741 6.2337 0.1981
0.7507 1.3159 1.4071 1.3442 1.4018 1.7877 2.1608 1.7271 2.3208 2.6139 2.4226 2.2904 2.0896 1.1534 0.6182 0.1808 0.3257 0.2344 0.3929 6.2421
1.9581 1.9704 2.0868 1.9502 1.4685 1.6777 1.5544 1.5659 1.8227 2.3092 2.1280 2.5176 2.1386 1.4137 1.3960 0.5654 0.6796 0.7513 0.4482 4.5444
1.5832 1.8849 1.6354 1.4441 0.8272 0.6464 0.8508 1.4972 1.4251 2.4356 2.5725 2.3480 1.3278 1.5872 1.2191 0.9271 0.9187 1.0368 1.3230 1.3157
2.4810 1.7967 1.4546 1.5145 1.1171 0.4039 0.7704 1.0308 1.7185 2.8266 2.5329 1.6533 1.2185 1.5431 0.9796 1.0072 1.8656 2.2015 1.9070 2.3192
2.1798 1.9291 1.9601 1.6849 1.4297 0.7280 0.7874 1.5511 1.2685 1.8420 2.4540 1.6992 2.1882 1.9552 1.5205 1.8315 1.8662 1.7615 1.7193 1.5768
1.8893 1.7744 1.3784 1.3307 0.8755 1.1114 1.1764 1.6194 1.2998 1.2577 1.6299 1.1272 2.5635 2.7691 2.4105 1.9146 1.9412 1.9839 1.3995 1.9405
1.5674 1.5645 0.5979 0.8600 0.9594 1.0141 0.9170 0.6164 0.8225 1.4856 2.0364 2.1094 2.7340 2.8341 2.3787 2.3501 2.4652 2.3754 2.0102 2.0045
1.1357 1.1192 0.8750 0.9841 0.8348 0.9114 0.8612 0.6096 0.9557 1.0167 1.5876 2.9654 3.1827 3.1685 2.9583 2.5989 2.5028 2.1513 1.7489 1.3685
0.4458 6.2677 0.6394 1.3782 0.7348 1.0346 0.9807 0.9755 0.4743 0.1057 0.6875 4.1799 3.5866 3.4731 3.1621 2.9644 2.9322 2.0294 1.2853 1.4497
1.2498 1.2327 0.9318 0.8458 0.6543 1.5063 1.0416 0.6318 0.3124 0.4049 6.0284 4.6129 4.4016 4.1806 3.2137 2.9525 2.5931 2.3489 1.8999 2.0399
1.4866 1.1944 0.9485 0.8941 1.1086 1.4021 0.8925 0.4845 0.4362 6.0132 5.5324 4.5870 4.7135 4.2457 3.8882 3.0286 2.7889 2.5493 1.5525 1.5617
1.0071 0.7423 1.3361 1.0747 0.5938 1.2312 0.6553 0.3537 0.3125 6.2261 5.6095 4.5715 4.9140 4.0794 3.2851 3.2008 3.0775 2.5878 2.6966 2.1265
1.4987 1.2831 1.0215 1.4292 0.9941 1.3858 0.3800 0.1794 0.9420 6.2045 5.1327 4.1329 4.4846 4.3311 3.6483 3.6058 2.7302 2.3616 2.2288 2.0721
1.2080 1.2197 1.1931 1.0929 1.2981 1.6393 1.2133 1.0224 0.6984 5.7601 4.8113 4.6850 4.6379 4.3558 3.8082 3.5623 3.0695 2.6657 2.6408 1.8760
1.1879 1.2040 1.5711 1.0325 1.2986 1.7578 1.7489 1.6013 1.7470 2.0318 3.6971 4.2925 4.2663 4.4734 4.6288 3.7488 3.4106 2.6901 2.1395 1.4987
1.0701 0.9060 1.2422 1.0010 1.0062 1.4379 1.9929 1.9489 2.1429 3.1935 3.8893 3.9666 4.6286 4.4910 4.4566 4.4217 3.7427 2.1201 1.8160 1.4817
