1.0514 1.3210 0.7064 0.7768 1.8054 1.7850 1.1139 0.2638 0.2899 0.5887 0.3381 0.6370 0.7396 1.0864 1.0042 1.0740 1.1049 1.1431 0.7328 0.6374
1.3196 1.5708 1.5036 2.1330 2.0890 1.8729 0.9205 0.5706 6.1877 6.2493 6.0751 0.3765 0.4745 0.9981 1.3799 1.0036 1.4868 1.6780 1.4035 1.9621
1.9401 1.6513 2.0440 2.4319 2.2981 2.4183 0.7262 0.2050 5.9281 0.0198 6.1419 0.1856 0.0719 0.5549 0.9938 1.1706 1.6588 1.3469 1.8900 1.5829
2.5919 2.3419 2.5590 2.6329 3.4371 3.1841 0.2338 6.0078 5.6405 0.4212 0.1335 0.2998 0.4247 0.9091 0.5696 0.8428 1.0960 1.8700 1.9151 1.9194
2.9129 3.1291 2.9095 3.0376 3.4068 3.6710 4.9070 5.6244 5.8188 0.1841 0.6874 0.5634 1.2225 0.9185 0.8315 1.0330 0.7838 1.5189 1.7361 2.4222
2.9450 3.8896 3.6104 3.6109 4.0969 3.9710 4.3713 5.4688 5.8582 6.2664 0.0182 0.5009 0.3026 0.5311 0.9210 0.8858 0.6054 1.2694 2.1476 2.8398
3.2052 3.6605 3.2334 3.0386 4.4916 5.1908 5.0498 5.0868 5.7552 0.1890 6.2633 0.9074 0.2730 0.5312 0.8543 1.1603 0.8264 1.5356 2.1643 3.6559
3.6616 3.8449 3.5110 3.2638 4.7476 4.8428 5.5786 5.5228 5.6993 6.1713 0.6259 1.1644 0.4404 0.7877 0.3118 1.2419 1.5223 1.5528 2.5105 3.5195
4.1265 3.8180 3.2388 3.4132 4.8547 4.8112 5.6927 5.4372 5.9000 5.7722 0.3882 0.7388 0.5928 0.5567 0.9212 1.1943 0.5211 1.8373 3.3137 4.0195
3.4400 3.3067 3.5932 3.2528 4.5111 4.5792 5.1351 5.5020 5.9365 0.4675 0.1494 0.5029 0.8980 0.7982 1.1857 0.8948 1.0459 1.3274 4.1050 3.0829
5.0969 4.1936 3.2665 3.3535 3.2425 4.5117 6.1102 6.1399 0.1484 0.8138 0.8628 0.5356 0.8083 0.6350 0.6448 0.7080 0.8281 0.5207 5.8050 5.4265
5.1161 3.9664 2.3628 2.5709 2.5297 1.9696 1.3486 0.4922 1.1085 0.8545 0.6405 0.3152 0.5500 0.7701 0.3381 0.6095 0.6817 0.0280 6.0172 5.2375
5.7646 4.5152 2.7767 2.4384 1.5823 1.7678 0.8394 0.3659 0.5822 0.5768 0.3259 0.3326 1.0478 0.6512 1.1190 0.7652 0.5716 6.0082 0.1934 6.2764
6.1937 6.1199 2.0948 1.5153 1.8567 1.0872 1.2194 1.2369 1.2026 0.7880 0.5620 0.4693 0.8491 1.1424 0.7421 0.6220 0.0279 6.0788 6.1355 0.1183
5.7873 6.2656 0.5866 0.7732 1.1775 1.0965 1.1820 1.0399 1.0450 0.9216 0.6775 0.4379 0.5084 1.0883 0.5843 0.8523 0.2895 0.2716 0.1108 6.1751
5.7868 6.2703 6.2231 0.5219 0.6375 1.0271 0.7296 0.8426 0.2777 0.1891 0.6891 0.1670 0.3162 0.7253 0.6266 0.5140 0.3677 0.5405 0.4079 5.9986
0.2060 0.2451 0.0841 0.1917 1.3000 1.2339 1.0709 1.0298 0.5989 0.5814 0.6748 0.4860 0.3548 0.5022 0.7049 0.9362 0.4510 0.4510 0.8016 0.3354
0.0555 0.8198 0.4174 0.7393 1.0329 1.6462 0.7122 0.6698 0.3354 0.3157 0.3447 0.5987 0.5295 0.5633 0.7273 0.9790 0.0339 0.4051 0.6120 0.8066
0.7733 0.4460 0.9237 1.7617 1.4765 1.4084 1.2402 0.9391 0.5010 0.1993 0.2097 0.6040 0.0168 1.3792 1.2829 0.2083 0.0961 6.2721 0.9004 0.9111
0.9367 1.0487 1.3071 1.4512 1.7760 1.1221 1.2762 1.2400 0.9408 5.9743 0.0251 1.0494 0.7517 1.3383 1.0215 0.7406 1.2506 0.7633 0.7890 0.7082
