3.2881 2.9659 2.7864 3.7896 3.6830 0.5513 1.0319 1.4400 2.3870 2.6096 3.6644 3.8381 4.1454 4.3302 4.6523 4.6987 4.5240 3.9592 3.6356 3.3019
3.3906 3.1475 3.5470 3.8167 4.9048 5.6211 6.1596 0.6664 1.5246 2.8168 3.5381 4.5652 4.8733 4.6120 5.0504 4.5263 4.6274 3.6203 3.8197 3.3483
3.6818 3.5748 3.5816 5.1879 5.0146 4.7841 5.5388 5.3268 5.0327 5.1711 5.1185 4.9650 4.5683 4.7906 5.0548 4.7113 5.2727 4.1952 4.1438 3.6223
3.2184 3.6177 4.0684 4.4555 4.5382 4.5616 5.0778 5.0450 5.1274 5.0521 4.9769 4.8557 4.7584 4.5939 5.0073 5.1605 5.6569 4.6336 3.2183 3.2752
3.0539 3.3532 3.7909 4.0952 4.2595 4.5171 4.8045 4.8753 4.7475 5.2149 4.9881 4.9176 5.1984 5.2080 4.9216 5.7123 5.7172 0.1403 1.4279 2.9199
3.5240 3.8077 4.3415 4.4235 4.7243 4.2227 4.8678 5.2597 4.7990 5.1543 4.7748 4.7068 5.2633 5.8772 5.7418 5.6072 5.9484 1.0150 1.4035 3.2613
4.0873 4.0637 4.2926 4.0844 4.7688 4.4082 4.6691 4.7658 4.6851 4.4737 4.8040 4.8964 5.3389 5.8716 6.1799 6.1342 0.5936 1.0379 1.0748 3.4144
4.2430 4.7308 4.4520 3.8748 4.7089 4.7975 4.8823 5.1177 5.6678 4.6187 4.8928 5.1526 5.2801 5.6362 6.2567 6.2080 0.4523 0.7300 0.5728 4.0583
4.5612 4.3029 4.2208 3.8960 3.6382 4.2040 4.8152 5.0345 4.5732 4.8784 4.6211 5.1671 5.2733 5.2585 5.6792 5.7813 6.0992 5.9642 5.2221 4.7488
4.6414 4.7277 4.9616 4.6163 4.0201 4.1589 3.9503 4.6375 4.8671 5.2395 5.5342 4.8223 5.1416 4.8281 5.5432 5.8187 5.4129 5.4174 5.4955 5.1639
4.0608 4.0756 4.0398 3.6620 3.8516 4.0359 3.9905 4.7198 5.4134 5.3850 5.2505 5.1705 4.7586 4.9203 5.1878 5.2759 4.4752 5.1181 5.4839 5.0905
4.1684 4.0387 3.9423 3.6780 3.4891 3.4292 3.6681 4.1021 4.5319 4.0626 4.8836 5.1863 4.2841 4.7310 4.7829 4.8681 4.6632 4.8129 4.5638 4.3228
4.4085 3.3589 3.6733 3.2818 3.3637 3.0833 3.7036 3.9267 4.5101 4.2184 5.0290 4.7127 4.7547 5.1157 5.0330 4.9386 5.0021 5.4432 4.4048 4.6221
4.5062 3.7466 3.9619 3.2956 3.0868 2.9094 2.8967 4.3665 4.5747 4.6217 4.0082 4.3236 4.7318 4.7462 4.9350 3.9932 4.5763 4.6428 4.5629 4.4246
4.5594 4.1157 4.4841 3.1669 2.5123 2.3684 1.9799 0.6120 6.0254 4.3370 3.8733 3.7457 4.2894 4.7456 4.2993 3.8536 4.0613 3.4632 4.3047 3.8380
4.2683 3.7486 3.7522 3.5605 2.0733 1.3110 2.1537 1.1595 0.4048 3.4885 3.7896 3.4755 3.9879 4.1057 3.8391 3.9808 4.0453 3.6260 4.0147 3.4309
3.5258 4.0482 3.0856 3.5720 2.5086 1.3016 1.7620 1.7706 1.9141 3.0621 3.5111 3.2241 4.0377 4.3619 4.1480 4.5367 4.0073 3.3142 3.3123 3.5662
3.5936 3.4584 3.1035 2.8825 2.5728 1.8622 1.6675 1.7597 2.0801 2.7301 3.1465 3.1049 4.4747 4.1347 4.0703 4.5710 4.0911 3.4714 3.0512 3.4794
3.7577 3.5226 2.6834 2.8322 2.4383 1.8193 1.3394 1.6678 2.1073 2.7972 3.0867 3.5659 4.0449 3.7088 4.2313 4.0925 4.2920 3.7901 3.4727 3.9852
3.5548 2.8778 2.5686 2.9404 2.7662 1.6849 1.9818 2.3255 2.3343 2.5739 2.9870 3.0067 3.1615 4.0668 4.7954 4.2120 4.5905 3.8346 3.6695 3.3854
