0.7848 0.6852 1.4227 1.2798 1.6172 1.7560 2.5578 2.3426 2.3227 2.7370 3.5134 4.2100 4.6669 5.1416 4.7210 5.0949 6.2372 5.8269 6.2377 0.3133
0.8744 0.9939 1.5037 1.6770 1.4943 1.3437 1.2701 1.9789 2.1863 2.7899 2.6287 3.6360 4.3535 4.8456 4.9860 4.9720 5.6775 5.7598 0.1069 0.5458
0.5125 1.0518 1.2854 1.7143 1.4947 1.1303 1.3981 1.5600 1.6249 2.4142 2.6052 3.3436 3.8897 3.7163 3.9751 4.9618 5.1247 5.7987 0.2153 0.3633
0.4922 1.4719 1.8842 1.9374 1.9906 1.7134 1.4127 1.4651 2.2404 2.6457 2.7683 3.0351 3.2258 3.4495 3.4806 4.4433 5.2057 5.6799 0.3498 1.0150
1.0024 1.4578 1.4136 1.3515 1.0964 0.9098 0.2839 1.3250 1.8234 2.9214 1.9895 2.8681 3.2236 3.6238 3.6557 4.0369 3.7268 3.8132 3.5334 2.7038
2.3960 1.7539 1.5718 1.5929 1.2032 0.4654 0.2353 0.5276 1.2500 1.3526 1.9846 2.3698 2.6787 3.0413 3.8779 3.1879 3.1768 3.4305 2.7685 2.8527
1.8529 1.8605 1.6982 0.9330 0.7883 0.8996 0.9646 1.2138 1.3392 0.9224 1.6665 1.9751 2.1775 2.7662 3.8403 3.8700 3.5331 3.4192 2.5593 2.5239
2.8948 1.8224 1.6545 0.8787 0.3262 0.6288 0.7052 0.5664 1.1973 0.2991 0.4567 1.0320 1.2948 1.3790 3.3555 3.5356 3.6399 3.5191 3.3664 3.2691
4.3341 1.0054 0.9057 0.3668 0.1746 0.5678 0.3908 0.0607 0.3647 5.9240 6.1353 0.0053 0.4834 0.7614 4.8031 4.1227 4.7040 4.1352 4.0334 3.7324
4.3641 5.5712 6.0174 0.4541 0.0343 0.3479 0.0567 0.1633 6.1684 5.8486 0.5606 0.6996 6.2567 6.1595 5.6733 5.0439 5.0708 4.6723 4.5561 3.9885
4.8808 5.5829 5.2948 5.6999 5.5499 5.8254 5.3437 5.3821 5.9592 5.7834 0.3567 0.9641 0.6333 0.0910 5.8518 5.5920 5.2800 5.3935 4.3261 4.3967
5.2674 4.9803 5.0073 4.9435 5.6032 5.6884 5.8336 5.7360 6.1672 5.3845 0.3551 0.6213 0.6071 0.2655 5.6057 5.6115 6.0025 5.4924 4.6009 5.5002
5.7402 4.9784 5.4993 5.3953 5.0760 4.9938 5.2974 5.4810 5.4927 5.8144 0.3976 0.3341 0.3325 1.0462 5.4959 5.7607 0.0866 4.8076 4.9834 5.1814
5.1479 4.8465 5.0444 5.3364 5.0267 5.1313 5.1470 5.0746 5.3233 5.4351 5.8642 0.4927 0.7139 0.3133 0.5437 0.0645 6.2001 5.7205 5.2897 5.5025
4.5932 5.2284 5.0966 4.9479 4.7227 4.7194 4.7089 5.2486 4.7356 4.7391 5.4972 0.4006 0.1768 6.1867 0.1497 0.2589 0.0496 0.2056 5.6490 5.2734
4.1609 4.4385 4.5701 3.9507 4.4803 4.2381 4.5109 4.3005 4.0542 3.7985 4.7921 5.1640 5.3792 6.0956 0.2013 0.7860 6.0891 6.2570 5.6257 5.0795
4.7881 4.6622 4.0723 4.1533 3.6415 3.9205 3.8294 4.2338 3.3490 3.8946 4.6877 5.0258 4.8579 5.6460 5.7816 6.0951 5.8862 0.2042 5.7311 5.4075
5.0760 5.0103 4.0088 3.7996 3.3826 3.9041 3.5326 3.2882 3.0702 3.0172 4.2294 3.9852 5.6414 5.9466 5.8343 5.4913 5.3342 5.2491 5.4753 5.7935
5.4141 6.0253 2.1143 2.6763 2.5720 3.0295 3.0071 3.1108 2.7542 2.9927 4.0927 4.0402 5.2519 5.1194 5.6780 5.2329 5.3885 5.3066 5.0694 5.8262
6.2528 0.9828 1.6107 2.3385 2.2385 2.1094 2.6037 2.7781 2.3849 2.8347 3.7443 4.0667 4.9842 5.0207 5.2075 4.7994 5.5605 5.8985 5.9725 5.8540
