1.0749 1.0692 1.6529 2.0906 3.1185 3.2079 4.3935 4.6991 5.4464 5.4702 5.6563 5.5120 5.2536 4.8075 4.9739 5.4808 0.1105 5.8744 0.1499 0.9441
1.3617 1.2378 2.0256 2.5137 2.8663 3.2865 3.9723 4.2880 4.1953 4.0261 4.4452 5.6674 5.3369 4.9490 5.4906 5.4349 6.2382 0.0747 0.7266 1.2700
1.0718 1.6413 2.4085 2.4762 2.3924 3.1595 3.3166 4.1840 4.8194 4.2702 4.8318 5.5114 6.0712 5.3334 5.7084 5.6304 5.6055 0.0540 0.9474 0.8654
1.3455 1.8511 2.0971 2.4103 2.4560 3.1033 3.5444 3.6508 4.1818 4.2861 4.9931 6.1493 5.8139 5.6136 6.2071 5.6161 0.1297 0.6121 0.4712 1.0265
1.5507 1.6373 1.5101 2.8680 3.1198 3.2334 3.5429 3.2311 3.3856 4.8976 5.0253 6.2042 0.0106 5.8321 5.6612 6.0345 0.3499 0.6611 0.4908 0.8924
1.4240 2.2924 3.0241 3.4316 2.9178 3.1317 3.1477 3.6833 3.7112 4.5152 4.4943 5.2017 5.9657 6.0803 0.2695 0.2873 0.5220 0.4321 0.4184 0.4796
0.9681 2.2672 2.8459 3.6933 3.5209 3.4117 3.3785 3.3894 3.9810 4.4775 4.5317 5.1767 5.9746 6.0392 0.3941 6.1642 6.0815 0.6269 0.5344 0.5503
0.4309 1.5674 3.6522 3.8273 3.6126 3.8532 3.3784 3.7556 3.9294 4.5005 4.9667 5.9565 5.8086 5.9823 6.2169 0.6973 0.6700 0.5794 0.5878 0.5624
0.0710 6.0014 4.6311 4.5275 3.9849 3.8165 3.3556 3.9027 3.9531 4.8336 5.2755 5.6056 6.0324 0.1111 6.1498 0.1382 0.2323 0.6432 0.5296 0.1746
5.9037 5.8952 5.1391 4.5798 3.9999 4.0214 3.9941 4.4140 4.9889 4.6389 5.8154 6.1961 5.9752 0.1004 0.3241 0.6020 0.7617 1.0073 6.1317 5.9624
6.0214 5.6173 4.9503 4.5241 4.3995 4.2767 4.7299 4.9472 5.4241 5.0104 5.2720 5.7589 5.9778 6.0950 6.1386 6.1285 5.7389 0.5742 5.7922 5.8205
5.7992 5.7085 5.0090 3.9306 3.4255 3.6128 4.0262 4.3784 4.8312 4.8776 5.6420 5.4326 5.5386 6.2092 5.3391 5.6661 5.9329 0.2381 5.6597 6.1451
5.8737 6.2168 0.3354 2.1933 2.6159 3.2666 4.3776 5.1094 5.1247 5.1657 5.5961 5.5593 5.6648 5.3341 5.8839 5.0607 5.7151 5.9255 6.1287 6.1014
6.1676 0.6978 1.3318 1.1489 1.9280 3.0621 4.6071 5.5177 5.4661 5.5216 5.7231 5.3065 5.7896 5.6718 5.4222 5.5061 5.7480 5.5726 5.6877 5.6215
0.2740 6.2370 0.6461 1.4275 1.3393 1.4764 6.2741 0.0812 5.7646 6.1625 5.4157 5.8349 5.7419 5.4366 5.5858 5.4800 5.5024 5.6277 5.4130 5.8893
6.0056 0.3179 0.4065 0.2743 0.5801 1.1217 1.0060 1.0460 6.2817 0.0352 5.7589 5.4912 5.8590 4.7443 4.7459 5.0503 5.7808 5.1199 5.3489 5.9247
0.1602 0.3951 0.6713 0.9197 1.2879 1.6984 1.1472 0.2954 5.8596 6.2657 5.8078 5.5189 5.2637 4.9407 4.9589 5.6057 5.5932 5.8902 5.7534 6.1008
0.5919 0.9003 1.4405 1.1958 0.6670 0.9770 0.3832 0.1948 5.9631 5.9791 5.7856 5.5274 5.4319 5.5083 5.0198 5.2032 4.9283 5.8389 0.1138 6.1327
0.7681 1.0025 0.9792 1.3093 1.6446 1.7532 5.5992 5.8239 5.8456 5.4572 5.2139 5.5096 5.1808 5.2400 5.1574 5.7906 5.1363 5.9337 6.1496 0.0246
1.1511 0.9707 1.3954 1.5607 2.0560 3.8806 4.9085 4.9416 5.8795 5.1821 5.3932 5.4392 5.8013 5.4234 5.0894 5.1068 5.8584 5.8944 0.1101 0.6623
