6.0403 0.3990 5.8310 3.7796 3.1336 2.7562 2.0641 2.6546 1.6066 2.1016 3.5337 2.4696 3.1108 2.8189 4.8203 4.2736 3.8138 5.3356 4.9312 0.4348
4.3413 4.7567 3.9369 4.6886 4.8810 5.6505 1.0551 0.1268 2.3497 4.5443 4.9209 5.0327 5.6733 5.7336 3.3135 2.5322 3.3493 3.8259 3.7923 3.9025
1.9642 2.0738 3.8419 0.3109 4.9875 2.1614 2.2506 2.6189 2.2866 1.2671 3.1690 3.1943 3.8481 3.0562 1.9719 4.2106 4.1747 0.4530 0.5407 1.8467
0.9608 4.6778 5.4872 5.0426 4.3374 0.9149 2.4052 2.2319 2.8516 3.8683 3.0061 5.0698 5.3878 6.0251 1.2259 1.2161 3.7465 3.1667 0.3087 0.1199
1.7522 2.6514 4.3430 3.0117 4.2994 3.8665 3.8030 2.9264 2.0251 2.1854 3.5073 2.2682 2.5714 3.4778 2.8359 3.6295 3.4449 4.9205 0.3966 4.0815
1.9121 5.8371 5.6529 5.7948 3.8065 2.2992 3.1134 4.4341 4.8243 5.0581 3.6985 4.4030 3.4246 0.1422 1.9356 0.5528 2.1529 1.5853 1.6816 0.6699
3.3319 3.2194 0.9497 3.7116 3.4615 5.3457 6.1077 0.9477 1.8940 1.5897 3.0724 1.9704 3.7123 3.8255 1.6100 2.9678 2.8463 3.2493 2.7173 3.3214
2.3103 1.5324 1.0890 6.1910 0.6353 1.5131 2.6164 2.8532 2.6997 3.5065 2.5326 2.5053 2.7633 0.2138 1.5640 5.6038 1.8415 0.4809 1.5031 0.9103
2.6497 2.0709 1.0241 2.2255 2.8257 2.9263 3.2557 1.9785 2.1595 6.1607 0.2891 5.3938 2.5022 2.7163 1.7395 2.7232 3.5623 2.3206 1.7720 1.8485
5.6042 5.4677 5.5998 5.1010 3.3353 4.3506 4.4001 4.7415 1.7011 2.1386 0.8347 1.7595 2.0743 1.4334 1.4990 0.9754 3.4083 4.4467 3.2052 4.6920
0.5445 2.4154 4.9918 5.1985 5.2088 1.1685 3.1795 2.0148 1.5068 0.9839 1.0146 6.1931 2.0552 3.8667 2.7773 3.7492 5.0244 2.8482 1.5220 1.2238
5.6909 5.8425 5.2110 2.7355 3.8771 4.7275 5.0398 0.0079 0.5189 5.8692 1.0472 3.4742 1.5139 0.7905 2.7942 1.9723 0.4867 6.0456 6.0952 4.0683
0.7280 1.5176 4.9523 2.2232 3.8411 2.6111 2.0702 2.6244 1.4954 1.2393 1.1576 0.4400 0.9433 4.3144 3.7513 5.0554 4.0173 4.2615 5.4721 0.5378
4.9905 4.5919 4.3702 5.8847 4.5243 4.3495 5.8799 5.8727 0.0244 4.7125 6.1713 2.4120 0.5625 1.6743 1.9019 2.1756 2.7602 1.3070 5.5644 5.0419
5.6349 5.7973 5.7131 3.7365 4.8334 5.6603 5.0217 0.1096 6.1110 0.5802 0.5318 5.8186 5.6857 4.4003 3.2395 5.9046 1.9621 3.1524 5.9411 5.7092
0.3530 1.7296 5.2787 5.7149 4.1167 3.7451 6.2452 2.0202 3.5306 5.2075 1.3686 2.2503 2.3581 2.1340 1.8842 3.4542 3.0965 0.2766 4.1383 1.8096
5.4831 5.7119 5.4701 4.1658 4.8057 0.0930 5.2896 4.2954 2.7563 2.1152 1.4932 1.4950 2.7568 4.9445 5.2760 0.2898 2.9761 3.8702 4.3193 5.1902
4.1251 2.0337 6.0615 0.9142 5.5855 4.9699 5.1805 5.7559 0.8397 5.7017 5.9941 4.9740 2.8966 1.9867 3.9476 3.9225 3.6507 2.9659 4.2716 3.2561
4.0976 5.6500 5.4628 4.6193 5.0485 2.1835 3.2338 2.0554 1.5260 1.9425 1.2053 1.5138 4.0725 5.4797 4.8718 5.1255 4.6467 5.2086 4.5746 5.1256
4.3245 3.8052 5.8921 0.2586 5.8203 5.9931 5.9767 5.9398 2.2007 3.9450 3.9843 4.6321 3.7707 5.0647 5.2963 1.5136 4.4449 2.5242 4.9614 3.6673
