2.6919 0.2848 0.5023 6.1138 6.1705 6.2470 4.7172 2.9955 3.9438 3.9670 3.8816 3.9444 0.9298 3.6083 4.4299 5.6078 4.5129 4.7159 4.0073 4.7142
1.8407 3.7803 1.3674 4.3972 3.7319 4.2298 5.9612 6.1378 3.3612 4.4368 3.3144 1.2931 0.7605 1.5194 1.1473 1.4291 0.1424 1.3149 2.4717 1.8662
1.2369 0.9258 1.7648 2.5016 3.6644 0.2748 5.2771 4.8237 3.8705 4.2979 4.0957 5.1409 4.8026 5.3426 5.6160 5.5927 6.1143 0.2316 6.0782 5.8076
1.8572 2.2250 2.6500 3.6291 3.3376 3.9715 5.9246 0.0572 2.2339 1.9427 2.7251 3.3448 3.5704 5.8153 5.2972 1.3420 0.7210 2.5972 4.3067 2.2114
5.4612 4.5044 4.0819 1.1284 3.9849 1.7247 6.2595 3.0088 3.4706 5.0660 0.0548 6.0093 1.8282 2.4633 4.5470 4.2842 0.0567 5.3945 5.7607 4.9848
1.0609 2.2416 4.6839 4.0549 4.9437 4.9881 0.2082 5.6050 5.5897 2.7081 1.8636 2.0033 1.6045 5.7154 4.8933 1.2243 1.3894 1.6148 0.8083 1.1761
0.5352 5.5741 5.4606 0.8925 1.5382 1.7274 0.8412 1.6145 1.2298 2.2405 2.8915 2.8220 1.6094 2.6196 3.6230 3.7390 0.1323 5.6041 5.9336 4.8251
0.9476 1.7891 5.0553 4.4286 4.6768 5.4485 0.8416 6.0061 0.6398 0.0863 5.9348 5.2046 1.4174 2.2614 4.0441 0.4059 1.2488 3.1033 0.7461 0.8880
0.6569 5.0636 4.7441 0.1992 5.6974 0.2057 1.0073 1.5121 1.0009 5.6903 5.9041 5.3735 3.8839 5.8118 4.7428 2.8925 5.9327 1.1584 2.0703 3.1053
0.1261 2.3213 2.8749 2.5455 1.5438 2.9892 1.6656 1.6690 1.5154 2.6642 2.6287 2.8464 3.6855 2.9351 3.8406 0.5659 5.2446 5.2566 2.6267 5.7502
0.7567 0.0208 1.6758 6.0262 0.8787 6.2137 0.7923 0.7054 0.3450 4.9716 1.2668 6.2461 4.6848 5.0484 3.3039 3.7407 3.4756 1.8428 2.2203 1.0734
5.7640 3.0453 2.6767 1.3352 4.1730 3.0494 4.1301 1.3987 1.1643 2.3676 1.9402 0.9081 4.4970 2.6850 3.8845 1.8327 2.4993 3.9293 4.8186 4.8580
0.0439 5.7023 3.9820 3.7142 4.1509 5.2852 5.0911 5.8320 0.8699 5.4103 3.5375 4.8742 3.7351 4.4352 3.9468 4.5980 2.9382 0.4538 0.0417 1.3173
5.7763 4.9551 5.2437 0.3428 1.0147 1.3421 2.0497 2.2321 3.0206 2.7204 4.1896 3.1460 2.4053 2.7038 4.5847 4.1563 3.6541 4.5051 4.6706 2.7469
5.8882 5.8073 4.9593 5.3018 4.9489 4.8307 5.0004 5.2249 4.6279 5.2644 5.0319 6.1133 1.6214 5.0455 0.4796 0.2861 2.3194 0.8360 5.7041 6.2574
6.2455 5.0082 5.6052 3.1818 3.8895 2.1273 3.5439 2.7074 2.3220 2.3205 2.5208 2.1822 1.4936 0.6902 5.2797 5.2621 4.4866 4.6402 5.1111 4.2209
5.9672 6.0125 4.6424 5.2591 3.6033 4.4596 3.9737 5.1564 3.3940 3.7109 2.6987 4.1532 3.5562 3.9697 2.9718 2.9746 3.8311 2.8139 3.3689 1.4434
4.1118 3.7181 4.1109 2.6743 3.6711 2.3894 3.5768 3.5817 3.9089 1.8525 2.0240 1.0684 2.9555 5.4266 4.2469 4.6956 3.8911 4.3052 3.5563 3.6013
3.7317 4.8816 5.1585 5.1312 3.9424 4.1746 4.6464 6.2543 4.7044 4.9811 4.3881 4.3890 0.9511 3.8003 3.9071 3.4949 2.6741 3.3467 2.9802 3.5555
3.0757 3.9484 6.2216 2.6959 3.6447 3.3899 4.7336 4.1986 4.3866 2.4145 2.5958 1.8839 1.7810 6.1317 4.4620 2.9621 3.7367 4.0889 4.3638 1.9039
