0.5230 5.6649 3.9510 3.1143 4.4869 1.6785 3.0136 2.5923 1.9609 4.1487 2.7197 1.8078 2.4769 1.2679 2.8181 3.3558 4.0290 5.7902 5.2978 5.6318
5.8792 2.3684 2.4227 1.1566 3.8369 3.6236 4.2217 4.8847 1.8983 1.0109 0.9624 0.2466 1.1681 5.7795 4.0841 5.0944 4.3032 3.3611 4.6232 4.0617
5.4547 6.2098 6.1491 6.1276 3.3081 3.7481 4.9887 1.6849 1.9158 1.7785 1.1899 3.8903 2.3494 2.7366 3.1378 2.6346 4.6364 5.5950 5.5649 0.2006
4.6153 3.9143 4.2572 2.8130 3.0015 4.0547 4.6086 4.2673 2.7041 4.0491 2.6929 2.1869 1.7201 0.4481 5.7481 0.1921 1.2465 1.9685 4.8965 3.7397
4.7092 5.3808 3.4312 0.6648 2.8195 2.4529 3.6000 3.0051 2.5426 3.9382 3.5190 4.5608 5.0531 3.7870 4.5751 3.1549 2.3044 4.3230 3.4224 4.3172
3.8649 3.1159 4.1926 3.3966 2.9711 3.0938 2.1998 2.0659 2.1858 1.3487 2.3081 1.5813 5.5857 5.8992 5.2497 0.7973 1.8190 0.8120 2.6317 1.5497
5.0743 5.7354 5.5163 0.6871 3.0736 4.8206 2.2409 4.1599 3.9986 4.1650 3.9993 4.2876 5.9268 0.5458 0.2923 1.7349 2.4472 2.6838 2.8289 4.8374
5.3545 3.5765 3.6831 2.2347 2.4657 1.8028 1.8127 2.3231 3.1150 5.9602 3.8630 0.7908 5.5257 5.1184 0.4807 5.7930 1.1211 0.2685 1.6068 2.4599
5.1390 4.9541 4.1801 5.3321 5.8008 4.5816 0.9842 4.4952 3.2806 2.7308 3.8468 3.0511 3.0573 2.1414 0.9968 1.2262 6.1925 1.8482 1.9770 5.2810
4.4717 4.8190 4.1855 3.6314 3.7391 1.1324 1.7515 0.9864 1.9061 0.4992 5.1716 5.9831 1.6290 5.2097 5.1452 3.9299 4.1515 3.3478 1.7133 2.7517
5.0440 3.7333 3.9959 5.8506 3.0391 3.3464 2.7929 2.9651 2.7917 3.9381 2.9395 1.4383 1.1725 1.5831 0.2873 0.1502 4.3591 0.1058 1.0806 6.2722
4.5689 5.0419 3.7956 3.1494 4.2891 0.8567 2.8351 2.7580 2.2421 6.1308 6.2105 5.8663 0.8977 1.8015 0.1035 4.0885 5.2917 2.4744 1.1627 3.6759
4.8968 3.0754 4.5032 6.0168 4.6787 3.5296 3.0940 6.0687 2.3908 1.9770 2.1528 2.6397 3.1336 0.1187 0.6379 1.3142 5.6437 4.8157 5.8583 5.1651
4.8234 0.3979 4.4373 3.3465 3.7890 2.8193 3.0478 3.4070 3.0850 4.1172 5.4213 6.1389 3.5541 2.3847 2.4021 1.5099 0.7423 0.8134 4.1707 2.9628
5.3483 4.3823 4.8727 5.3673 5.1584 1.2393 3.1463 3.0215 2.8782 1.8491 1.5186 1.8555 0.2421 5.0986 2.3331 0.1234 0.0953 4.2794 3.8871 5.8550
5.8777 0.7869 5.9245 3.9650 4.4852 4.6422 3.2955 4.1852 3.8694 4.7470 0.3644 0.5537 1.0754 2.2189 1.3709 1.2332 0.9962 0.8894 1.8751 1.8649
3.7675 3.9539 6.1741 0.3407 5.5135 4.8926 4.5069 5.5679 3.6357 0.9613 0.8723 2.4955 1.0660 4.8042 5.4344 5.4678 0.1877 4.9231 3.6518 4.0777
3.3775 4.5771 5.5666 5.9397 4.5806 4.7333 4.0709 4.8754 3.5867 2.1295 1.3015 0.3163 0.5219 6.2292 5.4317 0.1487 1.1716 0.9485 3.4935 1.7790
1.7770 2.7180 4.1874 3.8172 4.8247 1.3116 3.0189 3.0896 3.8339 4.1808 2.0113 3.5644 0.7808 3.6193 4.0370 3.2342 2.9798 3.4857 2.7935 2.6855
1.5097 2.5226 3.5552 2.6442 3.1709 1.8681 1.8904 0.2106 1.0046 1.5196 1.8510 0.3782 0.4695 0.7547 2.2401 1.2982 2.6360 1.6970 0.8540 2.0023
