2.6151 2.2076 2.6794 2.6669 2.6911 0.4493 5.4442 3.4201 5.0795 5.5164 1.7703 5.5286 6.0807 0.1040 0.6330 0.4872 1.9650 0.4524 1.4352 3.2055
2.7365 3.6455 5.3779 5.0475 3.6141 5.6270 4.9384 4.4012 0.5680 2.0699 1.5732 2.3712 5.7735 3.7846 0.1501 6.0698 2.5259 2.7144 1.9253 2.1371
1.1081 0.5385 5.8485 1.0406 1.9226 2.1196 0.7464 0.7647 0.4799 0.0447 6.0827 4.7564 3.0319 3.0331 1.9743 1.7707 1.9884 0.6120 0.2968 5.9146
1.5749 0.8842 1.4283 3.8117 2.4747 2.8752 0.9050 4.5356 5.4956 2.2934 0.8748 2.8115 4.5801 4.3780 3.4864 3.8579 2.4247 3.1071 2.8479 2.2557
2.4783 1.2402 1.3906 2.4407 2.0574 1.1188 0.9447 1.4271 5.4621 5.7888 6.1766 4.8923 3.3406 0.8455 3.0279 0.4680 2.7671 0.7730 3.1298 0.6552
3.5670 3.5982 3.6031 0.0142 0.9357 0.8156 1.8433 4.0608 4.4556 4.4620 1.1308 0.9292 2.9765 4.4364 3.4741 3.4397 2.7591 2.5640 3.9817 2.9742
4.0331 4.3287 3.4831 2.2772 1.4451 2.7104 2.7658 2.6303 4.0190 2.6320 2.2738 5.3406 4.3863 1.7816 3.6339 5.2199 5.4706 0.0170 5.1291 5.8901
4.0375 5.1533 3.5186 3.2316 1.9206 3.8102 4.1728 4.9683 4.6728 5.7303 1.6696 2.4096 3.0706 2.5535 2.5035 2.8905 4.6290 3.7778 3.9133 3.4592
0.9113 0.9528 0.9282 0.9949 0.8218 1.2785 2.9849 1.0193 5.1515 1.9931 1.4961 6.0092 4.8818 0.1153 1.6393 0.1411 0.7460 0.0284 5.2390 0.5070
2.9018 3.2096 1.6376 4.1731 1.8059 3.1573 3.3219 3.8592 5.1614 5.0308 4.5389 5.0379 4.0298 3.8961 2.5384 3.7214 5.6666 3.7703 3.6142 4.2312
1.2407 0.7904 0.6310 0.4933 0.9863 6.1157 1.0370 0.2503 0.1761 0.0033 4.5705 0.8818 0.9316 1.2181 1.4339 0.4376 0.0218 0.8445 2.1055 1.3152
2.6577 3.5509 1.7036 3.5734 2.1386 3.2057 2.7826 4.4072 5.5621 0.3348 4.6725 3.0816 1.6218 3.2133 3.0371 3.8300 4.2190 3.3230 3.6409 3.8564
0.7285 2.3648 2.1488 2.0595 2.3099 1.0544 1.2434 2.7280 4.1965 4.2082 4.9021 5.9433 1.1520 0.6823 1.4190 1.2651 2.4962 0.6406 1.7050 0.6885
0.2562 0.8177 1.3035 3.1050 1.3443 4.8774 5.1828 5.5639 5.3161 3.4857 3.7783 4.1797 0.4850 5.3750 3.9575 4.2840 2.7806 2.4006 2.8187 5.1971
1.0103 0.1917 0.7908 5.8378 0.5028 5.6904 0.0148 5.5648 5.9512 1.2907 2.3149 1.8832 1.5079 6.1959 3.6347 2.1097 1.3227 4.8271 1.2314 1.3389
0.6164 2.0021 1.8600 1.2636 0.3768 1.8578 0.4218 2.5842 2.4096 2.4847 0.6056 5.9348 4.6151 3.1657 4.1456 4.5847 4.7664 1.9875 1.7426 1.7899
0.4065 0.3792 2.0423 4.1852 1.0708 6.0370 0.2123 0.3431 4.8593 5.5983 6.1397 0.1760 5.1587 5.5718 4.3256 0.0042 6.1955 5.9752 0.2355 5.9943
1.1149 2.8180 3.3035 2.7256 3.9025 4.0435 5.2571 4.5971 4.0372 3.6308 4.8968 4.3974 4.0114 2.4347 4.2926 3.6124 5.5656 3.2859 1.5638 0.2795
1.2115 2.3239 3.1564 0.5186 3.9852 5.6389 4.7033 6.1015 0.0295 5.8707 6.1272 5.4511 4.3499 4.8683 5.2228 5.9134 0.8536 0.2175 1.5090 2.6811
2.3098 4.8534 3.9586 4.9136 2.6492 3.9031 5.3530 5.8977 5.1236 2.2999 1.6974 1.3495 1.1201 2.6043 6.0553 2.4633 1.5797 2.3235 1.2761 6.0774
