3.4628 3.1032 3.8936 3.1517 3.5374 2.6469 2.2848 1.0980 1.0465 1.2136 1.0241 1.4406 2.2708 2.4914 2.9414 3.4666 4.6544 3.9286 4.7940 3.0469
4.3039 4.9583 4.5138 6.1293 4.4781 5.6047 5.6119 5.3792 5.4477 5.9234 4.3450 4.5007 3.5186 3.3251 4.0407 3.5464 3.9535 4.3284 4.9614 6.1510
6.0183 1.6236 3.5594 3.6737 4.8424 5.9233 1.4721 0.7846 5.2585 3.9799 2.7202 0.3472 5.9380 6.1123 6.2462 5.5974 5.6345 5.3148 5.0226 4.8874
0.4604 5.2339 4.1480 6.0448 4.9308 1.5700 1.0262 0.2400 4.6246 3.0713 2.6753 3.8288 6.0952 2.8726 0.8598 2.7509 2.0318 2.1941 3.4911 1.8720
2.0211 2.4872 3.1137 3.4831 4.2491 4.6130 5.1062 5.0224 5.7272 5.7387 0.1856 0.3569 0.3361 6.2690 0.7245 6.0238 0.3596 0.0821 0.3496 1.2093
2.3059 2.8830 2.5447 4.7189 4.1318 4.7150 4.4019 4.0299 4.4515 4.1750 0.2291 2.0611 0.2106 5.8991 5.7343 2.8338 2.1344 1.5004 0.6719 3.9283
1.2755 0.8900 2.0217 1.8153 2.7205 2.0670 1.4998 0.3336 6.2330 0.3539 0.5186 6.2773 1.5505 0.5030 5.1707 4.9812 5.7079 5.4842 0.1538 0.9661
0.4758 4.3918 2.8247 4.0143 3.3166 4.0806 4.5192 4.4601 3.8246 3.8452 3.5357 3.0699 2.4279 2.8534 5.8376 0.4568 1.1713 5.9654 5.9266 4.7239
1.6781 1.0348 2.1176 2.3172 4.1980 3.7432 3.9651 3.0836 3.4487 1.7955 3.2476 0.6485 0.7233 0.6726 5.7101 0.5454 0.7985 1.3660 0.1665 1.4266
0.8586 5.4839 5.4948 5.0515 3.5313 3.9118 4.5469 5.5781 3.6561 4.5503 3.2441 3.4292 0.9538 0.0665 6.0718 5.8068 6.2186 5.8000 5.9442 0.6286
1.2510 2.4972 3.8712 2.0485 3.7960 3.3039 4.2854 1.8951 3.7214 3.4758 3.7902 2.9117 2.1330 2.0940 5.4242 4.9463 5.7585 4.8984 5.6996 0.2916
1.1091 0.1449 4.2291 3.6702 3.2786 4.3427 3.8178 4.4243 3.7118 3.6937 4.2286 4.8056 4.9117 4.4144 4.0892 2.5445 0.9864 1.6065 5.8095 2.0264
6.2366 0.1943 4.1177 4.8759 2.4692 1.9470 2.3200 2.1169 1.1018 1.4774 2.4248 2.4032 0.1066 2.5376 3.7151 3.2558 1.5325 5.7436 5.6645 5.3071
4.7482 2.3493 3.4752 0.7213 2.7670 0.0668 0.6514 5.2926 5.7585 0.2512 6.2720 0.1106 0.7889 4.8512 3.6732 1.9917 2.2828 1.7622 4.2956 2.7766
4.4739 3.7346 4.0584 3.0414 2.7172 2.4026 2.0688 2.2472 0.2941 0.6215 6.0949 1.6683 2.1647 1.6504 2.2659 4.1938 2.2249 0.2422 4.1835 4.9291
4.0981 5.3755 4.9627 5.4148 5.6383 0.5064 0.9444 5.1668 5.1191 3.1698 4.1567 5.2025 4.2216 4.3415 1.5258 6.1826 1.8282 3.5217 4.3857 4.1279
3.7733 2.5312 2.8589 2.8707 4.4797 1.9158 0.6522 6.2259 5.9061 2.4612 3.2950 2.7849 3.2890 1.1567 1.7488 1.4662 1.2483 0.5119 4.5389 2.2667
4.8009 5.6854 5.4790 0.2100 4.4652 5.4843 5.7128 4.7897 6.2746 5.5121 4.4450 4.2581 4.1354 3.9300 2.4412 3.6002 2.4917 4.4398 4.1799 5.4223
3.2478 3.2930 4.5623 3.7444 3.9353 2.8256 1.0215 0.2404 0.8129 1.6611 2.6964 2.1904 2.6463 1.0005 1.4428 0.7230 2.3813 2.1967 3.2511 3.4260
3.0815 5.8172 4.7771 5.6506 4.5495 5.5798 0.7195 1.0642 1.2126 2.6589 2.6014 4.2484 3.2922 3.3903 3.0341 3.1019 3.3832 5.7451 5.1262 5.9084
