0.0332 0.9814 0.3581 1.0962 0.8169 1.3366 1.2171 4.0122 2.0016 1.7340 1.1872 0.4268 0.1589 5.2212 5.5116 3.8801 3.1094 5.9637 4.0799 4.5879
5.7485 5.2194 0.5966 0.4109 2.1845 2.4384 1.9765 1.7978 0.7597 1.9481 0.9415 1.7171 0.7071 1.4753 0.8439 1.0142 2.0853 4.3348 4.0090 1.1100
5.8145 1.4143 0.1847 3.4187 3.3820 4.6381 5.5100 5.1679 0.1992 6.2664 0.6670 5.5420 0.6604 4.8197 1.7294 1.6818 1.2570 2.2914 4.0847 3.9351
0.2052 5.9193 0.0845 0.5667 4.5915 5.6809 5.8451 0.8627 0.7512 1.1761 1.5147 6.1702 0.0636 0.7568 4.9847 5.5396 0.0925 3.5623 3.0619 5.9035
2.6858 2.4100 6.2351 1.2263 6.1874 1.3648 1.0665 2.7215 1.1735 4.0643 3.8567 3.6452 6.0165 4.4027 5.1119 1.0019 1.1567 4.1651 3.5807 3.5593
1.2859 0.2670 6.0872 0.3379 5.2838 0.6317 0.1546 0.0269 0.1072 0.4068 4.6236 5.5434 5.7625 0.0255 5.9794 5.3071 1.7023 1.1315 1.6712 0.5797
2.1242 3.3102 1.5581 5.2033 4.6946 5.3099 4.3026 3.5667 5.0654 4.4454 3.7496 2.6437 3.4513 2.9400 0.0285 0.8441 1.9750 2.9286 2.2262 2.5924
6.1417 0.3017 0.3279 1.8270 2.2805 0.9656 5.1912 6.0882 4.4458 5.3249 5.5811 5.9048 4.3192 5.4511 5.8215 5.2862 0.1908 6.2616 6.1254 5.7044
1.1297 1.6558 0.5412 3.9002 4.0486 3.3531 4.3635 3.5704 3.0536 3.2302 5.0652 3.5351 4.0449 3.2626 5.1687 1.3199 0.1792 5.5718 0.0504 0.3022
5.7075 3.3519 1.5255 0.8080 0.5067 0.4808 5.6173 0.1029 1.3777 5.6014 5.7840 0.8289 3.0537 3.5995 4.1314 4.0613 3.1404 3.5965 4.1563 4.0720
0.3243 0.2846 0.9901 4.3258 5.7771 4.6011 6.2413 4.6446 0.3604 1.6304 5.6481 3.6861 4.6625 0.7731 5.6105 1.9456 1.6487 2.0407 2.0197 1.2113
1.0829 1.9326 0.8415 0.8237 0.0669 2.7895 0.6630 1.1892 6.2349 5.7435 5.5471 0.6897 0.3348 0.0976 0.0996 5.8770 0.1566 0.8923 1.3221 6.1482
5.5118 1.0969 2.0415 2.8211 0.2953 0.5905 0.4331 4.4800 5.8934 5.1507 5.4124 4.1229 3.5325 3.7326 0.7475 0.5254 0.8686 2.1889 2.4211 2.0238
4.9911 3.8738 3.7243 6.2031 0.5646 0.0127 0.6696 5.9376 4.9762 0.1335 5.6646 0.7733 1.8702 1.1600 1.5450 1.9703 2.7158 3.8643 2.9822 2.8081
1.0854 1.4448 0.7165 1.8246 0.8214 2.5490 2.4316 4.4719 3.9440 3.6076 3.8254 4.1081 3.5493 2.9571 2.9253 2.8376 2.6947 1.8775 3.7778 0.1444
2.5819 4.5197 5.3837 5.4347 0.4917 1.1742 1.1918 0.2306 4.5420 0.7377 1.2764 1.1217 3.2153 5.3632 3.6558 1.6943 2.2754 3.8458 2.8033 3.0144
4.8712 0.0691 1.8752 1.0074 0.6945 1.8048 0.5321 4.9003 5.2886 5.5484 5.9618 4.9260 2.5684 2.1416 2.6200 4.8893 3.7353 2.3223 2.8408 5.0794
4.7252 3.2755 2.5150 3.6862 0.6088 6.0708 0.3762 5.6946 4.4505 3.4217 0.8872 1.4349 1.5657 1.5019 2.3100 2.4094 3.7437 3.2514 3.7128 4.8481
5.1470 4.7920 1.5157 0.7595 6.2746 1.2624 0.6030 2.2586 0.6867 0.0120 5.9200 0.0781 0.3969 4.9297 4.9472 5.1376 5.1319 5.4145 4.8943 5.3604
0.9142 1.2962 6.1449 4.7729 0.5223 3.9908 0.5205 1.2125 1.8980 2.5538 1.1871 4.5895 1.0149 6.0245 5.5653 4.5974 3.9608 3.5224 3.7590 2.6589
