3.4263 2.8966 3.6676 4.5520 4.5719 3.9804 3.8784 4.2785 2.6486 2.8483 1.9837 1.7568 1.2455 2.5605 0.5763 1.3403 0.9236 1.1006 0.2764 3.2958
4.4321 3.5385 3.4152 2.5854 3.7921 4.2231 3.0524 0.9715 2.2698 2.2840 2.0712 5.3852 0.1322 0.2613 2.2589 2.4218 3.9309 4.1388 5.2649 5.2939
4.4131 4.4463 4.0978 5.2530 3.3933 3.0246 3.4074 2.7332 3.0743 2.0037 2.3789 2.3193 1.6595 3.9817 3.7009 4.8928 4.1423 3.2565 4.0281 3.4934
4.4983 0.0586 3.8072 2.9120 3.5357 2.7051 2.1149 3.6911 3.2458 3.8829 3.0081 3.4645 2.2689 2.6056 3.1675 2.2747 4.4576 5.4071 5.7831 6.2188
4.5461 4.1223 5.5561 0.1734 5.6477 5.8577 3.6784 4.0566 4.2809 0.4837 2.7384 0.2400 2.1348 4.6093 2.8287 3.5229 4.8981 5.3745 5.4950 2.8438
5.9218 0.0796 5.0114 3.6068 3.9594 2.9189 2.3424 1.8862 1.7449 1.8443 1.6414 1.2289 1.5839 1.9940 1.6560 0.4038 5.3733 5.0872 5.8741 0.1972
4.5898 3.9109 4.5514 5.1555 2.5575 2.8958 1.7099 4.0901 2.0105 0.0085 0.4761 6.1453 0.7932 5.6047 0.3339 5.6496 4.3939 3.1213 4.6020 3.6321
5.4635 1.8590 3.9235 1.6149 2.2034 2.2283 1.8993 1.9688 1.9117 2.0582 2.1538 2.5645 1.3165 2.9733 0.6244 1.7114 4.2787 5.0645 4.5262 0.0862
0.1725 6.0549 5.0397 5.1276 4.9999 5.1986 1.0122 0.6323 1.6439 0.4369 2.3301 0.1119 1.4261 0.1570 5.6524 4.9025 4.5157 4.4910 4.4077 4.3039
5.3648 4.7424 4.0011 1.7505 4.8486 2.3260 3.9565 3.5606 3.9770 3.5751 2.9824 3.4657 3.9682 3.6862 4.9616 3.1260 3.5608 4.0458 4.6563 4.7438
2.4435 2.3114 3.0535 4.3836 5.3292 5.7464 5.4288 5.9934 3.7944 3.5889 3.9063 5.1015 4.3896 3.8677 5.0182 5.2422 4.8532 0.2205 4.3011 2.2791
2.3247 3.1229 2.1684 0.7586 0.0461 5.5373 4.8584 3.0131 4.5355 4.3870 5.5350 5.9147 0.1369 0.2617 5.8926 1.8551 4.0299 2.9661 3.4291 2.9921
1.1403 0.1626 4.7973 5.3556 5.8085 0.5328 6.0215 5.7086 5.2502 5.9693 5.3678 3.2064 3.3846 3.4230 5.9405 4.9933 3.7517 2.2198 2.8088 0.5422
3.8105 3.8844 4.7298 6.1922 6.0848 5.5150 5.6893 5.4834 4.6132 3.0589 0.7885 6.1798 4.9149 5.9453 0.1989 0.5432 5.4071 4.9752 4.2207 3.7277
3.5711 2.7422 2.6373 3.1924 3.9892 2.9168 3.4794 1.8193 2.5520 0.8505 0.6066 1.2523 3.8912 1.4332 5.1821 5.0619 5.3566 1.2675 4.8989 5.1083
3.6729 5.1225 5.4706 4.8694 3.3325 4.1276 3.1741 4.2554 3.9257 5.0477 1.5652 3.7832 4.7365 4.5512 6.0073 1.5255 5.9573 5.9481 4.9472 3.4464
3.7469 2.5275 2.4685 2.8474 2.3887 2.6411 3.3302 0.6673 0.2777 1.1998 1.5656 1.4010 0.2446 0.2855 5.2942 5.1856 5.0501 3.9887 4.3724 4.3178
6.2300 6.1753 0.6973 0.8962 0.4179 0.2365 4.6393 2.6183 5.5877 4.9798 4.2029 4.9504 5.4417 5.2760 5.6092 6.1803 6.0326 6.2096 6.0809 0.4620
4.9466 4.1284 4.8250 5.0877 4.4027 3.8681 6.2805 0.3482 0.4053 3.0079 2.5953 0.6943 0.5039 1.6741 5.4511 5.9414 0.2098 5.5244 5.2340 5.3767
5.1562 6.2531 5.1916 1.5060 1.3636 1.2087 1.7994 1.5117 0.8206 0.2233 1.8449 2.5436 1.1596 0.4828 5.3585 5.2994 0.1492 6.0222 6.1258 6.1274
