0.5261 5.3999 0.3062 1.5516 1.5809 1.9982 1.2451 0.5447 0.7169 2.9792 4.7493 4.5271 3.2650 4.7349 4.8193 4.3021 3.7049 4.6811 1.3046 1.3893
0.7442 2.0680 0.6929 4.4712 6.2237 5.8573 0.4314 4.6319 1.1686 0.2312 5.3546 2.5578 3.0476 1.6701 4.1033 2.6609 2.4440 1.8135 0.2161 6.0207
0.7679 5.7776 0.9268 1.6681 1.3264 1.5489 0.5094 1.9356 6.2650 0.8025 5.7167 3.9036 2.7379 4.3207 4.7266 4.6756 3.8955 2.6812 3.4891 4.3788
2.1463 0.9847 1.8124 2.5210 0.6314 4.8656 5.9416 5.4289 5.5709 5.7703 0.2741 0.9412 6.1850 0.5549 5.0838 4.5312 4.3235 4.6843 3.9489 1.9471
2.7539 3.0663 1.2677 5.4417 0.1380 0.7656 6.0874 1.9877 1.7201 1.7104 0.1530 4.7053 5.3843 4.5928 5.2541 0.5194 4.7944 1.3777 3.0809 3.2736
2.0444 2.1904 1.1896 1.3564 5.7717 4.1634 0.2266 0.7656 0.8346 0.5198 5.6716 0.4192 6.1529 0.9072 4.2199 4.9026 4.1820 4.4847 3.2489 1.1357
2.5398 3.9996 3.2363 4.4687 0.3100 1.1031 0.8809 5.8184 0.7146 3.8109 4.9317 3.7761 0.1059 4.7243 5.1196 4.9271 4.8891 2.1946 2.8636 3.6295
2.0510 1.8449 2.4986 2.0717 1.9452 4.0454 5.5595 0.4054 0.4117 0.0414 6.0610 6.1413 0.0093 1.2332 2.6019 1.9867 4.2601 4.4273 0.1597 1.0128
4.9665 4.3008 3.5214 3.2600 3.0577 3.5376 3.4029 4.0738 5.4429 2.7576 6.1855 4.1919 2.7348 3.8050 3.6338 3.9598 4.1753 3.6610 4.4016 3.8786
0.1038 1.7498 3.0877 6.1314 5.8131 6.2645 5.2056 5.7611 0.0694 5.8068 0.6036 1.1035 1.3930 1.6565 1.3957 1.0019 2.3337 0.0618 5.8048 0.0884
5.8658 5.7296 4.9194 4.1499 4.5986 2.9527 4.7105 2.5977 2.3735 3.1767 0.2446 4.3167 5.8925 5.7191 0.4916 3.2180 2.1949 3.1156 5.0461 4.8248
2.0151 1.5245 0.9039 0.9042 5.5097 6.0915 5.5379 5.1414 1.3441 0.3033 0.9643 6.2544 4.7536 6.1398 0.1493 0.7171 1.5497 5.7273 5.8887 0.2112
0.0484 3.7510 1.2952 1.6118 1.4042 3.7242 5.2655 1.6061 1.4740 2.2700 1.2270 1.8817 3.9709 2.8648 3.5772 4.4566 1.9886 0.8386 6.1997 5.2253
5.9265 0.1149 0.2338 4.5557 3.7806 5.0353 6.2023 4.7880 1.5342 4.7958 5.9167 5.9018 5.2817 0.0763 0.3800 0.8028 1.6378 2.3689 1.0391 0.3977
0.8708 5.6848 2.2033 2.6064 2.3069 1.0981 1.7354 1.4643 2.0238 2.5508 3.5243 3.7072 4.5735 1.9547 0.6941 2.7224 2.4089 3.3682 1.0817 0.6403
0.7689 2.3846 1.6630 2.6042 2.0644 2.8625 2.6700 4.6195 1.7656 1.1108 1.4048 1.3439 5.6712 0.6350 1.0323 0.5753 4.1388 4.3479 3.1303 2.6915
0.4772 6.2238 1.1611 1.0176 0.9041 0.0262 1.4662 0.6239 0.6933 5.0223 0.2499 5.4149 5.0849 4.6706 4.5805 3.9499 3.6779 5.7495 4.6797 5.1412
0.9872 2.7759 1.7753 3.3844 2.6866 3.2168 2.5693 3.0683 3.3743 3.1637 1.5621 0.9832 2.3582 3.5473 4.7443 0.8252 4.0273 3.8767 4.3376 5.9589
2.0060 3.1625 2.1198 0.6082 1.7255 2.1004 2.0831 6.2566 1.2807 6.2327 5.8244 4.9743 0.6342 0.1974 5.6334 4.6860 5.7204 0.1787 6.0693 2.4539
1.7618 1.4574 2.0958 3.0247 2.6249 4.4820 3.7754 2.9748 1.7884 1.8054 4.0850 2.1765 2.3025 1.6559 6.0697 1.9386 2.6178 1.3015 2.5568 2.8235
