0.2197 0.3095 0.2034 5.7907 5.8357 6.0971 5.7988 5.2814 5.3946 4.8981 4.9465 4.7706 5.4882 5.6999 5.5034 0.5738 0.6351 0.0635 6.0286 6.2612
1.1010 0.6985 6.0596 5.8911 5.7724 0.0013 6.2655 5.3774 5.9983 6.2384 6.1742 5.5326 5.6474 0.1040 5.0327 5.6306 0.1959 5.7853 0.6734 0.3015
0.9867 6.2040 5.9591 5.7000 6.1500 6.2295 6.1487 5.7064 5.5501 5.1618 5.1388 4.9912 5.8346 5.8705 5.5540 5.8030 5.9446 0.3065 0.6795 0.9666
0.3604 0.5744 0.7804 0.0651 0.1892 0.5930 0.5758 6.2516 5.9251 5.8340 5.8467 5.8239 5.5789 5.8718 5.6049 5.6396 0.0039 6.2142 0.8387 1.3341
1.1988 0.2047 1.4676 6.0430 0.8376 0.6175 0.0784 0.4008 5.2584 6.0326 5.2488 5.4990 5.6233 5.5768 5.7044 6.0604 5.9433 0.9183 1.2420 1.0945
1.0548 6.2626 1.4562 0.9399 0.9812 0.2566 6.1924 6.1020 5.8374 5.3506 5.4917 6.1790 5.7527 6.0791 0.0334 0.5322 6.1451 0.1267 0.7515 0.7678
0.7463 0.2307 0.2395 1.1438 0.8961 5.8854 5.7324 5.5284 5.3543 4.3370 5.6951 5.8140 5.5612 0.7694 0.7868 0.2041 0.3073 5.9272 0.3409 0.7487
0.7069 1.2705 1.1921 1.4294 0.8961 5.9771 5.3547 5.0573 4.3240 4.5008 5.7009 6.0869 5.9054 0.1179 0.2745 0.3181 6.2005 5.3258 5.8742 5.8045
0.4279 1.1092 0.4325 1.2641 6.2616 5.7663 5.3329 4.9523 4.7992 5.2161 5.3085 5.1442 5.1642 5.3944 5.2713 5.2369 5.7143 5.6431 0.3199 0.1278
0.7499 0.7210 0.7853 0.4120 6.2291 5.9123 5.0398 4.5486 4.8315 4.4239 5.7205 5.3915 5.0940 6.2526 5.4912 5.0176 5.3059 5.1615 0.4343 5.9010
0.3868 0.5198 1.0382 6.2696 5.1499 4.2413 4.3711 3.8637 5.7369 4.7620 5.9427 5.0625 5.5963 5.2546 5.6795 4.7636 4.8225 4.6454 5.1229 5.9459
0.8360 0.9695 1.4760 0.9946 5.6672 5.0514 4.3644 4.9895 5.0283 5.2179 5.4784 4.7064 5.6864 5.3314 4.5726 5.0506 5.4352 5.1139 5.8661 6.1806
1.3673 2.0175 2.1288 2.0512 4.8480 4.3094 4.1723 5.3175 5.1685 5.1781 4.8929 5.3022 5.2365 4.4444 3.5467 5.7994 5.1670 5.8307 5.9122 6.1474
0.6640 2.0877 2.2926 3.2778 3.5400 3.6851 3.5777 4.6805 5.7795 5.7057 5.7640 5.4046 5.6825 5.8504 4.6082 5.2190 6.1168 0.8036 0.1991 0.4666
6.0540 2.9754 2.1047 2.9678 4.1027 3.9448 4.3876 3.7955 4.9242 6.0400 6.2600 5.5927 5.1303 5.4520 5.1965 4.8488 5.4696 5.6835 0.0953 6.0430
5.0375 3.5378 3.7781 3.8432 4.2783 4.1108 4.1870 4.3688 4.8577 5.9018 0.4032 5.4066 5.2105 5.2459 5.1766 5.9313 5.8367 0.0042 5.8041 5.8958
5.3401 4.7970 5.7245 5.2836 5.2294 4.8814 4.7574 5.6488 5.6395 5.7468 5.8027 5.8999 5.7088 5.2110 5.1310 5.4966 5.2213 5.7769 6.0856 5.7454
0.2369 0.0182 5.9049 6.1009 4.9837 6.0473 5.7880 5.7713 0.0977 5.6361 5.5323 5.7742 5.5365 5.0459 5.2821 0.0663 0.9088 6.2559 6.0421 0.2125
0.2850 0.0900 5.9759 5.5505 5.7185 6.1616 5.8976 5.8753 5.8148 6.2707 5.2330 4.6081 5.5154 4.2500 5.4423 5.9446 1.1772 5.9048 0.9891 0.5785
0.3765 5.7923 0.1020 4.8929 0.4971 6.0892 5.9519 5.7750 5.6327 4.9638 5.1007 5.4558 5.8000 5.7040 6.1227 6.1572 6.2653 0.0379 6.0323 0.1319
