0.9883 1.2839 1.7327 2.6110 3.3594 3.4453 3.0745 2.8351 2.7352 2.4028 2.4593 3.3800 3.0927 2.1465 1.7872 1.6684 1.0418 4.5028 4.5207 1.1209
0.5129 0.8593 2.4131 2.1190 2.6262 3.5095 3.9542 3.3368 2.5084 2.6089 3.0732 3.3389 3.1857 2.0608 2.3772 0.8592 0.8427 0.8262 0.0996 0.2922
2.3737 1.8431 2.4986 2.3292 2.3293 3.2519 4.0001 3.4437 3.1050 2.4227 1.9046 2.2829 3.1510 2.6843 1.8982 1.4406 1.4334 1.7197 4.8546 3.7062
2.8290 3.5037 2.8431 2.5057 2.6380 3.7506 4.1107 3.7776 3.5454 3.4969 2.0668 2.5818 2.9582 3.1475 2.0325 1.2298 1.8699 2.2666 3.8017 2.7493
3.2678 2.8099 3.3659 3.1497 2.5435 3.6849 3.5453 2.9310 3.9089 3.6721 1.8189 3.1719 2.1182 1.8762 2.0578 0.6044 2.4802 2.3921 3.1638 3.2645
4.3436 2.2019 2.5883 2.9856 2.8101 2.5071 3.7943 3.9308 3.4287 4.2866 0.7182 1.1105 1.9292 1.5837 2.2350 1.8378 1.9786 2.4497 2.7448 3.1174
3.6521 2.0808 2.6293 2.4382 2.8221 2.8285 3.1319 3.6499 4.8078 4.8830 5.4369 1.1675 1.5506 1.7932 1.8526 2.2896 3.1206 2.2019 2.1756 3.2295
3.3211 2.7686 2.5766 2.4903 2.2841 2.6509 3.4799 3.3972 4.5507 5.1029 5.6728 0.6495 1.1922 1.7125 1.7344 1.6522 2.9062 2.0780 2.0430 2.2776
3.1920 3.2899 3.4003 3.0440 3.1231 2.7442 3.7268 3.2394 3.8547 4.8197 5.2501 0.6211 0.1585 1.4495 1.8744 2.2487 2.3034 1.8479 2.1773 2.8331
2.3680 2.2842 1.6198 2.0682 2.9210 2.8437 1.8547 2.4400 3.2986 4.3954 4.2963 0.2222 6.2051 1.4555 1.4958 1.9489 1.5323 1.9528 1.2764 2.1763
1.3821 1.7566 1.5338 2.4403 3.2558 2.8010 2.2846 3.3266 3.6051 4.7556 4.8726 6.2089 6.0323 0.7252 0.6485 0.7607 1.1031 2.6153 2.5971 2.5797
1.3419 1.7796 1.1770 2.3086 2.4334 3.4083 3.6833 4.0862 4.2223 4.3729 4.4584 5.9150 6.2692 1.1575 0.7726 0.4889 0.8135 1.3660 2.5836 1.5986
1.7333 1.4486 1.4948 1.2477 2.3359 2.3549 3.1487 4.2298 4.6074 4.8129 4.6730 5.2829 0.8807 1.0836 0.9793 1.4084 1.1394 0.9722 1.3277 1.3910
1.7880 1.5689 1.4285 1.7044 2.1586 2.8743 2.8573 3.3449 4.2295 3.3777 5.0642 4.7113 1.3457 2.3684 1.3175 0.9636 1.6050 1.3447 1.1677 1.9977
1.7943 1.5345 0.9208 1.1207 0.9102 1.9329 2.5859 3.7181 3.7297 3.9862 4.0986 4.2512 3.3670 2.0193 0.7127 1.4250 1.3867 0.9012 2.8670 1.7254
2.6934 2.1816 0.6139 1.0234 0.5440 5.5286 3.3868 3.2020 3.9552 3.8465 3.0897 3.2457 2.6825 2.4493 1.4030 1.7646 1.3618 1.1932 2.1125 3.0507
1.1977 2.3874 0.9237 1.5907 0.9725 1.0767 2.2041 3.4694 3.3821 3.3290 3.7833 2.6701 2.3064 1.4351 0.9293 1.7596 2.3410 1.3127 0.3855 1.5401
1.1989 2.1775 1.7629 1.7917 0.8109 1.2086 1.9204 2.3837 3.5514 3.3809 3.9144 3.2229 2.1475 0.7017 1.2732 1.8427 2.2861 1.6113 1.4357 2.0800
2.0134 1.3331 1.4738 2.5837 1.4146 2.2105 1.8777 2.4917 3.8616 3.1337 2.7971 2.6801 2.2487 1.7243 1.0776 1.2123 1.9815 2.7469 0.6969 1.5973
1.9480 1.9885 1.7161 1.8291 2.2484 2.4390 2.8413 2.9855 3.3076 2.5196 2.5256 2.0978 2.4520 2.2231 1.9425 2.4411 2.0078 3.1562 0.8639 1.0679
