0.6929 0.5036 0.1517 0.2842 0.8956 2.1502 1.8638 2.2807 2.8008 1.9768 2.2092 2.0611 3.9627 3.1704 2.0704 1.8965 0.7615 0.9197 0.4958 0.9799
0.3772 0.2150 5.8597 5.9973 3.3444 2.7814 2.4458 2.2759 2.7620 2.6653 1.9532 2.6342 3.6037 2.5283 1.5819 1.7016 0.9046 0.7278 0.1417 0.4646
5.5471 0.2470 0.7422 6.0809 5.0293 3.3472 2.9648 2.7821 1.6257 2.9092 2.8167 2.1727 1.8288 2.0216 1.7458 1.8796 1.1902 1.1281 0.6422 6.2200
5.3312 5.9118 6.1601 5.8384 5.3935 3.8413 3.0572 3.2271 2.4506 3.6895 3.1634 3.0163 1.4322 1.5292 1.0161 0.9264 0.9214 0.6537 0.7914 0.3074
5.3678 5.0891 5.5697 5.8885 4.5532 4.0765 4.1247 3.5956 3.3389 2.8866 2.7025 2.4533 1.7530 1.1920 1.2525 0.8659 0.3175 0.9221 0.7065 5.1938
6.0871 5.9166 5.9954 5.6402 5.3990 4.8944 3.8450 3.4818 3.9313 2.9437 2.4775 2.3525 2.0415 1.7640 6.2224 0.2642 6.2128 1.0825 0.6805 6.1115
5.9002 6.1789 5.8721 5.4508 5.1006 4.5254 4.2029 3.4499 3.4128 3.1225 3.0894 5.6878 5.8755 0.2030 5.7311 5.8158 0.2791 0.4302 0.3396 0.1093
0.4199 5.9341 5.9700 6.2441 0.3908 4.9812 5.0776 4.1605 4.6549 4.3655 4.5568 5.6170 5.6632 5.3446 6.2428 5.4450 5.5325 0.0528 5.9737 6.0824
0.3644 0.6774 0.0426 0.3722 5.9183 5.3475 4.6705 4.5930 4.6713 4.0344 5.2421 5.7228 5.5081 5.2315 5.6220 5.3207 6.0080 0.1708 0.0443 0.4527
5.9860 1.1532 0.3334 0.0808 6.1081 5.4295 4.1834 4.2852 5.4258 5.6441 4.4634 5.4644 5.5757 5.1528 5.2332 5.3701 5.8783 5.6709 5.7473 6.1235
0.0859 6.1642 5.8252 6.0994 6.2563 5.4806 4.7557 4.2168 5.0433 5.0800 4.9994 5.3909 5.5194 4.9799 5.5498 5.2067 5.9353 6.2687 6.2558 0.6386
5.4278 6.1048 0.0704 0.1834 0.3499 6.0261 4.7771 4.9344 5.1910 5.8289 5.2270 5.9960 4.4298 4.9089 4.9236 4.9650 5.2234 5.6236 5.1820 5.5165
5.1720 5.7071 0.8465 1.4385 0.0759 0.6142 6.1366 5.5137 4.9771 4.6499 4.5114 4.9219 5.5727 5.1109 4.8928 4.9675 5.2906 5.5390 4.8029 4.9186
4.9482 5.9168 0.6582 0.2650 0.9781 6.2615 5.2141 5.8717 4.9834 4.5011 4.5763 4.5583 3.9883 3.9021 5.2663 5.0708 5.1266 4.3932 4.5971 4.0866
2.6900 1.3422 1.1357 0.8778 0.9672 5.3639 5.7352 5.8487 5.0188 5.2475 4.1199 4.2952 3.4210 3.8435 4.5862 5.0132 5.4492 5.4257 4.5718 4.1712
1.9444 2.2085 1.4247 1.2600 0.5921 5.4865 5.3465 4.5928 5.5835 4.7766 4.5313 5.0341 3.9011 4.3722 4.8556 5.0933 5.4723 3.6134 3.8000 3.1418
2.2652 1.4867 1.0656 0.6601 0.3239 0.7631 0.3083 4.2068 4.4961 4.7664 4.8636 4.2223 3.6754 4.2704 3.7847 4.6906 4.7555 3.0900 2.6074 2.0819
1.6439 1.4815 1.8067 1.1137 1.4015 0.8173 0.7783 2.5601 4.6078 4.3815 5.2418 4.0247 4.0203 3.5020 3.4095 4.2350 3.0428 3.1561 2.2176 2.5927
1.7448 1.4172 0.9799 1.4138 1.3918 1.9979 1.9519 2.8846 4.1467 4.0083 3.4845 3.9435 3.3660 3.4234 2.6940 2.3909 2.2695 1.9180 1.8673 1.4669
0.7780 0.9428 0.1082 0.6502 1.4645 1.4096 1.7272 3.0584 3.3398 2.9151 2.6598 3.0553 3.9617 2.7250 2.4894 2.1064 1.8877 0.9196 0.9029 1.1956
