3.6331 3.1788 2.4985 2.7137 1.4347 0.4906 0.3393 0.4255 1.0319 1.8442 0.5585 6.2330 5.5840 5.6834 5.5260 4.8950 5.0546 4.6029 4.4507 3.9823
3.3830 3.9780 3.6498 2.9818 0.9815 6.1202 6.0550 0.2048 0.3098 0.1334 0.6487 0.9534 5.4773 5.2652 5.1828 5.3633 5.5504 6.1046 5.3638 3.7601
5.1926 4.0309 4.3049 3.0746 0.6367 0.4852 6.2109 0.1460 0.4773 0.6894 1.2054 6.1298 6.0338 0.0207 5.6099 4.9392 5.7550 5.2244 4.4204 4.4256
4.3890 4.2596 5.1637 5.8367 5.6867 6.1435 0.7097 0.4743 1.0772 0.9482 0.9599 0.5263 0.4026 0.4723 0.1579 4.8627 5.1381 5.6282 3.6149 4.6047
5.2164 5.3254 5.6840 5.0383 5.5373 5.8295 0.7715 0.2432 6.2225 1.2372 0.7416 0.9402 0.9521 0.6663 0.3278 5.6334 5.7766 6.2825 5.2787 5.8419
6.1109 5.5704 4.9716 5.2786 4.5325 5.1547 5.7629 0.5055 0.3015 0.9145 0.7436 0.9986 0.8637 1.1753 0.4900 0.0705 0.5334 6.1725 5.5535 0.0390
5.8537 5.7165 5.5204 5.5082 5.4526 4.7433 5.1460 0.3485 0.4567 1.4888 1.5434 1.3205 1.5846 1.1769 0.7078 0.8988 6.0322 5.1035 5.7881 0.1329
0.5308 0.5573 6.1195 6.0660 5.4162 5.4343 5.3940 5.8390 0.9247 1.0415 0.9658 6.1548 1.0176 1.6452 0.7253 0.1315 0.1434 0.1653 5.9380 6.2019
0.8314 0.9766 0.5302 5.3960 4.9889 5.2567 5.2266 5.8397 0.3972 0.8371 0.6033 0.8349 0.4662 1.5959 1.2169 1.0952 0.9174 1.6616 0.5267 0.5394
1.3376 1.9203 1.1857 5.2196 6.0210 4.7265 5.0682 0.3627 0.3068 6.2668 0.9347 0.1715 0.1793 0.9577 1.1376 0.6435 1.0905 1.1988 0.6847 1.2299
2.0237 1.5258 2.0897 5.3420 5.4229 5.6522 6.2521 5.4793 5.9076 6.0637 0.4456 0.5272 1.6548 0.6729 1.2405 0.1079 1.7030 1.7642 0.9610 1.6640
1.8771 2.7790 3.0858 4.7425 4.5601 4.9018 4.0212 4.5758 5.9098 6.2146 6.1226 0.7487 1.4377 0.7586 0.6441 0.1729 0.5515 0.6668 1.4264 1.6898
1.9218 3.0286 2.9947 3.8300 3.7148 3.6852 4.2575 4.2234 5.3774 5.6755 5.3194 5.5533 0.6781 0.4348 0.6243 0.2227 0.7128 0.9166 1.1614 1.6941
1.3026 3.2861 3.5511 2.6537 2.1046 2.5797 3.6982 3.6671 0.2815 0.7190 5.9779 6.0350 0.6030 0.9159 0.8026 0.5374 1.0272 0.8934 1.8703 2.0285
1.8843 3.1012 2.4277 2.4360 1.8100 2.0543 2.5206 2.5732 1.0166 0.9275 5.4066 5.5084 6.1245 5.9688 6.0277 5.8311 6.1471 0.7741 2.2514 1.2602
1.7297 2.4984 1.9821 1.6273 2.1549 2.2848 3.1525 1.7299 1.1222 1.0532 5.3103 0.2987 0.2148 5.8902 5.5048 0.1065 5.7193 0.3569 0.7476 1.2084
2.2250 1.9199 1.2294 1.7415 2.9361 3.3695 3.9336 1.4682 1.3794 0.8424 5.4724 5.9226 5.6403 5.8608 5.2755 0.1984 5.9811 6.1721 2.1977 2.1451
3.3762 2.5883 2.8738 1.8122 2.1996 3.2153 3.7098 4.9034 0.6407 0.5961 0.0791 5.7169 6.1327 5.4608 5.6069 5.4369 5.3133 4.3156 4.3593 2.3036
3.0394 2.8920 2.5128 2.8529 2.9351 3.8766 4.5357 1.0167 1.1890 0.7239 5.9237 0.1462 0.0132 5.9663 5.2916 5.0237 4.5718 3.3539 4.7201 3.6636
2.7206 3.1896 3.3794 2.7636 2.5166 5.4766 0.0021 0.6479 1.7648 0.8607 5.9093 6.0917 6.2304 5.3020 5.2783 4.2837 3.5656 3.3851 4.1957 3.4703
