3.6696 4.0052 4.0497 4.0898 2.6892 2.0891 2.0714 1.5180 1.6818 2.1812 2.7317 1.5901 1.8090 2.2698 1.8150 1.9059 2.0591 3.1895 4.0884 3.4719
3.4021 3.5819 3.8595 3.0925 2.5222 2.2265 2.0186 1.6611 1.6577 2.1966 3.4019 1.1865 2.1653 2.2143 1.6205 1.3897 2.1291 2.9697 3.6918 3.6978
3.0222 3.5113 3.7769 3.5435 2.7689 2.6094 2.1018 1.2156 1.9738 0.5781 1.1033 0.2708 0.4699 0.7606 1.2603 1.5146 1.9184 3.4084 2.7579 2.7341
3.7713 3.2739 2.5766 2.1356 2.2186 2.1509 3.0520 1.9149 1.0720 0.5067 0.1715 6.1040 0.4970 0.7740 1.3128 1.8219 1.9356 2.2266 3.0700 2.7632
3.3016 3.0457 2.7005 3.5601 2.9837 2.9749 1.8010 2.2438 1.0282 0.4446 6.0165 0.1291 0.4454 0.1860 0.4032 1.9987 1.7825 2.6033 3.0049 3.3100
2.5033 3.0949 3.2746 2.8438 3.5947 1.9299 1.7530 1.6683 0.4545 5.8305 5.9009 6.0037 5.6933 4.9409 3.9731 3.2273 2.3569 2.8523 2.7814 3.3089
3.0924 3.2344 3.3058 3.2775 2.5569 2.2770 2.2476 1.2842 0.2607 0.1474 5.7495 5.7623 5.6301 4.8208 3.2248 2.2844 3.3700 1.9181 3.8566 3.3774
3.3682 3.0753 2.7581 2.8007 2.9517 2.2097 1.7414 1.0176 0.9772 1.0717 5.5505 5.7201 5.1790 4.9827 3.5946 3.1888 3.8113 3.0391 3.3185 3.1455
3.8668 3.2329 2.5060 2.5331 2.0022 2.2791 2.3271 1.9509 0.8951 0.5435 5.6998 5.7489 5.5244 5.1676 4.1839 4.3411 3.7571 3.2281 3.0009 4.1453
4.0465 2.8669 3.0624 2.4152 2.1836 3.4388 2.2219 1.7309 1.3500 1.0744 5.1858 4.7750 4.8565 3.9505 4.5061 4.2890 2.8352 3.2899 3.2649 3.9944
4.1111 3.8604 3.3949 2.6249 3.1524 3.1550 2.8106 2.1857 0.8947 0.9673 0.0392 6.1305 4.5426 4.8185 4.9138 4.6106 4.6327 4.2981 3.9492 3.3704
4.2802 3.8222 3.7113 3.1384 3.4737 2.8485 2.2446 0.9812 0.9982 0.9037 0.2649 5.6640 4.9677 4.9284 5.1594 3.8309 3.6023 4.7068 3.7782 3.6888
4.1434 3.6585 3.4771 2.8264 3.4943 1.9445 3.0117 1.5361 1.5302 0.9107 0.9455 0.7006 4.1258 5.4318 4.9949 3.6655 4.2507 4.7441 3.9923 4.4896
4.7841 5.1639 3.2865 3.5945 2.7949 2.5681 2.2286 1.9795 1.7317 1.2887 1.0610 5.8740 0.0809 5.2496 4.1171 5.0940 5.0593 5.1539 4.4250 4.5563
4.1951 4.0430 3.6017 4.0123 2.2531 2.1090 1.9510 2.6003 1.6687 2.1534 1.4287 0.4722 1.0249 1.1917 2.5197 4.0138 4.7214 4.4382 4.1946 4.1033
4.7350 4.3185 4.4060 3.4928 2.4519 2.8502 2.2859 2.6052 2.9437 2.1845 2.4424 1.2756 1.4890 1.3178 1.5780 3.1811 4.0219 4.0956 4.2053 3.9735
4.2433 4.1028 4.0071 3.8678 3.1103 3.0155 3.4805 2.7573 2.4276 1.5468 2.0431 0.7942 1.2373 0.9641 1.2508 2.1487 3.2291 2.3264 2.7646 3.5333
4.2625 3.3239 4.4941 3.5208 3.1575 3.3378 3.0465 2.4276 3.0067 1.7124 1.7340 1.7566 1.6022 1.8557 1.3524 2.0907 3.4372 2.9696 3.0836 3.5302
4.0798 3.9484 3.1886 3.4757 2.7448 3.0672 2.4424 2.9041 2.5477 1.9075 1.7500 1.5297 1.2073 2.2233 1.9690 1.6319 3.1629 3.0286 3.3020 2.8000
4.5246 4.4560 3.0366 3.0012 2.5269 3.0442 2.4447 1.8356 2.2250 2.7819 1.9869 2.4736 1.9841 2.2073 2.1539 1.1904 3.0359 3.7074 4.1206 3.9508
