1.1019 1.2215 0.2058 5.8598 5.9130 5.7780 0.3622 6.0211 5.7897 0.1415 0.4463 0.2035 5.9396 6.1397 0.4156 0.0449 0.9694 1.2752 1.7562 1.1179
1.9913 1.7852 5.8793 6.0628 5.7741 0.2110 0.8232 6.0813 0.1840 0.5478 6.0489 6.0334 0.3288 0.8066 0.5724 0.5854 1.1466 1.4128 1.3409 1.4201
2.9284 3.7583 4.7481 5.4110 5.5373 5.1716 0.2741 0.7482 0.4125 1.3181 0.4102 0.7752 1.1886 2.2130 1.8566 1.4719 0.9177 1.0180 2.0213 1.8911
2.8976 3.5083 3.7650 4.3381 5.1952 4.9769 2.4532 0.7803 0.5809 1.6249 0.6383 0.8129 0.7616 0.4156 0.9371 1.0196 1.2324 1.3928 1.4397 2.2006
2.4031 3.1019 4.5130 3.9050 3.4207 3.8902 3.5890 2.3175 1.8354 1.9034 0.9397 0.9917 0.8841 0.8631 0.6840 1.0878 0.1315 0.9449 1.4918 1.8197
2.9682 3.7140 5.2485 3.7442 3.6594 3.3190 2.8959 2.9204 2.0786 2.1423 1.3212 0.8411 0.0516 0.3462 0.5778 0.3531 0.1640 0.8371 1.1190 1.1499
5.8782 3.7067 4.1917 4.0073 4.0749 3.6323 3.2469 2.3576 2.4093 1.2322 6.0351 1.4707 0.7635 0.3292 0.5948 0.9902 0.3994 1.2489 0.8142 0.6947
0.5212 4.8247 3.8270 4.2928 3.1112 2.6842 2.6693 1.3054 1.4652 0.8807 0.5274 1.6096 0.0320 5.6316 0.6523 0.4884 6.0766 5.9017 0.1963 0.3444
1.0095 1.3209 2.3935 2.8992 2.2007 3.0410 1.9904 0.9346 1.1583 0.6345 0.3630 0.1744 6.1228 6.1704 0.3860 5.6610 6.0372 6.0793 0.5207 0.9863
1.5020 1.0518 1.5197 1.7706 2.4862 0.7661 1.4597 1.0085 0.8360 0.1314 0.5497 0.4392 0.2118 0.3758 0.6838 0.0167 6.0080 0.0023 0.9753 0.6090
1.6839 0.1647 1.6050 1.2972 1.8440 1.1008 1.4404 2.0864 1.0975 0.9030 1.0049 0.0011 0.2190 5.6479 6.1367 0.5593 1.0165 1.0821 1.1870 0.7520
1.1434 0.8927 1.4644 1.4417 1.5097 1.2708 0.7336 0.9491 1.6571 1.6805 0.5099 1.1784 0.8481 0.7434 0.7578 1.4232 1.0368 1.0600 1.7466 1.5778
1.8877 0.9265 1.3319 1.1277 1.1506 1.3868 1.4926 1.4110 1.2788 0.4336 0.7180 1.1919 1.1755 0.9097 0.4039 1.1738 1.9525 1.2355 1.3441 2.0786
2.2430 1.7565 1.0590 1.4434 0.4077 0.4781 1.4642 1.5909 1.1185 0.8809 0.5606 6.2710 0.8680 0.4932 6.1819 1.4189 0.9024 1.0706 0.8858 1.8185
2.6035 1.3641 1.3285 1.4827 0.5113 0.9504 0.2467 1.0625 0.9184 0.5471 6.1018 0.2588 0.6888 0.3737 5.8763 0.0845 0.4478 1.5826 1.7891 2.1832
3.2563 3.8895 2.9121 2.8402 0.9504 1.1956 0.1666 0.5517 0.6942 1.0169 0.3233 0.3032 5.8433 0.4717 0.3465 0.1981 5.4516 5.5150 4.1634 3.4998
3.3343 3.6530 4.0121 2.7658 0.8473 1.7384 0.6335 0.5459 0.8137 1.5886 5.8725 0.7388 6.0633 6.2458 0.3278 6.2801 5.7427 5.5194 0.0443 4.8180
5.5269 4.3293 5.1561 3.0028 1.1345 0.1549 0.1510 0.7036 0.1611 1.0407 0.3064 5.4696 6.2204 0.0741 6.0356 0.5142 6.1541 5.6781 5.6356 5.7680
0.3140 6.1074 6.1901 5.3700 0.7821 0.5884 0.2147 1.1762 1.3768 0.5269 0.4987 5.8662 0.0164 0.1490 0.0216 0.8014 0.9077 1.0186 0.1030 6.2522
1.0500 0.5585 0.7191 5.9843 5.3460 5.7240 0.3923 0.9435 0.2651 1.0685 0.6146 0.3145 0.5593 6.0663 0.2360 0.9017 0.9092 0.7903 0.6354 0.7958
