3.7047 3.5014 4.3256 4.4850 3.8239 3.4805 3.3318 4.1063 3.3190 2.6203 2.8273 2.1030 1.3228 1.4540 1.3875 1.6485 3.2249 1.3413 2.1675 2.7808
1.8455 4.5050 4.9567 3.3670 3.4167 3.6991 3.8666 4.0709 2.7840 3.3451 2.6620 1.8385 0.8867 1.5951 1.3385 1.2515 1.6897 1.7649 2.6113 2.3354
2.5003 1.4424 0.3908 3.0973 3.6299 4.0218 3.8306 3.2768 3.2088 2.6633 1.3431 1.4535 1.1838 1.0648 1.3323 2.1337 1.8739 2.4849 2.2542 2.5477
1.0509 1.0520 1.3471 2.2693 3.2970 3.6371 3.3874 3.8136 3.9176 5.8091 5.5862 0.7637 1.6734 0.6254 1.7522 1.7544 1.5791 2.4246 2.1018 1.5542
1.4127 2.0042 2.0682 1.9646 1.8293 2.5213 3.1495 3.9828 5.6139 6.2216 5.7578 5.8236 0.4175 0.5534 6.0925 0.3147 1.1696 0.1699 6.2815 1.3128
1.0978 1.2027 1.2981 1.4292 1.4347 2.6798 2.0970 4.1871 4.8984 5.7246 5.4872 0.1319 0.0137 0.2519 0.3404 0.4601 1.2471 0.1617 0.1102 0.0740
6.2328 0.8093 0.7593 1.0687 1.1629 0.4919 5.1799 4.9645 6.0558 5.3867 4.9303 5.4044 5.9447 5.9391 6.0904 6.0730 0.2154 0.4602 0.2896 0.4533
0.3584 0.3846 0.0081 0.2235 5.7802 5.4713 4.9565 5.5846 4.9988 4.7222 5.0062 0.1994 5.3367 5.8716 6.2656 5.9917 0.3697 0.1742 0.6888 0.3502
0.6010 0.9329 0.2209 0.2125 5.8902 5.5804 5.2876 5.2185 5.4542 5.7006 5.8961 0.4950 5.8574 6.1122 0.2195 5.9491 0.1473 0.2313 6.1630 0.7374
1.0681 0.9185 1.2393 1.0569 0.6120 6.0291 0.2628 5.7456 6.0989 5.8848 5.8512 6.2767 5.2534 5.9435 5.7960 0.1481 0.2686 0.1677 0.0284 0.9194
1.3288 1.8679 1.4020 1.2976 1.5248 0.5025 0.3694 0.1992 0.1039 0.4775 0.4087 5.2425 6.1363 0.6107 0.2449 6.2395 6.0364 0.5044 0.3179 0.5170
1.0562 1.0013 1.9795 1.6293 0.9702 0.5842 5.9062 5.9109 5.2070 5.4169 5.6280 5.8830 5.9007 5.7473 0.2546 0.6662 0.9596 0.7943 0.8281 1.0423
1.8676 1.6519 1.8473 2.1070 1.9560 3.6295 5.6311 5.0323 4.1884 5.0321 5.3956 0.3127 5.0175 5.4448 0.8571 0.5943 1.6892 1.6221 1.9825 2.1915
2.4481 1.4247 1.4631 1.8990 2.5196 2.7191 3.1718 4.3492 3.8430 4.3442 5.0583 6.1687 4.4977 4.5834 3.6819 2.6707 1.9562 2.0755 1.9029 2.0813
2.4474 2.5692 1.5771 2.2985 1.9591 2.9492 3.0306 3.6610 5.6721 4.1123 5.0701 4.1976 4.5547 3.7032 2.1458 1.9871 2.1108 2.3398 2.3878 2.5158
2.0362 2.1143 2.2156 1.8328 2.4597 2.7302 2.7142 4.1439 4.2864 3.9829 4.2927 3.9652 4.2193 3.3092 2.8958 2.5587 2.5467 2.4138 1.7575 2.3602
2.6231 2.4580 2.8377 1.9339 3.1641 2.6056 3.4081 4.0582 3.5646 3.5725 3.6887 3.9320 3.3587 3.6736 3.3318 2.3233 2.7195 2.1044 2.4590 1.9044
2.9266 2.9758 3.4467 2.9095 2.0075 2.8525 4.1614 3.9853 3.6939 3.7158 4.3957 3.6112 2.2383 2.4938 3.7646 1.8302 2.2636 2.4610 3.1197 2.5210
2.8765 3.4639 2.2609 3.1034 2.5379 3.1938 3.0473 3.2224 2.8368 3.7259 3.3318 1.7372 1.7138 1.8087 1.9382 1.9049 2.7006 2.3272 1.5647 2.4658
2.2170 3.0595 3.0082 3.1037 3.6446 2.9686 4.0268 3.7065 3.1334 3.2951 2.7494 0.7414 1.6206 2.3241 1.7031 0.6122 2.5300 1.7670 2.8181 2.6208
