0.8569 1.7403 1.5658 1.5414 1.5618 1.7893 2.5992 2.5922 3.3521 3.2945 3.9584 5.0544 6.0542 5.9813 5.6149 5.7533 0.1133 0.3932 0.3095 0.5620
2.0716 1.7116 0.9654 0.3675 0.9289 1.7130 2.2075 2.5038 2.9881 4.0411 4.4577 4.2621 5.1286 5.2793 5.5566 6.1214 5.8303 0.2012 0.2336 0.5688
1.5910 1.6866 1.2428 0.7770 1.4117 2.0125 1.8448 2.7656 3.2194 3.5126 3.9245 4.0657 5.2490 5.5372 5.4959 6.0031 5.9875 5.4571 5.8245 0.2468
1.0404 0.9130 1.1520 1.3084 1.7282 1.5323 1.9087 2.5417 2.5358 3.4594 4.7508 4.1497 4.5584 5.3853 5.7075 6.1887 6.2525 0.1071 6.0723 0.3496
0.8761 1.1419 0.7895 1.1996 1.0006 1.1511 1.7882 2.6925 2.3141 2.7490 4.5376 5.0830 5.0443 4.6372 4.6283 5.5345 6.1815 0.2045 0.8095 0.5583
0.4746 5.7565 0.4038 6.2343 0.9964 2.0300 1.9614 1.7115 1.6970 1.0666 4.4305 4.3112 4.3854 3.3593 4.5349 5.6296 4.8035 5.7418 0.5573 0.5761
1.0112 6.1134 0.9018 0.5443 0.0068 1.4036 1.8570 2.1045 2.0201 0.9398 0.7674 5.3899 3.8403 6.2063 4.3884 5.4507 6.0824 0.0247 0.7770 0.0113
0.8335 0.6443 1.0561 0.2520 6.1243 0.8013 1.1008 2.0015 0.5919 0.3520 6.1012 5.5927 4.3506 5.5188 5.4567 5.8488 5.1678 6.2173 1.0661 0.8489
0.9815 1.2126 0.6913 0.6449 0.6497 0.9951 0.8645 2.2486 0.4930 0.4222 6.1567 5.5392 5.4344 5.1344 5.1520 4.6970 5.0861 0.5565 1.4141 1.5572
1.7536 0.7765 0.4391 0.3726 0.7191 1.0861 1.3686 1.9501 1.5649 1.0826 0.1118 6.1248 0.0770 5.6363 4.2533 3.7324 3.5890 3.0514 2.7109 2.5061
1.6735 0.9197 0.4428 1.2193 0.7817 0.5179 1.6019 1.4789 2.0670 0.8496 5.8923 4.7568 4.9112 4.9988 4.0123 3.7153 2.8305 3.3115 2.4900 2.8656
1.8056 1.3937 0.8854 0.6258 0.9994 1.5043 2.9410 3.2379 3.9551 4.7339 3.7875 4.1222 3.6502 4.9368 4.6051 3.1656 2.5949 3.2962 3.0448 2.6046
2.0373 2.0634 0.1877 0.1079 0.3277 1.4194 2.6359 2.9000 2.7469 3.3611 3.8016 4.2048 3.6265 3.0394 3.4572 3.5862 2.5596 3.0010 2.7686 1.4549
1.9137 1.5735 0.8105 5.7637 5.9390 0.1783 3.1715 3.7947 3.6053 3.4982 3.2041 3.2519 3.0444 2.8233 3.0223 2.1845 2.1901 2.5191 1.8204 2.2922
2.4653 0.5804 0.0635 5.7357 5.4759 5.3983 3.0141 3.8210 3.7697 4.8310 2.9507 2.1050 2.7488 2.6874 2.2979 2.2301 1.5118 1.6615 2.1192 1.9735
0.7411 0.2156 5.8050 4.5097 4.9892 3.5982 2.7959 2.9473 3.6802 3.8240 2.9886 2.4991 1.8076 2.2196 1.8589 1.7991 0.9496 1.2976 1.3689 1.5269
0.5271 0.0668 6.0220 5.6305 3.6167 3.3129 2.7262 2.7372 3.5935 3.3075 2.6161 2.1207 2.5947 2.2066 1.9139 1.6171 1.3745 1.1637 1.4875 1.2226
0.3255 0.7957 6.2451 5.1756 4.1639 3.5525 2.8220 2.1053 2.4318 2.6131 2.5345 1.9803 1.7773 0.3354 6.2228 5.7744 5.6573 0.4778 1.1672 0.6349
1.4397 0.9143 0.7591 1.3120 2.3902 2.9245 3.2997 3.3438 2.6623 3.0685 2.8193 1.8861 0.9969 0.1509 0.1873 6.2076 4.8458 6.2017 0.4088 1.3911
1.2854 1.5456 1.2399 1.4056 2.0300 2.6819 3.0962 3.4264 3.0260 3.0171 3.7060 0.8289 0.2538 5.3070 6.1678 6.1776 5.8300 0.3556 0.7596 1.8126
