2.7596 1.2040 1.8502 1.5905 0.7844 0.3653 0.7892 1.1795 0.2729 1.2241 6.2545 6.2706 6.2320 4.4540 5.1229 5.0923 4.8576 4.6738 3.4844 3.0393
1.8903 1.3096 1.3901 1.1395 0.8710 1.0929 0.6751 0.5589 0.5680 0.9779 0.4640 0.0442 5.9536 5.6289 0.5709 5.9329 5.6795 4.8978 3.3886 3.3556
1.9137 1.8081 2.0630 1.4079 0.7966 1.5150 1.2194 0.7916 0.7302 6.2647 0.0830 0.1111 6.2745 5.9808 0.1295 5.9612 5.0276 4.8840 3.1807 2.5607
2.5581 2.4901 1.8793 1.7978 1.0646 1.7123 1.2691 1.3616 1.2138 0.2426 0.5050 0.3572 0.1273 0.0867 0.0774 5.0016 4.6159 4.4615 3.3956 2.6763
2.8355 3.2265 2.2139 1.0329 0.5822 1.3955 1.5421 1.7520 0.5364 0.0818 0.4517 0.5979 0.8003 0.0786 4.9551 5.7003 4.8431 4.6128 3.3303 2.9835
2.7120 2.0940 2.1131 1.3867 0.3285 0.9158 0.7603 0.5418 0.0476 6.0417 0.5246 0.5160 0.2856 0.6741 5.5528 5.9366 5.5333 4.2075 4.4322 3.5037
2.8912 3.3000 2.4926 1.7069 0.5503 0.4515 0.3859 0.9707 0.0500 5.7417 6.2452 5.9851 6.1532 5.8316 5.4089 5.2300 4.4470 3.5807 4.7453 3.6940
3.1190 2.8298 2.0468 0.9687 0.5232 0.5657 0.7443 1.8126 6.1144 5.3807 5.1245 5.8240 5.6855 0.1819 0.6895 4.8562 4.4327 4.1897 3.0191 3.6488
2.7238 2.5645 2.6770 2.3786 1.7860 2.4999 2.7622 3.0200 4.1829 5.4058 5.2912 5.5374 0.3027 5.7781 6.2731 5.8419 5.2644 4.3071 2.9500 3.4909
3.0426 3.5242 3.0402 1.9501 1.9220 1.7120 2.6394 3.5619 3.8078 4.7794 5.7316 4.6458 4.1956 5.0508 5.1145 4.9427 4.2583 3.9824 2.3226 3.4917
2.2339 2.7655 2.8434 2.6540 2.7945 2.4567 3.0384 3.2206 4.5341 4.4292 5.0757 4.8356 4.6861 5.5000 5.0281 4.2772 4.5825 3.7881 3.6883 3.5474
2.2002 2.9718 3.7315 3.0331 2.9772 3.2870 3.1480 3.0784 4.5939 3.7011 4.2891 4.1152 4.8154 4.9875 5.0469 4.9224 5.2310 3.6089 3.3559 2.4441
2.5489 1.8613 3.2170 3.1831 3.1410 4.7268 4.1432 3.5510 3.3846 3.7144 2.9117 3.8567 4.3184 3.7987 3.4413 3.8030 4.2568 3.1970 3.3023 2.3246
1.4372 1.8162 2.1984 2.9827 4.0487 4.3855 4.8541 4.4142 3.6709 3.8591 4.1022 3.7867 3.7476 2.7584 3.0157 2.3716 1.7812 2.5521 1.7234 1.4174
1.6232 1.5250 5.9889 4.4768 4.8384 4.1071 3.9763 4.2909 4.1426 5.0668 3.5604 3.9591 4.2499 2.3560 2.0903 1.8103 1.9980 2.9777 2.1567 2.5505
1.3492 0.6248 5.7113 5.6106 5.5162 4.6900 4.2634 4.3562 4.3652 4.8219 4.0762 3.8487 4.0102 2.8736 2.0414 1.9864 1.5580 2.4149 2.2688 2.2084
1.8554 1.5038 0.0922 5.5917 5.4333 5.1523 4.7459 5.0357 4.7491 4.6683 3.9023 3.8783 2.8644 2.4312 2.0162 2.0780 2.4839 1.9320 2.0134 1.9463
2.3117 1.2007 0.3642 0.7660 5.8531 6.2416 5.0956 4.4545 5.0366 5.2809 4.9682 4.8355 3.9460 3.4754 2.7642 2.3766 2.8600 3.1168 2.9026 1.7956
2.3365 2.3798 1.4560 0.7730 6.2446 0.6765 6.2143 5.7094 5.6913 5.9516 5.5938 5.5208 4.7321 4.4909 3.2617 4.2245 4.0862 4.0335 3.1161 1.9239
2.3887 2.2741 1.2435 1.1233 0.4756 0.8421 0.5001 0.2152 0.2405 0.3151 5.3100 5.9147 4.7826 4.3830 3.5562 4.0173 4.1038 3.5567 4.3842 2.9130
