4.2722 5.0707 5.0891 5.2011 4.2548 4.9286 5.1755 5.3443 5.9127 0.4745 0.0241 5.8810 6.1490 5.1378 4.7627 5.3278 6.0335 5.3494 5.7195 5.2106
5.2504 5.3129 4.6042 4.3227 3.7729 3.8552 3.9792 5.0684 5.3032 5.5452 6.1861 0.3474 0.0093 4.2338 4.6249 6.2575 6.2486 5.3942 5.0324 4.8322
5.0373 5.7803 4.6122 4.4054 4.4309 4.8389 5.0797 4.5299 5.3274 1.0446 1.4443 0.2864 6.1591 5.6660 4.5284 5.2598 5.3155 5.4627 5.3926 4.9534
4.4585 5.6393 5.3212 4.7257 4.6809 4.4086 4.7217 5.2825 5.6773 5.4553 6.0089 5.3488 4.8867 5.5238 5.2116 5.2711 4.9325 5.5305 4.8818 3.7164
4.5194 4.4612 5.2198 4.4261 4.0375 3.5629 3.1327 4.6754 4.3946 5.1875 5.4667 5.4763 5.3333 5.7274 5.7274 5.5590 5.4511 5.0499 4.3342 4.3646
3.7884 3.8583 4.5046 4.8247 4.2458 3.8332 3.6846 4.9383 4.1378 4.3015 4.9848 5.0755 4.6308 5.9979 5.6655 5.9604 5.1433 5.0377 4.9760 4.3997
4.0515 4.0575 3.9315 3.6722 4.3917 4.2770 3.6181 4.9474 4.1719 4.3284 4.5641 5.0789 5.3480 5.0690 5.6467 5.7916 5.8727 5.5747 5.0233 3.7359
4.0129 4.4584 4.6929 4.8394 4.3362 4.2822 4.3858 3.5803 4.0048 3.9106 4.5039 5.2708 5.8478 5.6117 5.0849 5.7836 4.9829 4.5740 4.6348 3.8909
3.7769 3.7024 3.0956 3.8755 3.4826 3.7877 3.5790 3.8208 4.2988 4.5617 4.8905 4.3990 5.4307 5.2233 5.7106 6.1109 5.5654 3.8324 4.5853 4.3984
4.5235 3.0942 2.7072 3.9415 3.8746 4.8865 4.4311 3.7816 3.8314 4.4954 4.8656 4.3964 4.7570 5.8558 5.5443 5.1903 4.9139 4.0401 4.1581 4.0657
4.1871 3.9978 2.8888 3.3104 4.3535 4.1007 4.3461 4.3567 4.4709 5.8789 4.3548 5.2022 5.4999 5.0375 4.9734 5.2500 4.4359 4.3281 4.0251 4.0230
3.5372 3.6159 2.4842 3.1254 4.7546 4.0762 3.2815 4.5703 4.6728 4.9426 4.3911 4.8084 5.5087 4.3851 5.0973 5.8089 4.4452 4.6282 3.5510 3.2489
3.2447 3.4026 2.8532 3.1702 4.0961 3.7211 3.9621 3.6582 3.7883 4.6715 4.4017 4.5866 5.1975 5.0836 4.9721 5.4801 5.2074 5.0362 4.2375 4.0832
3.4137 3.6746 2.8223 3.1936 3.8454 3.2014 4.1249 3.5795 4.1782 5.4411 4.0788 4.3256 4.6691 4.8954 4.3569 4.3732 4.9463 4.9578 4.9399 4.4203
4.7365 3.4453 2.0068 3.4127 3.8325 4.0583 3.7506 3.8034 3.1628 4.6863 5.4917 5.0497 4.8938 4.4209 4.4696 4.7759 5.3147 4.8075 5.6194 4.8945
4.9831 4.5770 3.4707 4.6669 4.3555 4.7211 4.5280 4.0074 4.3133 4.6046 5.1269 5.4169 4.4479 4.8294 4.7879 5.1381 5.8926 4.7171 5.2366 5.4622
4.7421 4.5660 4.0719 4.8629 4.6129 4.1926 4.8483 4.9342 5.0752 5.8386 5.0592 4.9113 4.6287 5.0358 5.5280 6.0614 0.2533 5.6764 5.1799 4.8488
4.8833 4.9117 4.8239 4.7909 4.4950 4.6601 5.1177 5.9532 6.1557 5.8336 5.2854 4.7590 5.2702 5.0213 5.6489 5.2820 5.8818 5.8210 5.7092 4.6618
5.2723 4.6972 5.7306 5.1293 4.2607 4.8489 4.1874 5.5983 6.0337 5.7925 5.3268 6.1352 5.6476 5.1656 5.1932 4.6541 5.1171 4.5133 5.0477 5.6630
5.2804 5.3287 5.9903 5.6597 5.3228 5.0890 4.9663 6.0079 5.8062 6.1465 5.8169 0.0057 5.7413 4.8593 5.3025 5.4736 5.1624 4.8180 5.3490 5.4348
