2.500000000000000000e-01 2.500000000000000000e-01 6.350000000000000000e+02
2.500000000000000000e-01 7.500000000000000000e-01 1.500000000000000000e+01
2.500000000000000000e-01 1.000000000000000000e+00 4.000000000000000000e+00
2.500000000000000000e-01 1.138889999999999958e+00 2.000000000000000000e+00
5.000000000000000000e-01 0.000000000000000000e+00 6.700000000000000000e+01
5.000000000000000000e-01 5.000000000000000000e-01 4.000000000000000000e+00
5.000000000000000000e-01 7.500000000000000000e-01 1.000000000000000000e+00
5.000000000000000000e-01 4.222220000000000084e+00 1.000000000000000000e+00
1.000000000000000000e+00 2.500000000000000000e-01 1.800000000000000000e+01
1.000000000000000000e+00 3.888900000000000134e-01 4.000000000000000000e+00
1.000000000000000000e+00 5.625000000000000000e-01 4.000000000000000000e+00
1.000000000000000000e+00 1.500000000000000000e+00 3.000000000000000000e+00
1.000000000000000000e+00 1.777779999999999916e+00 1.000000000000000000e+00
1.000000000000000000e+00 2.125000000000000000e+00 1.000000000000000000e+00
1.000000000000000000e+00 2.611110000000000042e+00 1.000000000000000000e+00
1.000000000000000000e+00 3.419999999999999929e+00 1.000000000000000000e+00
1.000000000000000000e+00 5.500000000000000000e+00 1.000000000000000000e+00
1.250000000000000000e+00 0.000000000000000000e+00 7.000000000000000000e+00
1.250000000000000000e+00 1.388900000000000134e-01 1.600000000000000000e+01
1.250000000000000000e+00 3.125000000000000000e-01 9.000000000000000000e+00
1.250000000000000000e+00 1.250000000000000000e+00 5.000000000000000000e+00
1.250000000000000000e+00 1.527779999999999916e+00 2.000000000000000000e+00
1.250000000000000000e+00 1.875000000000000000e+00 1.000000000000000000e+00
1.250000000000000000e+00 2.066329999999999778e+00 1.000000000000000000e+00
1.250000000000000000e+00 2.812500000000000000e+00 1.000000000000000000e+00
1.250000000000000000e+00 3.444440000000000168e+00 1.000000000000000000e+00
1.250000000000000000e+00 5.250000000000000000e+00 1.000000000000000000e+00
2.000000000000000000e+00 0.000000000000000000e+00 1.000000000000000000e+00
2.000000000000000000e+00 5.000000000000000000e-01 5.000000000000000000e+00
2.000000000000000000e+00 3.637760000000000105e+00 1.000000000000000000e+00
2.000000000000000000e+00 5.608019999999999783e+00 1.000000000000000000e+00
2.000000000000000000e+00 1.112284000000000006e+01 1.000000000000000000e+00
2.250000000000000000e+00 2.500000000000000000e-01 1.400000000000000000e+01
2.250000000000000000e+00 5.277800000000000269e-01 2.000000000000000000e+00
2.250000000000000000e+00 8.750000000000000000e-01 1.000000000000000000e+00
2.250000000000000000e+00 1.066330000000000000e+00 1.000000000000000000e+00
2.250000000000000000e+00 1.361110000000000042e+00 2.000000000000000000e+00
2.250000000000000000e+00 3.062500000000000000e+00 1.000000000000000000e+00
2.250000000000000000e+00 3.305559999999999832e+00 1.000000000000000000e+00
2.500000000000000000e+00 0.000000000000000000e+00 8.000000000000000000e+00
2.500000000000000000e+00 2.777800000000000269e-01 5.000000000000000000e+00
2.500000000000000000e+00 8.163300000000000001e-01 1.000000000000000000e+00
2.500000000000000000e+00 1.919999999999999929e+00 1.000000000000000000e+00
2.500000000000000000e+00 2.812500000000000000e+00 1.000000000000000000e+00
2.500000000000000000e+00 3.137760000000000105e+00 1.000000000000000000e+00
2.500000000000000000e+00 3.279999999999999805e+00 1.000000000000000000e+00
3.250000000000000000e+00 0.000000000000000000e+00 1.000000000000000000e+00
3.250000000000000000e+00 6.633000000000000007e-02 5.000000000000000000e+00
3.250000000000000000e+00 1.300000000000000044e-01 3.000000000000000000e+00
3.250000000000000000e+00 1.750000000000000000e+00 1.000000000000000000e+00
3.250000000000000000e+00 2.387760000000000105e+00 1.000000000000000000e+00
4.000000000000000000e+00 6.250000000000000000e-02 4.000000000000000000e+00
4.000000000000000000e+00 2.500000000000000000e-01 3.000000000000000000e+00
4.000000000000000000e+00 4.199999999999999845e-01 1.000000000000000000e+00
4.000000000000000000e+00 5.661199999999999566e-01 1.000000000000000000e+00
4.000000000000000000e+00 6.944399999999999462e-01 1.000000000000000000e+00
4.000000000000000000e+00 1.555560000000000054e+00 1.000000000000000000e+00
4.000000000000000000e+00 1.780000000000000027e+00 1.000000000000000000e+00
4.000000000000000000e+00 2.714879999999999960e+00 1.000000000000000000e+00
4.000000000000000000e+00 6.948979999999999713e+00 1.000000000000000000e+00
4.250000000000000000e+00 1.700000000000000122e-01 2.000000000000000000e+00
4.250000000000000000e+00 2.656200000000000228e-01 1.000000000000000000e+00
4.250000000000000000e+00 3.161200000000000121e-01 1.000000000000000000e+00
4.250000000000000000e+00 1.096604999999999919e+01 1.000000000000000000e+00
4.500000000000000000e+00 2.222200000000000009e-01 1.000000000000000000e+00
4.500000000000000000e+00 5.000000000000000000e-01 2.000000000000000000e+00
5.000000000000000000e+00 3.125000000000000000e-01 2.000000000000000000e+00
5.000000000000000000e+00 5.555600000000000538e-01 1.000000000000000000e+00
5.000000000000000000e+00 2.309689999999999799e+00 1.000000000000000000e+00
6.250000000000000000e+00 3.697999999999999898e-02 1.000000000000000000e+00
6.250000000000000000e+00 2.500000000000000000e-01 3.000000000000000000e+00
6.250000000000000000e+00 1.290000000000000036e+00 1.000000000000000000e+00
6.250000000000000000e+00 1.358020000000000005e+00 2.000000000000000000e+00
6.250000000000000000e+00 3.188779999999999948e+00 1.000000000000000000e+00
6.500000000000000000e+00 0.000000000000000000e+00 1.000000000000000000e+00
7.250000000000000000e+00 1.479600000000000082e-01 1.000000000000000000e+00
8.500000000000000000e+00 6.322299999999999587e-01 1.000000000000000000e+00
9.250000000000000000e+00 5.473000000000000087e-02 1.000000000000000000e+00
1.025000000000000000e+01 4.099999999999999756e-01 1.000000000000000000e+00
1.225000000000000000e+01 2.500000000000000000e-01 1.000000000000000000e+00
1.450000000000000000e+01 2.959200000000000164e-01 1.000000000000000000e+00
