0 0
0 1
0 2
0 3
0 4
0 5
0 6
0 7
0 8
0 9
0 10
0 11
0 13
0 14
0 19
0 23
0 24
0 26
0 27
0 28
0 29
0 30
0 31
0 32
0 33
0 34
0 35
0 36
0 37
0 38
0 39
0 40
0 41
0 42
0 43
0 45
0 46
0 47
0 48
0 49
1 0
1 1
1 2
1 3
1 4
1 5
1 6
1 7
1 8
1 9
1 10
1 11
1 12
1 13
1 14
1 22
1 23
1 28
1 29
1 30
1 31
1 32
1 33
1 34
1 36
1 37
1 38
1 39
1 40
1 41
1 42
1 43
1 44
1 45
1 46
1 47
1 48
1 49
2 1
2 2
2 3
2 4
2 5
2 6
2 7
2 9
2 12
2 13
2 15
2 16
2 22
2 23
2 24
2 29
2 30
2 31
2 32
2 33
2 34
2 36
2 37
2 38
2 39
2 40
2 41
2 42
2 43
2 44
2 45
2 46
2 47
3 1
3 2
3 3
3 4
3 5
3 6
3 8
3 9
3 10
3 15
3 16
3 22
3 23
3 24
3 29
3 30
3 33
3 35
3 36
3 37
3 40
3 41
3 42
3 43
3 44
3 45
3 46
3 47
4 1
4 2
4 3
4 4
4 5
4 7
4 8
4 9
4 15
4 16
4 22
4 23
4 33
4 34
4 35
4 36
4 37
4 38
4 39
4 40
4 41
4 42
4 43
4 44
4 45
4 46
4 47
4 48
4 49
5 3
5 5
5 7
5 8
5 22
5 32
5 33
5 34
5 35
5 38
5 39
5 40
5 41
5 42
5 43
5 44
5 45
5 46
5 47
5 48
6 0
6 3
6 4
6 5
6 6
6 7
6 8
6 9
6 10
6 13
6 15
6 17
6 21
6 33
6 34
6 35
6 39
6 40
6 41
6 43
6 44
6 45
6 46
6 48
7 3
7 4
7 7
7 8
7 9
7 10
7 11
7 12
7 13
7 14
7 15
7 17
7 23
7 29
7 30
7 33
7 34
7 35
7 36
7 41
7 42
7 43
7 44
7 45
7 46
8 8
8 9
8 10
8 11
8 12
8 13
8 14
8 15
8 16
8 27
8 28
8 29
8 30
8 31
8 33
8 34
8 35
8 39
8 40
8 41
8 42
8 43
8 44
8 45
8 46
8 47
9 0
9 2
9 3
9 10
9 11
9 12
9 13
9 15
9 16
9 17
9 20
9 22
9 25
9 26
9 27
9 28
9 29
9 30
9 31
9 32
9 33
9 34
9 35
9 36
9 39
9 41
9 42
9 43
9 44
9 45
9 46
9 47
10 0
10 1
10 2
10 13
10 17
10 20
10 21
10 28
10 29
10 30
10 31
10 32
10 33
10 36
10 39
10 41
10 42
10 43
10 44
10 45
10 46
10 47
10 48
10 49
11 0
11 1
11 3
11 4
11 6
11 8
11 9
11 18
11 19
11 20
11 28
11 29
11 30
11 31
11 32
11 33
11 34
11 35
11 36
11 42
11 43
11 44
11 46
12 0
12 1
12 2
12 3
12 4
12 5
12 6
12 8
12 22
12 26
12 30
12 31
12 32
12 33
12 34
12 36
12 40
12 41
12 42
12 43
12 44
12 46
13 0
13 1
13 2
13 3
13 4
13 5
13 6
13 26
13 29
13 30
13 31
13 32
13 38
13 39
13 40
13 41
13 42
13 43
13 44
13 45
14 0
14 1
14 2
14 3
14 4
14 5
14 7
14 19
14 21
14 22
14 30
14 32
14 36
14 38
14 39
14 40
14 41
14 42
14 43
14 44
14 45
14 47
14 48
14 49
15 0
15 1
15 2
15 3
15 4
15 5
15 19
15 26
15 27
15 38
15 39
15 40
15 41
15 42
15 43
15 44
15 45
15 46
15 47
15 48
15 49
16 0
16 1
16 2
16 3
16 4
16 5
16 12
16 13
16 14
16 15
16 16
16 17
16 18
16 19
16 36
16 37
16 38
16 39
16 40
16 41
16 46
16 47
17 0
17 1
17 2
17 3
17 4
17 7
17 11
17 12
17 13
17 14
17 15
17 16
17 17
17 18
17 24
17 25
17 37
17 38
17 39
17 40
17 41
18 11
18 12
18 13
18 14
18 15
18 16
18 17
18 36
18 37
18 38
18 39
18 40
18 47
19 0
19 13
19 14
19 15
19 16
19 17
19 18
19 22
19 23
19 27
19 33
19 38
19 39
19 42
19 43
19 44
19 45
20 16
20 19
20 20
20 21
20 22
20 27
20 28
20 35
20 36
20 37
20 38
20 39
20 42
20 43
20 44
20 47
21 3
21 6
21 10
21 16
21 20
21 21
21 22
21 23
21 24
21 25
21 26
21 27
21 28
21 36
21 37
21 40
21 43
21 44
22 3
22 5
22 6
22 16
22 17
22 20
22 21
22 22
22 23
22 24
22 25
22 44
23 3
23 5
23 6
23 17
23 20
23 21
23 22
23 23
23 24
23 26
23 29
23 46
23 48
24 2
24 3
24 6
24 7
24 8
24 16
24 21
24 32
24 33
24 34
24 44
24 46
24 47
24 48
24 49
25 0
25 1
25 2
25 3
25 6
25 7
25 8
25 10
25 11
25 12
25 13
25 15
25 16
25 36
25 39
25 40
25 44
25 45
25 48
25 49
26 0
26 1
26 2
26 3
26 6
26 7
26 8
26 9
26 10
26 11
26 15
26 16
26 27
26 33
26 39
26 47
26 48
26 49
27 0
27 1
27 2
27 3
27 4
27 6
27 7
27 9
27 10
27 11
27 14
27 15
27 16
27 28
27 47
27 48
27 49
28 0
28 1
28 2
28 3
28 6
28 7
28 8
28 9
28 10
28 11
28 12
28 13
28 14
28 15
28 16
28 47
28 48
28 49
29 0
29 6
29 7
29 8
29 9
29 10
29 11
29 12
29 13
29 14
29 16
29 17
29 18
29 26
29 29
29 45
29 46
29 47
29 49
30 0
30 1
30 3
30 6
30 8
30 9
30 14
30 15
30 16
30 24
30 25
30 26
30 29
30 44
30 45
30 46
30 47
30 49
31 0
31 1
31 2
31 3
31 14
31 15
31 16
31 17
31 20
31 29
31 45
31 46
31 47
31 48
31 49
32 0
32 1
32 2
32 3
32 4
32 42
32 45
32 46
32 47
32 49
33 0
33 1
33 2
33 3
33 4
33 12
33 23
33 40
33 41
33 44
33 45
33 46
33 47
33 49
34 0
34 1
34 2
34 15
34 19
34 20
34 23
34 35
34 36
34 37
34 38
34 40
34 42
34 43
34 44
34 46
34 47
34 48
34 49
35 0
35 1
35 2
35 4
35 6
35 7
35 17
35 18
35 19
35 20
35 21
35 22
35 23
35 24
35 35
35 36
35 37
35 38
35 42
35 43
35 44
35 45
36 0
36 1
36 2
36 3
36 4
36 5
36 6
36 7
36 9
36 16
36 17
36 18
36 19
36 20
36 22
36 23
36 24
36 25
36 36
36 37
36 38
36 39
36 40
36 41
36 42
36 43
36 44
36 45
36 47
37 0
37 1
37 2
37 3
37 4
37 5
37 6
37 7
37 8
37 9
37 15
37 16
37 17
37 18
37 19
37 20
37 22
37 24
37 25
37 26
37 27
37 33
37 34
37 35
37 36
37 37
37 38
37 39
37 40
37 41
37 42
37 43
37 44
37 45
37 46
37 47
37 49
38 0
38 2
38 3
38 4
38 5
38 6
38 7
38 8
38 15
38 16
38 17
38 18
38 19
38 20
38 22
38 23
38 24
38 25
38 26
38 27
38 28
38 29
38 31
38 32
38 34
38 36
38 37
38 38
38 39
38 40
38 41
38 42
38 45
38 46
38 47
38 49
39 0
39 1
39 2
39 3
39 4
39 5
39 6
39 7
39 8
39 17
39 21
39 22
39 23
39 24
39 25
39 26
39 27
39 28
39 29
39 30
39 31
39 32
39 33
39 34
39 35
39 36
39 37
39 38
39 39
39 40
39 41
39 42
39 45
39 46
39 47
39 48
39 49
40 0
40 3
40 4
40 5
40 6
40 7
40 8
40 13
40 17
40 18
40 21
40 22
40 23
40 24
40 25
40 26
40 27
40 28
40 29
40 30
40 31
40 33
40 34
40 35
40 36
40 37
40 38
40 39
40 40
40 41
40 45
40 46
40 47
40 48
40 49
41 0
41 2
41 3
41 4
41 5
41 6
41 7
41 8
41 9
41 12
41 18
41 22
41 23
41 24
41 25
41 26
41 27
41 28
41 29
41 31
41 32
41 33
41 34
41 35
41 37
41 38
41 39
41 40
41 41
41 42
41 45
41 46
41 47
41 48
41 49
42 0
42 1
42 2
42 4
42 5
42 6
42 7
42 8
42 9
42 11
42 12
42 13
42 14
42 15
42 19
42 23
42 24
42 25
42 26
42 27
42 28
42 29
42 30
42 31
42 32
42 33
42 34
42 35
42 36
42 37
42 38
42 39
42 40
42 41
42 42
42 43
42 44
42 45
42 46
42 47
42 48
42 49
43 0
43 1
43 2
43 4
43 5
43 6
43 7
43 8
43 9
43 12
43 13
43 14
43 21
43 23
43 24
43 25
43 26
43 27
43 28
43 29
43 30
43 31
43 32
43 33
43 34
43 35
43 37
43 38
43 39
43 40
43 41
43 42
43 43
43 44
43 45
43 47
43 48
43 49
44 0
44 1
44 2
44 4
44 5
44 6
44 7
44 8
44 10
44 11
44 12
44 13
44 14
44 17
44 21
44 22
44 23
44 24
44 25
44 26
44 27
44 28
44 29
44 30
44 31
44 32
44 33
44 34
44 36
44 37
44 38
44 39
44 40
44 41
44 42
44 43
44 44
44 45
44 47
44 48
44 49
45 0
45 1
45 4
45 5
45 6
45 7
45 8
45 11
45 12
45 13
45 16
45 17
45 22
45 23
45 24
45 25
45 26
45 27
45 28
45 29
45 30
45 31
45 32
45 34
45 35
45 36
45 37
45 38
45 39
45 40
45 41
45 42
45 43
45 44
45 45
45 46
45 47
45 48
45 49
46 1
46 2
46 3
46 4
46 5
46 6
46 7
46 8
46 10
46 11
46 12
46 22
46 23
46 25
46 26
46 27
46 28
46 29
46 30
46 31
46 32
46 33
46 34
46 35
46 36
46 37
46 38
46 39
46 40
46 41
46 43
46 44
46 45
46 46
46 47
46 49
47 1
47 4
47 5
47 6
47 7
47 9
47 22
47 23
47 26
47 27
47 28
47 29
47 31
47 32
47 33
47 34
47 35
47 36
47 37
47 39
47 40
47 41
47 42
47 43
47 44
47 48
47 49
48 0
48 1
48 2
48 3
48 4
48 5
48 6
48 7
48 8
48 9
48 10
48 11
48 12
48 23
48 27
48 28
48 29
48 31
48 32
48 33
48 34
48 35
48 36
48 39
48 40
48 41
48 42
48 43
48 49
49 0
49 1
49 2
49 4
49 5
49 6
49 7
49 8
49 9
49 10
49 11
49 12
49 14
49 23
49 24
49 26
49 27
49 28
49 29
49 31
49 32
49 33
49 34
49 35
49 36
49 38
49 39
49 40
49 41
49 42
49 43
49 46
49 47
49 49
