2.500000000000000000e-01 2.500000000000000000e-01 8.170000000000000000e+02
2.500000000000000000e-01 7.500000000000000000e-01 2.400000000000000000e+01
2.500000000000000000e-01 1.000000000000000000e+00 3.000000000000000000e+00
2.500000000000000000e-01 1.138889999999999958e+00 1.000000000000000000e+00
2.500000000000000000e-01 1.312500000000000000e+00 2.000000000000000000e+00
2.500000000000000000e-01 2.250000000000000000e+00 4.000000000000000000e+00
2.500000000000000000e-01 5.387760000000000105e+00 1.000000000000000000e+00
5.000000000000000000e-01 0.000000000000000000e+00 5.100000000000000000e+01
5.000000000000000000e-01 5.000000000000000000e-01 3.000000000000000000e+00
5.000000000000000000e-01 7.500000000000000000e-01 2.000000000000000000e+00
5.000000000000000000e-01 2.277779999999999916e+00 1.000000000000000000e+00
5.000000000000000000e-01 2.816329999999999778e+00 1.000000000000000000e+00
1.000000000000000000e+00 2.500000000000000000e-01 1.500000000000000000e+01
1.000000000000000000e+00 3.888900000000000134e-01 4.000000000000000000e+00
1.000000000000000000e+00 1.500000000000000000e+00 3.000000000000000000e+00
1.000000000000000000e+00 2.611110000000000042e+00 1.000000000000000000e+00
1.000000000000000000e+00 3.419999999999999929e+00 1.000000000000000000e+00
1.250000000000000000e+00 0.000000000000000000e+00 7.000000000000000000e+00
1.250000000000000000e+00 1.388900000000000134e-01 1.100000000000000000e+01
1.250000000000000000e+00 3.125000000000000000e-01 5.000000000000000000e+00
1.250000000000000000e+00 1.250000000000000000e+00 1.000000000000000000e+00
1.250000000000000000e+00 4.387760000000000105e+00 1.000000000000000000e+00
2.000000000000000000e+00 0.000000000000000000e+00 1.000000000000000000e+00
2.000000000000000000e+00 5.000000000000000000e-01 4.000000000000000000e+00
2.000000000000000000e+00 3.000000000000000000e+00 1.000000000000000000e+00
2.250000000000000000e+00 2.500000000000000000e-01 1.000000000000000000e+01
2.250000000000000000e+00 8.750000000000000000e-01 1.000000000000000000e+00
2.250000000000000000e+00 6.626730000000000231e+00 1.000000000000000000e+00
2.500000000000000000e+00 0.000000000000000000e+00 1.000000000000000000e+00
2.500000000000000000e+00 6.250000000000000000e-01 1.000000000000000000e+00
3.250000000000000000e+00 6.633000000000000007e-02 2.000000000000000000e+00
4.000000000000000000e+00 6.250000000000000000e-02 2.000000000000000000e+00
4.000000000000000000e+00 2.500000000000000000e-01 1.000000000000000000e+00
4.250000000000000000e+00 4.722199999999999731e-01 1.000000000000000000e+00
4.250000000000000000e+00 1.305560000000000054e+00 1.000000000000000000e+00
4.250000000000000000e+00 2.250000000000000000e+00 1.000000000000000000e+00
4.500000000000000000e+00 2.222200000000000009e-01 2.000000000000000000e+00
4.500000000000000000e+00 5.000000000000000000e-01 1.000000000000000000e+00
4.500000000000000000e+00 6.448979999999999713e+00 1.000000000000000000e+00
5.000000000000000000e+00 3.125000000000000000e-01 1.000000000000000000e+00
6.250000000000000000e+00 2.500000000000000000e-01 1.000000000000000000e+00
6.250000000000000000e+00 4.648800000000000154e-01 1.000000000000000000e+00
6.250000000000000000e+00 6.944399999999999462e-01 1.000000000000000000e+00
6.250000000000000000e+00 1.059690000000000021e+00 1.000000000000000000e+00
6.250000000000000000e+00 3.256940000000000168e+00 1.000000000000000000e+00
6.250000000000000000e+00 4.535319999999999574e+00 1.000000000000000000e+00
6.500000000000000000e+00 0.000000000000000000e+00 1.000000000000000000e+00
6.500000000000000000e+00 2.148799999999999877e-01 2.000000000000000000e+00
6.500000000000000000e+00 2.600000000000000089e-01 1.000000000000000000e+00
7.250000000000000000e+00 2.899999999999999800e-01 1.000000000000000000e+00
7.250000000000000000e+00 3.410000000000000142e+00 1.000000000000000000e+00
8.000000000000000000e+00 5.555999999999999828e-02 1.000000000000000000e+00
8.500000000000000000e+00 5.312500000000000000e-01 1.000000000000000000e+00
8.500000000000000000e+00 2.125000000000000000e+00 1.000000000000000000e+00
9.000000000000000000e+00 2.820099999999999829e-01 1.000000000000000000e+00
9.250000000000000000e+00 5.473000000000000087e-02 1.000000000000000000e+00
9.250000000000000000e+00 1.887800000000000034e-01 1.000000000000000000e+00
1.225000000000000000e+01 2.500000000000000000e-01 1.000000000000000000e+00
1.600000000000000000e+01 5.570640000000000036e+00 1.000000000000000000e+00
1.625000000000000000e+01 0.000000000000000000e+00 1.000000000000000000e+00
1.850000000000000000e+01 1.094699999999999979e-01 1.000000000000000000e+00
1.381250000000000000e+03 0.000000000000000000e+00 1.000000000000000000e+00
