1.6110 0.5360 6.2527 0.8937 1.9731 2.4057 3.9011 4.3092 4.7860 6.2490 5.8340 3.8381 3.6209 3.1629 3.2878 2.6247 4.7665 5.3177 2.5963 1.3459
0.5261 0.3742 0.1535 1.2278 6.1703 4.9479 2.6225 4.2997 4.0015 4.3330 5.5214 1.6419 4.2295 5.7110 2.7673 4.0615 1.7329 1.6229 3.9198 3.7582
0.2103 4.0909 4.1774 4.7299 3.2032 2.2641 1.4593 2.2273 3.8658 4.0102 4.9223 4.5138 4.1187 3.4005 3.1239 2.3914 0.4301 2.0987 2.0372 1.6503
1.9566 1.4197 0.6775 0.5098 1.2835 5.9705 0.5602 0.7278 6.1847 0.2628 6.0035 6.2427 5.7646 0.3264 6.0947 5.0462 5.0742 0.9535 0.1840 5.4394
5.5190 4.4156 3.3716 2.6069 2.4907 3.0896 3.1929 4.1622 3.7946 4.6233 6.0205 4.1192 5.1729 4.1100 5.9603 0.2653 6.2067 6.0971 1.1501 5.0037
1.6292 2.1506 1.5519 5.8459 5.4884 5.3296 3.3680 1.3756 0.5019 0.8407 6.2001 0.5988 0.3401 1.1377 0.4796 0.3481 0.2722 2.7606 1.6561 2.2540
0.8512 5.5734 0.9754 2.9534 4.0408 4.4964 4.2325 4.8685 5.8163 4.6429 5.3191 5.2604 5.0768 4.5077 4.7909 3.4206 0.0264 0.0072 1.5069 0.2293
2.2028 2.2505 1.2887 5.6908 4.2704 4.6354 4.2509 2.6611 2.6115 0.5517 5.7728 1.0957 0.4104 1.3171 0.6864 1.2065 0.7247 2.5894 2.1354 2.4335
5.0822 5.0668 1.9908 1.0525 5.9552 0.2808 4.6061 2.7356 4.0983 4.0246 5.2405 4.2138 5.0095 5.2383 0.5953 0.6227 6.0247 5.5622 1.1390 5.9602
5.4968 2.5653 0.8474 4.2862 3.2352 4.6893 5.4848 4.6364 5.9328 0.6889 6.1360 1.2310 5.9382 3.8999 1.3333 1.9876 1.0083 2.2035 1.5959 2.6715
4.5480 5.7183 1.9152 2.0495 2.7667 2.6715 3.3915 0.7986 5.6212 5.2073 5.7666 0.5694 0.5190 0.6267 1.1597 4.6280 0.0218 4.3148 3.1404 4.3739
3.7726 3.2559 2.6225 2.9640 2.2965 3.8395 2.1208 4.8096 5.7979 1.0691 0.7826 5.5740 1.4815 1.1739 0.6427 6.2598 5.5306 2.3681 3.1673 1.1079
5.5718 0.0167 1.4818 2.0836 2.5517 1.5389 1.7356 0.6302 5.2311 5.2546 5.5370 2.0399 2.3270 4.0009 3.1986 2.6885 0.2134 0.0470 5.2934 6.2518
5.3247 4.1666 0.5537 5.9792 1.9373 1.9019 2.7569 3.0996 4.7286 2.4793 4.9780 4.9877 2.9137 1.8462 3.5093 4.9050 0.2857 1.9196 5.9030 5.7471
5.8601 0.6238 2.7518 2.6887 1.8298 0.2126 0.4245 6.2753 4.0449 0.2790 0.4106 2.4445 2.3348 4.8576 4.2007 1.1104 5.7611 5.3108 5.9314 5.1207
2.7702 3.2718 3.1704 4.5361 3.7076 3.6574 5.6864 2.3538 3.9264 3.0851 1.2019 0.2110 2.1630 2.1276 3.2791 4.1410 5.4198 0.8292 1.2779 2.3385
2.4265 0.4515 1.6600 0.9053 1.8079 0.6070 5.2407 4.7627 5.3165 0.3039 1.8029 1.9592 2.7943 2.6690 0.0569 2.1545 3.0388 4.4604 4.2367 5.8325
2.2812 2.1805 1.3071 5.3127 4.9280 5.3822 4.6832 4.8231 5.0935 2.5809 1.0044 0.3395 4.2152 0.0266 0.2546 0.1496 3.4459 2.7152 4.4392 2.2682
1.1099 6.1300 0.9230 2.0720 1.9465 1.2505 5.7778 2.3830 5.3969 5.9334 0.6036 2.9395 3.0960 2.1469 2.9521 3.6312 3.1560 2.7866 4.0367 4.8662
1.5374 3.0400 2.2511 1.8166 3.2586 4.7603 4.9598 5.6639 5.3794 2.6802 0.6155 0.2661 4.4336 5.5819 5.0431 5.9757 4.6908 5.1533 4.8985 0.5871
