5.4509 0.9442 1.6674 5.7886 5.7797 3.0076 0.9079 1.1188 2.0861 0.7257 2.3554 0.4304 5.6735 5.4477 4.4073 2.1067 3.4939 2.3220 2.0376 0.9300
3.9840 4.0119 1.4105 0.9727 1.4305 1.3415 1.4815 2.7033 2.5768 2.8608 2.1432 3.2410 4.4272 5.9452 5.6331 5.7758 5.4916 4.5845 6.1069 5.0639
0.1263 1.9313 0.5545 5.8150 2.6290 2.6595 2.5465 4.7998 2.5534 2.7644 2.3080 4.5786 3.9163 3.9975 4.5047 1.5690 1.3153 1.2945 0.3612 5.8518
6.1278 5.4844 1.5801 0.3992 2.5292 3.3969 1.3823 1.6667 2.3952 0.2372 1.0516 1.4490 2.0708 0.2409 4.8823 5.0011 1.3235 4.7908 4.8538 5.1070
4.1344 3.2687 2.0670 2.5060 1.8739 1.3934 0.5646 4.9343 2.3815 3.5224 3.6415 3.3906 3.3178 5.7110 4.8491 1.2570 2.2479 2.0704 5.8446 2.8307
3.6881 4.1935 1.5107 0.7628 0.7098 4.0773 6.0308 1.0165 1.4678 0.8559 6.0913 0.2721 2.6739 2.9140 3.9900 3.2633 2.5909 1.1514 1.5279 6.0984
3.8239 0.9173 1.7157 3.0297 5.9002 5.8677 5.9318 0.4037 1.3845 0.9068 0.3579 1.8834 1.2709 6.1312 5.6986 5.7253 0.4990 6.2572 1.6572 2.2566
4.9885 3.9343 4.2562 4.3026 4.6486 1.7572 5.6707 4.0957 2.0209 3.9336 3.4050 4.6281 0.8965 0.7967 0.3207 1.1880 6.2163 0.7739 2.6072 6.0043
4.4396 4.0310 3.5391 2.1608 3.4027 3.6589 4.8239 2.7850 2.6699 5.2646 1.5678 1.8230 1.8988 3.1346 6.2028 4.4358 0.1755 4.4915 3.9979 3.3479
3.7243 5.3939 4.8462 6.2055 0.7936 0.4163 5.5489 0.0637 0.7155 0.5089 1.6159 3.7690 4.7947 4.5946 6.0050 1.5534 6.0187 1.0575 6.2625 5.4410
2.2638 2.0191 0.7805 1.4298 1.6116 1.8997 4.1150 2.5316 0.7570 1.2612 1.9810 4.9646 4.7322 1.0379 2.5098 4.7952 4.2243 4.8837 5.2180 1.5220
4.4808 3.7144 5.4448 4.7420 3.7546 5.2904 3.6281 3.4980 4.8258 2.8657 2.6780 2.4482 4.3371 3.6559 3.1635 1.2933 4.3588 4.8114 4.7424 4.8004
5.3483 5.9167 6.0757 1.3500 3.9030 2.7429 4.9824 4.8178 4.3801 4.9225 4.4313 2.4596 3.4743 4.9335 3.7016 0.1970 4.4218 3.5244 4.9473 5.6931
5.1662 2.8467 5.2739 5.4988 4.7154 5.5801 0.3565 1.1054 2.5917 1.8834 2.7186 4.0196 3.6255 3.1464 3.0404 2.8006 5.9099 0.0634 0.5601 3.3049
6.0943 6.1880 4.3828 4.0114 5.4975 2.8862 1.1923 4.4701 4.1003 2.0814 1.3468 1.3674 5.7375 6.0073 5.5597 4.9940 5.4175 0.4317 0.6078 0.2549
0.1909 5.4213 5.6850 0.0577 5.1679 6.0500 0.8045 1.2632 3.4484 5.4915 5.8808 3.9962 3.6592 3.5256 3.5464 1.9802 2.9568 4.4916 0.1725 5.5100
0.4631 0.8200 0.2764 1.0055 2.4128 2.7202 1.5594 6.2589 5.1600 1.0818 0.2319 1.1431 1.5596 5.5346 4.4338 4.4760 2.7397 2.5814 1.3612 1.8678
0.8422 4.3749 0.8611 1.6339 1.7846 1.7382 1.8352 3.5503 4.7537 5.0734 6.0747 4.9732 3.0681 2.5697 4.6839 4.0941 3.6389 0.0275 0.5139 0.3764
0.5636 0.3383 5.8065 4.2294 6.1015 3.8946 1.5559 1.1252 2.6964 1.7645 1.7998 1.9881 0.3483 4.7760 4.6924 5.3582 5.3860 4.0995 6.1367 0.6745
4.7878 4.0899 0.7421 1.1523 0.8318 0.3574 2.0271 3.1695 4.4300 4.7829 4.4719 5.3100 5.8838 0.8652 5.2623 4.2501 5.6173 5.9754 0.3256 3.8569
