2.8148 4.7125 3.0054 1.7033 1.9685 1.4301 1.5491 5.7400 4.8941 3.9523 2.8046 0.3738 0.0599 0.2973 6.2268 4.8262 5.4461 4.7372 0.1467 4.9866
0.5505 2.3327 2.1653 3.9174 3.2419 4.0106 3.8728 4.1148 3.1576 2.4434 2.6030 3.0247 0.8128 1.1905 0.1839 6.2632 5.9939 1.4696 0.3564 1.0683
0.4407 0.8815 2.8471 2.4629 2.9764 2.1148 2.6678 3.1872 3.9863 5.8664 1.3619 0.3593 6.2026 5.0102 5.2034 4.3165 4.7541 4.2558 3.6373 2.5404
0.4874 2.5505 4.3337 4.1081 2.8890 3.8624 3.8691 3.7623 5.3480 1.9091 1.7055 1.0644 0.0995 0.7983 0.4249 6.0211 5.7658 5.0353 4.3232 5.0729
6.2410 5.5539 3.4361 6.2007 5.6261 5.9589 3.5412 5.9248 5.9405 5.3773 5.6342 4.5143 5.0617 4.4343 0.0658 2.7299 4.2106 3.8141 3.7501 0.5900
3.8338 3.5191 3.8812 3.5617 5.6011 2.2851 3.0323 2.9548 5.2649 0.8201 6.0736 4.8628 4.7421 6.1646 5.7817 5.9846 4.3721 3.5103 3.7583 4.0696
5.1785 5.6724 4.8534 0.3156 5.9076 5.5848 5.6449 5.6688 5.2173 4.9562 0.1159 4.3568 5.4885 4.4671 5.5397 5.2258 4.7074 5.7114 4.6485 4.2607
5.5575 5.9283 4.5673 4.7236 5.5962 2.5523 2.4586 2.5916 2.7895 1.4997 0.5805 5.0799 4.7317 4.0883 3.0353 3.4258 5.0334 3.7958 5.1692 5.6704
4.2909 2.3613 4.1915 0.6994 0.1517 5.9816 6.2114 5.9048 1.8025 0.8947 1.1518 2.7354 3.2580 2.0650 1.3270 0.4095 1.4750 0.2345 6.0188 1.7771
5.0273 5.4586 4.8268 4.0886 6.1087 3.8417 3.6563 2.9948 1.4125 1.7034 1.5119 0.9257 3.7019 4.1986 2.6248 3.4873 0.2850 3.8394 4.8461 5.3504
5.4394 6.1870 5.6204 0.8045 6.1461 0.7322 2.4454 3.7865 2.8425 1.9832 1.8330 2.6338 2.7598 1.9486 2.7897 4.4349 5.8775 0.2866 1.7797 2.9104
5.9490 5.1526 5.4508 4.4508 3.9311 3.7740 2.4598 1.5278 4.2413 4.6399 5.4853 1.5189 4.9725 4.5177 1.1413 1.5450 1.0375 2.5157 1.5847 0.8136
0.3594 5.6966 4.9226 5.0770 4.3367 1.0911 2.5257 3.8418 3.6025 3.5383 4.1016 4.8411 5.7845 0.0749 0.7011 2.1089 1.1085 4.6887 1.0984 6.2464
0.7165 2.1605 4.1219 2.0918 1.8453 1.3773 1.5773 0.1622 2.2200 1.7883 3.1868 1.4556 0.9072 0.7331 0.5155 1.1837 5.7402 1.5824 0.6887 1.9413
5.1990 4.3254 4.6512 5.3911 3.6108 5.1020 1.6150 0.7800 0.5705 6.1220 3.1415 4.0045 0.5333 5.4975 5.8219 4.9791 4.9993 5.2924 0.9214 4.7726
5.5978 0.5546 4.6464 4.4824 3.8982 0.9019 0.6101 1.0530 6.2100 2.4299 2.1666 1.1758 5.0322 0.6223 0.6721 0.3452 5.9429 0.2439 5.6110 0.9210
5.4438 4.1116 4.3316 2.0087 2.1452 6.2307 5.5789 5.2874 0.4976 1.3638 2.8063 3.8198 5.1157 3.7860 0.7209 3.0799 1.1598 0.0874 5.6610 4.9744
2.7510 4.4705 4.4602 5.2560 3.9568 1.2624 1.9499 3.8091 4.1686 4.7323 0.7109 0.0343 4.9569 0.0970 6.2386 0.9200 1.3115 3.6162 5.9349 0.2024
2.9070 0.0673 5.8336 0.5787 6.2280 0.8394 1.6008 1.8115 3.5737 1.2195 2.6258 5.1985 4.3174 2.5753 1.8897 3.2858 1.9220 5.8262 0.4760 4.2138
2.9694 1.7376 1.9553 4.6410 0.3332 2.3858 1.8764 2.2692 2.8996 1.9579 2.2487 3.0657 4.7137 5.0641 0.0867 0.8720 0.0721 2.3093 0.8900 2.9356
