0.4085 0.7001 3.3967 3.8716 5.1408 0.1373 4.6080 4.3730 4.4652 4.9989 4.5817 3.7391 3.5136 2.4683 0.9482 0.2501 5.9310 1.5102 2.1927 0.3180
4.8125 4.3558 4.5130 0.0655 1.9856 1.5789 1.4011 1.4716 2.5333 1.6497 4.6437 0.7210 1.4175 0.0728 1.7028 3.5430 4.8271 4.6543 2.3618 3.0371
0.3138 1.2112 3.9778 3.6945 2.2076 3.9788 1.7559 1.8014 2.7707 5.0272 4.1443 4.9429 4.9012 6.2526 1.0245 0.0911 5.8962 2.0008 1.5079 0.7115
5.0528 4.5574 1.8202 0.4346 0.9049 0.4655 2.2320 0.9856 2.1838 1.8957 2.7654 2.6638 1.7555 3.8570 5.7901 4.6404 0.4160 5.9593 4.7255 5.6321
0.6447 1.5624 2.7162 3.1254 4.1012 3.9132 2.9266 4.3458 3.4593 3.3110 3.8743 5.8224 1.0970 0.2421 1.0466 1.2179 0.9297 1.5809 0.5947 1.1351
0.0841 4.8622 5.1252 0.1647 5.4376 1.1485 1.0711 0.0143 5.0697 5.1457 4.3335 6.1118 1.7898 2.3298 1.9831 4.4167 5.3984 5.0248 0.7485 5.4910
0.3533 1.9173 0.2380 5.2392 5.8903 5.3888 1.1257 5.8127 5.3089 4.8943 4.0321 1.9188 1.3858 2.7678 2.3702 1.0156 0.1039 0.8252 1.4344 1.9977
0.5397 0.6249 1.3117 1.8847 6.2813 1.7884 1.6277 3.0575 2.9350 2.9164 3.7005 6.2805 0.7264 4.5573 2.9289 3.6220 1.1684 0.3715 0.2441 5.8685
0.9239 1.5176 1.5215 5.2418 4.8769 4.7716 4.9019 5.9469 3.8099 0.4300 3.7844 3.3818 1.5090 1.5354 1.4864 1.4783 1.9063 2.4174 1.7016 1.7332
5.5782 5.3935 1.9114 2.2813 5.2925 3.3860 3.1703 3.7177 4.1449 3.7185 2.5235 0.2662 0.1620 0.0763 0.0683 5.9049 1.2143 5.7375 6.2130 6.2250
6.0741 2.2732 1.3992 0.6324 0.6363 5.6399 0.8430 1.0434 1.5557 0.6120 0.9853 3.6701 6.0352 0.3119 1.2730 1.1189 2.8044 1.5205 3.9235 5.1166
2.8608 3.3767 2.7758 1.6642 0.7317 2.0530 2.1953 2.6475 2.4116 2.3010 1.1674 1.3419 1.5117 2.4733 2.0999 3.4978 4.5902 5.6398 3.1819 2.8653
6.1954 0.2739 0.6381 4.0717 1.5007 4.6902 6.0075 1.0612 2.6704 2.2480 5.1452 5.6649 0.1995 0.4809 1.0273 1.0410 4.1063 3.1510 4.0726 5.1579
0.6201 0.7026 0.2538 0.3820 1.7522 1.4705 1.3358 3.5662 3.4496 4.9824 5.7522 0.3842 0.9131 3.0359 5.9775 5.5074 4.9125 4.5556 3.9145 2.0222
5.4522 4.2952 5.0739 3.7384 2.0598 0.2502 0.2769 0.6026 1.4098 2.4603 0.2924 4.3036 0.2878 5.7131 5.4735 4.0678 5.5360 5.4171 3.3691 5.2596
5.4955 0.8588 6.0194 0.2787 3.1286 3.9185 1.8502 2.7658 3.1088 1.9918 0.7012 0.1994 0.5515 2.6725 1.0621 0.4439 5.6281 1.5515 2.9678 0.5652
4.3968 5.3726 4.3702 2.1142 3.0687 0.2420 1.6564 0.8886 5.1769 4.6855 2.4430 1.6744 0.5558 0.7549 0.9086 0.9634 0.7922 3.3891 3.2961 3.2817
4.9629 1.6961 2.8593 4.0021 3.4044 2.8692 2.7157 3.4059 3.7922 2.8989 3.5341 1.9391 1.7985 2.6728 4.0563 3.8112 3.7667 3.9583 3.7966 4.6937
4.6284 3.9625 2.2633 6.2435 5.5767 6.1308 5.0665 5.6757 1.8776 1.3955 6.0601 2.3807 1.1250 0.4985 1.4536 1.4544 3.7139 3.0091 3.0055 1.0993
3.1303 2.6363 2.5542 3.6399 3.5712 3.4529 4.3158 2.7657 3.5320 4.4050 5.1345 5.5517 0.1900 0.3577 0.9212 3.8644 3.4597 3.5926 3.2630 3.3510
