2.8228 2.7918 3.9168 2.8474 2.8382 2.4441 1.2550 5.4546 0.1797 1.8574 2.6845 3.4527 2.4804 3.4449 4.1600 3.3847 3.1572 2.3446 1.9030 2.4663
4.8883 5.4293 6.0040 0.8718 1.3792 6.0732 1.0917 1.0255 0.7319 6.2049 0.5809 0.9130 0.8116 0.8095 1.1075 1.6582 1.3441 5.8641 6.2410 5.9833
5.1676 3.6450 4.7429 3.2690 2.2532 3.5198 1.6057 2.7215 1.7829 1.7145 1.8269 2.6105 1.0392 5.0345 5.6310 3.2086 2.6824 1.7571 3.7772 3.4047
5.9500 4.6461 5.6363 0.4885 0.7793 0.0887 0.3335 0.5206 0.4447 3.9455 4.2252 5.6657 1.1835 1.5207 1.0516 1.1681 2.5557 2.8516 4.7676 5.3631
2.8439 1.7533 2.4847 3.9137 2.7021 2.7836 0.4254 1.0928 0.6993 5.8976 5.1912 0.4750 0.1176 5.3794 5.3984 4.2466 4.2040 4.3022 3.6114 1.1896
4.1067 3.9804 2.4876 0.4809 0.9758 0.9239 1.0044 2.3561 1.4377 1.9660 2.3960 1.3049 1.3459 1.4381 6.0567 3.2810 3.1555 1.7002 1.7029 5.3032
3.1129 0.3832 3.0871 1.9711 1.8465 1.7284 1.2714 5.7249 0.1145 6.0713 3.8254 3.7935 3.0161 4.9312 0.1603 0.4843 1.8945 3.2042 2.0076 3.0059
4.0970 4.1029 4.3077 5.2483 5.8793 4.5371 1.3212 2.6489 4.1783 4.6581 3.4648 2.6682 2.5697 1.3834 0.4941 0.8994 1.5281 1.0922 0.9468 5.3043
5.0361 0.6663 5.6985 0.3458 1.0070 0.9666 1.4278 1.2369 3.3952 1.4587 3.1433 6.0843 2.4032 5.8174 0.1407 5.3526 5.3445 4.9206 6.1249 0.1545
3.8830 2.0988 1.3506 3.3356 2.9565 2.5623 1.8837 3.6957 3.2576 4.1888 1.9815 1.6966 2.4469 3.3334 0.3381 1.7648 1.1359 1.6067 1.6415 2.6081
5.2858 6.1580 0.8754 1.9732 2.5521 6.2134 0.7062 1.2429 2.1057 1.0764 1.0238 5.5993 5.7950 1.2304 1.6398 4.5913 6.2072 1.7644 0.0595 5.3540
5.6010 4.0017 6.1931 2.2482 3.3435 3.0978 1.9368 2.3154 1.5447 1.6529 1.6014 2.5563 4.0749 4.7854 1.0799 0.8835 5.5043 5.4173 5.3756 5.7093
0.9050 6.2648 5.7117 4.6027 4.0059 5.9034 0.3725 0.5140 1.5229 1.0744 2.3340 4.9091 4.6568 2.0769 3.7554 4.0774 4.1022 2.8166 4.0834 2.1985
1.1506 1.9488 2.0843 2.3027 3.0714 3.8865 0.5313 2.0432 0.6085 3.5630 1.4929 1.9055 4.0953 5.4403 5.6300 5.3591 5.4261 4.7917 4.1129 1.5773
0.7150 5.9399 3.6743 4.4401 3.9324 4.8307 0.2986 5.7531 0.2525 6.0099 3.2572 0.3224 3.7827 2.1121 0.1395 1.8196 1.2223 1.0537 5.0799 5.2884
0.6180 1.6810 2.8222 6.1384 4.1577 2.2566 1.6133 2.5939 2.8769 2.4998 3.2400 4.4839 4.1732 5.2646 5.2737 4.8463 0.7379 5.6360 6.1530 1.1548
3.8225 3.1021 4.2887 4.6906 6.1019 5.9820 0.3364 4.3045 3.6251 4.2781 4.1890 3.1529 3.5698 3.1076 3.2845 1.8081 2.7458 2.0622 1.3777 3.6335
4.7777 4.9005 6.0722 0.8065 1.3456 1.5930 5.6992 0.8306 0.4790 0.3882 0.1844 0.8063 0.1576 6.0803 4.5866 5.5398 4.4756 4.9581 6.1060 6.0912
1.5177 1.7719 0.4761 3.1387 3.4688 3.2636 5.4064 4.9822 6.2442 1.9287 1.5974 3.8831 3.9857 3.9784 4.3479 2.2594 3.3544 2.3891 2.6243 2.0657
4.4038 5.5843 5.1067 5.4476 3.1416 1.5237 0.4114 1.4710 0.8926 5.5592 0.5764 0.2250 1.8012 6.1780 4.0080 5.2718 4.9843 5.3504 2.1224 4.9916
