5.7663 6.0981 5.5281 3.9413 3.5587 3.9711 0.3358 6.2440 1.2538 6.1331 5.4601 1.0625 0.6629 5.5502 5.3828 5.3542 5.6432 6.2085 6.1747 0.2529
4.6304 3.9568 5.7003 2.7843 1.7742 1.0277 0.6673 3.3718 4.8902 3.7258 2.4261 2.5995 2.3077 2.0736 0.2693 0.8360 0.0625 2.5456 1.0228 3.7554
5.6565 0.4127 1.4395 2.1973 1.7993 4.4994 0.2554 0.2701 6.2748 2.1605 1.9584 0.6941 6.1219 5.8978 5.3408 4.6735 0.2279 0.7078 5.9572 0.6570
4.3327 4.4727 3.3660 1.7128 2.2552 2.2593 2.6306 2.8611 0.6882 5.9509 2.3627 3.9209 4.5657 2.0366 1.9543 2.8155 5.4762 6.0265 4.6635 0.2476
3.8699 4.8664 3.5035 4.5197 4.3062 4.9590 3.2308 0.3255 0.5204 2.3301 2.9345 6.1608 4.5464 3.6296 1.7700 5.1927 5.0260 3.0067 4.1345 2.6409
3.7530 3.9161 3.5381 4.9528 3.5531 3.0184 3.1158 1.9430 2.8449 3.4899 3.1372 3.7282 2.7085 1.2341 2.4225 1.5287 3.3891 1.3799 2.8159 5.9750
3.4599 2.7462 2.2124 2.2964 3.1359 4.6001 2.7379 2.7146 4.1372 4.6394 3.3994 3.1668 1.8935 2.7885 2.5257 2.3871 3.6450 3.0142 2.3308 3.6969
4.0553 0.4433 0.5209 0.7092 0.8133 1.5110 3.2153 5.2705 4.9983 2.1346 2.6144 2.6016 2.0531 2.1727 0.6080 5.0559 5.0525 5.0302 2.7462 1.8887
2.5723 3.3906 2.2800 2.5444 5.3919 4.2207 3.0459 5.0743 4.9929 0.1155 4.3349 0.4126 1.3562 0.5136 0.6051 1.6080 3.8375 1.8126 1.9171 2.8554
2.2368 5.2711 0.5607 0.4239 0.3204 2.2812 2.9126 2.7703 4.9820 5.0956 4.4458 3.4034 3.5221 4.9448 4.7999 3.7778 4.5036 4.2629 5.0020 0.2539
1.8738 2.5832 1.9961 3.3883 5.7591 1.9893 2.1304 0.1482 5.3915 4.8105 3.9554 4.4114 2.8810 2.4158 0.6298 0.6112 1.6332 1.9788 2.0950 3.1926
1.9180 0.3276 1.4330 1.1014 0.5517 0.1766 1.3400 1.3043 2.9768 1.8411 3.7083 2.2164 2.2525 2.0045 2.0324 2.4586 3.4558 4.5101 5.7367 0.5669
3.1810 3.0823 5.6455 3.9017 5.0263 5.2359 0.0518 2.9652 3.6121 3.6376 4.2609 4.5239 3.6467 4.8306 2.7133 3.0713 3.7707 2.8887 4.2835 4.4932
4.4370 5.8668 6.0135 5.5816 5.7909 0.3845 0.0919 5.9697 2.7182 3.1167 3.6287 3.1490 2.9116 2.1002 0.9359 1.5646 5.6976 5.1453 3.8649 4.0536
0.8366 1.1516 5.9637 5.5780 5.6904 5.8279 5.9181 2.6785 3.3535 5.2724 4.1277 2.7053 3.0219 0.2710 0.6584 3.5981 4.3617 6.1412 5.5300 5.2263
1.7846 2.6011 2.7449 3.8329 4.6320 3.4904 0.2028 5.8903 4.6088 5.4857 6.1981 4.7452 5.4558 4.9752 5.6700 5.2307 5.2542 3.6421 4.8782 3.0856
1.1915 1.0116 1.1943 1.3872 4.4700 4.5142 5.6441 4.0197 3.9420 3.2322 0.1892 1.2869 1.4473 1.0201 0.3806 0.0283 5.4543 1.5310 1.4022 0.5414
1.0611 1.9195 2.1175 3.8312 5.0003 4.6568 5.3429 0.1408 4.0671 4.5701 4.4530 4.2297 4.7225 4.6151 6.2114 4.1705 4.3285 4.4278 3.6320 4.5159
1.4529 5.8267 0.3341 5.5279 3.8433 2.4101 5.1794 4.0738 3.5270 4.3655 4.9378 5.1475 6.0682 0.5374 5.0443 4.7670 4.9376 4.1970 4.2564 0.4528
2.3948 2.9124 5.8767 1.7539 3.9403 0.9915 6.2278 0.6845 0.4675 1.1321 2.7849 2.2428 0.9870 2.4563 6.2471 1.6448 5.0715 2.6033 0.7313 2.3715
