2.9991 0.7657 2.3744 1.8733 2.2800 3.0285 5.0414 4.5506 6.2005 2.0743 6.1235 5.3734 5.4877 5.4362 4.8207 5.0229 2.5182 5.2031 4.7023 2.5671
3.7429 3.8615 3.3038 3.9321 3.6795 4.9923 6.1846 1.2473 5.9018 6.2268 0.1647 2.0768 6.1195 3.0632 3.5264 3.1991 2.1786 1.7524 4.4948 4.6369
3.8305 4.8750 4.6093 0.6481 4.2066 3.2814 6.2016 4.0117 5.1301 1.5576 5.8431 6.1325 5.6197 5.9129 2.0423 0.7643 1.2146 5.3600 5.5987 2.8269
2.3632 2.0702 4.4083 3.9844 4.6107 5.9799 0.1084 0.6985 5.8280 4.7497 5.9742 5.5446 6.1828 3.4289 2.0433 2.8299 0.2211 0.0820 5.4088 6.0838
3.8070 4.9613 0.9473 1.5003 4.3984 2.8111 2.3097 5.6819 5.7353 0.9945 0.2071 2.1435 0.6695 1.1769 1.1110 0.8622 0.9926 6.1136 5.9154 6.0182
2.2659 1.7367 0.9164 0.0745 0.9753 0.9093 2.0927 1.7884 5.7555 4.0212 6.2001 4.0437 5.5780 3.6463 5.0454 4.1048 3.4770 3.5962 4.6839 2.0153
3.3887 3.5501 1.7042 0.6157 0.0621 5.6233 5.8211 4.9674 5.8136 0.0802 6.0697 6.2498 5.4018 5.1680 4.5872 3.4614 3.0538 5.0726 4.5097 4.0138
4.1605 0.7961 1.1551 2.4752 2.0340 3.1045 1.2306 1.5947 5.3456 4.8138 5.0037 3.4725 2.3472 2.9604 5.3763 5.8859 0.2121 0.9957 4.8705 5.0896
3.8292 3.6117 5.5062 5.8834 4.5396 5.2890 6.0092 3.8789 4.9281 4.6600 1.4454 3.4099 2.6701 4.2924 4.9236 2.9005 0.9243 4.9149 5.1345 2.7746
1.0554 6.1097 5.7994 5.4508 5.6441 1.2188 0.8553 0.1599 5.4528 2.8862 1.0739 1.4782 2.1564 2.5196 4.3354 4.8813 1.2843 1.9096 1.2896 6.0601
1.0908 3.6157 0.0161 4.8156 5.5086 5.4301 5.3259 0.5079 6.1017 5.1102 2.0852 1.6367 1.1821 4.4646 3.6561 3.8840 3.1477 3.5699 1.1729 3.6876
0.7543 0.8447 0.4527 0.1421 0.2207 6.2498 5.2266 3.8955 0.4668 2.6831 1.6697 2.7484 1.8815 3.5401 2.6647 2.7889 2.5615 5.5775 5.0315 5.7259
2.9673 3.0408 4.0686 3.9171 5.4176 4.8436 5.3556 1.4909 6.1726 6.1725 1.7239 0.4393 0.2911 0.6631 0.4688 0.2257 4.8746 3.5959 3.8332 1.8638
5.1089 4.0962 4.3116 5.6885 6.2197 2.2629 4.7490 6.0604 5.9065 0.3434 1.1398 3.2352 6.0210 4.7966 4.2830 3.5761 3.8121 3.7322 1.8159 5.1488
1.0150 0.3119 5.5766 1.3755 0.2215 6.1150 5.0499 0.8586 4.1110 2.3091 5.0729 5.8386 0.1594 1.8696 0.3883 0.8787 0.6718 0.8762 1.7624 1.5158
1.4111 0.8931 1.1815 0.8848 5.1183 2.7455 5.0435 3.3786 3.0721 4.7340 4.5470 3.0924 3.0647 4.7249 5.8962 5.0064 0.4004 4.9601 3.2162 2.5363
2.8335 2.8445 0.4065 4.4827 4.9421 4.7719 4.8322 1.0264 1.4043 2.0289 3.9511 1.3557 1.0601 6.0633 6.0997 5.3879 2.7603 3.2047 1.7855 2.0854
2.2986 3.5926 1.0936 1.5482 5.5568 1.5864 3.9157 3.1145 2.9553 4.7641 4.8598 6.1751 0.3504 1.2270 0.7281 1.5104 0.8133 2.0460 4.4025 4.4386
1.3601 1.4735 1.2942 0.4641 1.7372 2.5354 2.5839 1.4622 3.6457 3.1374 2.0982 1.0348 0.3399 5.2942 4.3675 4.1959 1.1491 4.4849 5.6434 0.4045
4.0775 4.2397 2.9639 3.3418 5.5009 4.9709 4.8242 4.7634 5.5716 5.7166 4.9389 4.2401 5.4138 2.9007 3.2362 2.5986 2.3756 1.3782 0.6161 4.8691
