1.0862 5.9471 5.0708 5.0279 6.1117 5.2139 6.1923 0.2905 5.6485 6.1037 0.9964 5.4476 5.6652 3.4126 3.9802 4.2632 3.7705 2.9248 3.7613 3.5979
2.4706 2.6069 3.2571 3.9209 3.9983 2.6207 3.7170 4.6711 4.9987 3.5354 0.2740 6.0868 0.1106 0.1385 6.1284 0.6417 0.5356 6.1554 3.5372 2.4095
4.6941 5.0537 5.1078 5.7009 4.5755 5.9577 5.7837 5.9784 1.7826 0.2474 5.7093 5.3558 4.9306 5.0031 6.1316 0.0262 6.1407 4.8887 5.4760 4.8903
0.3072 4.0493 4.8105 3.9711 5.1916 3.2176 4.2972 2.7283 2.2783 4.0939 4.7194 0.3471 1.9066 4.7813 5.6642 4.9245 5.0430 0.1206 0.0885 6.2603
5.7565 0.3629 5.1436 5.9683 6.1284 5.3829 6.0352 1.2623 1.1814 1.4650 3.2124 1.8661 3.9724 5.4852 0.6058 0.2696 0.0122 5.6090 0.2579 5.6870
0.0899 0.3189 5.9987 2.0238 0.4764 0.5856 1.5553 1.2402 1.5611 0.7387 1.6758 4.4465 3.1905 3.3417 1.9822 2.6433 1.4337 1.8299 2.3916 1.7803
5.9846 5.5036 6.0055 0.3882 1.9769 5.5046 2.4918 3.6000 3.1245 3.1526 1.9957 2.8847 4.4518 6.0429 6.0230 4.9879 3.3069 5.2642 5.2054 5.9659
0.0159 3.4015 3.3733 3.3227 3.6611 1.2156 2.5795 5.1390 1.7894 1.7075 0.8192 0.6957 5.7747 0.9500 5.8962 3.2546 4.0930 4.8581 5.4647 0.8756
5.7888 5.3695 5.4541 6.1287 2.3768 3.0834 1.5303 1.9990 1.3804 0.2978 0.7244 2.0615 3.9163 5.1212 5.1395 0.1027 5.0159 2.5386 3.8741 3.7529
4.7900 4.2389 3.6398 3.9177 0.7920 6.2772 0.3127 5.5025 1.3075 1.3708 1.8240 3.0821 2.9916 1.6833 2.4157 3.3115 3.2274 4.8909 5.0006 5.6700
3.6754 3.3911 4.2684 1.5180 1.3875 2.4732 1.1453 0.8468 0.0665 5.2984 0.5285 5.7795 4.4016 4.6227 1.6373 0.7593 1.6926 0.8067 2.0622 2.8339
5.4946 6.2540 5.5465 6.0749 0.7707 5.1140 0.1583 0.4981 6.1500 3.3022 2.5996 2.2506 3.3631 1.9070 3.2591 2.7808 2.4328 3.3623 2.6167 4.8073
5.3331 5.2789 0.2299 1.1533 1.4372 2.1685 0.4143 0.1598 0.8420 0.5544 3.2609 4.6273 3.2120 3.6210 3.3518 3.3859 1.3955 1.4070 0.5684 0.3996
0.5290 4.1849 0.4872 5.4163 0.1775 0.1450 6.2454 0.2777 1.2563 2.0124 3.5194 1.9009 2.5562 0.4883 3.5193 0.6688 0.2658 4.8880 4.8114 5.6336
0.7285 1.0227 1.3295 1.1776 6.2405 2.0716 3.7452 3.2053 2.5489 3.7534 2.3340 4.0285 3.3380 3.4206 3.5179 3.4501 4.1800 3.5591 3.0422 1.7278
1.1614 2.7620 2.4287 4.2686 2.0616 5.9680 4.3522 0.3393 1.9305 0.0272 2.3845 1.5062 3.9167 2.3071 2.8869 3.0603 4.7134 5.8538 3.9819 3.6114
0.0998 6.0849 1.4069 1.3925 2.1197 1.7732 3.3776 3.4506 3.1745 3.9385 5.1700 3.9587 4.0945 4.1417 3.4720 5.3113 4.6905 3.8097 3.6973 6.1575
0.9495 2.2126 0.8554 2.0440 3.4601 3.2389 3.7483 3.2292 3.1401 0.9079 0.2112 0.5125 3.3497 1.2875 2.7908 3.2017 3.6103 4.6042 5.2213 4.9538
0.4696 0.2085 1.0480 5.0279 0.3592 0.6415 2.3652 3.1288 3.4053 3.4856 1.0157 4.7756 5.3065 5.2509 4.4920 5.6553 0.0130 1.5862 0.6507 1.3120
0.2279 0.7807 0.0478 0.8705 0.8133 0.7390 0.7725 6.1341 0.6499 1.2807 1.3188 1.3156 0.7897 6.1175 4.9644 0.7949 4.7363 5.9506 5.9023 5.0020
