4.9322 4.7353 3.0213 3.4943 3.6739 3.9173 3.2397 2.7506 3.6034 3.5405 3.2048 5.1935 4.2512 4.0237 4.4636 4.0710 5.2641 5.1402 3.8558 2.3218
5.4747 0.8711 2.0507 1.4178 2.7060 0.9452 1.7495 4.3171 4.3371 1.4586 2.5155 3.2648 4.6167 5.3480 5.1533 0.1695 4.8739 2.2245 3.4578 4.6009
5.3223 6.1685 3.1465 4.0843 4.3908 4.5324 0.3433 1.2955 1.5970 5.4184 0.6184 5.6211 4.9668 2.9884 3.9394 4.1436 4.6599 3.9229 3.9992 5.6634
4.6458 4.8348 3.4617 1.0910 0.9858 1.8314 5.5771 4.8537 2.1558 2.0214 0.7341 0.1785 5.5696 4.9955 5.0016 1.4607 4.9828 0.9647 3.6712 3.3869
5.1259 5.2856 3.6772 4.8906 5.5716 5.7024 4.4084 1.1918 1.0081 5.1443 3.2063 2.8967 5.6619 1.7379 0.0244 4.8465 5.3184 4.1848 4.4465 5.8955
3.4977 3.2964 4.1075 2.3866 6.2306 4.5017 4.1813 2.0176 1.9249 2.1525 2.7774 3.9280 4.7734 5.8754 0.2307 5.2005 6.0958 0.4979 1.8043 3.1287
4.8372 5.4533 5.5027 5.2142 1.4916 0.9192 5.9249 4.2408 5.7993 4.9861 3.0820 0.7495 0.4302 2.4689 2.1728 1.5512 0.5189 1.5087 2.1289 5.4167
4.5376 3.2780 5.1200 1.2535 0.1119 0.5745 0.0145 4.0289 4.8104 4.6486 4.9084 4.1883 4.7125 5.0776 2.3138 4.1432 3.4080 3.2837 1.1051 1.8308
5.7691 4.2664 4.5597 2.6411 1.0296 5.4189 5.9818 5.6796 4.4450 0.3910 5.8234 4.9298 5.6371 0.3164 1.8765 1.1202 1.9695 0.1985 0.5645 5.9893
6.2091 4.8575 5.3382 6.2371 1.0254 1.0375 2.9704 3.1182 0.0407 5.7821 5.3871 0.0464 6.1598 5.3480 6.0953 4.1945 1.9418 1.9993 2.7683 1.9245
0.1290 1.6006 2.2415 1.9228 0.4030 0.2100 6.0980 0.2205 5.8975 4.6067 6.2550 3.3053 0.3059 0.4473 6.0497 0.1196 6.1566 5.6387 0.5204 5.6607
3.3060 3.9461 2.5556 5.8757 5.2581 5.1770 5.8639 4.8710 0.4973 0.9545 0.7946 0.9029 1.0310 3.7735 4.8952 5.5639 0.4178 0.3538 0.0213 2.2782
4.9372 0.8656 3.1755 2.9309 3.4457 3.0739 1.4683 1.9945 5.7857 4.9802 5.1030 3.8580 0.7868 1.4725 0.2819 2.1047 5.4126 5.2684 1.6056 5.2979
5.7905 4.7476 5.0712 5.5603 3.6238 6.0894 1.3081 2.6409 6.2805 2.5175 5.9594 0.6629 0.1013 6.0888 0.4155 4.6293 4.1429 2.6677 1.6895 0.8006
4.5234 1.4437 1.4627 1.9256 2.1481 4.2789 3.5446 3.2787 2.7342 5.7022 5.8105 1.1338 6.0551 2.1136 5.2928 0.8146 5.1346 5.5547 5.5299 4.3229
0.6109 5.5513 1.1850 6.0841 5.7417 3.4008 3.4268 5.6354 2.8801 3.0039 4.0924 2.7094 0.9817 4.1270 5.2447 3.9770 4.5815 5.8910 0.1460 1.0806
3.9039 2.8446 3.8892 3.8555 4.9861 5.0219 4.2394 1.9990 1.9493 1.4951 4.6714 5.7427 5.9571 6.1209 5.9484 0.0736 1.0226 0.5918 0.1401 4.2311
5.3257 0.3106 4.7561 3.6303 4.3819 3.3975 4.3196 5.3138 1.6356 6.2543 4.7507 3.9198 5.2913 3.0767 1.5092 1.1353 1.2990 0.6593 2.1159 0.3538
4.5160 2.4867 5.8473 0.1204 6.0950 0.9711 2.2432 2.3190 2.3948 2.3116 2.8559 1.7615 4.4530 0.2947 5.7193 4.9786 2.7530 2.9181 2.7765 2.7917
5.7376 5.4123 5.9167 0.1009 4.5409 3.7756 4.6983 4.9936 4.8953 5.6314 3.7029 3.2604 4.8348 5.0852 5.8731 1.1003 3.1239 2.3269 3.0170 5.0451
