2.7282 1.7690 5.0470 6.0806 0.4895 6.1489 4.5035 3.7838 5.4238 3.1735 0.1607 1.3630 5.3448 5.8510 5.7145 5.8368 5.1342 5.8007 2.8550 2.6999
3.9854 2.9494 4.1674 2.9841 3.8305 3.6277 3.5333 4.3323 5.4892 0.4950 0.0766 5.3392 4.9739 4.6354 5.4661 3.1252 3.6072 4.3576 3.5251 3.3007
4.8932 5.3082 4.6288 4.9567 4.6591 5.3428 3.5543 4.0113 3.9244 3.8325 2.9224 5.1646 5.2331 6.0728 0.0797 4.8941 4.3024 4.5355 4.7089 0.0204
4.2786 3.7090 4.1826 2.0313 4.1429 4.8087 5.1078 0.9776 2.0401 1.4383 3.9619 3.4697 4.1625 5.2100 0.6667 1.9676 3.8329 4.0783 4.1269 3.8343
4.8989 6.0352 4.3184 5.3438 4.4628 0.4881 5.7923 4.4824 3.4979 4.6731 4.5834 3.7848 2.3274 3.6993 5.7199 3.8236 5.2037 5.8988 5.5500 6.0289
3.8650 1.9967 0.6065 0.5470 4.7827 5.4990 2.8834 1.8666 2.7349 2.4107 4.4431 0.4899 2.4102 4.4769 0.6338 2.2347 0.6394 3.9805 3.5732 3.4901
5.3509 6.0348 6.2680 4.3958 3.2857 2.5544 4.5400 4.4737 3.4953 4.6558 3.6428 3.8786 1.5386 1.6459 0.8235 0.0416 0.4935 0.6339 0.7828 6.1607
4.4828 2.9447 4.0641 3.9889 3.6626 5.3969 0.6289 5.2594 5.3972 1.7871 1.9321 2.2089 6.2364 0.3042 0.0478 3.2892 5.3874 2.1054 5.2847 4.1793
3.5202 5.3451 3.8375 4.9481 2.2641 3.4171 0.8845 2.3137 4.9321 0.5120 1.3561 0.3599 2.6919 3.3038 4.3022 2.0826 5.6551 4.6591 4.9762 2.1738
2.7986 2.2401 1.5314 1.8360 2.1212 0.8284 0.2476 5.0012 0.4108 0.0424 2.0857 3.2462 3.5082 5.2655 4.1827 4.5863 5.7051 5.1700 4.8929 3.8270
3.0390 0.6461 1.5372 1.7448 2.2089 3.7490 3.3281 2.9526 3.7090 3.5029 2.8914 0.3449 2.5614 2.2813 0.8179 0.9195 6.1370 1.3707 5.4020 4.1542
2.6897 3.7434 2.1649 6.2381 1.5923 1.1259 2.1653 6.1017 1.5125 2.1881 3.3035 4.0402 1.5004 1.9073 2.1753 3.5820 4.4987 4.2437 5.9371 1.7200
2.3546 2.2014 1.8899 3.4371 4.9655 4.0263 3.3617 3.5690 4.2917 4.9825 4.2152 4.4059 4.3288 5.0799 0.2365 0.3772 5.4283 5.6332 5.9211 1.2504
5.9319 4.8968 2.7810 1.1509 0.8997 0.7046 1.3694 0.4137 4.3904 2.8613 4.4420 2.6667 2.7370 0.8022 0.4715 1.5617 0.7349 5.8707 0.1039 5.9979
0.1706 0.9326 2.2622 2.1545 0.3603 1.2596 1.2169 0.4411 1.9904 2.9807 5.5559 0.8298 1.4729 0.9985 5.7815 4.4729 1.0330 3.6521 5.5888 5.7587
6.2098 1.8097 2.6145 3.7974 0.0439 5.3454 2.6796 3.6908 2.5232 5.5952 4.4344 3.5330 2.3921 3.4273 2.8791 2.0643 1.5649 1.1904 6.2769 0.3140
2.3086 3.0133 3.8640 1.2135 3.7193 3.4087 2.0351 2.8129 2.7614 2.3888 4.2648 4.5011 4.9277 5.6091 5.7113 5.9118 6.1899 5.0505 4.0700 3.1312
3.2173 3.1454 3.2902 3.4642 4.1273 5.9980 1.9351 0.5068 2.2277 1.1916 1.2318 0.7023 5.1182 4.0340 0.2634 2.0390 3.8475 3.3103 4.8146 1.5740
4.2527 0.7722 4.2608 0.3442 5.6727 2.1240 2.9227 3.4044 3.2220 2.8521 2.2939 3.2165 4.2774 2.8227 0.0500 3.4397 5.4158 4.5062 5.6523 5.8962
2.8745 3.3145 4.3636 3.6223 4.6737 3.5259 4.5545 0.5441 2.3954 6.0208 0.3228 5.1158 4.8850 0.4811 5.5323 4.8717 4.7748 5.0760 3.1610 3.4887
