3.6588 4.3545 4.3224 4.0487 4.1731 4.4789 4.8295 0.2037 5.8873 5.1453 0.0740 6.2373 0.1900 0.7802 0.4412 5.4467 0.9641 0.6207 0.9399 3.1723
2.6196 1.8452 1.3364 1.4051 5.8307 1.4893 5.6042 4.5522 4.9008 4.2669 4.9847 2.0666 0.6432 0.3411 0.9116 1.0331 0.0610 0.9045 1.0995 0.5774
2.4185 3.4540 1.1277 4.2362 5.0042 3.7789 5.8395 5.0710 5.8732 6.1788 6.2563 6.1032 5.1865 3.2544 4.2332 3.9999 4.3083 3.5931 2.7947 3.1373
1.2240 0.9232 1.8658 0.4993 0.2233 5.9378 0.1771 0.8318 0.3622 3.3736 4.1039 4.3907 4.6792 5.1016 5.3907 0.9288 5.9544 0.3337 0.9169 6.1167
1.8099 1.5761 2.6633 4.0208 5.2656 3.6151 0.2249 1.6601 1.8639 1.3494 4.3932 4.9205 3.7891 3.7581 4.5452 4.6443 4.5536 3.9223 0.8128 2.4825
3.6840 3.5392 3.8850 6.2002 0.0831 0.7885 5.8632 5.7805 5.2746 5.5486 3.5648 0.6913 2.3194 0.5802 3.5566 3.5480 5.9494 1.4144 4.6993 5.0543
2.9061 2.3781 4.0628 4.0878 4.2360 3.2453 5.2973 2.2888 5.3421 2.5739 3.3000 3.1809 2.4949 2.9932 3.5331 6.2751 0.0999 1.9511 5.4669 5.7535
3.5665 5.1175 4.8677 5.3436 6.2232 6.0564 0.2507 6.1188 5.6987 6.1130 5.4988 5.9615 3.8044 1.3326 3.6224 3.5112 3.0626 5.3857 5.5589 3.4717
1.9939 2.1332 3.3540 2.7900 0.7339 0.5214 0.6745 3.2750 4.8402 4.3990 3.7501 3.0785 2.7439 3.5486 4.4813 2.8544 1.4902 1.6984 2.2608 1.0829
0.8454 5.0891 3.8531 5.3745 5.5644 4.7278 5.7879 1.7367 0.7453 0.4765 2.8586 5.7247 0.5434 6.0139 5.3620 6.2720 4.0257 4.0216 6.2080 0.1169
2.2204 2.4022 3.0998 4.9652 4.5579 0.1140 5.3409 5.5002 5.4552 3.2444 2.6539 1.9653 1.8932 2.5105 2.6364 2.5046 3.2978 0.0123 1.2869 3.3935
1.4326 1.1499 4.0119 2.4051 5.4296 5.7641 0.7233 1.3530 0.2504 0.6870 1.7371 6.1992 1.7627 0.9571 4.0808 6.1658 3.9612 2.0450 1.9678 1.1803
3.8958 3.8156 4.2092 4.6980 5.1852 5.4584 6.0038 5.7361 5.5911 4.2471 1.5956 5.8471 3.0950 3.3452 3.5631 3.4743 3.5020 4.7682 5.7913 4.6181
1.3333 1.4438 3.5193 1.0635 5.1107 4.3693 4.5418 4.8822 5.4067 6.1371 3.7211 3.3384 3.1869 1.2882 1.7750 1.1085 1.2919 1.7084 2.2955 2.0889
2.2587 5.6123 4.3662 3.8264 2.7718 3.0703 2.9550 1.1692 6.0204 1.2815 4.9674 5.8957 3.2043 3.0985 2.8700 2.5006 5.9622 5.1801 0.2101 3.0061
1.5639 2.3245 4.4541 5.1099 3.3813 5.3653 4.5336 4.1426 4.9460 3.3534 4.4183 3.4714 3.3982 5.8796 5.3723 6.1101 4.9591 4.8742 4.7882 6.2056
2.1597 0.4246 5.8740 0.3768 3.1239 2.4522 5.5736 0.8953 4.2707 4.0641 4.7621 4.5481 3.7243 4.3553 2.7882 3.7340 0.4886 2.5359 2.0282 2.6687
1.8500 5.3424 5.1787 4.8145 4.6599 5.4068 4.7846 4.0833 4.3617 2.6994 2.7490 2.5151 2.8556 0.9856 0.4698 1.0794 5.7113 5.7806 1.5316 4.5986
2.0072 2.0330 5.0825 5.5353 5.2714 5.4155 5.4356 0.5357 0.8500 0.8988 0.6038 5.8320 1.8185 1.9860 1.1293 4.6669 0.2119 1.4405 1.3252 1.0986
1.8697 1.4873 0.9223 2.0012 2.4333 1.4549 6.0296 3.9976 4.6082 2.3541 4.3335 2.4631 0.4804 5.6381 1.7084 2.1756 1.0755 0.2744 0.6064 4.6328
