2.7072 1.3640 1.9059 2.7607 0.1628 5.4036 4.7729 5.2621 0.6163 0.7083 4.4045 2.1117 5.0693 4.3917 5.0320 6.0357 0.2475 3.2483 5.0814 4.1100
1.8452 1.5514 2.0278 1.0748 1.3434 2.1087 2.1274 2.2050 1.9060 3.6475 4.2567 4.3051 4.9829 4.1488 5.0986 3.6559 3.9661 5.7003 4.7483 2.7193
0.0780 3.9990 3.6466 4.2529 4.6419 5.8172 4.1236 3.0868 2.0866 1.8026 0.7686 0.2544 5.9785 5.6488 5.1398 0.8944 3.8009 3.6527 4.9857 5.5680
2.8030 3.4023 4.3426 3.2334 4.8596 3.7079 3.0227 2.0889 1.2244 2.5001 6.2056 4.1900 5.3911 4.3147 4.6545 4.8859 4.3145 4.8802 5.5932 4.7335
5.5093 5.4339 6.0272 0.4997 5.4479 6.1208 4.9928 6.2287 5.5684 4.2168 5.6162 0.0640 1.5393 1.7878 1.6171 1.9159 2.2245 2.3096 0.8828 1.2668
5.2886 4.2234 4.7197 5.0449 4.3838 4.9714 4.2174 2.4919 0.5278 0.5360 6.0836 2.3938 1.6870 4.2592 6.0672 5.1490 4.2320 4.8992 5.3024 5.3181
5.5608 0.7210 0.6293 1.9345 4.6208 4.8930 4.0968 0.0308 0.4223 5.6981 5.6152 0.6058 1.0100 1.0245 1.3604 1.8447 5.2357 6.2826 5.8212 5.6422
5.8532 5.2116 6.2181 5.4744 5.2227 2.9371 3.3865 2.1855 2.2495 2.6659 3.2210 4.3919 2.8855 3.3086 2.5917 4.1893 3.7582 3.3341 4.5023 2.9372
0.2005 0.4217 1.2308 2.0432 5.2369 2.3211 2.3540 1.9572 3.0749 5.7250 2.6859 2.4528 1.7398 1.8009 2.4192 1.3942 5.9888 0.3693 3.8729 0.8461
4.1514 3.9209 3.5016 3.9071 4.0576 3.6891 3.3417 3.6943 3.1393 3.0270 5.0403 5.8367 4.1898 3.5153 2.8661 3.4011 3.4416 3.9454 3.8262 4.0735
4.6590 5.2630 4.3073 2.6627 4.8612 0.0727 5.6760 5.7270 3.4181 4.0698 4.4661 3.7701 3.7212 5.8217 0.7937 5.7549 3.9518 1.7162 1.4733 1.4963
4.5740 3.2612 3.9952 5.3237 4.2914 4.5763 5.2952 3.9886 2.5247 2.0459 3.2340 0.1694 4.6101 1.8699 5.9615 4.2868 5.1113 4.6064 3.5436 4.5573
4.9662 3.9229 3.7246 3.0362 4.5581 5.9768 4.6486 5.3111 4.4063 4.2397 3.0217 4.4337 4.1678 4.7548 4.9087 4.8675 4.3720 3.8869 3.6210 2.8211
5.7277 3.2261 2.4222 5.3589 3.4507 3.0063 2.8571 4.0186 2.8520 2.8313 2.6744 2.5091 2.3080 1.6734 3.2157 1.5680 0.3013 5.7485 4.7423 5.7091
5.5604 0.7290 1.5303 2.2759 1.9466 5.7620 2.4144 1.7096 2.0602 0.7836 2.7518 1.2262 2.8950 3.7035 3.2892 3.7039 3.4286 2.8574 3.8973 2.6127
5.3453 4.5361 3.8442 4.7216 2.3493 2.9750 2.8301 2.5112 2.5946 4.2502 3.2754 3.8404 2.9189 5.2474 3.2862 3.4381 2.2233 2.6361 3.7646 4.2713
3.6962 2.8900 2.7730 3.1501 3.1628 5.7352 4.0102 6.1447 2.6428 0.8329 3.1656 1.7541 1.9354 1.6053 2.1137 1.2322 2.2424 3.7846 2.1316 2.8290
3.8345 3.5934 2.8787 0.7279 3.0958 2.6749 3.2565 3.3405 3.5938 3.4302 2.4634 4.1568 3.6062 4.1399 2.7426 3.1586 1.8912 1.1215 1.9404 0.8794
2.9120 1.7562 2.4723 4.1194 2.6999 0.3074 2.6480 2.7606 2.4375 1.0832 2.2871 1.9967 2.9601 1.4821 3.0519 1.2548 0.4295 2.7695 2.9820 2.7470
3.3040 4.3264 2.3195 0.5462 1.9871 2.9703 3.3737 2.2823 2.9674 4.0892 4.1699 0.0852 6.0132 3.9432 3.6481 3.8205 4.4217 5.4406 4.3331 3.7800
