5.3300 4.5133 1.9499 2.5539 0.8995 0.8058 0.3905 2.6975 2.2958 2.4092 1.7142 1.2228 5.9271 0.2862 5.4461 3.8075 4.2035 5.7584 6.1366 5.7748
3.2019 2.7905 1.0351 5.6725 5.5605 5.8460 0.3248 0.6491 5.6158 5.0355 2.8360 4.3473 5.2766 4.0115 5.4980 5.0035 1.0359 1.5839 0.4933 2.6089
1.3475 1.0337 0.1975 3.2861 4.5822 3.8227 5.5407 3.3374 4.3030 0.4982 2.4985 0.8184 6.0150 5.9553 0.2509 0.5367 0.6642 0.2826 1.4496 0.9001
2.2957 2.5522 0.8695 0.9165 0.6689 6.1635 5.8463 5.2174 3.5755 3.3004 2.8897 2.3886 0.3243 2.4571 1.6623 1.7755 0.7949 1.8564 5.5187 5.7403
1.2077 1.1045 0.7454 4.6085 4.4731 4.1907 5.4017 1.3587 0.1299 1.6450 3.6301 5.7820 0.5139 0.1856 0.3617 6.1539 0.5051 0.9157 0.7255 1.2522
3.6552 4.8928 0.3722 1.3409 3.4938 4.5996 5.2461 4.2891 4.6843 3.8426 3.6680 2.9508 4.8460 3.8636 5.7017 0.6147 0.5119 5.9713 0.8142 4.0777
2.1867 2.6625 0.1828 5.2215 4.6794 0.5875 5.4730 5.7027 4.2407 3.7481 0.5021 0.6306 0.8224 0.6755 5.2637 4.1921 5.8984 5.2598 1.2167 0.9881
0.8082 5.5892 5.6400 4.3601 4.9303 0.1967 5.9453 0.0788 4.7693 0.5752 1.8084 3.0663 1.4716 3.2222 5.7702 6.1779 0.0772 2.9814 1.7640 2.7669
0.7106 0.6885 0.3786 6.2591 0.1969 4.4490 5.1418 4.0426 3.9246 4.4268 3.1517 4.5116 4.4603 4.3919 4.9102 1.1508 5.9392 5.7613 2.2401 0.9237
3.4096 3.8176 4.9056 3.6079 3.5462 2.3419 3.2159 3.0887 3.0253 2.4615 1.8639 1.2090 4.5797 6.0956 5.7209 3.4049 1.5209 0.4454 1.8664 3.7981
0.7977 0.9139 6.2606 0.5606 2.1348 4.3822 3.2098 3.8957 4.3811 5.2258 5.9567 5.0888 3.9066 0.5681 0.3960 1.3069 1.4631 1.1390 4.6374 5.3019
5.5014 5.2145 5.8594 4.7886 1.1018 1.1066 5.9988 5.6981 4.4421 6.1283 0.0961 3.1591 2.7781 2.4325 5.1374 6.1922 1.0355 2.6852 2.9866 2.8553
6.1134 1.0846 1.1093 1.4994 0.8374 0.3829 5.7465 3.0203 3.5282 1.3063 6.0055 6.2666 4.2075 4.9238 5.2513 4.6585 0.9299 6.0447 5.8696 5.3057
5.3416 0.1963 0.6631 5.5403 6.1738 4.9448 4.3266 3.5132 3.6890 3.8611 2.9787 3.6615 3.1289 4.1462 6.1918 6.0437 0.3464 4.9628 6.0777 1.0320
4.4032 5.6296 1.6950 6.1210 6.2374 5.1014 4.5073 5.2322 1.1087 2.5275 3.2993 3.4110 2.9363 2.7359 3.2339 1.8833 0.1325 5.6616 6.2027 5.4798
4.1412 2.4875 2.6061 2.5138 2.3530 0.4262 0.9954 1.0605 1.3797 1.1022 2.2713 1.2444 2.8891 5.0215 5.3153 4.4466 4.8074 4.4340 4.8347 3.4167
4.6870 5.3701 6.0191 2.3041 0.5628 1.4189 1.6804 2.4813 2.4147 3.2750 3.2766 4.0767 2.9970 0.7283 5.6544 5.9998 4.2231 5.2035 5.5197 5.9751
5.2279 2.3100 1.3823 4.9583 0.4421 5.2840 2.1070 5.3342 4.9663 0.7075 2.3682 2.1678 3.8485 4.1458 3.6091 2.3322 3.3184 2.3488 5.2585 4.2518
4.0609 4.3987 2.0138 2.8242 2.5793 2.5424 2.6817 2.9570 3.8684 2.5149 3.7052 2.4038 2.6914 1.7322 2.7965 2.2002 3.5065 5.6582 5.5889 5.3417
2.9288 0.8143 1.3214 0.1345 0.6640 5.5393 5.8263 0.5023 0.9131 5.5472 4.8933 4.3212 4.5019 4.1959 4.8629 4.5347 4.2692 2.9953 5.7442 1.8072
