6.2785 1.9002 3.9500 4.4713 3.8781 3.7088 2.9949 3.4641 3.2690 1.5875 2.3560 1.0496 1.9840 1.6809 0.7827 0.7555 0.4334 1.4322 5.5687 1.9297
4.8342 5.7824 2.7012 4.6849 5.9937 1.0940 1.2893 0.0428 2.9317 0.9467 0.6448 5.1312 0.7004 6.0514 0.3160 5.0933 5.6581 5.3923 4.2907 5.1464
6.1721 3.2544 1.0901 0.9098 0.7742 4.2094 2.1994 2.6026 2.6760 3.2472 1.0120 3.4927 2.5257 2.3688 2.2246 3.0436 4.1363 3.1909 3.9833 1.9451
5.9935 5.8949 6.0832 3.2855 0.7775 0.2887 1.8843 5.0330 2.8864 5.5352 6.2500 0.2330 0.5638 0.4973 2.7849 2.8950 4.1247 4.7240 3.8752 5.1805
1.5808 0.3045 0.6708 1.0173 1.2439 1.7779 2.6788 2.6867 2.8167 2.8255 5.5596 3.7891 3.7652 3.1496 3.7434 5.8670 0.1553 1.3080 2.7918 4.1595
2.9232 1.7634 2.1957 3.1691 1.9686 3.1139 3.8994 2.0051 1.8560 0.2972 5.7159 6.0341 3.6061 2.5463 2.5283 2.0002 5.1943 4.6818 2.7237 2.0782
3.4570 4.6135 3.8812 0.4605 0.8287 3.3932 4.4093 4.5072 3.2145 2.5736 2.1941 1.7790 2.5655 0.1842 3.1114 2.8739 0.5808 1.6664 5.1544 5.6057
3.3191 2.2205 4.0924 1.9087 1.5443 0.1943 2.1212 2.5565 2.8594 3.0838 3.7112 3.7504 3.3540 2.8968 2.1251 0.5115 0.7490 4.1977 5.0362 3.9207
4.0715 4.3475 4.1514 2.7052 2.4794 3.1107 2.1697 2.8027 4.3120 5.3258 3.3580 0.1710 1.9215 1.9938 1.6800 3.4573 1.3238 1.2852 1.6501 2.1334
3.1049 2.3316 4.7945 0.5870 0.4431 0.0427 1.8583 5.2322 4.8793 3.6603 2.2192 2.7463 2.7013 0.2901 1.1373 1.0177 1.4550 2.1606 2.2213 3.3758
2.1301 0.9489 1.2061 1.0039 1.6557 2.3911 1.8306 2.1431 3.7318 0.5684 1.9311 6.0794 4.7164 5.1455 5.4671 2.4817 2.5368 1.2739 2.6192 0.6789
1.1077 0.1613 1.0503 2.4562 0.8742 4.7995 4.9924 5.0955 5.2680 4.4323 3.6349 3.6665 3.7581 2.1875 0.0257 3.1993 3.1410 3.5950 4.4102 3.7535
5.1770 4.7774 5.5745 5.9868 0.7363 2.5487 4.7326 2.8620 5.6192 1.8455 4.2356 5.0238 5.2621 5.8442 0.3966 0.1654 2.5679 0.2847 4.8733 0.1418
4.2736 4.2308 4.4595 5.0041 4.9839 0.1707 4.6862 4.6820 4.8430 4.4737 4.4121 3.3092 5.4717 3.8269 2.4540 3.7765 2.2184 2.8443 4.6489 4.3570
0.3250 0.3548 4.9523 0.0750 4.9260 2.7641 3.9624 3.7372 4.3224 4.6857 4.4311 5.9343 0.2760 6.1105 2.0090 2.3219 2.9116 4.3693 4.6817 5.1559
6.1619 5.2069 4.3763 4.6118 5.6865 6.0742 5.4421 5.9487 4.2991 4.1376 2.6905 2.7156 1.1829 3.4291 2.1083 1.2874 2.7638 3.1009 6.1532 0.0444
0.1643 0.6061 3.9708 4.6444 3.5655 3.8358 3.3838 2.4806 3.6253 1.6877 5.6938 0.4991 2.2193 1.1952 2.4600 3.6390 0.7869 0.0800 6.0017 0.3922
3.2041 3.8693 4.3914 1.6954 4.0544 1.6071 2.5474 4.6930 3.7503 4.1746 4.2737 4.3521 2.8796 3.2204 3.9947 0.2816 5.9235 4.6569 3.1490 2.7683
3.0496 2.3130 3.8251 5.3367 4.9494 4.5735 2.0264 1.9738 0.8857 2.8273 3.1836 3.0684 3.3450 3.3328 3.0284 3.1212 1.5558 1.3772 1.5833 1.4695
5.5436 5.3448 3.9118 0.6957 5.0230 0.5450 0.2577 0.5525 0.4448 5.7314 4.8644 0.8955 0.8575 5.9650 2.8525 6.1426 6.0638 4.0199 5.8662 4.2968
