0.3331 5.3339 2.6454 2.8730 3.6028 3.7735 2.9935 3.7333 4.3217 5.5574 3.2816 2.7730 1.9084 1.4270 0.3660 5.5074 5.8010 0.4403 3.0981 2.0226
5.4001 3.0815 2.1040 1.2321 3.1427 3.2786 3.1515 0.6540 5.6962 0.5825 0.0814 1.1416 2.2102 3.4861 4.3506 3.3369 3.6475 3.8088 5.7340 4.7171
4.9739 5.9524 1.1101 2.5110 2.8745 2.5184 3.4254 5.4349 5.0422 4.5195 5.2172 5.6671 3.6432 1.8692 4.3151 5.1807 5.4056 5.4175 5.1171 0.0113
5.6457 2.2694 2.0366 4.0178 4.3320 5.3037 2.0066 1.4414 3.8769 4.3444 4.3879 2.5422 4.9234 5.0949 5.0700 5.6556 4.9163 6.1346 5.2023 2.8730
5.5596 5.6238 2.2456 2.7404 3.3363 2.3349 1.8238 3.5329 3.7554 6.2719 4.5908 5.9317 0.4297 0.0650 4.9659 3.0286 4.0793 3.0422 4.5992 5.3029
0.7231 2.5671 1.0781 1.5302 1.7299 2.7274 2.2892 5.2602 4.0624 3.9665 4.8201 4.3460 4.9871 5.9818 5.7992 0.7112 1.1591 0.4111 5.2290 2.6360
4.4982 0.4219 0.9381 3.6283 3.9752 4.9749 3.3918 2.5533 2.2161 0.5527 6.1008 6.0689 5.1229 4.2644 4.5467 4.4396 3.4164 3.5116 4.4851 5.2165
4.6954 3.1980 2.1920 0.7870 2.4877 3.3762 3.3893 2.9429 3.3574 4.2784 6.2219 2.0598 2.4701 2.2101 0.8912 1.3188 3.3951 1.7070 1.3936 1.6036
5.0045 6.1692 2.4029 4.4717 3.1522 5.0344 2.6731 0.1701 1.7819 1.1838 0.9536 0.7746 2.7181 3.9111 5.3095 4.5567 4.6729 3.2613 5.7476 5.1248
2.1654 3.2287 1.9081 1.0699 2.6644 3.2094 3.3822 2.9880 2.3070 2.6483 2.5103 2.6788 0.1144 5.9435 5.9144 5.4118 5.8398 5.9715 5.0895 2.3508
0.9132 1.3178 0.4726 0.2844 3.9263 5.5535 4.6658 2.1977 1.9228 0.5808 1.8992 5.8455 0.8169 2.1824 1.0806 2.0915 5.5175 4.5485 5.4762 0.1726
4.3643 3.9347 4.8115 4.2893 5.1131 3.3507 4.1926 2.5064 2.7225 2.6491 3.2962 4.0157 0.8247 5.6592 5.6670 5.4078 5.8945 0.4238 5.0142 4.7343
0.7841 0.7076 5.3150 5.9240 4.8010 4.7616 4.9174 4.4551 1.3025 1.8985 2.3598 1.3288 1.1623 2.9618 4.2019 3.0378 4.6198 4.6037 4.3226 2.3776
0.5084 5.3133 5.3619 6.0332 6.2003 0.5024 1.0939 2.0799 2.2358 5.8539 4.2149 5.6779 0.1549 1.3124 3.9986 5.8113 6.0179 1.8458 1.3092 6.2183
5.5937 3.6282 0.3795 2.5629 2.4805 1.5301 1.0989 0.7407 1.5890 1.8554 3.4423 4.5823 5.5154 0.8276 3.8284 3.6007 4.1298 4.5383 4.0759 3.6858
6.2707 6.0314 0.9465 5.6908 3.7465 3.4107 2.5968 2.7400 0.9875 0.6126 1.5117 2.5358 6.1075 4.5499 3.7489 3.3950 4.3554 4.0573 4.3098 6.2069
0.3965 2.0031 1.5325 1.8517 2.6817 0.6711 1.0251 6.2722 1.1195 4.1280 3.8447 5.9211 1.0700 0.6846 0.5459 0.4788 5.7911 0.1880 3.1238 1.7213
1.0118 4.6838 5.4487 6.1984 2.6762 1.4261 2.9610 2.1566 2.3515 1.3388 6.1779 1.8892 2.7024 5.0304 5.6430 0.2537 4.7650 3.7657 4.6836 4.5404
1.3960 1.0204 1.3812 1.4779 2.2456 4.0591 3.7412 4.5926 1.8739 5.2384 6.1295 4.5773 2.1032 1.6290 6.1126 5.7848 5.4536 0.3440 1.2755 0.7101
3.2003 2.7224 2.6768 4.6733 2.3405 0.6858 1.4904 1.4451 2.5496 1.7825 0.1884 0.4998 2.3404 3.9785 6.1497 2.8737 4.6650 4.2063 3.4353 3.4717
