0.7995 0.9468 4.8216 4.0205 5.8313 5.9665 5.7124 4.3564 3.8763 3.8784 5.1899 1.1765 5.6706 0.2772 1.2949 3.2150 2.9018 1.7372 1.1071 0.8087
0.0830 3.7290 2.4850 2.6711 1.7341 5.6380 0.0014 0.1653 0.6201 0.0528 4.9596 4.8405 3.7887 4.5504 3.4249 0.2275 4.5492 5.1246 5.6737 5.1913
0.1358 1.1121 2.8780 2.0308 1.0079 2.7778 4.5248 3.8852 5.2774 2.8689 4.2939 2.5654 1.7186 1.1634 2.3872 3.4231 5.0470 0.3242 5.8359 0.1121
2.6008 2.1983 2.7269 1.3823 0.2384 5.9436 5.7264 5.1919 6.0791 5.8385 5.3832 5.1029 2.7062 3.7195 3.3352 5.7451 6.0110 4.1253 4.5857 2.3585
6.0773 0.7731 2.6122 4.8248 6.2785 1.4409 0.3217 1.4063 5.0085 3.6126 4.3049 2.7742 2.4081 1.7548 2.0097 0.8063 1.1128 5.7563 4.5867 5.4674
4.9514 4.2323 1.8967 4.1634 4.6360 6.0129 4.4410 4.9537 6.2465 0.5122 0.8774 3.4324 4.2298 4.2898 1.2410 3.9892 3.9129 3.7858 3.8623 2.9760
4.9005 2.5449 3.6472 3.2847 5.0895 2.3133 4.1489 2.1309 5.1647 0.2356 5.9358 4.9292 4.5290 3.3865 1.8471 0.8574 2.4595 2.1024 3.5870 4.1823
5.2288 6.0984 5.3201 1.1497 0.7204 5.7064 4.9399 6.1881 4.5751 4.0317 6.0265 5.9627 4.2727 5.6162 2.8606 3.7859 3.0847 3.9465 5.6762 4.4958
1.0584 4.6125 0.4145 0.0862 0.7538 0.9652 5.7152 3.2715 4.0129 5.6217 0.0803 2.4026 4.6001 4.9222 3.9068 0.6072 1.5624 2.1162 0.1951 0.3175
1.7004 0.9474 1.3477 2.8031 1.8295 0.6378 5.9516 5.6452 1.8165 2.0323 6.1990 5.5351 5.5372 0.7684 0.3631 3.2511 3.8467 4.5017 1.2369 0.1995
2.5856 3.7504 2.2024 0.4226 2.1416 2.2479 1.5848 1.4453 1.1412 5.3729 5.3641 5.4412 5.1738 1.6454 2.3949 2.8146 3.0527 4.0194 2.4416 2.9433
3.2892 1.9542 2.6553 3.7903 2.0207 6.1810 4.6309 3.3093 0.4524 1.7210 1.7283 1.7319 4.1304 4.8168 3.5021 3.3983 2.3209 1.1726 0.0457 5.2065
3.6169 3.8117 1.9044 1.0656 1.7359 3.6069 4.9882 2.0414 1.3663 4.8754 5.7294 5.2703 4.3946 3.8339 3.8404 1.2668 1.4561 5.9519 6.0113 2.4326
4.2152 0.2969 0.5806 5.0703 5.8928 0.3056 6.1382 1.2673 1.1986 5.9646 5.1763 4.3809 3.5264 3.9126 3.9380 3.6671 2.2443 2.3413 3.9885 5.5554
2.9420 3.3368 6.0583 0.7495 2.3771 3.8781 5.1869 4.7299 0.6013 1.8518 4.3775 3.9102 3.4383 0.4213 2.4419 3.7858 2.8602 4.3731 4.6442 2.6015
2.7131 2.8221 4.9078 4.8345 1.9446 1.2126 1.2621 1.2297 0.9422 1.1990 3.0434 1.2978 2.6872 2.7186 3.2264 4.1726 0.1315 1.0878 5.9574 5.1836
2.3511 5.3010 4.8511 3.7654 2.5409 5.2511 5.1874 4.3529 4.7276 5.2217 3.0184 3.5601 3.3485 3.8723 3.3419 1.9762 2.9975 2.9289 3.9748 3.2073
1.2103 0.3886 4.9108 0.1847 1.0846 2.6836 5.5541 0.4090 5.3106 1.5925 4.5318 5.6625 3.8792 3.6552 2.9711 3.5769 4.0468 4.1007 3.4513 5.2513
2.0595 2.5050 3.7245 3.0405 1.6337 1.7348 3.5243 3.4022 3.8107 3.5833 2.9972 3.1639 2.2827 2.5342 3.0154 2.4329 3.0725 2.6210 2.1650 1.7662
4.4864 5.2588 4.4898 0.1395 0.2064 4.9707 4.3872 0.2032 4.5379 1.5563 0.8354 6.0848 4.0200 0.6287 1.4382 0.9611 2.0730 4.1116 3.9348 4.1054
