0.8642 1.3008 3.4151 2.1479 3.1559 2.5897 1.6669 0.2528 6.2665 0.1928 2.7360 0.3477 5.3533 4.1067 2.8003 2.9489 1.6224 1.0355 0.6606 0.7008
2.7243 4.5394 3.2809 4.0905 3.0316 3.5513 2.2940 3.1976 5.5385 4.7705 4.4378 4.3898 3.4555 3.7043 3.5602 4.3895 2.0907 2.4412 2.1819 2.5358
1.8354 1.0788 4.0825 2.2399 2.1881 1.5599 0.9343 0.4694 0.4562 6.1772 1.0466 1.8093 3.6178 5.2584 5.6073 1.2970 1.5293 1.5426 2.0566 0.1660
3.4717 3.3211 6.2653 0.3549 0.9026 5.3040 3.9590 2.6417 1.5729 1.1478 0.7823 5.5872 3.9372 2.6309 2.6792 3.8620 2.1054 3.9351 1.0731 3.3386
4.3083 1.5050 1.3425 3.4474 0.4409 0.7295 0.4689 0.2820 2.8251 2.5295 4.0888 4.3089 3.7796 3.8891 2.3163 0.1142 4.4435 0.3039 1.0772 2.7745
4.5647 4.0939 0.3213 0.3179 0.4821 5.5438 4.7682 4.2902 4.4312 4.0106 2.8831 2.6669 3.3526 0.5242 1.7376 3.1808 3.1925 3.7016 1.2176 0.7991
4.0981 1.3731 1.9040 2.0953 0.6783 2.0520 5.8941 3.8292 5.2369 1.4949 1.8174 3.2677 3.0824 2.2731 1.3832 0.2727 1.4193 0.2923 0.4210 4.2531
5.6526 5.3678 1.4012 4.4864 2.7939 4.5447 4.5729 4.1193 6.1808 5.1717 5.7358 4.6804 6.0731 5.7095 5.9638 4.5773 4.8961 3.6620 5.2037 0.0046
4.8626 3.9891 1.3287 1.3207 0.2096 0.9367 5.6238 0.3037 0.3998 1.5507 0.3800 0.3892 6.1360 3.8365 5.8564 5.6297 5.4480 6.2109 6.0820 6.1145
5.5473 1.1491 2.0085 5.0518 5.7548 4.3610 5.7854 5.6707 0.7114 5.7567 6.0765 0.5663 5.8695 1.6855 4.0557 4.1636 5.1822 1.4681 0.5318 0.0632
1.0212 4.4534 0.8494 1.0332 0.3465 0.9483 0.6704 1.2801 1.9446 1.2774 0.3119 4.8390 4.1632 3.6384 4.8261 0.2692 4.3962 4.0929 2.2046 2.2428
1.0772 0.8211 1.2542 5.9283 0.7561 5.2442 0.0922 5.2182 1.0311 3.9481 2.5342 3.2575 4.1307 4.5147 5.0467 3.6422 3.9910 5.2832 6.1075 5.7500
0.3708 5.0180 5.1652 4.8920 6.2749 0.9954 2.5410 1.9064 1.1847 5.7850 5.2936 0.4845 3.9938 3.7806 3.7234 6.1029 3.4470 2.4594 0.7671 2.5202
1.3601 1.9271 1.1267 0.8242 5.4872 6.1576 2.8520 3.3610 2.3873 2.2854 3.5465 3.3037 3.7289 2.5231 3.0646 2.3915 3.3150 3.8024 5.5280 5.3329
5.4828 5.1831 4.7374 4.4096 4.4382 3.3091 1.9873 1.2474 2.0217 3.9183 5.7263 0.1831 4.4813 5.3034 3.7915 3.6796 3.9645 5.6748 5.4465 5.1369
2.2867 1.6814 6.2438 1.2328 2.3735 1.0341 2.4922 4.8102 3.1408 0.2480 1.6715 4.6694 5.7285 3.8499 3.3797 5.4317 4.3628 3.3994 4.2782 2.6511
0.2022 5.0248 6.0833 4.4454 2.5601 4.0549 2.6434 1.8330 1.4856 3.5734 4.3306 0.5304 5.2434 1.1468 2.4533 1.7701 3.1962 3.5966 0.7976 1.0792
4.9735 0.8247 0.6022 0.6906 1.6759 4.5910 4.6964 3.1842 1.9317 0.5323 0.8461 4.2395 5.1997 4.5941 3.4486 4.1470 3.3942 6.1068 1.4253 4.5529
6.1311 3.4387 3.1693 2.9702 3.2319 3.2370 4.9807 4.3040 0.1889 0.8883 0.6859 1.0533 0.7419 0.3228 2.6164 2.4532 3.5389 3.6519 1.2401 0.0258
5.3333 4.9004 4.5947 4.3441 3.0561 0.1481 0.5360 3.9830 5.6156 3.6584 2.7667 3.3734 6.1826 2.2129 2.3663 5.0278 3.9170 3.3787 5.1715 4.7910
