2.7934 2.9211 2.3597 1.3443 0.9520 2.1001 2.9432 1.2140 0.3383 1.0701 2.1571 2.0983 1.3355 0.3038 6.1778 5.9763 3.8239 2.4371 2.4326 3.4884
5.4011 0.6571 0.2064 0.2509 0.5940 4.7965 5.1435 6.2641 5.9752 4.6968 5.5847 3.5545 3.4548 3.4855 2.5853 3.4810 3.3872 2.9083 1.9908 2.4251
0.3994 5.3244 0.8758 3.0460 2.0074 3.1093 5.5799 3.8713 0.0485 1.3371 2.0839 2.2107 3.8204 0.0018 1.9949 3.1010 4.2778 4.0777 3.2602 3.3703
0.0128 1.0950 2.0394 1.1651 3.8374 3.7424 0.6601 0.8959 6.0677 0.8796 2.4913 2.2799 2.0083 2.8753 1.1918 5.4260 5.0584 0.6010 5.8887 5.7073
0.1577 2.0572 2.5293 3.9530 4.6669 5.2099 4.3329 4.1824 3.5222 4.4659 3.8167 3.9330 2.6499 5.2121 0.1597 3.3063 2.7391 2.6162 1.6015 3.1547
0.1330 0.1257 1.6611 1.3444 3.9589 5.0814 5.2903 5.7482 3.6742 3.4677 1.2257 0.3165 2.0308 0.4588 0.9016 5.7913 2.0272 1.9271 2.6383 5.6867
2.1350 2.9415 3.5054 3.8830 3.9609 3.3719 2.6050 2.4896 3.5140 4.0771 0.4363 2.9406 3.0139 2.6659 1.7372 1.8517 1.2547 3.2421 2.9487 2.5673
6.0070 0.1779 0.1422 6.2161 0.4078 0.1929 2.6383 6.1972 4.9979 5.7726 6.1831 0.9581 2.1720 1.6342 2.3248 0.0832 0.7812 1.0565 3.5965 5.5845
4.2805 4.3183 0.2085 1.5611 1.4271 2.6411 2.6092 3.9864 3.8096 2.5123 1.6180 3.3133 1.7703 3.9728 2.5485 2.9152 0.8034 4.7470 4.1135 4.0232
3.9936 4.6424 4.0668 5.9621 3.2019 3.9968 3.8477 5.8083 4.8583 6.0059 0.2349 0.1737 1.7568 1.6139 4.8340 5.5401 1.1693 1.5521 3.1994 2.9030
5.5985 0.4391 3.0156 3.1043 2.8668 2.3671 3.5899 2.6260 2.7222 3.5924 1.6198 3.6527 2.3919 4.9748 3.4907 4.8393 6.0428 4.2176 3.9276 5.6652
0.4318 1.0277 2.7677 2.0977 2.9610 2.6590 2.1498 1.7243 2.6425 1.6233 0.9933 2.0817 1.6936 0.9864 0.7652 1.3291 2.4847 2.4319 3.3385 2.6396
0.3800 0.2971 2.3114 5.8712 2.6593 4.9397 0.1290 6.1706 0.5944 6.1731 5.6352 4.7884 1.1953 4.2918 5.8191 5.4669 4.5875 5.0553 5.4423 5.5505
2.2172 3.9134 3.3710 3.2942 2.8521 1.6926 6.1176 1.7835 5.6859 4.8662 2.4226 1.5913 1.5152 2.3064 0.8135 1.8265 2.8164 3.3033 4.0211 3.7639
1.8737 1.6299 4.4262 4.3806 3.7728 5.3261 5.9588 6.2447 5.7780 0.8015 1.9911 5.8858 0.7155 5.6128 1.5375 0.7064 1.8920 1.2781 5.1601 5.8940
2.8430 2.9437 4.7767 2.4520 2.0332 0.8069 0.0098 4.2595 1.0121 1.1488 2.4302 2.8099 1.6282 2.3840 1.6459 3.0321 2.7468 4.3648 4.1486 3.5096
4.0588 0.5726 5.3885 5.6907 3.2843 4.4843 6.0659 0.1744 1.6856 1.5197 0.7991 5.2887 0.9323 6.0189 6.0903 0.2636 0.8918 1.1398 0.6573 1.9374
3.8181 4.2986 4.9089 2.8180 1.6449 0.6730 1.4967 1.7693 1.4320 5.5252 2.0241 0.7872 0.4874 2.7930 5.7083 5.9609 0.5813 5.9473 5.4220 4.6598
4.1596 3.5961 4.5552 2.9658 2.5922 2.5590 3.4936 4.0438 4.2252 1.1112 0.5954 5.0759 0.5154 6.0688 5.3111 3.1221 3.9018 3.0962 2.8943 3.3459
4.6133 4.8292 5.1602 5.0867 6.2504 5.5631 4.1742 4.3150 4.3477 4.6534 2.3150 2.5201 2.3632 3.4006 4.8505 3.4079 4.0929 0.8437 2.1381 0.4918
