6.0414 6.1154 0.0843 5.9728 6.0584 6.1840 6.0272 5.9155 5.8079 6.1657 6.1992 0.3955 0.7378 0.7465 1.2320 1.6479 0.9195 0.0826 6.1528 5.9340
5.1000 5.8642 6.1411 5.9848 6.2356 0.1040 6.0161 0.0477 0.3126 0.1989 0.4841 1.1341 1.0592 1.1019 1.6435 2.2150 1.3866 0.4149 6.2489 5.7544
5.7239 6.0097 0.2996 0.0905 5.4787 5.2428 5.8997 5.9765 0.5853 0.1421 0.1373 0.5788 0.3264 0.3512 1.1900 1.4078 1.3849 6.0498 0.2015 5.9290
5.4739 6.2074 6.0981 6.2111 0.1130 5.8027 5.6191 0.0407 0.2742 0.9925 0.5914 0.6055 0.6483 0.7007 1.3579 0.4953 0.2711 5.9474 6.0178 5.5170
5.9143 6.2003 0.1466 6.2578 0.8640 0.4184 0.4996 0.3994 0.5871 0.8890 0.3289 0.0004 0.0644 1.0301 1.2150 1.0742 0.1541 0.1123 0.4396 0.7839
0.1909 0.1489 0.8999 0.3509 0.1438 0.4421 0.1380 0.0972 0.6876 1.4140 0.2778 6.0597 0.2062 1.0405 1.3383 1.0972 0.6291 0.6871 5.4645 0.5970
6.1028 0.2798 0.2373 6.1688 6.2658 0.4623 0.2391 6.2669 0.2965 1.4116 0.7575 0.1085 5.3720 0.1781 0.7790 6.0857 0.7894 0.5369 6.0991 0.3891
0.0538 0.6422 0.6187 6.1946 6.1511 0.3089 0.1251 0.1052 0.2336 0.2620 0.1778 6.0872 5.8078 0.2625 0.1857 0.4831 0.5104 0.1119 5.8467 0.2532
0.2907 0.3507 0.2903 0.6241 0.4853 0.4942 0.8809 5.8815 0.3872 6.0519 0.2947 5.8545 0.1558 0.3823 0.5892 0.4810 0.4322 0.3187 0.0038 0.4582
0.3344 0.0766 0.5825 0.6282 0.0997 0.5111 6.2273 5.5461 0.2089 0.2963 6.2159 0.3286 5.8900 0.2454 0.9827 0.4295 0.2380 0.2423 0.0251 0.7080
0.2934 6.1052 0.0527 0.2273 0.4062 5.8077 6.2628 0.6805 0.1295 6.1961 0.3421 0.1309 0.9000 0.9015 1.4637 0.8465 0.0673 0.2615 0.2091 0.6996
0.3974 5.7166 6.0051 5.6026 5.8372 4.9508 6.2259 0.1761 0.4328 0.9838 1.3736 0.8476 0.6304 0.9973 1.3936 1.0541 0.6244 6.1987 0.1161 0.4775
6.2361 6.1739 0.1640 0.1224 5.6697 0.1696 6.1548 0.4033 1.1826 1.4582 1.1437 1.3758 1.2250 0.9031 0.6513 0.6290 0.9133 0.7837 1.1681 0.1039
6.2112 6.1264 6.2828 6.1902 6.2024 0.4455 0.9951 0.2923 1.2523 0.5855 1.0704 1.2744 0.8312 1.4899 1.2673 0.8396 0.0795 0.4513 0.7672 0.3199
0.3023 6.2501 5.9335 5.6965 0.0782 6.1699 5.8958 0.0995 0.0487 1.7398 1.4947 0.7037 0.7608 0.3014 0.6493 1.2399 0.5357 0.7782 0.8597 6.2733
5.6886 6.0567 5.6386 5.7910 5.9755 5.9010 5.2624 0.1595 0.8269 0.7477 1.0264 0.9570 0.7832 0.6107 1.1443 0.7707 0.5897 0.3934 0.3615 0.2172
5.8533 6.2093 6.2577 6.0794 5.6462 5.8880 5.2305 5.6565 0.4211 0.4703 0.3760 0.4307 0.2855 0.2455 1.3257 1.0129 0.5793 0.9359 0.1579 5.9507
6.1494 5.3750 5.5331 5.9663 6.2122 0.0816 4.8785 5.9145 5.8317 5.8486 6.0907 5.8039 5.9216 0.0069 1.5955 1.6765 0.9818 0.8722 0.4465 0.4993
5.3084 5.6807 6.2625 6.1679 6.0112 6.1091 4.8887 5.2612 5.4644 5.7232 0.2266 0.4523 0.5836 0.2429 1.4167 1.3390 1.1063 0.8302 0.3293 0.2639
5.6830 5.6790 5.9885 6.0704 6.2470 5.8436 5.8258 5.2654 5.0670 5.8533 5.9943 0.3202 1.2621 0.5324 1.3808 1.3585 1.1179 0.3559 6.1283 0.0330
