2.9330 2.3380 2.7463 3.5066 2.9877 3.4194 2.5964 2.4028 2.4015 3.2748 5.1549 5.3400 4.7711 4.1038 3.7460 3.9929 4.4865 3.6585 3.4131 2.7676
2.7757 2.5493 2.8580 2.4772 1.9044 2.3525 2.3882 2.2189 1.2788 1.0536 5.6944 0.1624 6.0552 5.4866 5.2155 5.2957 4.4318 3.3262 2.3688 2.9885
2.1712 1.5263 1.5261 1.0827 0.7015 1.3887 2.4806 1.3277 0.8174 0.1384 1.2868 0.2699 6.0883 5.7741 5.3292 5.3382 4.7569 3.8846 2.5995 2.7735
2.3857 1.8359 0.9301 1.1728 0.2040 0.8363 1.7318 0.2923 0.9081 0.3021 0.6017 0.5234 5.7381 5.4117 5.8451 6.0602 5.0061 4.1026 4.8157 3.3013
2.5195 1.8268 0.6339 0.2495 0.8373 1.2754 1.1966 0.3311 1.3118 0.7895 0.8505 0.3966 0.1343 0.4073 0.5132 1.4575 2.2045 2.3804 3.3757 3.4857
2.6490 0.8686 0.1745 0.7756 0.2260 1.0054 1.0926 1.1130 0.8784 0.2086 1.2695 6.2420 6.2677 0.4319 1.1896 1.9091 2.2775 2.8065 3.2665 2.9478
3.0621 1.6465 0.1598 1.1713 1.0348 0.9383 1.3424 1.1345 0.9455 1.5537 1.5144 0.1241 6.0673 0.6339 1.1706 1.9152 2.1072 2.6042 2.7736 3.2464
3.9739 1.9328 0.9203 0.3457 0.1178 0.8849 1.0914 1.4366 1.6819 1.9235 1.3761 0.4834 6.0420 5.1555 3.8067 3.2936 1.9909 2.7139 4.0667 4.0816
4.0574 4.0141 3.7013 5.9514 0.4137 1.2615 1.4724 0.9828 1.3445 1.4639 1.5305 0.1069 5.8972 5.1202 4.4465 3.7022 3.0148 2.8292 3.7744 4.3907
4.3253 4.1408 5.0938 5.4532 6.0951 0.0510 1.1958 1.6209 2.1636 1.5590 1.7902 4.4707 4.4436 4.6093 4.1043 3.9829 3.7898 3.3894 3.5376 4.4023
3.9103 3.9919 4.1668 5.0010 4.7905 0.6266 2.0057 2.5920 2.7445 3.2175 3.8501 3.8502 4.3544 4.0436 4.4444 5.0511 3.9996 3.8290 3.8891 4.6919
4.1227 4.1824 4.1736 3.2719 2.8046 3.2456 3.7842 3.2504 2.8883 2.9433 3.4098 3.6170 3.9315 4.5048 4.5872 4.9783 3.9032 3.9438 4.3466 4.5033
3.5296 3.5091 3.4166 3.3605 2.3910 2.8811 3.8998 3.9702 3.5371 3.1742 3.1530 3.4951 3.8051 4.6705 5.0943 4.4545 4.8954 4.2749 4.9321 4.6934
2.0535 3.0434 2.6562 3.8281 2.9277 3.4101 3.8994 3.9313 3.6131 3.1222 3.5386 3.6161 3.1287 4.3205 4.3697 3.7399 4.6656 4.5148 5.3127 5.0435
1.8409 2.5593 2.5075 2.8894 3.7197 3.2712 4.3607 3.7671 3.6343 2.8542 3.2205 4.1768 3.6241 4.1307 3.7926 3.8915 3.2128 2.2385 1.0296 1.2536
2.1213 2.6540 2.5233 2.1637 3.2744 3.7647 4.1214 3.4179 3.3977 3.0521 4.6257 3.6997 3.2421 3.1662 2.7078 3.3705 3.4549 2.4627 1.6056 1.1518
2.5325 2.9535 2.5074 3.0822 2.4713 3.5138 4.2560 4.2979 3.9710 3.8230 4.1295 3.6625 3.4832 3.0711 3.2364 3.1132 2.7691 2.4448 1.7418 2.9072
2.7861 3.0720 3.4004 3.9786 3.4318 3.7601 4.3750 3.9920 3.5847 4.0479 4.0189 3.8577 4.2307 4.2215 2.6812 3.0478 2.7720 2.4022 2.8253 2.6313
3.8505 3.7733 3.8249 4.3092 2.9007 4.1897 4.3852 4.1431 3.3621 3.9170 3.9922 3.3430 3.6961 3.5301 3.2092 3.4350 3.2755 3.0473 2.2537 2.9750
3.3121 2.9402 2.7296 3.8136 3.2067 3.5476 3.1692 2.7274 3.4511 2.9904 3.8214 4.0464 4.3465 4.0298 3.5963 4.1470 3.4973 2.8574 3.2471 3.0105
