3.2836 3.0757 2.2191 2.0560 1.9140 2.1350 1.6963 0.9016 1.2699 0.7320 1.0902 1.3454 0.9765 6.2138 5.4089 5.0484 3.8890 3.9368 3.2855 3.2228
3.1060 3.0366 2.2006 2.0463 2.2591 1.2690 1.5792 1.5624 1.0337 1.4834 1.1150 1.1559 0.3809 0.0650 5.8655 4.7269 4.8009 4.8202 4.6826 4.2161
3.2758 3.2517 2.2639 2.1696 1.2322 1.0533 1.4627 1.0762 1.9892 1.5434 1.5423 0.7529 0.3271 0.0058 6.0347 5.4918 4.8345 3.6996 4.0442 3.8996
3.6734 4.2638 2.9951 2.8357 1.5212 1.3693 0.5994 1.0833 0.9580 0.6715 1.0112 0.4812 6.1046 0.0600 5.3014 5.3722 5.2984 4.6062 4.6380 3.9398
3.9170 3.8798 3.4341 3.4235 1.1277 0.3145 0.0693 6.0713 6.0803 0.1150 0.7226 0.7317 0.5202 0.4735 5.9096 5.3221 5.1650 5.2287 5.4348 3.9030
4.4484 3.0703 2.9655 3.0090 0.8569 5.8226 5.6491 5.5634 5.9341 6.1367 6.0886 0.4092 0.6795 0.2408 0.2174 6.2525 0.1271 4.9345 5.2974 5.0265
4.5163 3.3098 3.3583 4.6809 4.8726 5.1090 4.7180 5.0424 0.2244 0.4978 1.0416 0.3890 0.6245 5.9341 6.2474 0.1557 5.5556 5.6434 6.1299 4.7606
5.7749 3.4543 3.6206 3.9907 5.0662 5.3344 4.5528 4.7085 0.1439 0.5177 1.4139 1.4973 0.2467 6.0928 0.1814 5.7207 0.3347 0.5514 6.2283 0.1536
6.0611 5.3935 4.7217 3.4054 4.2435 4.0758 3.9894 2.8815 2.0487 1.7440 1.2841 1.2899 0.6504 0.5985 1.0406 1.1404 0.6125 0.5617 0.0340 0.0740
6.1996 5.2045 5.6078 4.8686 3.6475 3.4686 3.0861 3.3736 1.5676 1.9048 2.2448 0.6493 1.0271 0.9902 0.7666 1.7741 0.6514 0.5902 0.5585 1.1317
6.1973 5.4034 3.9657 3.8890 4.1486 3.4032 2.4040 3.0509 3.1073 2.8923 2.0100 2.1693 1.1707 1.0165 0.5764 1.2453 0.9575 0.9019 1.2492 1.2745
5.9642 5.2510 4.1259 3.2900 3.7752 2.8791 3.4299 3.3418 3.7130 3.0269 2.7335 2.3953 1.6327 0.2309 0.9499 1.2499 1.4846 1.0696 0.9959 0.6354
0.3301 4.6385 4.3630 3.6126 3.6176 3.0526 2.6595 2.5649 2.1389 2.6013 2.8970 2.4802 1.9149 1.0098 1.4170 1.3089 1.9354 1.4800 1.4003 1.2031
0.7172 3.3221 2.9092 3.6881 3.7963 3.0863 3.2155 2.4731 3.1446 3.1257 1.8586 2.2277 1.5503 1.0371 0.5577 0.8802 1.3271 1.5070 1.4908 1.2618
1.9317 2.5826 3.0329 3.2435 3.4083 3.6822 2.6377 2.5025 2.7943 2.2077 2.0701 0.7531 1.4998 1.8818 1.7761 1.8737 2.4028 2.0344 2.4439 1.8920
2.4435 2.5538 2.3846 2.6116 2.7475 3.4032 2.7044 2.7387 1.6865 2.0399 1.9080 1.4328 1.8904 1.6701 1.5273 2.3058 2.3162 2.4317 2.5529 3.0744
2.3019 2.9125 3.4356 3.6231 2.9652 3.3907 3.2273 2.6500 1.3714 1.2890 1.5640 1.4443 1.0577 1.2633 1.5555 2.4993 3.3334 2.8703 2.4106 2.3325
2.3150 2.2346 2.5257 3.0511 2.1441 2.8916 2.9551 2.5728 2.1376 1.1365 1.2533 0.6588 0.5615 0.0905 5.7524 4.1665 2.8692 3.8606 3.8192 2.4252
1.9823 2.0352 2.4479 2.1209 2.2649 3.0696 2.3176 2.4038 2.4594 1.8121 1.2295 1.0745 0.1737 5.6203 5.1649 4.4491 4.4541 3.5748 3.9739 2.4741
3.1803 2.7295 2.3485 3.2046 2.1865 2.3601 1.9764 1.5530 1.4094 1.2957 1.2914 1.4077 0.1034 5.6703 5.0411 4.5329 4.4193 4.1076 3.3740 2.6977
