2.500000000000000000e-01 2.500000000000000000e-01 9.160000000000000000e+02
2.500000000000000000e-01 7.500000000000000000e-01 1.800000000000000000e+01
2.500000000000000000e-01 1.000000000000000000e+00 9.000000000000000000e+00
2.500000000000000000e-01 1.138889999999999958e+00 2.000000000000000000e+00
2.500000000000000000e-01 3.129999999999999893e+00 1.000000000000000000e+00
5.000000000000000000e-01 0.000000000000000000e+00 8.600000000000000000e+01
5.000000000000000000e-01 5.000000000000000000e-01 5.000000000000000000e+00
5.000000000000000000e-01 7.500000000000000000e-01 2.000000000000000000e+00
5.000000000000000000e-01 8.888899999999999579e-01 1.000000000000000000e+00
5.000000000000000000e-01 2.625000000000000000e+00 1.000000000000000000e+00
1.000000000000000000e+00 2.500000000000000000e-01 1.200000000000000000e+01
1.000000000000000000e+00 3.888900000000000134e-01 1.000000000000000000e+00
1.000000000000000000e+00 5.625000000000000000e-01 2.000000000000000000e+00
1.000000000000000000e+00 1.500000000000000000e+00 1.000000000000000000e+00
1.250000000000000000e+00 0.000000000000000000e+00 2.000000000000000000e+00
1.250000000000000000e+00 1.388900000000000134e-01 5.000000000000000000e+00
1.250000000000000000e+00 3.125000000000000000e-01 2.000000000000000000e+00
1.250000000000000000e+00 1.250000000000000000e+00 2.000000000000000000e+00
2.000000000000000000e+00 2.419999999999999929e+00 1.000000000000000000e+00
2.250000000000000000e+00 2.500000000000000000e-01 5.000000000000000000e+00
2.250000000000000000e+00 5.277800000000000269e-01 1.000000000000000000e+00
2.500000000000000000e+00 0.000000000000000000e+00 2.000000000000000000e+00
2.500000000000000000e+00 2.777800000000000269e-01 2.000000000000000000e+00
2.500000000000000000e+00 1.111110000000000042e+00 1.000000000000000000e+00
2.500000000000000000e+00 2.500000000000000000e+00 1.000000000000000000e+00
2.500000000000000000e+00 4.140620000000000189e+00 1.000000000000000000e+00
3.250000000000000000e+00 1.300000000000000044e-01 1.000000000000000000e+00
3.250000000000000000e+00 1.444439999999999946e+00 1.000000000000000000e+00
3.250000000000000000e+00 3.127549999999999830e+00 1.000000000000000000e+00
4.000000000000000000e+00 6.250000000000000000e-02 1.000000000000000000e+00
4.000000000000000000e+00 2.500000000000000000e-01 1.000000000000000000e+00
4.000000000000000000e+00 4.199999999999999845e-01 3.000000000000000000e+00
4.000000000000000000e+00 6.944399999999999462e-01 1.000000000000000000e+00
4.000000000000000000e+00 1.555560000000000054e+00 1.000000000000000000e+00
4.000000000000000000e+00 1.637760000000000105e+00 1.000000000000000000e+00
4.000000000000000000e+00 1.201562000000000019e+01 1.000000000000000000e+00
4.000000000000000000e+00 1.282000000000000028e+01 1.000000000000000000e+00
4.250000000000000000e+00 3.161200000000000121e-01 1.000000000000000000e+00
4.250000000000000000e+00 1.062500000000000000e+00 1.000000000000000000e+00
4.250000000000000000e+00 2.000000000000000000e+00 1.000000000000000000e+00
4.250000000000000000e+00 1.036937999999999960e+01 1.000000000000000000e+00
4.500000000000000000e+00 5.000000000000000000e-01 1.000000000000000000e+00
4.500000000000000000e+00 3.152350000000000207e+00 1.000000000000000000e+00
5.000000000000000000e+00 3.581630000000000091e+00 1.000000000000000000e+00
5.000000000000000000e+00 1.085999999999999943e+01 1.000000000000000000e+00
6.250000000000000000e+00 3.697999999999999898e-02 2.000000000000000000e+00
6.250000000000000000e+00 1.275499999999999967e-01 1.000000000000000000e+00
6.250000000000000000e+00 3.826499999999999901e-01 1.000000000000000000e+00
6.250000000000000000e+00 1.358020000000000005e+00 1.000000000000000000e+00
6.500000000000000000e+00 0.000000000000000000e+00 1.000000000000000000e+00
6.500000000000000000e+00 8.096900000000000208e-01 1.000000000000000000e+00
6.500000000000000000e+00 2.376729999999999787e+00 1.000000000000000000e+00
6.500000000000000000e+00 1.083951000000000064e+01 1.000000000000000000e+00
7.250000000000000000e+00 1.132800000000000057e-01 1.000000000000000000e+00
7.250000000000000000e+00 1.331630000000000091e+00 1.000000000000000000e+00
8.000000000000000000e+00 5.555999999999999828e-02 1.000000000000000000e+00
8.500000000000000000e+00 3.400000000000000244e-01 1.000000000000000000e+00
9.250000000000000000e+00 3.200999999999999679e-02 1.000000000000000000e+00
1.025000000000000000e+01 2.324000000000000024e-02 1.000000000000000000e+00
1.225000000000000000e+01 4.570000000000000284e+00 1.000000000000000000e+00
1.250000000000000000e+01 8.000000000000000167e-02 1.000000000000000000e+00
1.450000000000000000e+01 2.265600000000000114e-01 1.000000000000000000e+00
1.525000000000000000e+01 1.586999999999999869e-02 1.000000000000000000e+00
7.250000000000000000e+01 0.000000000000000000e+00 1.000000000000000000e+00
