3.4378 2.9199 3.1233 0.3695 5.7937 4.3398 4.9692 4.8649 5.4704 5.7452 0.4453 1.7614 1.8708 4.0901 0.0111 3.6861 2.0186 1.2154 3.1367 2.1224
0.8320 0.1656 5.6450 5.6139 5.2170 1.2783 5.9453 0.0712 4.9205 0.0297 6.0514 1.8768 3.2270 4.4871 5.3681 2.9502 3.7220 4.6768 3.8287 2.2249
0.4113 3.9416 5.8968 5.8229 5.5668 5.7929 4.7808 5.4285 5.1030 0.6948 6.1577 5.5636 2.5973 1.7285 0.5641 5.9337 5.2700 0.9182 4.9079 5.2930
5.9337 5.0273 3.3050 2.8730 2.4310 1.7843 0.8606 2.0870 3.4551 2.5509 6.2359 0.2069 1.0746 4.9550 4.6646 2.9031 4.6281 4.2643 5.8093 5.6036
5.6068 4.8924 2.1922 1.7973 5.3181 4.8810 4.7085 4.6262 2.1524 5.1650 0.0843 3.5659 3.4792 2.8597 5.2512 5.8075 4.5581 4.7487 5.0978 3.8105
5.1692 3.3693 1.4725 0.0151 5.8057 5.3628 4.3638 0.9451 0.0334 2.1538 0.5794 1.4606 3.2125 4.1255 6.1849 2.7674 0.5954 2.0061 4.3638 3.9807
4.6226 5.9358 0.0390 3.8539 3.7304 4.6988 3.2410 2.7042 5.9895 5.1767 0.1941 2.1899 2.4738 5.4761 5.1692 5.2149 5.5006 5.1828 4.2623 3.9857
5.3395 0.7830 0.2617 1.8641 4.5383 5.4595 4.8906 5.6465 0.0841 1.4868 2.1166 1.5281 3.4079 3.1240 2.4439 1.8038 4.6626 0.9644 1.9423 5.3298
5.0785 4.2315 6.2031 2.1885 3.9933 3.3869 2.8057 3.7455 5.2501 3.8160 2.2606 4.5801 4.8013 4.7580 1.0392 1.9100 3.2547 4.9571 4.4205 3.2213
1.0178 0.6524 0.0116 5.7446 4.2834 2.9582 4.0939 0.2440 5.3797 0.4461 2.0128 2.0330 4.2864 2.8743 0.0622 5.5136 2.4826 3.0295 2.3824 1.8317
1.3864 2.0816 0.6637 1.2934 3.0936 2.5788 4.8837 4.1790 4.5788 4.6945 2.1929 1.7075 6.2103 0.8863 1.8926 4.5270 3.1583 4.5795 1.8557 4.9631
2.6875 3.0575 3.4162 2.2676 2.8629 4.4592 6.2393 2.6481 4.2588 2.8554 2.5393 2.5101 0.6523 3.1111 3.5031 1.6928 2.7603 4.6611 3.3698 2.9911
4.0145 3.7641 3.1978 4.5198 1.1172 1.7601 4.7730 1.0036 5.0687 6.1009 6.2013 6.0663 1.5619 3.1760 3.8618 5.2260 6.0778 0.8325 3.5962 4.1333
5.0762 1.3367 1.8439 1.8536 0.3534 3.6559 5.6664 4.5557 3.9806 5.6168 1.8768 2.4571 2.0614 2.2999 2.1595 2.9726 5.1976 4.6790 4.6003 4.8255
2.3854 0.2162 3.4681 5.7878 6.2436 1.6034 6.1797 6.0145 4.1841 2.6016 2.8240 0.3225 5.3312 5.3705 5.5115 1.5624 2.3495 1.7244 2.3672 2.4884
5.0210 3.6961 2.4810 1.1010 0.0492 1.1963 0.6814 0.7582 5.7207 5.1099 1.9035 3.2541 5.8259 5.1556 3.8608 6.2274 1.5181 2.7074 2.9386 5.8193
5.2798 0.3432 5.1627 5.7648 4.4114 3.5969 2.7608 2.3287 3.4271 1.8101 0.7968 2.0306 1.4582 2.5716 2.0420 1.7267 1.0747 2.1732 2.0436 2.4892
5.4120 5.0849 4.4731 4.1433 5.9728 5.3603 3.8320 3.8553 3.8650 4.1751 3.5528 5.2049 5.2336 5.4114 1.4790 3.0426 1.2534 0.4669 2.9425 5.4021
3.6097 3.0734 2.4635 1.6530 0.3178 0.1416 0.0619 0.2400 6.1182 0.5508 2.0635 3.0330 2.0289 2.5064 2.8196 3.9721 1.2153 3.3532 4.3225 3.7232
3.5037 4.4345 3.5035 4.7323 5.1818 5.3520 4.9033 0.6715 0.8567 2.3412 1.5287 0.1225 0.8002 1.2370 0.3508 1.1670 0.2584 0.0869 5.2050 3.9274
