0.1290 2.8270 3.4009 0.3895 4.7199 5.7398 5.0841 1.0015 0.7082 1.1349 3.8131 3.9094 5.5504 1.3528 2.2772 0.2588 0.8967 0.4229 6.1170 5.7401
5.9604 5.6166 4.6268 4.6032 5.2925 5.4727 5.8931 4.1168 2.6492 2.5017 5.7554 6.1144 5.6718 5.8493 4.4706 2.5417 5.7897 5.1137 5.2178 4.2224
6.1901 4.1316 4.0650 5.4853 5.6394 2.1747 4.0385 1.9024 5.5754 5.6740 4.9772 4.6713 5.5803 5.6419 4.9994 5.1418 6.2568 4.1793 5.3211 0.8704
0.7209 1.5818 3.4582 2.2904 0.4509 4.3227 4.3440 5.6159 5.2727 3.7356 4.0702 2.2378 4.6717 4.8775 5.2148 4.5764 5.0264 0.0970 0.4016 5.4294
1.9511 3.8298 2.4353 1.6815 1.9230 4.1662 5.4318 5.1495 0.1724 5.6059 6.1914 5.2152 3.8957 1.8763 1.3965 2.7403 3.3941 2.8662 1.3995 1.2829
2.5296 2.7055 3.2447 1.5828 1.9506 3.3401 4.1681 3.9785 1.9250 4.5543 0.0475 1.6286 5.8606 5.5929 5.5846 4.8043 5.5985 0.6324 6.1413 2.9989
0.8757 5.4106 3.5333 2.2914 1.9939 5.8133 4.5339 1.4376 1.4174 0.9025 5.9235 5.4871 0.9202 2.5026 3.8678 4.8080 3.3916 3.6796 3.0256 2.2961
1.2361 0.7627 4.2476 2.5626 2.5775 4.6102 5.2046 3.8984 3.6748 3.2480 0.0241 0.9670 4.8624 0.4455 2.2979 2.6300 2.4052 0.5043 2.3271 1.1303
3.3608 2.7757 4.7865 5.5689 3.7428 0.9141 1.9250 1.2348 2.9421 0.2537 0.0396 5.7084 5.6164 4.0455 1.6377 1.7065 1.7041 2.8714 2.2433 2.9260
0.4602 0.5129 1.8650 2.5009 3.4977 4.8866 4.9471 3.8518 3.4940 4.1706 0.0269 5.4542 5.6190 5.7791 5.0379 4.9515 0.3089 5.9779 6.0102 5.8943
0.8171 1.0675 0.8593 6.1176 5.4215 3.0676 2.0480 3.3413 3.6853 0.1455 6.0245 0.9941 1.5251 4.4107 3.9107 4.2298 5.3863 3.8656 5.6985 5.8842
1.0216 1.0300 2.5588 3.9943 5.5089 5.3092 5.5824 4.8421 3.4342 3.3345 5.6421 5.8179 1.5812 2.6005 3.7450 0.5625 0.2814 1.0175 0.4427 1.2697
0.5476 4.9077 2.7990 1.6536 5.4988 2.6002 4.8544 2.0691 3.2990 5.3053 5.0449 5.3601 5.9623 5.7739 6.2630 5.6872 0.3175 5.8725 5.6526 4.9312
1.9677 2.5637 4.8647 4.5191 5.2735 4.6244 4.8589 5.2489 1.2025 2.8140 4.5320 2.5302 2.4239 2.7732 0.4758 2.9734 5.9281 3.3367 1.0639 0.9900
4.4752 4.7559 4.3671 1.5790 5.4545 2.0053 5.5299 1.0523 6.2348 5.7111 5.1076 4.5676 5.6454 6.0655 1.0982 6.2635 5.8455 0.3408 5.4267 0.8290
3.8382 2.5419 5.8747 0.3810 5.2820 4.3367 5.1128 5.2589 4.8936 2.8831 4.9782 5.4004 0.1499 0.8246 0.6792 0.8749 5.2757 4.6877 4.6421 5.5284
4.7882 4.7822 4.1175 4.5339 5.3467 3.8220 5.5306 0.9496 6.1780 6.0268 2.8006 2.0932 4.6675 3.3810 2.7659 5.3602 0.1084 2.4854 3.4813 4.9175
2.7083 2.4608 2.0844 3.1274 4.4930 5.5096 1.0965 2.0408 1.6077 1.8314 3.5330 2.8872 2.3866 6.1481 4.3275 0.6111 4.5799 3.3182 3.5147 2.2922
1.7946 1.3018 2.6875 2.9410 4.0156 3.0923 5.0723 3.1393 2.8872 3.5374 3.8679 3.5671 4.8346 4.4808 3.5586 2.8776 3.6453 1.2334 2.7571 1.5734
5.9802 4.4530 3.9685 3.8219 3.7429 5.2727 6.2409 4.5344 3.7547 4.0694 4.8658 0.4645 5.6942 5.1621 4.0797 4.9357 3.5511 4.3778 4.9012 5.6231
