4.0961 2.8933 4.0568 3.0243 5.7710 5.1462 2.4354 2.2050 1.9563 2.6885 3.6579 3.6473 0.1846 0.1228 0.2191 0.8634 2.7662 4.3026 0.5026 4.0959
1.9623 6.1782 4.7295 5.7720 3.2189 2.2200 1.8700 0.1702 5.7632 5.9729 0.3596 0.7483 1.4405 2.8946 4.1958 2.9288 4.4501 5.5484 0.7461 1.2460
4.4353 4.4365 4.3524 3.1441 3.3319 5.1506 5.2119 5.4821 3.9051 3.3941 5.9569 3.3651 3.2048 4.0764 4.6499 5.0408 1.9912 2.3840 3.2111 4.1819
0.2541 0.6280 1.1758 1.1977 1.6574 2.0874 5.8865 1.5149 2.5628 0.6764 1.7057 2.2477 3.0561 3.0653 3.4045 0.2672 3.3478 4.9560 3.1887 0.8300
5.6106 4.1894 5.3595 4.9122 1.7485 5.2965 5.3410 3.0217 3.6738 5.1763 0.8767 4.9469 2.5265 1.9290 1.3965 3.4245 3.4307 3.3441 4.5042 4.7114
0.6658 3.1012 3.4381 2.9118 1.6677 3.2550 2.5349 1.2967 3.9901 2.8134 0.6358 2.4931 2.0050 1.7057 1.9864 0.6894 2.2908 0.8011 1.1980 1.1974
0.3093 0.1117 2.0443 1.2385 1.2139 6.1526 1.1038 0.9002 6.1269 4.8835 4.2355 3.5974 3.0897 3.3420 3.7638 3.7689 6.2482 1.0267 2.5155 5.9739
0.2756 1.0135 1.1182 3.9788 1.7214 3.0356 2.8885 5.6528 5.8553 4.8750 6.2320 5.6210 2.5993 4.0331 0.7647 2.6440 4.1146 5.9787 2.3498 1.9338
6.1559 5.5912 0.4833 0.8187 2.3954 1.5714 0.9942 6.0876 5.9038 6.0212 1.6917 2.2657 1.9080 6.1269 0.4175 5.9511 3.2295 2.7257 2.4487 5.7193
0.5966 0.3018 0.6539 0.2359 2.3177 1.3785 1.5004 5.0581 1.6625 2.0024 5.0233 3.8314 2.8940 1.8894 1.6869 2.4843 2.9444 1.8659 1.5460 1.1530
1.6302 2.4118 3.0962 3.3967 2.4045 2.5631 2.4141 3.2579 2.5944 4.7221 0.2875 1.7489 1.7717 1.4565 0.6130 5.1935 5.3413 0.5977 3.2640 2.7878
1.8469 1.0016 0.9764 0.9956 1.8271 6.1387 1.7890 5.9904 1.6826 1.5142 5.7411 4.3915 1.4151 3.7334 2.2388 1.8114 4.0420 3.5560 3.6547 3.5532
2.4098 6.0110 2.0321 3.1044 5.8708 4.9013 0.2745 2.5398 1.8474 1.0180 0.1562 1.7882 0.5401 0.9254 2.8792 3.9517 4.0882 2.5850 3.6897 2.4161
1.4775 0.7459 2.5774 0.9811 0.0620 4.7279 6.2435 0.4007 0.4056 4.8960 5.4281 3.6332 4.3320 4.3005 0.0385 0.0190 5.2822 5.7389 4.6178 3.1285
4.7637 4.6914 4.5124 3.9686 2.7924 2.0201 4.0556 2.8824 0.0524 1.5792 1.3786 0.5050 0.9948 1.1416 1.4740 3.1917 2.6300 2.6847 4.8904 5.4015
1.4710 5.3403 4.6507 5.6185 5.6562 4.1415 2.6508 0.2828 5.3655 2.4085 2.3937 2.8379 1.2366 1.2619 2.0066 2.3300 2.3088 3.7175 4.1922 1.5031
1.1694 2.6929 3.0124 1.9514 5.0734 2.6507 4.1566 4.3420 5.2114 5.1643 4.6974 5.6576 4.9030 4.2766 3.0139 4.8952 3.7739 0.8327 2.0955 3.7583
0.3903 0.1146 5.2426 4.8036 5.1606 5.1999 4.1444 0.8276 1.1721 0.7438 5.6772 4.8481 0.4864 1.0028 2.2713 0.8431 2.7878 3.7236 1.0957 1.7927
3.1738 3.2268 6.2773 5.0256 4.3578 4.2100 2.1442 1.4525 2.2517 5.8313 5.5767 4.0546 4.1856 2.9360 6.1760 1.1297 2.3716 0.4940 4.9962 5.1098
3.3828 5.0473 5.8178 0.7198 3.1863 1.5159 6.2308 5.3508 2.3978 2.0192 4.3465 0.2255 3.9282 3.7614 4.5557 3.7739 3.5392 2.4463 3.2468 2.1408
