2.1843 0.1575 0.4144 5.2753 5.7880 0.8189 1.6795 4.9595 5.2700 3.9592 4.1364 3.5329 1.8614 3.4788 2.6664 2.5394 5.2201 0.7254 6.1775 6.1677
2.1818 4.7305 0.7841 1.9080 1.3964 4.6604 1.2698 2.0191 5.1565 0.8148 0.6003 6.0534 1.9325 1.1683 1.1867 0.8794 5.1020 3.1835 3.9200 2.0844
1.4462 2.4048 0.6628 0.3331 0.9994 0.7857 2.0461 0.3928 5.9010 4.9191 1.7828 3.1018 2.7937 4.3658 0.6614 6.2459 5.0484 5.8716 0.8542 2.6607
2.0250 1.2914 1.2492 2.7777 2.6498 3.5651 2.8627 3.9792 0.8265 0.7597 1.3733 0.5653 1.4871 2.5125 3.2877 5.0018 5.4581 1.9026 1.6261 2.2546
5.8976 2.8899 1.1337 5.7855 5.7241 2.3193 3.3452 0.0809 3.9283 4.1815 3.4255 3.1592 3.4485 4.3643 3.6022 0.5052 6.1267 0.1481 5.9626 5.2511
4.0717 1.8221 1.8991 1.3558 4.6791 4.9378 3.6734 4.0380 4.3866 3.8037 4.5462 0.4695 4.8328 1.8048 2.7723 4.3531 1.1137 0.0000 6.1373 1.8407
3.8322 4.4325 3.3043 2.3471 5.0276 1.4107 1.2463 1.3376 1.8291 1.7129 4.1327 4.8843 4.0365 4.9214 3.4339 2.8754 0.8994 1.2759 0.6373 5.8029
3.0268 2.0211 1.7965 6.0987 4.3919 6.0561 5.2174 0.0293 6.0830 4.7263 3.4117 2.5318 3.5763 2.7967 2.8411 0.4792 5.9029 5.7232 0.6236 2.0077
3.2896 2.8424 4.1010 4.4379 0.7199 2.3598 2.5046 2.2546 6.2090 6.2196 4.9772 4.5335 5.2795 3.9879 2.4204 3.0153 2.2018 1.9523 2.6858 1.1257
5.5453 5.8340 3.2220 4.1420 1.7426 0.1328 5.9673 0.3034 5.0189 4.6933 0.0983 2.1523 0.6683 1.8996 4.8444 3.8850 3.8689 4.3657 4.3032 4.8849
5.3398 2.6325 2.4837 1.8941 2.6856 3.8230 5.8705 5.2102 4.1793 1.1591 6.1716 5.6108 5.9989 6.2304 4.7529 5.5743 5.7086 0.3166 0.4517 1.7268
1.4168 3.2154 2.7452 4.6562 3.9585 5.3232 3.6648 4.9390 4.7796 4.8347 5.7346 4.4146 1.3648 5.7405 0.1030 0.3361 1.1992 1.0286 0.9885 0.0035
1.8145 6.2199 5.4716 3.4643 3.6726 4.1760 4.2406 4.4197 3.6832 2.3508 2.7082 1.7269 1.7081 3.0745 3.6763 3.4389 1.9147 0.3160 0.2460 1.4322
2.4642 1.3322 1.4755 0.6238 4.2267 0.6141 4.6586 1.0542 4.7087 2.6794 2.9267 1.2752 1.1919 2.7004 1.6545 0.6960 1.2417 3.2291 4.4456 2.9432
0.5900 1.4260 2.2537 2.2725 4.3329 4.6433 5.0515 3.5847 0.9540 0.2876 2.2301 3.8483 0.5651 6.1971 1.7814 1.9432 2.6649 0.8856 0.9384 6.1254
0.2867 4.5978 3.0567 2.0844 3.4707 0.8008 4.1506 0.0882 0.7080 0.1063 2.7135 6.2149 0.0212 5.6683 0.7045 0.7495 3.9514 3.6770 1.1165 1.2561
0.4723 4.7675 4.0289 4.1628 5.0855 4.9161 4.2871 2.5880 0.8474 1.7841 3.0970 2.9873 1.2833 1.3019 1.1997 6.1323 0.0610 1.4517 3.9560 4.6397
1.5138 1.5732 4.3925 0.6295 0.0602 4.0077 5.7777 0.9209 1.1819 5.2127 2.6915 2.0687 1.1310 0.8807 1.3040 5.6842 4.2863 4.2848 3.3365 1.0547
5.1847 5.2699 3.7325 2.8128 3.1265 1.6660 2.7329 2.2452 4.4168 1.5913 3.3423 0.4231 0.2740 2.4036 2.4048 5.9119 4.6806 5.6468 3.5776 1.7514
5.5961 1.9795 3.1025 0.4088 0.0506 4.6902 6.2192 0.3572 6.1450 2.9216 3.4508 3.0025 2.1210 1.9667 2.9274 1.0641 4.6265 3.9148 3.6781 5.1029
