3.6322 4.0639 5.4005 2.5047 5.4139 1.7344 2.3867 0.6280 5.9874 4.0544 6.1037 2.1448 2.6347 3.7538 3.0068 1.9611 1.0636 5.4200 4.5535 4.5221
2.9333 1.1838 5.1513 5.5868 5.7700 2.8303 3.7185 2.8645 5.8538 5.1244 5.4181 0.2583 1.3280 0.3493 5.1050 6.0901 1.2502 2.3058 6.0622 0.0538
2.9876 4.3294 4.1791 1.9904 4.5757 4.3350 3.6728 0.3280 5.4132 0.1067 0.0099 4.0827 2.8072 4.5329 5.3885 1.6536 2.1611 0.6665 1.1533 1.8112
5.4771 0.5126 1.4472 4.9423 5.9314 0.4501 0.8627 2.6369 1.0398 3.4020 4.2506 2.8868 1.2344 0.2589 5.9952 1.1468 4.3151 3.6795 3.3103 6.1553
5.4251 4.4000 2.6381 1.5729 1.0148 6.0122 5.2410 6.2724 1.4892 1.1358 6.0904 6.1218 1.7256 2.1297 0.5138 3.1081 2.0138 0.5153 3.3530 1.5268
2.8312 3.5738 4.1172 3.3945 3.4504 3.1038 2.1504 2.5067 2.4160 4.7168 3.3559 2.0010 3.7389 6.0738 1.1086 1.6374 1.5991 2.5796 3.2994 2.5681
3.7585 0.5158 2.7658 4.0594 3.4335 4.1695 1.6399 1.2595 1.4428 0.5410 1.5883 5.7598 4.2417 3.6991 2.4984 3.2639 3.5377 2.9165 4.0956 2.2726
4.2507 3.7622 2.5092 1.7189 1.2337 1.5993 3.5902 3.1796 2.8536 3.7730 3.9426 4.6747 3.2945 1.5099 1.7935 0.1375 4.8035 5.0152 5.3848 5.9820
2.7151 1.9326 2.5377 0.8989 0.7879 1.8082 3.7189 4.6002 3.7296 3.0609 1.7771 0.7484 0.4910 6.0463 1.9310 0.8469 4.9715 4.7901 4.2510 2.5824
6.1683 5.7306 3.1095 5.4329 5.5760 5.2184 0.8816 1.5684 6.0256 6.2757 5.1599 3.9433 0.4285 2.1671 2.1942 5.7582 5.1837 1.1671 5.0366 6.0888
3.6966 2.5259 3.6293 2.4469 1.8379 1.6495 1.6421 4.0139 5.6961 6.0158 5.1804 0.0349 5.9103 0.6270 2.2026 2.5274 3.5881 3.5716 2.9565 2.7946
0.7548 5.3020 5.4389 0.5294 2.1297 6.0248 0.4451 4.3999 0.0334 5.3294 3.8876 3.1968 2.2461 2.6102 1.7600 3.5999 3.0142 0.8603 1.6395 0.2579
3.1843 2.8083 0.7896 4.6353 1.7304 0.8338 1.4448 5.0942 4.7504 5.6895 3.7077 5.0823 1.8708 0.9815 2.9972 1.2743 1.6156 3.5690 2.3471 3.1653
2.2882 1.0888 2.1066 0.5021 2.3122 1.8336 3.1430 2.3340 3.5332 1.8120 3.0134 1.7183 2.5516 0.9632 6.1454 6.0324 0.2816 1.6837 1.9184 2.1248
0.8527 0.1521 0.9837 1.8537 1.7911 2.5656 5.5283 3.5237 4.4055 3.0950 3.2766 3.5324 4.0852 3.7995 4.2012 1.3673 2.4383 3.5701 4.1907 6.0812
3.7663 4.9090 0.0688 5.7278 5.3861 5.4530 5.3401 5.3228 3.4513 5.8269 5.5446 0.8123 4.6403 5.9125 4.7781 3.2145 2.1704 3.9254 4.5228 3.0031
4.8618 0.4529 0.6993 2.6945 1.7525 3.3243 4.1155 5.9341 3.6337 0.7326 6.1281 3.7471 4.3816 2.9361 3.1924 4.2223 2.4460 1.6385 1.9428 0.6232
2.6961 2.4200 1.5036 0.7269 0.7422 0.1796 3.7328 4.1046 3.5851 4.6429 1.9832 1.6783 4.6179 5.9122 1.6046 2.1450 0.6080 0.8016 2.5187 3.1124
0.1390 0.7787 0.5006 2.8325 3.2832 3.4815 0.5071 0.7093 1.5761 2.3878 2.3452 3.0864 3.8984 2.7245 1.8587 0.9008 6.1783 3.8239 3.8133 4.6318
6.1780 5.6684 5.3607 4.9589 4.7470 5.3599 2.3754 3.3228 1.6412 0.5040 0.1301 5.8963 4.6033 5.6853 5.0910 5.1311 0.4721 0.0625 4.7669 4.6368
