1.1527 0.1208 3.7013 3.5256 2.5201 0.5188 5.1711 4.9640 3.9597 4.9911 5.2703 4.7717 4.4361 4.1458 3.1314 1.5459 0.9904 4.7109 3.1107 2.5003
5.7232 3.9116 2.4260 1.9169 2.9593 2.9454 3.2620 2.6827 1.8519 0.2901 5.0484 4.6841 4.7617 3.2929 3.2901 3.4500 2.4061 2.8647 2.7826 5.6074
4.2679 1.2144 3.7904 5.3035 4.3582 2.1958 3.5684 4.8594 5.2146 4.1905 3.2298 5.5685 5.3653 0.7588 1.2682 1.6161 2.5619 2.6035 3.6899 4.0024
5.8124 3.9092 4.3701 0.9472 2.7625 2.0689 2.4220 5.4884 3.8979 3.5937 4.4627 5.6339 4.8791 4.2230 2.0644 3.2433 3.7133 2.4543 2.9128 3.4004
5.9781 1.7314 5.2887 0.5662 0.7594 4.5838 4.1355 3.1893 3.3922 3.2724 2.0837 1.3366 3.6407 6.1656 5.1956 6.2675 1.5644 0.1263 1.1769 5.9772
4.3299 4.4791 4.6630 5.0424 0.9837 1.7899 4.0301 5.4368 4.0004 0.3313 1.2161 4.7469 4.1672 4.5727 1.4687 2.9522 5.4501 4.7666 6.1979 5.3166
1.5786 5.1602 5.5460 1.2874 0.2761 6.1728 3.9821 2.9548 3.6372 2.1875 3.4633 1.2262 2.0569 5.6904 4.5860 5.3563 5.1148 5.3900 4.6095 3.3277
5.7274 5.9696 6.2373 3.9517 3.0191 3.3181 2.1780 0.1710 4.4603 3.8829 2.1394 1.6825 3.3516 2.5791 2.6851 1.6494 2.4435 4.6090 4.3758 5.1070
4.4857 3.0107 0.6623 0.7404 5.9789 5.8858 1.8687 1.6291 2.5212 0.7300 3.1486 4.2072 3.9858 5.3878 3.4898 3.3846 1.6734 2.0436 2.5335 1.4120
1.2470 1.1269 0.6351 1.0797 1.9766 2.4854 1.8535 5.6942 1.0061 2.5384 2.5556 0.0815 5.2217 1.7169 2.4457 0.8940 0.1532 4.5785 5.1705 4.9707
1.4033 4.1086 3.2453 2.4496 1.4712 4.9139 2.4050 2.3754 2.5519 3.4567 2.7646 0.6751 0.9327 6.0164 0.4697 0.9998 6.0679 0.1771 5.3208 2.6452
0.9517 1.1274 3.1812 2.5293 1.5976 1.5028 2.8934 5.3758 2.7240 4.7293 3.7047 3.7443 6.2492 1.8910 2.0411 2.3684 3.0698 1.7670 6.2210 6.2199
4.4447 3.6106 3.5538 3.9056 1.9300 4.4307 2.6245 3.3133 3.2634 1.5902 0.4094 0.4874 5.5376 5.7971 2.2297 3.2014 3.9829 0.3684 0.6424 2.5552
5.2057 1.9023 3.3798 3.4131 1.9891 4.6019 4.3155 0.5297 4.1594 5.5390 5.1499 2.6518 2.6175 1.9276 2.0846 5.8837 5.5449 5.1223 5.7628 5.0296
1.4284 5.3074 1.4572 2.6275 2.0550 1.6007 0.2817 4.5319 3.9448 4.9555 4.1274 5.0221 4.2018 5.7240 3.8639 0.7609 4.9353 0.7041 0.1814 0.7872
2.2459 2.9023 1.3615 2.0295 1.9227 1.6693 6.1049 1.3281 0.0559 3.2492 5.6453 1.4604 5.6182 0.0920 4.1262 3.3317 3.4853 4.4609 4.4736 5.0963
2.2969 4.0783 5.4908 5.4273 5.5839 4.0858 5.3782 4.7909 0.2977 6.2021 5.9316 5.7823 0.5467 6.1094 5.3079 2.1212 5.8274 2.1961 4.0362 1.4180
5.3001 5.5707 6.1878 0.5092 6.1886 6.1310 6.1621 0.8725 1.8091 3.4242 0.8291 0.2796 6.1401 2.9250 4.8628 5.5147 4.7712 5.3687 5.9017 6.0690
5.4484 4.6571 5.1782 5.9727 0.6857 5.8631 5.7381 5.2578 1.7728 2.7592 2.1590 2.9759 4.0880 4.8073 2.6908 4.3205 4.0887 3.1505 3.9219 3.5672
0.8376 5.8895 1.7359 1.0631 2.9601 3.8984 0.1377 3.2344 3.8752 0.4907 4.7844 5.2776 3.0999 1.8961 4.0165 4.4755 4.0412 3.7871 3.5536 6.0346
