0.4616 0.6469 5.8871 3.8125 4.6401 6.1428 0.5784 2.3630 1.3069 4.5741 0.0345 0.0301 2.0503 2.1695 0.4644 0.2020 5.3670 6.1284 3.1126 4.4035
0.6512 2.1382 3.7466 3.2821 5.7333 4.5622 4.5528 5.4583 5.5512 4.3609 5.8787 1.8079 2.9630 4.6170 5.0594 5.4612 5.4389 5.8920 4.0581 1.5049
4.9259 2.9039 4.3625 6.0636 5.8297 0.5182 2.6096 0.8200 0.1305 0.0018 0.4891 0.3049 1.1372 0.8637 4.6889 5.0768 6.1288 2.6924 3.8417 1.9925
0.6174 3.5621 3.2845 2.9739 1.5690 1.7603 2.9836 4.3438 5.1158 2.0590 2.6858 2.3432 2.2650 3.1751 4.4042 5.3994 0.2220 0.3796 5.4571 5.7543
1.7407 0.2583 2.6105 1.2127 2.3187 4.1446 3.2882 3.1241 3.5465 5.5289 3.5444 5.2161 6.2743 5.8261 5.1122 4.1558 4.0610 2.8308 4.3531 3.2404
2.2110 3.3691 3.1961 2.9399 3.7338 0.5705 6.2639 0.9184 1.0790 2.0413 2.1100 2.0323 6.2771 5.0705 5.8035 4.9513 4.5969 4.9559 4.2880 1.8405
3.4512 4.5830 3.1217 3.8533 3.6840 3.3504 4.8628 3.3881 1.4663 6.1372 4.2626 0.0129 5.8003 0.8599 5.4325 1.4015 3.7415 2.8597 3.3974 4.0483
3.3989 3.5368 4.6801 0.5032 0.2893 6.1386 5.9947 4.7130 3.9448 3.1866 4.4925 4.7650 0.4098 4.4187 2.8129 2.2126 2.9145 4.2656 2.4556 3.4634
3.0302 5.0413 3.6431 1.6099 1.3818 0.8927 4.3198 2.6431 1.5652 5.9911 5.4272 0.6136 0.4639 1.9332 5.4424 5.2565 1.6770 6.1852 1.2113 3.9679
1.9460 3.0294 2.9157 4.2258 3.3561 3.5563 2.7372 1.6117 1.1432 2.5130 1.9293 2.9831 5.8661 4.3760 4.4776 3.5856 2.7385 0.9018 1.4145 0.3106
2.5203 0.9208 1.2581 1.3779 1.0037 1.3164 2.8422 4.3340 0.7267 2.0837 1.5330 0.7543 0.2754 0.0986 0.2388 0.7105 1.1534 0.8229 2.8958 2.7542
2.3806 3.3391 0.0633 5.1453 1.2774 4.4683 5.5105 0.6528 2.1810 2.6209 1.5034 2.2677 5.9087 2.9711 3.9512 4.6212 2.4621 2.4701 2.2645 1.4363
2.0202 4.6481 5.2293 1.8411 2.1040 2.7830 0.9633 1.1783 3.0436 1.7625 1.6549 5.2784 5.0865 0.7425 3.4046 0.9756 1.6057 1.0914 0.1357 0.6219
4.9533 4.2630 3.5480 3.1056 3.2336 5.2404 0.2370 4.9123 2.3734 3.3198 6.2615 3.1907 3.0481 4.0268 2.1990 3.0220 3.5859 5.1301 0.1095 0.4581
3.2926 3.2720 3.1711 0.3081 0.6144 2.2499 0.6560 0.4901 1.0326 0.1824 2.2678 5.5365 1.8528 1.6399 1.1424 0.3340 1.1074 0.2236 1.4427 4.1763
3.2916 5.1872 2.7346 3.0719 0.4308 4.9476 0.2797 5.1481 3.4622 3.2776 1.3587 1.3999 0.4359 5.0030 0.0133 5.0764 1.6567 4.2218 3.2878 1.7520
4.3098 2.3589 1.9956 1.1036 5.6888 4.9834 5.3756 4.4666 2.7148 1.5280 3.3522 2.2188 6.2568 4.8810 0.9760 1.1315 1.3071 1.2501 3.4032 4.9708
1.1688 1.1078 3.5987 3.4712 3.5500 0.0524 5.4211 4.2464 1.8457 0.5412 0.9979 4.3638 5.3149 4.6386 4.8609 5.1921 0.2245 3.9108 3.5331 2.6169
0.6337 0.8263 5.2532 5.8631 3.4294 5.2432 5.8391 0.3841 1.4756 3.5705 5.4399 3.2624 0.1836 4.6345 4.3873 2.1140 1.4281 5.6082 5.3413 5.2913
5.0887 4.0658 3.9781 3.1932 2.6590 3.1097 0.7742 0.1909 0.7643 0.9427 0.1332 1.2386 1.2234 1.2712 3.7001 4.2693 5.4093 3.9694 4.2219 1.8381
