5.8855 4.1470 3.6477 1.9077 3.6418 3.8073 1.5608 1.2038 6.2552 1.2968 1.3960 2.8222 2.5161 4.8747 0.8144 5.7294 0.6822 0.3681 0.5843 5.5752
2.5900 1.1455 5.6494 5.5855 2.3821 2.5818 1.2688 2.6769 4.7100 6.2379 6.1849 6.2330 0.3441 1.5145 6.0666 4.1251 5.0623 1.8023 1.9439 2.4506
3.3031 2.5670 6.1534 0.6354 0.5250 0.7576 3.1775 1.2238 4.1841 1.6140 5.9068 4.4801 0.2149 4.9541 0.4452 5.4094 4.9642 4.8305 2.0474 3.2199
5.0811 4.3146 3.9331 1.5985 0.9287 5.3430 1.4109 3.8075 5.6328 5.9526 6.2057 0.0601 1.0159 1.4986 0.5875 0.8817 0.2769 1.3568 3.4511 2.1168
4.4194 0.5026 5.5050 5.2269 0.6019 0.4977 1.7372 1.2754 2.8358 2.7197 1.1926 2.5584 3.1614 4.0470 1.6082 4.4218 4.1730 2.2539 4.0597 5.8320
1.3086 4.1000 5.2127 5.7889 0.9757 5.0315 1.8870 3.4782 2.6998 5.9522 0.4417 5.6085 6.0277 0.8938 1.8663 2.0495 5.2995 3.8156 3.3081 1.2172
0.7139 1.1741 1.1966 1.9050 2.0239 1.6542 0.6234 0.6521 0.3129 1.5086 1.6669 2.0154 4.6082 3.5214 3.0211 4.5692 4.0912 3.9470 4.3178 4.3438
4.3054 3.1505 1.4623 0.3390 5.2638 2.5460 0.3846 5.2042 5.4863 4.8510 0.0778 4.5191 3.9079 5.6057 3.9983 6.2768 0.0754 0.1859 5.2215 5.0991
4.8663 0.1279 4.7214 6.1725 5.6784 2.9722 2.4557 0.1019 0.9074 1.0717 0.3957 1.3038 1.3804 1.6088 1.5870 5.4340 4.7798 3.8792 4.1469 1.2228
2.8277 3.5909 5.1989 5.5657 5.5787 5.9677 1.3233 1.5810 3.8960 3.0243 3.1111 4.1515 1.4729 1.8431 0.6462 2.1443 5.8668 6.2296 5.3639 3.0015
4.7549 0.8834 1.0488 0.6900 5.7292 1.5242 1.4125 6.1447 3.1321 3.0681 2.3054 3.7151 1.3782 2.5157 5.4609 2.8422 2.3483 5.7723 5.0773 4.8095
5.5568 4.0474 1.3261 2.2710 0.6348 4.2368 3.1259 4.1931 3.4821 2.1165 2.0445 5.5088 2.3540 5.4151 3.2294 4.8231 5.2808 3.8261 5.0365 1.0526
4.3609 1.2090 2.3776 5.6710 0.1242 1.7151 4.2294 2.6856 2.0235 1.0118 2.2427 2.1290 2.7284 1.7464 5.7007 0.7509 4.9660 0.1591 5.2213 5.9159
4.4701 3.4861 3.3277 2.8460 0.8838 6.1199 5.8559 0.0037 2.8516 2.6194 2.7315 3.5981 4.2016 5.9527 5.3626 5.2200 3.4897 4.6963 3.5274 4.3101
0.1277 0.2330 5.6840 5.4278 5.0371 2.2073 5.1276 4.3451 2.2328 3.1765 2.2297 2.4432 2.9282 3.8041 3.7239 6.0589 3.4204 2.2945 0.7450 1.3499
3.0835 1.6960 5.7317 3.8658 4.4914 0.4456 1.4985 1.3459 2.4592 1.5249 1.5950 2.8055 3.6282 0.0746 2.6024 5.3560 3.5853 5.7665 5.7782 5.0622
4.1511 3.7881 0.5567 1.1545 1.2634 2.3842 2.2019 2.4772 1.2810 5.4292 1.6061 3.4311 3.9251 3.0356 3.2623 2.5633 3.8694 2.6024 3.0388 2.0095
3.2681 2.5384 2.2939 3.8489 0.1890 4.6692 4.4682 5.2926 2.8437 2.8018 1.5857 0.3500 5.2774 5.3178 0.4053 0.8996 1.7222 3.9869 5.0839 5.2972
3.3280 2.0849 5.8492 1.1937 2.5597 4.5695 5.5336 4.3642 3.3999 4.2301 0.1538 3.8277 3.0986 6.0711 0.9256 2.8942 1.4954 1.0840 0.8611 1.7158
5.2120 5.9156 4.9984 2.8360 3.7710 2.0830 4.3340 2.0339 3.5496 1.2229 1.2256 6.2113 3.6840 1.7864 0.2819 0.4747 5.6957 4.1563 0.0172 4.3177
