1.6247 3.9006 3.3125 1.8311 0.0573 5.1719 5.7475 0.5400 0.5300 1.3162 1.6667 1.1239 2.3800 2.6505 3.1192 1.5400 1.6231 6.0364 4.5382 6.2508
1.7450 1.4457 2.0944 3.7181 5.4349 1.7883 5.1812 5.2173 5.3918 4.3443 3.0871 3.9979 2.2458 0.5830 1.3796 4.1430 0.9349 2.5607 3.3669 4.1470
2.2334 1.6933 3.8955 0.5800 6.1004 5.1634 5.6764 0.4572 6.1771 1.8782 2.5864 1.7016 3.5373 4.5082 0.0984 5.5177 6.0024 0.0282 3.3942 4.8784
2.6927 4.7116 3.0991 3.1069 4.5714 3.6982 4.8076 3.0620 2.1032 3.0688 3.2584 4.6043 3.8065 2.5552 0.2019 3.2465 5.8009 1.7989 1.8579 2.8572
1.9961 1.8007 2.4400 4.2892 4.8711 5.7332 3.4201 2.8913 2.3103 5.4310 4.2552 4.9829 2.5065 1.2846 1.9675 0.1797 0.5994 3.0588 1.1575 1.0579
3.7025 3.0749 2.1938 2.1340 5.2664 2.9183 3.7787 3.9426 2.8444 2.2258 2.8023 2.7535 4.0919 4.7126 5.6686 1.0113 6.2172 5.5260 0.0273 4.0288
4.4632 1.3853 4.8003 5.8101 5.5918 4.7702 3.3791 0.5474 2.7176 3.0311 3.1544 4.1859 5.7827 6.1832 5.7928 4.1693 5.3765 2.1828 1.9099 2.1349
4.4331 5.0081 0.5400 6.0349 5.1392 0.8790 2.1435 2.8879 4.3029 5.4238 2.1942 2.9732 3.9312 3.6227 4.5653 1.7355 2.0853 3.7728 3.7158 4.4235
5.2099 0.9648 3.9927 5.9897 5.0700 5.9612 4.5215 6.2368 4.7698 3.9911 5.2904 5.4190 3.7538 4.3875 5.3053 5.0361 2.8902 1.3502 6.0078 1.0024
3.9463 3.4330 3.6740 4.0543 4.3745 4.6032 5.0627 2.9143 3.8704 5.9266 2.9773 3.5993 3.3741 4.5035 3.8457 5.4573 3.9297 3.8640 2.8488 1.9760
1.4819 1.4240 2.0680 2.9189 3.8190 5.9365 4.7720 0.2854 5.1532 2.7353 3.4303 1.2152 3.8337 1.3698 2.3178 1.7451 3.5973 2.0650 2.8147 3.3763
1.7496 1.2353 1.4482 1.2988 4.2150 2.7436 3.2640 4.4551 0.3811 1.6488 2.4625 4.0706 3.6608 3.7087 3.7426 3.7690 3.5084 4.1559 3.7636 5.9358
2.8872 2.8263 2.2990 0.4579 1.0977 1.6805 2.5597 0.6251 0.2752 0.7141 2.8557 3.9039 4.2960 5.7856 4.2903 1.2139 2.2307 1.4705 0.8527 3.3432
4.5472 0.9478 1.4742 1.8216 2.1183 3.8752 2.5909 2.2592 0.6992 3.5839 2.6788 2.9664 2.6241 4.1101 5.0897 3.7420 2.4591 4.7611 4.8592 5.3827
4.1397 3.4827 3.7309 3.6645 3.5179 5.7558 2.9866 1.1131 5.2615 5.9121 2.3059 1.9847 1.9102 0.0869 0.4157 0.2265 2.7405 2.2390 2.9171 1.7388
5.0395 1.3403 0.0630 6.1078 5.5561 2.8210 4.1801 4.4156 3.0176 2.7927 1.4344 0.9015 1.6629 2.6831 6.2547 2.9673 2.4404 3.9863 5.6349 4.8694
6.0185 5.0455 4.1312 3.3134 1.2886 2.9538 3.0937 0.9025 0.2913 5.7523 0.6684 0.6425 0.7207 6.1617 5.8130 4.4821 3.5634 6.2447 6.1140 0.1041
5.0252 5.2945 1.3004 1.1905 5.5688 5.7692 4.7522 5.3254 2.1136 1.8263 0.2070 0.1276 0.9854 5.0359 3.6163 3.7770 2.7869 2.5595 5.7350 5.9262
3.3319 2.3267 2.3865 2.2981 3.5424 3.4989 4.0059 2.7565 2.9870 0.7654 5.5946 5.2436 5.3323 3.6155 4.6440 0.2213 3.8173 4.2214 4.6694 4.4496
2.6344 6.1937 2.8370 4.6864 5.7926 0.6876 5.9361 1.2568 1.4096 3.6058 1.1446 1.2149 1.3094 0.8233 3.8679 3.4172 2.3904 3.2931 4.3423 1.7416
