4.0024 2.0944 5.6368 0.0937 3.5824 4.3944 2.5013 2.5159 2.4080 2.0275 3.5617 1.1287 6.2119 5.0971 5.3716 2.3762 1.3266 1.6320 1.3435 1.2539
2.8471 5.0304 4.7722 3.6472 4.3479 2.7092 4.2456 5.8239 0.0594 5.5809 5.5051 4.3635 2.4221 1.6540 6.1377 5.5612 1.1615 1.5229 2.4687 1.0163
0.9378 6.1163 5.7303 5.3906 5.7708 3.6002 5.4236 2.3672 0.3128 1.9448 0.2230 2.9331 4.5773 3.6670 3.7674 1.8752 3.1188 4.0630 4.4665 2.2444
3.6361 2.8907 2.1915 2.3060 3.0042 1.8455 2.6132 0.3100 0.4912 5.0971 0.5658 6.2212 5.4091 5.8020 4.9234 4.6508 2.9195 3.1897 5.4373 5.2706
1.3052 1.4597 4.1709 4.7429 4.2752 4.6974 2.6753 2.5084 1.9775 2.2219 2.2243 1.1985 1.6962 0.9937 0.0930 2.0122 2.1519 0.6988 0.8635 1.7981
0.7241 1.5564 2.9555 2.0477 2.1375 1.8691 2.2248 3.4959 3.8615 5.9791 1.0227 4.5004 3.9353 5.1348 5.9910 4.9254 6.1217 4.6878 5.3992 4.5779
6.1447 5.3872 5.2051 4.6316 2.5137 1.4274 2.7636 1.1270 3.5321 1.5646 1.6200 1.6235 5.1912 0.0282 5.5227 0.1544 0.7178 0.1695 5.3391 1.3695
5.1463 0.6500 0.7150 6.2667 0.4275 6.2231 6.1432 3.0697 3.4864 4.5672 2.8301 0.0476 6.2520 0.3343 5.6251 4.0702 3.1999 2.9272 5.4941 4.7725
0.6784 6.1824 1.3904 3.7127 2.3462 2.3186 0.5481 5.1080 4.2938 2.5988 3.0017 3.0485 2.5804 2.5994 1.3906 2.8164 1.8444 5.9143 5.1611 1.1667
0.0944 2.6583 2.9766 1.3625 1.0063 6.0409 0.0691 4.6166 4.5926 0.0463 0.4307 0.0982 5.3967 3.6390 0.3401 5.8408 4.2119 3.5865 3.4032 3.6810
5.4779 5.8302 3.8417 4.9123 0.5412 1.0889 1.6539 6.2403 4.8997 5.3495 1.2759 2.6602 3.1243 1.0163 5.7441 1.4698 2.4665 0.6406 2.1212 6.1483
4.2070 2.1757 3.7179 5.0084 3.0887 4.2237 3.3744 3.5028 3.4557 3.6454 0.9043 1.2905 2.2857 3.1239 2.6636 4.4304 3.4404 3.5304 2.8107 3.7700
4.5099 4.3962 4.0934 4.1777 3.6264 2.7106 3.5911 0.4203 3.7977 1.1874 5.3346 2.5356 3.6949 2.9275 2.6761 2.8341 2.5919 2.5393 3.7138 3.6461
4.7485 0.7213 5.0323 6.0547 3.0740 0.5546 1.8396 3.8455 4.2316 4.0444 4.2481 4.2429 4.5186 4.2459 3.2872 0.3951 0.3651 5.8286 5.1528 5.9894
5.1324 5.7576 4.8972 3.0850 0.5366 1.3146 1.7030 1.9890 0.2392 0.2230 4.8340 3.5597 3.4302 3.7683 4.1920 3.7421 4.3410 4.0195 4.4784 3.3910
5.6503 1.9722 3.7914 2.5666 0.9152 4.2211 1.0455 0.7322 1.1040 4.3480 4.3128 2.9890 3.1560 1.1295 4.4460 5.0032 4.7246 4.9696 0.2289 0.3782
6.0105 5.4884 3.0053 0.4834 1.8016 1.1332 0.3350 0.9447 0.9453 2.7562 1.9434 6.2545 3.6692 4.8024 4.1784 2.5560 4.0600 2.3383 0.5965 5.3580
0.2708 1.2903 2.3105 3.0728 4.0517 3.8912 2.2627 5.7456 1.2646 0.3601 1.8182 2.2368 3.3942 2.0705 3.2255 3.2537 4.2908 4.5582 0.5817 0.2056
4.6905 4.2957 4.8542 4.2920 3.1903 4.5130 1.0205 2.1715 2.4290 2.3479 2.8029 6.2550 4.6328 4.1624 3.4179 3.0278 4.3528 2.1687 2.1172 2.4436
5.2607 6.1486 5.6489 6.2000 3.4995 1.8945 1.5964 0.7779 4.9500 4.3577 3.5313 2.7447 1.7434 5.1247 4.9721 5.1664 0.5450 4.9663 2.0784 3.9037
