4.5198 3.4993 4.5197 2.4754 4.9490 4.7627 1.0754 1.6786 0.5940 2.5723 3.0404 2.0360 3.4353 4.0762 4.1522 5.1522 5.3331 4.0961 3.6639 4.5706
5.5786 0.4230 4.8784 2.4909 4.7515 0.3829 0.9335 0.6424 6.2363 6.0712 0.7192 4.3083 5.4225 6.1623 4.9797 5.2142 0.0251 5.0615 4.3874 1.8105
2.9629 3.4524 1.9498 2.3611 3.3611 2.4245 1.8855 2.8078 0.8192 2.8791 0.9659 4.5805 2.3054 2.3343 2.1384 2.1749 1.8835 3.0227 2.8830 3.5267
3.8713 0.5339 2.0576 6.1020 1.1665 6.2149 0.8249 5.9811 0.6886 1.0711 0.5352 6.0140 3.8297 3.5315 4.0300 2.1215 5.5787 4.9539 5.8427 5.2088
0.3325 5.1503 6.1303 5.1749 0.9756 1.9878 1.2941 1.6894 2.0364 1.8612 1.2975 1.7077 3.1843 3.7879 4.1869 3.7526 3.8134 1.6152 4.3380 2.7666
2.0976 3.1810 5.2012 6.2581 1.5749 2.5580 2.2090 4.6793 2.0818 4.1067 5.1391 5.3988 0.6649 5.4377 4.4359 5.7327 5.0134 4.3439 3.7810 1.3570
1.3166 6.1197 4.0840 3.0588 3.1080 3.2178 3.4995 1.9828 2.9458 0.9440 5.7163 1.8872 1.8227 1.8247 1.6040 1.1610 5.0354 3.0177 3.1133 4.5842
0.0622 5.0818 3.2931 5.6422 5.0286 6.1192 4.1380 3.3707 4.4319 4.5260 5.1101 5.8474 0.0552 4.7843 3.7633 5.2031 5.8707 5.1366 2.1158 1.2960
3.0214 3.5456 3.3448 3.8391 4.2734 3.5573 3.8985 4.8613 1.7415 2.3250 4.5112 1.2428 2.5448 0.5703 2.3677 0.4040 5.4721 0.2549 3.1380 3.0454
3.1100 0.3967 2.6410 4.9272 4.0651 2.8228 5.9271 0.3034 3.1141 5.3535 4.6712 4.9249 3.1365 3.7348 3.4974 3.6920 3.7540 4.1125 5.5943 0.0581
4.3070 1.9116 0.9839 0.7757 2.5379 4.5170 4.9240 4.3509 2.5493 2.1313 0.1592 1.3407 0.7095 1.2366 2.5646 5.4979 2.7063 2.9343 4.8922 4.5773
3.2095 4.7631 4.1051 3.1532 2.4428 2.3153 2.6433 2.3278 1.2831 5.9762 0.5256 2.2478 6.0705 3.4316 2.8406 3.9823 0.7187 5.1451 5.0771 3.9387
1.3591 1.6636 5.6933 0.1078 3.5462 4.0973 3.5184 2.3033 2.0486 3.3019 5.4311 2.8907 0.5448 5.7702 5.8773 1.5389 1.1992 1.0921 0.4187 1.3600
1.4161 1.1596 6.0131 0.3964 3.6266 0.7114 1.6853 0.7708 1.9689 1.2832 0.6863 4.8302 6.2565 0.8317 0.5158 5.6169 4.7116 5.7309 0.4628 5.9339
1.9012 0.7165 4.6725 3.7218 3.4558 2.9510 1.5437 2.4589 1.1974 5.9777 0.4417 1.9023 1.4274 3.8228 1.6924 3.0545 4.1717 2.0673 0.2156 0.9455
2.1879 1.7075 4.3952 5.6012 5.0736 5.5964 2.6833 3.3250 2.2638 1.9197 6.0758 3.8891 3.8059 5.5074 6.2473 6.2464 1.7149 6.0486 6.1678 1.1913
3.4773 4.1876 3.6132 4.0150 4.7974 3.9956 2.4771 0.8407 2.9560 4.1531 5.6798 4.2531 2.3216 1.3102 0.4742 3.9313 5.7485 0.8273 1.2923 3.7556
3.1955 2.7781 4.0746 5.7760 0.0629 5.3809 3.8280 3.2493 1.5981 1.1797 5.8235 0.7939 1.4584 2.3168 1.3526 0.9917 0.0397 4.0794 2.1758 2.3712
4.4999 4.7116 4.3061 4.2780 3.8973 3.7983 3.8278 3.7998 3.5125 3.0297 3.8129 3.4011 3.4254 6.0561 2.3650 4.4588 4.6866 5.6524 3.1327 4.2010
3.0895 6.1932 4.9586 4.4134 4.1497 0.5697 0.7617 0.0198 6.2709 0.0452 1.6964 4.2558 3.4176 3.1579 4.4794 5.0272 5.4555 2.8922 2.7052 1.6286
