5.6698 6.1261 4.0652 0.9444 1.0937 1.8382 1.0095 6.2742 6.2332 5.2415 4.9246 0.6262 4.3776 2.5227 4.4975 3.0299 2.7347 3.1465 1.7724 4.6771
2.0607 2.7396 3.5996 4.0120 4.5015 4.3601 5.5902 5.0517 3.4355 3.6307 4.5995 3.1602 4.4058 5.4620 4.4805 0.4493 5.6498 1.8623 1.5963 2.4069
0.5639 2.6645 3.0779 1.5101 2.5754 1.9293 2.7798 1.8878 2.3200 0.7540 3.9765 3.9252 3.3531 3.9690 4.0037 3.2459 0.6787 6.0553 1.2426 1.0816
4.6169 3.3570 3.4178 1.9186 3.6625 5.4201 0.6307 5.9458 0.9145 5.8576 5.0217 0.9660 2.5125 2.1733 2.8851 6.1832 5.7666 1.9477 1.8711 4.7020
5.8178 5.2202 2.0587 5.1043 4.4649 0.3954 1.0551 3.3931 2.9004 3.0382 5.4665 5.4386 5.3749 5.8921 2.8714 2.7866 3.9226 4.5371 4.0439 4.5998
1.7679 2.3340 1.0699 1.5911 1.9861 2.1455 1.7982 1.5945 1.9291 0.3796 5.0055 3.5420 5.2639 2.9404 4.6235 2.5553 1.9329 3.7548 2.6488 1.1081
1.4979 4.7620 4.4946 4.8467 0.6892 0.0780 1.1884 0.7131 3.5492 3.4225 3.9638 5.9101 4.3312 4.9470 5.9999 5.3537 5.8236 6.1820 5.2471 4.1421
2.6599 0.2965 0.6739 5.7584 0.1326 4.2985 2.9397 4.3099 3.4731 5.2259 2.0654 2.9712 1.8154 2.5621 1.6595 1.0891 0.6987 2.0402 4.6349 2.8793
1.3249 3.2832 3.0600 1.8901 0.8013 0.3791 3.6934 2.7264 2.5229 2.7311 0.6011 4.7755 1.6012 1.1189 0.7719 2.3147 5.2340 4.6415 3.8095 0.9234
2.3016 1.4728 2.2235 2.1898 1.2197 2.5738 4.1311 6.0954 6.0983 6.1494 6.0118 1.6786 1.0840 0.6546 1.5802 0.4377 0.6248 0.8308 2.3340 3.2401
2.7458 2.6839 0.0462 6.1525 2.9404 3.7038 3.8608 1.9013 5.0439 2.8275 0.2597 0.0047 1.6522 0.9614 2.7170 4.7798 0.0958 5.9928 5.9155 5.7480
3.5917 5.3178 3.6629 3.7073 2.2978 5.8748 2.5680 4.4878 4.8801 1.1240 5.2311 3.0061 2.4121 2.8891 3.1057 1.5343 5.7810 6.1651 4.3838 3.9592
2.3221 3.4882 4.3950 0.8081 2.6527 2.3249 3.8560 3.6170 4.9158 4.8923 4.0557 2.2213 2.0162 4.3113 5.1751 3.7248 2.3555 3.2946 2.8474 1.6484
2.6295 5.9377 4.2958 2.9191 3.7474 4.4936 3.3991 4.0200 4.1772 2.6825 5.3735 6.1089 4.7830 6.2153 5.8303 1.9574 0.7740 5.0098 4.0358 1.9586
2.6378 2.7258 4.5097 3.6877 2.8809 2.6593 2.6155 1.8069 1.9783 3.6285 4.6728 2.2986 5.5998 5.6297 5.1433 4.4415 0.8198 1.6773 3.0910 2.9550
0.7690 0.1841 0.5884 3.5899 3.7541 3.3616 2.0374 3.5986 1.2475 1.1335 6.1999 3.5669 2.9730 2.8867 0.6071 1.0889 6.2780 6.2214 2.0126 1.2938
3.0084 2.5005 5.7444 5.6748 5.4891 0.9346 0.4283 0.3047 4.0920 5.0114 2.9290 0.3274 2.9576 0.4551 0.6218 0.8379 1.7771 2.4758 2.4575 3.4010
2.5173 2.6192 3.4689 3.9341 4.7385 5.4887 2.5072 2.3866 4.0650 3.8060 2.6329 4.2257 2.8334 2.4333 1.4641 6.2679 1.4711 1.0088 1.6795 1.2878
4.4457 2.2684 3.7879 3.9358 4.4030 3.6382 3.8714 4.9921 3.8844 5.7451 2.0667 2.3741 1.9809 1.5920 2.6481 1.7532 1.8099 1.7604 1.4374 4.6059
0.5382 1.2689 3.1069 0.8760 2.1929 1.6106 1.9323 0.3447 0.8714 1.2187 2.5001 4.7327 3.0808 4.1636 4.5406 6.2346 2.3168 0.1621 0.7850 1.7149
