0.9764 1.6751 0.4845 2.1101 2.9750 2.0836 0.0829 5.4668 6.0565 3.5843 3.8665 2.0074 2.0460 0.9253 1.2768 4.0590 0.6236 1.3217 1.7483 1.8991
0.9160 2.1265 5.7981 5.4913 5.0670 5.6213 0.0953 1.6363 0.8614 1.2329 5.7692 4.4094 3.5533 3.7662 3.8776 5.9454 5.8873 5.5597 6.2235 5.7852
1.0722 4.5920 5.5344 0.4307 5.3329 1.6039 0.2338 0.7715 1.9449 5.9934 5.6559 0.0738 5.5903 0.2243 4.1857 3.3876 5.9808 1.2919 1.1860 2.9161
1.4603 1.8806 5.5946 2.9032 1.3441 1.4951 5.1922 5.9412 0.4270 2.4668 1.2356 1.7578 6.2422 4.6182 4.7699 5.8815 4.8388 3.6379 0.5060 4.5670
5.7028 6.0572 5.1090 6.1525 1.3026 3.6874 2.5500 2.7060 1.6250 5.9678 0.9370 0.6754 1.4262 2.6797 1.6670 2.3403 6.0905 4.8644 1.3118 6.0558
4.6979 4.2184 2.2824 1.7890 0.7951 1.0103 1.7996 1.2937 1.3796 1.6469 3.1761 3.3934 3.8392 3.7322 4.5996 3.1118 4.2390 4.0926 2.3087 2.9497
5.6387 2.8563 2.5303 0.4266 1.0662 5.9948 3.6844 1.7284 3.0695 2.0102 1.5611 2.4188 3.7797 3.7866 2.9909 1.6934 5.5072 2.7115 6.0054 5.4714
6.1631 0.1552 0.6415 0.2570 2.0970 3.8349 3.3036 5.2206 3.8268 5.3351 2.1247 4.4584 3.3201 4.6660 2.5752 5.0946 3.9558 0.1606 4.5232 5.0973
5.0325 3.7307 3.4567 4.1329 3.3548 3.6951 3.6267 3.6689 3.9289 1.6320 1.4208 1.9928 2.0363 2.3735 2.1475 2.4659 3.8424 3.7917 4.9437 5.7990
2.9840 2.5530 2.1962 2.0508 1.6658 1.1941 1.8759 5.7366 4.7791 5.7559 4.7443 6.0395 2.5400 0.8350 5.0222 4.9463 4.3583 5.7012 4.9562 2.4792
1.3069 4.7881 4.1196 4.1335 2.3797 5.4928 5.5248 3.4084 4.9328 2.9423 2.7814 4.1139 2.5366 4.8482 3.2392 2.0461 0.3443 6.2135 4.5739 0.0542
1.9283 1.0296 2.5543 2.6066 2.0435 3.4195 5.1454 5.1518 3.8282 6.1808 0.1456 1.0337 1.9176 5.2998 4.2213 3.8844 2.6537 0.7842 0.0468 2.8805
1.8753 2.6799 1.8370 5.8995 0.9507 0.6485 5.6368 3.0752 2.4523 3.3367 2.0622 4.1408 4.4818 1.6683 2.7922 3.4865 4.2568 3.8519 2.7688 1.4815
2.9158 4.8591 0.0526 2.2188 1.1302 2.2434 5.7217 4.0684 4.4561 0.0164 4.1664 2.4726 2.5710 2.5495 3.3776 2.6002 0.6224 0.5760 2.7160 3.9802
2.1819 2.4923 5.3015 6.1063 1.3875 5.7697 5.1585 5.6571 3.6438 3.4512 3.0714 4.2272 1.7335 5.0124 3.4994 5.9265 5.1515 3.6547 1.1099 3.1495
2.6086 0.9099 4.7331 2.4295 1.8882 2.2302 0.3958 2.1604 4.8414 0.5933 2.6223 2.9328 3.1577 2.8410 2.8492 5.7058 0.8536 5.1968 0.6303 6.2289
4.0309 3.5719 4.5234 0.1631 0.6736 0.3407 0.2831 6.1566 6.0652 4.4224 4.0398 4.8325 0.1159 0.1173 2.0263 1.6112 1.2290 0.6132 5.7051 3.8952
4.3640 3.2549 5.0044 4.3941 4.7317 4.6761 5.5644 2.1409 1.7349 1.5497 3.1008 2.2024 1.6897 1.7132 0.1689 6.0207 5.1453 2.4985 3.5100 1.5046
4.6739 5.3340 0.0507 1.0943 4.5838 4.8215 0.4783 0.4325 5.6713 1.0246 2.8829 2.0634 2.7834 0.1232 5.4831 0.8057 0.2574 4.0608 4.1334 3.5267
4.6525 5.5971 5.0907 3.9847 4.1978 0.5468 0.9522 0.8808 0.0206 6.2410 4.6801 5.7533 1.7931 2.2520 0.7919 0.4235 0.4316 5.0196 4.6480 4.8999
