3.6685 2.8437 1.6199 0.3827 0.5369 0.2739 0.2581 0.4329 0.2502 0.3842 0.0852 0.6947 3.8352 4.0454 5.9586 5.5121 0.5163 0.2471 1.9113 3.9573
3.7447 0.8805 1.3513 2.9165 6.1217 4.0678 5.4845 2.1169 0.2727 4.4958 4.6007 3.9245 4.2116 3.2872 6.1304 2.8301 1.9390 2.8911 0.9553 1.0325
3.6370 3.2667 6.0432 0.4471 0.2975 6.2811 6.1941 0.9650 1.9993 2.9444 3.7335 4.6821 4.5793 6.0847 0.0450 6.0058 2.6194 2.6960 4.8276 4.0706
1.4867 1.0334 1.6521 5.2773 5.5212 4.3380 0.6346 4.5513 3.8670 2.4081 3.2468 1.4835 2.2645 2.1751 1.4891 3.1113 2.9047 4.8905 4.0165 2.4859
3.8059 3.7380 2.2012 1.8289 4.0297 4.3428 5.1509 0.4320 3.6138 2.1793 2.7733 4.4914 5.4469 3.3449 2.4207 2.4376 2.3603 2.0175 5.8222 4.7993
5.6100 5.3315 4.5545 4.4163 4.9342 5.8138 0.3577 1.5967 3.5601 6.0684 2.8206 1.3331 4.4007 5.4685 3.2178 3.0214 2.5048 4.8675 4.7832 5.6302
0.6258 3.5519 5.4123 4.8465 4.7075 4.2874 0.8342 3.1326 4.7576 4.1599 4.1815 4.5452 4.1302 1.3808 2.8930 0.9977 2.8272 2.7394 1.9667 2.4885
5.5059 5.9282 4.7445 6.1937 0.0510 0.0382 5.4613 0.0794 0.9802 1.4068 3.3243 1.3449 1.9970 3.0163 2.2254 2.1963 3.5969 5.4049 3.8826 4.4072
1.4668 1.6915 2.5375 1.8124 5.8041 5.5009 5.4738 4.5489 5.5607 4.6306 3.5217 3.1914 2.7758 1.1116 3.9552 3.8395 3.4371 3.3346 5.0150 0.9385
2.2408 5.9235 5.2109 4.7922 0.3032 5.0690 4.9189 4.2954 6.1069 1.3462 5.7941 1.0520 3.1027 1.9495 3.1917 1.6696 1.3667 5.8032 0.3868 1.6787
1.5087 2.3019 4.6194 1.4734 2.1497 2.8069 4.0631 0.7270 1.2733 4.6132 4.6390 4.9875 3.5893 4.4004 4.2526 3.3697 1.6431 1.4456 1.6271 0.8438
2.9617 5.4524 6.1937 6.0125 5.7964 4.8296 5.6016 5.7417 5.0203 3.8265 4.6457 2.8433 3.7067 3.2599 5.0535 5.5995 5.5656 5.5812 2.0189 2.3549
1.7525 3.1280 4.1496 1.2271 5.8237 6.1126 5.7268 5.4706 3.1971 1.8525 2.8019 4.8208 5.1019 5.8549 0.7251 3.1543 1.2864 0.5812 1.8184 1.2583
5.8686 6.2080 4.6102 4.4177 5.1028 3.2850 4.7555 3.7300 4.0420 5.1639 4.9378 1.6855 2.2417 1.7572 6.2161 3.3757 4.2191 3.0312 5.8943 5.2869
3.4910 2.5257 2.6472 2.2306 5.3668 5.5066 5.4519 0.6113 1.5697 0.5257 6.1465 3.6175 4.9068 3.9355 6.2720 3.8843 4.6185 6.0585 1.3796 4.6570
5.8230 5.5905 3.9721 5.3117 5.9825 6.1058 4.4410 4.6077 3.9039 4.0350 4.8909 5.3609 5.4045 0.1567 0.7606 1.2964 3.4218 5.2881 5.6730 0.2604
1.0492 2.3916 3.2617 0.5035 5.7553 4.2016 4.7808 5.9935 4.8986 6.1234 0.3863 1.0510 0.0725 1.6526 0.8543 1.4419 2.3063 1.6864 5.0085 5.4026
0.8363 0.3280 4.3939 6.2177 5.5848 1.2731 0.0509 5.7881 5.3862 4.0123 4.6556 4.3235 5.7874 5.6104 6.0860 0.4656 6.0631 5.8893 4.8507 0.4156
5.8614 5.9842 5.0023 3.7584 5.4842 4.6439 0.6161 0.0115 0.4098 6.1374 3.1136 0.8090 5.6507 4.5071 4.5391 1.5265 0.4242 5.2838 5.9296 3.8103
4.3249 5.3436 5.0084 0.0182 0.4102 1.2342 6.0354 2.8104 2.1585 2.5179 2.0596 3.8418 1.9923 1.1279 5.0110 0.4856 0.3533 1.4582 1.2971 1.0572
