0.8264 2.1227 3.5292 3.2802 2.7564 3.4411 3.9469 4.7479 5.4551 4.0710 3.1207 6.2109 6.0279 5.8161 5.6427 1.2875 1.2567 2.9290 3.8116 0.1630
1.4254 4.3815 4.5255 0.8536 1.4001 0.7331 5.6646 0.2587 4.8001 0.5849 4.6442 4.4343 5.6678 2.0864 6.0192 5.9383 5.6420 2.8069 2.2052 2.2630
5.5345 2.4361 3.7573 4.7847 5.7854 5.8019 0.5174 0.7280 0.5346 2.7914 3.1301 0.7782 6.0589 5.3548 5.3299 5.2870 0.2485 0.8178 0.8234 0.0428
5.7325 0.2237 5.0970 6.2498 6.0362 2.1165 3.1053 2.4225 3.5373 3.3564 4.3144 5.7799 1.6009 1.4354 1.7801 3.0953 3.4493 5.2219 2.7063 3.6544
4.7341 2.9042 4.9685 2.8321 4.2587 3.7650 3.3768 4.0824 4.8201 4.2791 5.0113 3.6196 0.1989 3.7921 4.7207 3.2764 2.0618 2.6122 3.2553 4.9478
5.3231 1.7372 4.3286 4.7513 4.0984 5.1959 2.4339 1.9246 3.0088 1.3242 1.2870 6.2667 5.5432 5.3827 5.0661 5.7059 1.8828 5.6698 3.7393 4.0389
4.0178 0.9028 6.1089 1.0881 6.2127 3.8563 3.2860 3.6200 4.1008 3.5457 1.7996 3.3001 5.6040 4.7201 4.5649 1.1365 3.1824 4.0684 5.0161 4.7980
2.9507 5.9030 5.0448 3.0053 5.5749 5.6972 6.1676 5.9433 1.0120 5.4425 0.0428 0.0506 5.4646 5.3705 0.0579 5.7944 0.2001 4.2878 5.0792 4.1236
2.4370 3.4555 3.9369 2.9201 3.0390 2.2712 6.2626 3.3299 1.1209 4.7357 4.8439 4.8052 3.9059 2.4565 5.1438 1.7383 2.6684 3.0793 1.4163 2.2310
4.1240 4.7084 4.4077 0.4912 0.9085 0.4875 0.3828 0.3549 0.3194 4.1280 5.7407 5.1967 5.2015 4.9690 4.9073 6.2427 5.8790 1.2527 1.0057 4.9822
5.9821 2.7793 1.3892 1.4383 0.8548 2.7200 1.4240 1.1909 5.0978 0.0042 3.7330 2.3105 4.9617 1.6591 5.0020 3.6498 5.3578 3.0612 2.2092 5.7824
0.1499 0.1914 1.8270 2.6676 1.7482 1.7336 2.3713 3.8844 5.2650 4.9190 3.9375 6.0483 5.0968 0.6728 0.7800 1.3561 2.4345 1.2650 1.1641 0.0683
0.9491 0.7600 3.7115 1.2452 1.7264 2.0179 0.6706 0.9520 0.5120 4.8169 4.3142 4.3169 6.0588 5.7786 5.0007 3.9226 2.9025 0.0699 0.6621 1.7576
3.0721 3.6726 3.7409 4.0598 0.3896 0.9239 1.4764 1.9272 1.2014 1.9170 5.7517 0.5127 5.5324 4.6835 4.7256 1.7298 4.5808 3.9883 5.1865 4.4129
1.2308 1.9015 1.1517 0.8868 0.9578 2.6585 6.1207 0.0659 0.4443 5.3133 6.1609 6.1549 5.9168 5.9607 3.4669 5.4653 6.2167 5.2401 5.4032 1.3306
0.3914 6.1425 0.6912 5.4440 4.7367 4.9238 4.4786 0.1136 0.4283 1.5174 0.4709 5.2751 4.8294 3.9571 5.3082 3.6793 3.0622 3.5368 3.3710 3.6919
2.1332 3.1252 0.2667 3.6356 4.1786 3.0900 3.3478 2.7938 4.4983 5.3991 5.4519 6.1650 6.0187 5.9588 5.5420 1.0140 0.5045 1.2407 1.0543 1.1451
6.0616 4.6311 0.5863 1.7829 0.1627 5.5596 3.5168 4.8282 4.9849 5.4139 5.7208 5.2383 0.4706 1.5121 6.2722 4.6244 5.4893 4.7688 1.6212 1.4105
2.5185 2.3078 2.4085 4.4758 5.3350 2.7376 3.5770 2.7622 3.7043 3.0933 2.9022 1.3859 1.3604 1.7359 5.2314 0.3019 6.0287 5.2134 1.7735 0.7009
5.9761 5.4807 2.3547 6.1000 4.0231 5.0963 4.7594 0.1575 6.1254 0.1960 3.7040 3.9430 2.3432 3.7437 4.9137 4.5638 5.1181 5.7477 2.2689 2.7913
