0.2773 1.9754 1.7063 0.3214 0.0778 1.1706 2.6780 1.9834 1.2388 0.2808 0.7166 4.2365 5.3583 5.8612 4.7462 1.8060 2.4931 1.1474 1.4372 0.7543
0.8340 0.1340 2.4687 4.3845 5.9109 0.1784 2.8418 3.2992 2.7587 2.1545 1.7398 1.9882 5.6604 4.4159 6.2708 2.2534 3.8514 3.8215 1.6695 1.3885
0.6553 3.8256 2.6499 0.5381 4.2193 3.8497 4.7304 5.1680 3.2981 3.5790 5.8172 5.7892 0.2697 3.7763 1.7979 4.9625 2.6331 3.0491 0.1920 6.2189
1.9543 0.9324 3.3116 3.2868 3.7342 1.9372 4.3207 4.5089 2.0906 0.9517 5.7438 2.6587 0.5089 1.1360 4.7375 5.4154 2.6433 5.1922 4.4479 3.3307
4.7547 3.0158 3.3838 5.5998 5.0753 4.9171 5.5918 6.0311 0.0348 4.8368 5.6112 4.7658 5.7766 4.8016 4.7168 2.9770 1.2136 3.5037 5.5782 5.1394
6.0197 0.3638 2.9493 2.1786 0.2509 0.9441 5.5283 4.6151 4.9175 3.7813 5.6222 4.8771 5.1122 5.0294 4.2662 5.2370 5.5667 5.5209 4.7143 5.2780
3.3463 3.2862 2.7205 3.9447 4.3251 0.3924 0.7130 5.5045 5.8595 0.0544 1.4191 2.3311 4.3055 2.8765 4.7862 5.3319 4.3757 3.0593 3.3748 3.5360
3.1333 5.1748 4.7587 0.2707 3.8243 4.3132 5.5308 6.0403 4.6730 4.8146 0.3473 5.1638 4.9396 5.4652 3.5649 3.6031 3.9663 1.3185 1.3675 3.7657
4.3919 5.1294 4.6762 5.6896 5.6007 5.1548 5.8279 2.7353 0.2296 1.5134 2.0372 1.1246 4.9620 6.2015 5.3172 5.4987 0.5110 0.2643 4.4891 5.6664
3.4795 3.2419 3.7549 4.5609 4.1215 0.0372 0.2558 4.9364 5.5160 5.9214 1.0183 5.3914 3.8293 3.3212 4.1414 5.8334 5.7184 3.5429 2.9331 2.5547
4.6050 5.5914 3.4667 2.5077 4.6433 0.2230 5.8057 5.3344 6.1365 2.4004 3.2613 2.4297 1.7404 1.0670 5.1157 3.3504 5.9546 1.3261 3.2163 3.8603
1.5482 1.6377 2.0360 0.6570 1.7224 3.5169 3.8345 2.3933 0.1952 0.2547 1.9773 2.0673 1.7813 5.6868 5.0717 5.6010 5.7222 5.6776 4.8367 0.4645
2.1013 2.7758 2.1793 0.5524 1.2580 2.1196 2.5484 4.7286 5.7848 1.1768 1.5475 0.7527 1.7640 2.4874 1.7810 2.7774 4.0925 2.7704 3.1036 3.7361
1.7225 0.4497 0.7922 2.5381 0.0922 3.7910 3.5104 3.3018 2.7584 3.7346 4.3330 5.1690 0.1335 5.0016 4.5258 6.0109 4.5643 4.8987 4.7485 0.9235
2.2090 3.6040 0.7464 5.2977 3.8487 0.3155 4.5039 6.1071 0.2164 6.1847 5.0353 2.1079 1.4226 2.1893 2.6842 3.8065 4.6349 0.5458 5.4107 2.8570
0.3018 2.3742 1.6063 3.2060 2.2948 0.7595 3.9140 3.1775 3.1336 3.1476 3.5064 5.8513 5.3743 4.4362 4.3511 0.6566 4.3689 4.1352 4.5618 6.2130
5.7826 4.4141 2.2274 0.9402 0.8359 1.5342 4.8126 4.7377 6.2057 0.0718 5.6688 4.7857 0.2060 0.5379 5.7537 5.6615 1.4694 0.2970 4.3153 5.8620
4.2773 2.9120 5.6544 2.2923 5.4292 5.4811 1.0381 1.1482 1.2495 1.8397 0.7759 5.9562 5.6378 4.3890 6.0649 3.8347 2.5730 4.6531 3.7704 3.8369
4.9207 5.7768 5.6234 4.5041 3.5643 2.6604 1.2159 1.5893 0.2987 4.9856 2.0852 3.2527 5.4953 0.4948 6.1117 2.2644 2.1505 0.4775 4.3978 5.5573
5.8622 3.3250 2.7108 2.2558 0.3168 5.5107 2.1408 4.0776 3.2248 3.4017 1.6347 0.2937 5.2107 5.4033 4.8529 4.5734 3.1250 3.8406 3.3345 2.4460
