3.3166 3.3966 3.2890 4.8330 3.8890 4.8777 4.4651 5.3313 4.8267 5.4190 4.3469 3.6805 4.8532 5.6462 5.3076 5.6694 0.0277 5.2091 6.0738 4.7298
2.8604 2.0560 3.0193 2.1179 2.8981 2.2767 4.0453 3.3923 4.1465 3.1980 4.5870 0.1124 5.2540 3.5354 4.2579 2.7710 1.3453 1.9943 0.7045 2.2903
3.8339 4.5473 4.2769 4.3994 4.1153 5.0212 5.0210 5.1096 4.9129 5.5995 4.7923 3.9492 5.2914 5.9760 5.7008 5.9165 0.4389 5.9503 0.0016 5.3526
2.7160 3.3826 3.6820 2.2050 3.1430 3.1603 4.3527 3.1517 4.1156 3.4303 5.4639 0.4756 6.0112 2.0713 0.7330 2.2850 1.3680 2.0750 1.1144 2.3606
1.8906 0.9242 3.7567 4.0591 4.1756 5.4221 4.9889 5.8431 5.6751 0.2987 5.6722 5.0337 6.0534 5.4790 0.0859 5.8601 0.6665 5.9084 1.5283 1.1050
2.8838 4.1235 4.0542 4.6682 4.5799 4.2841 4.0916 4.2400 5.2880 4.4051 5.3918 0.8192 0.5261 1.2083 0.4098 1.4645 1.0603 1.3930 1.8227 3.5132
2.5398 1.9840 2.2558 1.7555 2.9651 2.0594 3.5053 0.7434 5.9297 6.2333 6.0284 5.3493 5.9075 4.9251 5.7733 4.6259 5.0302 3.5785 2.6786 1.6937
3.1622 4.4052 3.4798 4.3679 3.8410 4.5842 4.7060 4.9580 5.4627 6.0017 0.0730 0.7043 0.0455 0.8666 0.1826 0.4215 5.3316 6.2792 3.6955 4.7221
3.1182 2.2856 2.5619 1.9416 2.6152 2.5087 3.6339 2.7891 4.4194 3.4072 5.0585 4.5746 5.3600 4.4153 4.9915 3.9560 4.3925 3.3053 3.8150 2.3446
3.5096 4.9021 4.0637 4.4796 4.1230 5.1842 4.4480 4.9114 4.9619 5.8295 5.7290 0.6879 6.0955 6.2076 5.7128 5.8072 4.8925 5.4516 4.6037 5.2939
3.2098 2.0109 3.3813 2.3875 3.4518 2.4568 3.0200 2.2848 4.0836 3.3996 4.6956 4.2767 5.2423 3.8272 4.1379 3.2901 3.4457 2.5202 3.1453 2.3994
3.9827 4.6847 4.0813 4.5648 3.8816 4.6671 3.2200 4.3593 4.0502 4.9480 4.9854 5.0269 5.5439 5.0882 4.7809 5.3118 4.5722 5.2724 3.9156 4.9514
3.3355 3.5011 3.2569 3.1847 3.1222 2.1874 2.9154 2.4876 3.4802 1.5076 6.0187 1.2900 6.2526 2.3038 3.9860 3.3342 4.1149 2.9023 3.5264 2.7613
1.0871 1.0208 2.7994 1.6344 2.1796 4.6591 3.7037 4.3433 3.9029 4.4670 4.9236 4.7426 5.2976 5.4161 4.2970 5.2891 4.7916 5.0594 4.7820 0.0450
2.0727 2.8024 3.3919 3.7917 2.5777 1.9274 2.2688 1.6639 2.9923 1.1400 5.1656 0.3070 4.3488 3.4648 4.0728 3.9818 4.7329 2.7158 2.1084 2.5952
2.0484 1.1334 2.2571 1.2423 2.6452 3.7855 2.3595 3.5076 3.7647 3.8114 4.1489 3.9530 4.1731 3.4096 4.3252 6.1854 5.2374 5.5813 1.5018 0.2824
2.4530 3.4359 2.5703 3.7888 3.2125 0.9096 1.4827 0.5228 5.1879 6.1782 4.7924 5.4917 4.9072 6.0441 5.0303 3.8177 4.3074 3.0907 1.9462 2.7274
1.5405 0.7879 1.8049 1.3240 2.9194 3.5917 3.2156 3.7031 3.9655 3.1838 3.9323 2.8114 3.9786 3.9411 4.7895 4.6378 4.8580 5.5110 0.4942 0.3395
2.2322 3.5362 3.0260 3.6783 2.7297 1.2749 1.8812 0.0520 4.7602 5.3657 4.7628 4.7858 4.8105 5.5172 5.2043 0.1401 0.2276 1.2908 1.7965 3.0830
2.2984 0.6303 2.1833 1.8744 2.7449 3.0070 3.1786 3.0190 4.3043 3.1620 4.6278 0.3494 4.7231 3.4285 4.5147 2.6438 0.5274 1.4148 0.9176 1.2045
