1.7587 2.6764 1.8535 3.0857 2.3225 2.7050 2.2195 2.8258 2.3102 2.5234 1.6250 2.4708 2.4169 1.9683 1.3615 1.9873 0.8836 1.8031 1.0698 1.8398
0.4155 6.1610 0.9107 0.5958 1.6308 0.7568 1.9152 0.5003 1.6445 0.6798 1.4979 0.2261 0.9230 5.9932 6.2673 5.8271 0.3252 5.8408 0.4617 0.1124
1.8560 2.3968 1.2974 2.4502 2.1080 2.7432 2.5535 2.7479 2.1336 2.7319 1.7389 2.5951 1.5854 1.9560 0.6739 1.7466 1.1815 2.4302 1.5994 2.6454
1.5933 0.6984 1.0659 6.2801 1.3940 0.6388 1.3147 0.3298 0.8794 6.2293 1.2855 0.1541 0.7404 6.1855 0.5251 5.9574 0.3112 5.7161 0.4139 0.3523
1.8587 2.9651 1.6745 2.1760 1.9457 3.0523 2.1476 2.9221 1.8921 2.5877 1.9564 2.8999 1.5174 2.0924 1.1846 1.7455 1.2575 1.9991 1.5434 1.9343
0.8097 0.2938 0.4898 6.2323 1.3535 0.6109 0.9164 0.5369 0.8546 0.1193 1.5975 0.4699 1.3356 6.1488 0.3677 5.5515 0.5536 6.0645 0.8435 0.3089
2.0227 2.4726 1.6542 2.9513 2.2080 2.8442 1.9371 2.8354 2.1407 2.7942 2.2156 2.6698 1.9313 2.5274 1.6069 2.7128 1.5454 2.2804 1.7222 2.3855
1.2202 0.3467 1.3866 0.2548 1.5317 0.4012 1.9671 5.9722 0.8008 0.3748 1.3013 0.6430 1.0941 6.2018 0.8791 0.3472 0.4996 5.9042 0.7947 0.2606
2.5167 3.2358 2.8427 3.0994 2.1272 2.6029 2.3124 2.5590 2.0742 2.6541 2.4672 2.3152 1.5617 2.1180 1.3712 1.2308 1.2605 1.6664 1.7438 2.5759
1.3206 0.5597 1.5266 0.5547 1.2221 0.2952 0.9897 0.3576 0.9395 5.3822 4.2340 5.1521 0.6626 5.9991 1.1611 1.9662 1.3477 2.8416 1.7979 0.6371
1.9495 2.8254 2.4204 2.1743 2.4117 2.1467 2.6446 2.3387 2.9431 2.7253 3.2921 2.3665 1.5855 2.2738 1.4157 5.8541 0.7114 0.8774 1.5992 2.9538
0.9551 0.7376 2.8296 3.7365 3.1394 3.6535 3.1162 4.4254 3.6341 4.5484 3.6489 5.3240 0.4218 6.2769 1.0225 1.7938 1.8843 1.6922 1.1403 6.2438
2.1954 3.2088 2.5135 1.5838 2.2104 0.9608 2.3339 1.9338 2.4757 1.7216 2.5605 1.8306 1.0846 2.3977 1.7471 3.0013 2.1291 3.5547 2.3320 2.9982
1.0559 0.6840 1.8833 4.1009 2.9750 3.5945 2.4712 4.2293 3.0439 4.7016 3.6611 4.4644 0.3655 6.2544 1.0868 0.4514 1.4399 0.6936 1.5348 0.3562
1.6991 2.8186 2.1278 1.4465 2.1126 1.4289 2.2830 1.4316 2.5465 2.0889 2.5425 0.8278 0.4672 1.7404 1.9789 3.0053 1.7515 2.7310 1.9993 2.5835
1.3928 0.5498 1.6426 3.6301 3.2264 4.2919 2.9348 3.8242 3.1242 4.5746 3.7528 4.6803 5.2768 5.6899 0.1495 6.0810 1.3144 0.1900 1.4519 0.9228
2.0311 3.1131 2.0013 1.8418 2.1466 2.2949 2.2710 1.6697 2.8005 2.0432 3.0231 2.4457 3.5874 2.2755 1.4475 2.2976 2.1243 3.0293 1.3274 2.9590
1.5850 0.2382 1.7814 0.6849 1.1559 0.4621 2.0214 4.4955 3.4025 4.6237 3.2645 4.4296 4.1203 5.1413 0.5187 5.9319 1.0929 5.7829 0.2628 0.1555
1.9882 2.8700 2.5047 2.6958 1.9910 3.0745 2.5031 2.4480 2.4650 2.2729 2.3741 2.4345 2.9056 2.3834 1.2269 1.9237 1.4915 2.2787 1.6685 2.1903
0.3793 0.2275 1.4543 0.6417 1.7447 0.8458 1.4794 0.3500 0.6069 5.5315 5.9506 5.3988 4.5471 4.8910 5.9660 5.8204 0.7282 5.6837 0.3541 5.7796
