5.4676 6.2490 5.2305 6.1181 4.9514 5.6892 4.8989 5.4429 2.2004 3.4434 3.2115 4.3875 3.8617 4.4342 3.4515 2.3417 2.7689 1.8618 3.1938 1.7913
5.0256 4.1934 4.8122 3.7809 4.6875 3.1463 3.6595 3.0539 2.3062 1.4522 2.2472 1.8792 2.9047 1.9411 3.5292 4.8332 3.6194 4.3825 4.4372 4.5310
5.7354 0.0619 5.2527 5.7012 5.1510 6.0242 4.2467 4.7094 3.3824 4.3820 3.2508 4.1065 3.6296 4.5777 3.2604 1.6991 1.7266 1.4022 5.8281 0.8119
4.9176 3.5842 4.2326 3.4788 4.0395 3.0501 3.1507 2.4430 3.0679 1.8894 2.5506 2.3784 3.2123 3.2178 3.1816 3.6742 2.5376 3.5615 4.5889 4.4681
5.1820 6.2124 5.6178 6.0792 5.0350 4.5918 3.9367 4.0278 3.3697 3.9413 3.4910 4.3275 3.6389 5.9883 1.9966 1.1491 2.0007 0.8817 6.0918 0.4150
4.6086 3.9548 4.3162 3.5339 5.0301 0.8982 0.1187 0.8745 1.9866 1.4856 2.6270 1.9627 3.1660 2.5279 3.2307 3.9034 4.1583 4.1491 5.4530 4.5689
6.1492 0.6720 5.8804 6.0491 4.9764 4.1907 5.1977 4.0930 2.9907 4.0655 3.7279 4.7283 3.4533 4.6465 4.6987 6.2511 5.4098 0.5916 0.0108 0.7283
5.3633 5.0540 5.0211 5.4859 4.9572 0.3062 5.5394 0.0319 2.4779 2.0179 2.9504 2.1482 2.8433 2.5763 3.6333 3.7983 4.1059 4.3786 5.2352 4.9347
0.2691 2.2398 3.4489 3.1005 4.1813 3.5777 4.4481 3.5731 3.5088 3.7747 3.9176 3.8182 3.4878 4.2136 3.5672 1.7399 2.4129 1.2406 6.2552 1.2870
6.1338 5.2154 4.2222 5.4271 4.8517 5.8578 5.1320 6.0113 5.0547 0.0284 5.5508 0.8508 2.5456 1.9735 3.0312 3.6277 3.2782 4.3669 5.7649 5.0046
0.8977 2.0590 3.1101 2.8509 3.9072 2.5984 3.5997 3.0703 4.6449 3.4084 4.2185 3.7473 3.2111 3.6554 2.4550 2.0375 1.8521 1.5110 0.8259 1.0876
4.8862 4.5037 3.5715 4.9682 4.5331 5.1957 4.2165 5.0327 5.3419 0.1236 6.2018 1.1177 2.1878 1.3223 1.8304 0.8607 1.1439 0.2029 0.3406 4.4824
3.6659 2.3227 3.1520 1.8039 3.4237 3.1449 3.1182 3.2355 4.4911 4.1349 5.6772 4.4645 3.1797 3.5991 3.0470 3.2537 2.2173 2.3122 1.3041 1.7435
4.3779 4.7346 4.0089 4.5005 4.1604 5.8936 1.8443 0.0625 6.2654 0.2735 0.8526 0.7919 1.8535 0.7501 1.1251 0.6985 0.9985 0.4843 1.1392 5.1951
3.6845 2.4370 3.5344 2.2121 3.8024 2.6889 2.7070 2.3538 2.2431 3.0356 2.2368 3.0529 2.2461 2.8776 2.2628 2.6721 2.1989 2.9850 2.2514 2.6514
4.2930 5.2042 4.1685 4.5814 3.9997 4.4649 3.2045 0.4447 1.4807 1.0682 1.5637 0.9486 1.5849 0.4180 1.5018 0.8945 1.2589 0.0205 1.3794 5.1338
3.2586 2.7897 3.2103 2.1709 3.3142 2.2137 3.3473 3.4915 2.1914 2.9468 2.4792 3.2791 2.6717 2.9582 2.2695 2.9493 1.9731 2.7716 1.7108 2.4701
4.0265 4.6928 4.1072 4.5659 4.1315 4.9887 4.2994 0.0543 1.6808 0.7953 2.2367 0.9540 1.6510 1.3031 1.7517 0.8870 1.4427 0.7884 1.7847 5.5341
3.3982 2.0940 2.8635 1.8567 3.0931 1.9647 3.6155 2.8537 2.1849 3.3258 2.9727 3.1029 2.9669 3.7533 2.7097 3.0921 2.9946 2.7506 3.3363 2.1336
4.7404 3.9581 4.0208 4.0749 4.0130 3.7206 3.6141 2.8421 1.8095 1.2538 2.0941 1.6022 2.4352 2.1082 2.7237 5.2248 4.0232 4.4615 3.9327 4.6000
