0.5983 5.7696 0.5718 5.6404 6.2757 5.1205 4.8680 5.1112 4.8257 4.8524 4.4310 4.5331 4.5001 2.7213 1.3289 2.1347 1.4770 2.4536 1.0199 1.6395
0.6874 1.9462 1.0080 1.5593 0.8124 1.1970 0.1813 1.2608 0.1368 1.0459 5.7695 6.2585 5.4672 6.0438 0.6957 0.3159 1.3921 0.0227 0.6475 5.6415
0.7292 5.9572 6.2778 5.4661 5.8483 5.8648 6.1681 5.8968 5.7968 4.3161 5.0918 3.9223 4.6536 2.6263 1.0084 2.2027 1.5100 2.1628 1.2048 1.8321
0.6544 1.6232 0.7758 1.4434 5.9439 4.2436 5.3932 4.1762 5.3341 0.1486 5.5121 6.2380 4.8863 5.7561 0.4785 5.9442 0.4096 6.0506 0.4058 5.9988
0.3822 6.1199 0.3624 6.2553 5.7126 0.9324 0.4402 1.1480 5.8720 3.1341 4.5792 3.3057 3.6003 2.2543 0.6641 1.6604 0.6471 0.9679 0.5489 1.8979
0.8505 2.1643 1.5030 3.2217 4.6041 4.8860 5.5657 4.7669 5.9607 5.4857 5.1508 4.9714 5.0215 5.2184 6.2754 5.7338 0.0911 5.1013 0.0011 6.0136
1.1580 0.0933 1.6552 0.4194 1.4603 1.7535 0.4887 1.1852 0.7918 1.2001 0.5907 1.5407 1.8515 1.4662 1.4160 1.7997 1.0337 0.5737 0.9258 0.9704
3.1759 3.5655 2.7116 3.0931 3.4016 5.2772 6.0151 5.4465 6.1593 5.5622 0.0969 4.7584 2.8346 3.5785 2.6011 2.6238 2.4466 2.9601 3.4614 3.1521
2.7234 2.6604 2.3387 2.1586 2.0932 1.9867 0.9970 2.1510 0.9547 1.8066 0.9350 1.4549 2.1586 0.7650 3.3410 4.6911 3.8850 4.3058 3.2726 3.9013
1.7154 0.3349 1.5697 0.4412 1.2672 0.0140 0.8791 5.8625 0.5554 5.8469 1.1563 3.2075 2.9714 3.2133 3.5143 2.4751 3.1078 1.9814 2.6635 1.4316
2.9875 3.4052 2.2086 2.5506 1.7605 2.4841 2.3394 2.3015 2.0300 1.0670 1.0339 0.8789 3.2319 6.0744 4.0574 4.1395 3.8812 3.6941 4.0077 3.3869
5.1870 0.4651 1.3966 0.6131 1.5244 0.4533 2.4305 4.2920 3.0160 3.4794 2.9825 3.4682 3.3576 3.3933 4.2732 5.7901 4.7457 5.3614 4.9207 0.1890
5.1127 3.8464 1.6908 2.7461 2.0222 3.0983 3.0520 2.1388 2.1415 1.4444 2.3957 0.1380 4.3133 5.3707 4.5722 3.8100 4.3134 3.3308 4.6470 3.9332
0.1113 0.8506 0.6574 0.7378 0.4149 6.2546 4.2426 4.6575 2.7007 3.4828 3.4161 2.8544 3.7253 3.2283 4.4542 6.0002 5.5006 6.1908 5.6498 0.1984
5.5201 4.9909 5.7920 4.9837 5.4725 4.2114 3.9993 2.7740 3.0429 5.1951 4.1037 4.9949 4.5074 4.8770 4.3323 4.2888 4.4491 3.8342 4.6745 4.4665
0.2602 1.4581 0.1455 0.8113 0.2597 0.5333 5.3756 6.1381 3.3394 2.9606 3.6417 2.6027 4.0767 2.2571 3.2997 3.3109 4.3529 0.3332 6.2057 1.0793
5.7754 5.0379 5.8923 5.0638 5.9270 4.6682 5.1490 4.3926 3.8663 5.3206 4.2978 5.2173 4.5800 5.0633 4.2750 4.5625 4.3533 4.3548 4.9387 5.1826
0.4978 1.3528 0.6807 0.9715 0.0552 1.0019 0.2756 1.4258 3.2509 3.5768 3.9324 2.9549 3.7743 2.6070 3.2159 0.9743 5.7828 0.7326 6.1561 1.0867
6.0392 5.3385 6.0823 4.8917 5.5196 4.9374 4.7699 4.7119 3.9240 5.2476 4.2823 5.5824 4.6257 4.0951 4.0455 4.4862 5.0915 4.6416 5.6190 4.8305
0.2654 1.9385 0.9411 1.9158 1.2563 2.0701 3.5770 2.7327 3.5297 2.3881 3.3839 2.3114 4.6623 0.1658 0.0661 0.4590 1.0835 0.4795 0.5606 6.1612
