2.5638 3.0175 2.0190 3.2041 1.6689 1.5760 2.0967 2.5164 2.7340 3.3129 3.0036 3.3635 4.2594 4.9546 3.7510 3.4656 3.2472 3.1962 4.4459 3.5238
0.6202 0.6571 0.6628 0.6476 0.9962 0.7838 0.3469 0.1277 1.4692 0.9644 1.4687 0.4297 4.2159 2.4814 3.2272 2.7094 3.6767 3.3123 4.3839 0.4186
5.2191 4.8812 6.0057 5.2015 5.2651 5.2175 5.5782 3.6256 2.5958 3.6113 2.5844 3.4748 4.7088 4.9859 3.8164 5.3917 4.5293 5.7543 4.2690 4.1114
6.1713 1.5314 0.3035 1.0636 0.3924 0.6858 0.1018 0.8880 2.1971 1.4325 1.8622 0.4353 4.9902 2.8447 3.5525 2.8986 3.6415 2.8834 3.3841 1.0827
5.3427 5.0708 5.9983 4.9599 5.3682 4.6705 5.4991 4.4842 3.1206 3.8409 3.0239 3.5688 4.3874 5.1273 4.9870 5.1602 4.7314 5.5054 3.5718 4.3061
0.0910 1.2416 0.4905 1.0029 0.1894 1.0749 6.0740 1.8941 2.2842 1.5700 2.2954 1.9585 2.6783 2.2120 3.7273 2.4537 3.3204 2.5531 2.8009 1.2936
6.1964 5.1917 5.8449 5.3660 5.2267 4.9884 4.8596 4.6567 3.7582 3.2994 3.6681 4.0455 4.2062 4.4856 4.7199 4.6630 4.2630 4.3491 4.5564 4.9714
0.5248 1.6041 0.6904 1.6350 4.8858 3.2475 4.0406 2.7962 3.7787 5.3167 4.9845 5.6513 4.6625 6.2732 5.5770 6.1775 5.2304 6.1429 5.3180 0.7390
6.1822 4.8255 5.8979 5.1557 4.9051 5.6938 5.0603 5.1972 3.8671 3.6335 4.4543 3.4750 4.0384 3.4615 4.3076 3.5291 4.3699 3.4159 4.4876 4.3260
6.2374 1.1395 0.8657 2.4489 3.5665 3.0838 3.8108 2.7232 4.4761 5.5689 5.0849 5.5806 4.5729 5.5415 4.9677 5.6582 4.3749 5.5222 4.9650 6.1072
5.4611 5.1513 5.8273 5.9427 5.6180 5.3008 4.8367 5.1191 4.9313 3.7553 4.4994 3.8126 3.8424 3.0605 3.7250 3.0819 3.6631 3.0852 4.2916 4.1609
0.3956 1.5095 0.0330 1.2556 0.0930 0.9143 6.0150 0.6417 0.5780 0.1811 6.2501 6.0031 4.5539 5.2521 4.4654 4.9396 4.4113 5.5577 4.9383 0.3316
5.6924 5.0013 6.0972 4.7003 5.4679 4.6351 4.8500 2.8583 1.8062 2.5696 1.7701 2.1481 3.9518 3.3046 4.1710 3.0267 3.3801 2.8048 4.5965 5.3149
0.8683 1.5525 1.1359 2.0375 5.6697 0.0651 5.5104 5.7805 0.7582 0.0452 0.5161 5.2351 4.6516 4.9982 4.3064 5.2451 4.4539 4.5808 3.6237 2.4174
1.2473 0.0136 0.6094 5.8599 4.9389 2.8732 3.4112 2.6986 1.5547 1.9728 1.5816 2.1855 3.3044 2.1659 3.5550 2.5851 3.6230 2.5936 2.3619 0.7515
1.9823 1.7737 1.9700 3.3204 3.5484 4.3623 4.1425 5.7649 0.6752 6.0676 0.8828 5.3463 4.6298 4.8419 4.3126 5.0324 4.0510 3.7857 3.2520 4.0839
1.8958 3.4114 1.6522 1.0801 1.9511 1.2630 3.1974 1.7792 2.5361 2.0701 1.9637 2.3771 3.6105 2.6007 3.5499 2.4654 3.3471 1.7038 2.7048 1.7589
2.3012 1.2549 2.1080 3.2590 2.4181 3.8386 3.5522 4.1614 3.2475 4.6957 3.0157 4.8148 3.8286 4.3787 3.9923 4.3512 3.3063 4.3446 4.0740 4.7571
2.6815 3.6363 2.3433 0.3228 1.4183 1.0094 2.7623 2.4287 3.3203 2.5639 3.1128 2.2681 2.8511 2.3297 2.8642 2.1961 2.8436 2.1460 3.1658 3.0692
1.6226 0.5343 1.2316 1.0004 1.9802 3.8259 3.0447 4.4924 3.9579 4.8636 3.7543 4.4168 3.5544 4.1962 3.6675 5.0127 4.3170 4.9138 4.7594 0.2342
