5.0568 0.4486 1.8899 1.8424 2.7732 1.7959 3.1722 2.8484 4.4494 3.9951 4.4883 3.4260 5.4684 5.2567 6.1710 6.1972 5.0736 5.8854 4.6549 5.5635
3.6567 3.5609 2.9215 4.0595 3.1590 4.3256 3.8302 5.7707 4.9352 5.9212 5.3919 5.8359 5.4121 4.3186 4.5294 3.7410 4.2306 3.2501 4.7696 3.3883
3.7804 1.3281 2.2483 1.8567 2.7400 2.2737 3.4038 3.4129 4.4329 3.8612 4.8412 4.4027 5.1400 0.3596 5.3767 6.0807 5.0298 5.5050 4.9012 5.4782
3.8094 3.4421 3.7384 3.4477 4.3288 5.3172 4.5087 5.6693 5.1328 0.1204 5.6412 0.1307 5.3329 4.2395 4.8101 3.2957 4.3601 3.5147 4.5490 3.5629
4.5128 5.6378 5.1189 6.1462 5.1621 3.8431 4.2680 3.5540 4.4351 3.6058 4.9408 3.4996 5.9730 0.4219 5.0329 5.9292 5.3190 5.7674 4.7319 5.4425
3.8065 3.2417 4.2723 3.6887 4.8450 6.0214 5.1824 5.7551 5.0562 5.4834 5.0803 6.1132 5.5665 4.9469 4.8426 3.4166 4.9811 3.0223 3.9149 2.8263
4.8498 5.3017 5.4308 5.7466 5.2467 4.0270 4.6949 3.8889 4.7185 3.6473 4.4241 3.4802 4.8950 4.3529 4.8883 5.5446 5.6766 5.6588 5.9552 4.9417
0.4331 1.1967 0.2387 1.0618 6.1516 0.7186 0.0084 0.1547 5.7403 0.1395 5.2003 5.7390 5.6466 0.7612 6.2831 0.8110 0.0094 1.1185 0.4135 1.5228
5.9297 5.3238 5.8314 4.2455 5.3719 4.7347 5.3325 4.2701 4.7537 4.0100 4.8727 4.0631 4.7060 4.3519 5.6088 5.3342 5.9908 4.8351 5.9649 5.6244
0.0238 1.3668 0.0783 0.4452 5.9954 0.9327 5.7137 0.4750 6.0313 0.3734 5.7047 0.3781 5.3938 0.5460 6.1909 1.3889 0.3694 0.9626 0.5670 1.8355
5.7458 5.4672 5.2840 4.0302 5.3313 4.3670 5.3490 5.1501 4.9623 4.0712 4.6841 3.8398 5.2205 4.8735 5.4194 5.2625 6.2017 5.2854 5.8286 5.1701
1.1060 0.8672 0.9838 0.5923 5.5445 6.0381 5.0754 4.2065 4.9519 5.6007 5.5040 0.2058 5.7018 0.8126 6.1252 1.6571 0.4028 0.9119 0.8423 1.2075
2.3513 3.9281 2.6196 3.5937 4.2574 3.4883 4.2521 5.2696 4.5120 4.3769 4.0567 4.2170 5.2142 4.3459 4.2794 4.8805 5.2609 4.5346 2.8445 3.7193
1.0092 2.0641 1.7911 0.5053 5.3469 5.4310 3.9761 2.8195 3.4014 2.7749 3.5012 1.5952 2.0213 1.3455 3.0634 1.8740 2.7893 1.5873 2.1369 1.7121
0.5521 0.6078 2.3256 3.6265 4.1731 2.5850 4.2348 5.1468 3.9976 4.6672 3.5381 4.4111 3.4102 3.6039 3.4498 4.2896 3.8101 4.3150 3.2110 4.9719
1.2088 2.9279 2.0391 0.3308 4.8402 4.8335 3.3398 2.4249 3.4304 2.2123 2.9627 1.8224 2.4072 1.7496 2.6727 2.4342 2.8811 2.5476 2.4010 2.2181
1.4157 0.6670 1.7398 3.1232 3.9419 3.1526 3.2570 4.2547 4.1710 4.0842 4.2790 4.0696 3.0928 4.0241 3.3138 4.7762 3.7741 5.6030 1.2444 0.2540
1.3628 2.3676 1.9690 2.0760 3.6662 2.3770 2.8502 1.5338 5.2779 0.0328 5.8730 0.3149 1.2665 1.2683 2.1888 2.4996 3.3486 2.8669 2.3242 2.3516
6.1080 6.2577 1.9361 5.9690 3.9623 4.8025 4.0670 3.7875 4.6400 3.8836 4.3663 3.2263 2.4869 2.9886 2.0952 5.9681 4.6041 5.4226 4.7365 5.5365
4.6117 3.7624 2.7888 3.0879 3.0756 3.2804 3.6023 5.6429 4.8471 0.0376 5.3026 6.0540 0.0769 0.7777 1.8410 2.9243 3.9643 3.4111 3.7990 3.1056
