1.2128 1.6005 0.4525 1.3969 0.9500 1.7346 3.8092 3.0202 4.2131 3.4100 4.2628 3.6477 5.3340 4.0072 4.3865 3.3368 1.0045 2.1306 0.8124 1.6841
0.4761 5.1293 5.8170 5.4080 0.3734 5.1497 4.6174 5.6702 4.6054 6.0885 5.2884 6.0264 5.6196 0.0848 5.6872 6.0875 0.2478 5.8370 0.2355 5.3330
1.1654 1.5006 0.4688 1.3908 1.3133 2.4328 3.5175 3.4838 4.4200 4.3736 4.2175 3.6993 4.9471 4.4134 5.0574 4.2393 6.2643 0.5192 1.1188 1.2260
2.1895 5.2950 6.1406 5.8984 0.7336 5.8591 5.3924 5.8557 5.4813 6.1056 5.2133 5.9883 5.6947 0.1093 5.7288 0.7106 0.5485 3.0708 1.9848 2.7651
1.7855 1.8872 1.3069 2.2027 1.3194 2.8606 4.2103 3.1884 4.8341 4.0244 4.5533 3.8196 4.3426 4.1145 5.0772 4.6258 0.1238 5.9792 0.5586 5.9542
1.0213 6.2627 0.7750 5.9663 0.3532 5.9396 5.1493 5.9154 5.0654 5.6105 5.4820 0.0654 6.1305 6.2226 0.2195 0.8895 0.9582 1.9366 1.4475 1.9700
1.3844 1.9802 1.1363 1.8708 1.3427 3.0083 4.3190 3.0852 3.8190 3.4297 3.7029 2.4462 1.2935 2.7888 0.5698 5.8944 0.5741 5.9305 0.8672 1.4464
0.7866 0.1267 0.7473 5.6539 0.6183 0.3783 5.4953 5.7270 4.8934 5.6676 4.6812 5.7498 0.2619 0.2863 1.0780 1.6865 1.1832 1.9764 0.6247 5.9088
1.3173 1.8440 0.9713 0.8246 0.4924 4.4318 4.8177 3.5621 3.7791 2.6983 3.7533 2.9414 1.9474 2.8050 1.2528 6.0334 0.3173 5.9326 0.9958 2.1129
0.3191 6.2501 0.9645 2.7037 1.1983 1.4303 6.0653 5.3670 4.6567 5.6285 5.2023 0.1040 1.0579 0.6437 1.2758 1.3954 1.4171 1.7194 1.2921 0.0268
1.9101 2.4988 1.0925 0.4602 1.1860 0.0873 0.6229 1.9708 3.5433 3.1954 4.5048 3.3182 2.4617 3.0111 2.2630 3.8736 2.7425 4.2392 1.8580 2.3366
0.7953 0.3389 1.0986 2.5851 1.5720 1.9987 1.1623 5.3819 4.7376 5.8129 4.9042 0.4135 1.6854 1.1301 1.8639 1.1896 2.3867 1.3647 1.6090 0.2374
1.4135 1.6453 1.1939 0.0596 1.6002 0.4238 1.3242 2.0708 4.1931 3.6235 4.1055 3.7030 2.5006 3.0810 2.7099 3.8556 3.1777 3.5542 2.3809 1.4294
2.6944 3.4945 1.2399 2.4190 2.0665 2.7155 1.4273 6.0761 6.1933 0.3023 6.0888 0.6550 1.5651 1.5410 2.0460 1.3334 2.3684 1.7045 2.6895 3.7691
1.7940 0.8580 0.8184 0.4067 1.2618 0.7281 0.9226 1.8657 0.8557 2.4656 1.2990 3.0051 2.2158 3.4865 2.7817 3.7817 3.0118 3.2498 2.4265 1.7046
2.2635 4.2301 5.3668 4.8781 5.8772 4.9272 5.9795 5.1466 0.3794 1.3941 0.9368 1.0536 0.6012 1.3129 1.3670 1.3232 2.2727 1.1326 2.0753 3.5641
1.3266 0.8235 0.0243 1.0568 0.3715 1.4987 0.7378 1.3143 6.1175 5.3095 5.9563 5.1580 5.6490 5.3848 0.3738 3.9772 3.0127 3.3470 1.3951 0.9937
3.1184 4.2680 5.5469 5.1564 5.8500 4.4861 6.1764 5.1443 6.0332 0.9487 0.6186 0.9740 6.2129 0.7158 0.1663 0.6636 1.9920 0.4901 1.2881 3.6314
1.1327 1.0727 0.5277 1.0343 0.1979 1.3478 0.5922 1.3340 5.8586 4.3659 5.7938 5.0939 5.3337 4.1910 4.5208 3.7097 2.1433 2.5003 1.5776 0.7637
6.1701 5.5858 6.0045 5.6853 0.0238 5.1343 5.3851 5.6245 5.5579 6.2674 5.9788 0.3110 5.9216 6.0819 5.6490 0.5504 1.1410 5.8595 0.3865 5.1515
