2.9385 1.4759 2.6775 1.7184 3.4796 6.0537 5.0061 5.1402 4.3417 5.2778 4.9274 5.8167 4.8009 5.1830 4.2450 4.8976 3.8004 2.4318 2.8837 2.1412
3.6742 4.2798 4.0940 4.0595 4.2582 3.4399 4.6376 2.8267 3.7925 2.6563 4.2621 3.5342 4.4386 3.3644 3.8176 3.1527 4.1426 4.6558 3.6315 4.2076
2.5726 1.1663 5.1095 0.4816 5.4754 5.9419 5.1026 5.5786 5.0661 5.3700 5.1177 6.0360 5.3356 6.0957 4.5834 5.6480 4.4723 1.3235 2.4041 1.6649
3.4517 4.7792 5.0148 4.0246 5.0520 3.8770 4.0243 3.3644 4.4860 3.2550 3.9921 3.5374 4.7556 3.5864 4.5149 3.5050 4.3671 4.7793 3.6936 4.6702
3.2157 2.7130 5.8533 0.1579 5.6769 5.8675 5.3910 6.0631 5.5644 5.9640 5.3678 6.1949 5.2927 6.1612 5.0851 5.4172 4.7014 2.7436 3.3471 2.8327
4.5716 5.5810 5.8685 4.5933 5.2807 3.9242 4.4990 3.6090 4.9510 3.5916 4.5064 3.5897 4.6314 4.0820 4.9260 0.1442 5.5879 5.9139 4.8626 5.4653
3.5528 2.3581 5.8674 0.5246 0.1825 6.2790 5.8183 6.1742 5.6441 5.6463 5.4962 5.9150 5.2700 5.3574 4.6602 4.1274 4.5965 3.2428 3.8185 2.8240
3.7686 4.3130 4.7869 3.9154 1.2625 2.0923 1.2615 1.5631 0.5512 1.4738 5.8906 6.2137 5.3388 5.8009 4.7470 6.1533 5.3544 5.7239 4.7145 4.9842
2.6046 1.2400 0.0905 0.0720 0.8535 6.1002 0.3329 5.7187 6.0748 5.0004 5.5990 4.7581 5.0166 3.8456 3.6780 3.1558 3.5755 3.4930 3.1199 2.4510
3.3773 3.5660 1.4250 2.5335 1.5612 2.2750 0.4757 1.1018 0.7782 0.9905 0.3113 0.6813 5.9381 1.0696 2.8605 1.4481 2.7063 1.7571 2.9021 4.0919
2.2842 1.0139 0.9533 5.8255 0.5334 6.0747 5.9401 4.5994 3.1096 4.2077 4.0327 3.8335 4.2366 4.3245 3.3112 4.1595 3.8480 4.4762 3.7117 1.5558
3.7126 3.3650 1.1961 2.1992 0.9210 1.7924 1.1668 1.7938 2.2877 2.0544 2.8675 1.9059 3.3534 1.8437 2.4962 2.2194 3.2331 2.5473 3.8413 3.3494
4.5680 5.8307 0.7518 0.4089 0.9700 0.1490 0.6017 5.0690 3.2972 4.2595 3.4785 4.8738 3.5578 4.1677 3.2010 4.1816 3.8126 4.7175 4.3500 5.0346
3.6035 2.8946 2.3798 2.9017 3.1431 3.1592 2.4704 2.2943 2.4457 1.6389 3.4370 2.5501 2.8826 1.6337 2.4707 1.7804 2.9694 2.3119 3.4059 2.5465
4.2588 5.6714 5.1372 5.1444 4.6507 5.0349 3.6810 4.9446 3.7201 4.2314 3.9969 4.8965 4.0288 4.3523 3.4329 4.4726 4.4017 5.4100 4.7683 5.1117
3.2544 2.8353 3.4480 2.8049 3.3801 2.8723 3.1252 2.6386 2.9399 1.6262 2.9050 2.5279 3.0732 2.5657 3.1029 2.2978 3.5309 3.1057 3.5549 2.9755
3.6604 5.4227 4.0728 5.2594 4.3038 5.0630 4.6303 5.0651 4.2506 4.2419 3.7785 4.3170 4.2303 4.8918 3.5949 5.1680 4.2139 3.3820 3.6805 4.0182
3.8456 3.7849 3.3578 3.7267 3.1401 2.8509 4.0146 3.0323 3.9278 3.2269 3.3243 2.0263 3.4491 2.4549 2.8036 2.6889 4.3466 5.6372 4.4567 4.5489
2.9592 1.5631 2.1849 1.5175 3.0922 6.0504 5.1790 5.6912 4.7008 5.1677 4.3917 4.9607 4.0876 5.0128 3.8540 4.3684 3.8478 3.2370 3.6824 2.5575
3.0042 3.8769 3.3785 3.9252 3.6366 3.1854 4.2133 2.9714 3.6757 2.9600 3.4773 3.2671 3.5096 3.0173 3.3465 2.5267 4.2965 4.9526 3.9608 5.1180
