4.6669 3.6587 4.3981 3.6844 3.9711 3.2049 3.4042 2.7771 3.4046 2.3409 2.9052 2.1290 3.0672 2.1713 3.0280 2.8684 4.2363 3.6049 4.9759 3.8203
5.6011 5.9448 5.4128 5.9468 5.0396 5.7425 4.7689 5.4742 3.9663 4.7945 3.4072 4.4125 3.8418 4.4179 3.6839 5.1755 4.7978 5.6264 5.7892 5.6541
6.0909 5.1599 5.5387 3.9785 4.9851 3.9247 4.1363 2.9291 3.3327 2.4266 2.4995 1.8945 2.6246 2.1700 2.8717 2.5020 2.0495 2.1300 0.7691 1.4639
0.2274 1.4032 6.1498 0.7212 0.3707 0.7506 5.4569 4.9474 3.9325 4.5134 3.7134 4.5124 3.3780 5.0019 4.3207 5.1606 5.9450 5.6242 0.2410 0.3046
5.5977 5.0386 6.0273 5.5549 6.0352 5.6893 0.2968 0.8880 2.4415 2.5700 2.5975 1.9962 3.1437 2.5174 3.8861 3.3323 4.5909 4.4354 6.1540 5.2729
1.1910 1.5404 1.2003 1.7155 0.7281 2.5985 1.7843 2.6248 2.0728 0.5428 2.0150 4.9701 4.3660 5.0354 4.9120 6.2142 5.4812 0.8077 0.5601 1.6067
6.2159 5.4791 0.1865 5.7414 0.4428 6.2237 1.0145 0.4836 1.5671 2.6811 2.0730 2.1497 3.4457 2.9484 4.1444 3.6935 4.6833 4.4882 5.7940 5.4765
1.6265 1.4332 1.0119 1.9542 1.3670 2.3320 1.8642 3.2211 1.6019 1.2343 1.6797 5.3823 4.2511 4.8108 4.2696 5.7208 5.1604 0.8186 0.5077 1.7503
0.3036 5.6408 0.1882 5.8485 0.6774 0.1111 1.3470 1.1410 1.7702 1.5625 1.8870 1.9590 3.3347 2.3439 3.0959 2.8428 4.4857 4.8421 5.9827 4.8866
0.3008 1.6816 0.7199 1.8863 1.5207 2.7734 1.8521 3.9886 2.7744 3.3848 2.5222 3.5194 3.7749 4.8887 4.0019 4.4894 4.5609 5.8992 6.2633 0.2841
6.2002 5.4108 6.1736 0.3285 0.7373 0.7491 1.3678 1.4362 1.7240 1.1754 1.7053 1.0169 2.5560 1.8823 2.5673 2.1406 3.0843 2.2230 1.4091 1.6633
0.0408 0.9215 6.0341 4.4243 5.8158 4.7522 5.5490 5.0036 2.3603 3.4951 2.2310 2.9179 3.2862 4.3690 4.0606 4.7266 3.8660 5.3511 0.3586 5.5897
0.3381 0.7851 0.1340 0.6650 0.0102 1.0154 0.6418 1.5582 1.2770 0.3487 0.7087 0.0324 2.6258 1.4844 2.9324 2.8821 3.0451 2.5706 0.8743 1.3753
5.5476 4.3113 5.3051 4.9760 5.9425 5.2994 0.2768 6.0795 1.9492 2.4159 1.7393 2.5919 3.2195 3.3007 3.9516 5.5145 4.5757 5.4415 5.4556 5.8434
5.9807 0.5221 5.9934 0.9184 0.2917 1.8791 1.2303 2.7713 2.3652 3.5483 2.9912 3.7293 3.4345 4.5741 3.3097 2.8985 3.7890 3.0049 4.3046 4.4901
5.9140 4.9981 5.6140 5.0168 5.5947 4.9578 0.2769 0.2806 1.4128 0.8952 2.0024 1.0116 2.5011 2.0753 3.4994 5.0228 4.6740 5.1128 4.4060 0.4754
5.1686 0.9698 6.1260 1.1746 6.1397 1.3945 0.3791 2.4462 2.7593 3.4246 3.6281 3.7020 3.4526 3.2857 3.3945 2.7698 4.3281 2.7115 3.8268 3.9056
4.9126 4.7925 5.1190 5.1071 5.5250 5.4966 5.5621 5.3854 3.7058 4.9808 4.3507 4.2352 3.4742 4.4754 4.0591 5.0102 4.6866 5.9917 4.8915 5.9110
4.5357 3.6146 4.6784 3.4159 3.9170 3.4918 4.2385 2.8163 3.8432 3.2415 3.4837 1.6746 2.4645 1.9015 2.7761 3.0115 3.8971 3.6428 4.7179 3.6823
5.3143 6.1201 5.3848 5.7712 4.8177 5.6096 4.7079 4.9789 4.3956 5.2302 4.1486 4.1967 3.5582 4.7124 3.6520 5.1621 4.7715 6.0765 5.8885 6.0808
