2.3565 1.4440 3.0643 4.6388 4.3818 4.9493 3.9598 5.7021 0.0821 5.7052 0.5293 5.3296 0.5716 5.3878 0.4105 6.0560 0.0072 0.8376 1.0757 1.6583
3.3091 3.7938 3.3711 2.3761 3.2307 2.0455 3.1029 2.0938 0.5806 1.4485 0.8091 1.6003 1.2325 1.9919 1.3234 2.7945 3.0842 3.2938 2.6817 3.7542
2.0285 2.2145 3.1801 4.5564 3.7171 4.7307 4.2330 5.0028 0.0379 5.1470 6.1874 5.2444 0.4299 0.0634 1.2180 0.4306 1.9935 1.2479 2.2106 1.5814
2.6408 3.8159 3.1007 3.2186 3.6348 2.6166 3.0697 2.4273 0.5403 1.5456 0.7402 1.8371 1.7756 2.4889 2.3630 3.1521 2.4329 3.4078 2.8341 2.8980
2.2614 1.2657 2.4090 0.2562 4.8700 5.7463 3.9472 6.2357 6.2344 6.2696 5.9138 0.2970 1.2568 0.5075 0.6881 0.5384 1.9718 1.0128 1.4322 0.9538
2.8623 3.6554 3.1927 3.5124 4.0448 3.9186 3.3215 3.9761 4.7353 4.2173 4.5377 3.4142 3.3913 3.2191 2.7722 3.1355 2.8961 3.2643 2.7893 3.3344
1.8194 1.4008 2.4587 1.9399 2.9401 2.0080 2.8354 1.6905 4.5577 5.6955 4.5944 5.1120 4.1973 5.6495 4.4445 5.2954 4.6247 5.5640 5.5001 0.4553
2.9346 3.5411 3.4087 3.8054 3.2504 4.2568 4.0594 4.4904 3.9714 3.4136 4.1224 2.7891 3.3849 2.7856 3.6379 3.1066 3.9407 3.3106 3.8771 3.0205
2.8190 2.3381 2.7303 1.4969 2.6444 2.0958 3.3434 2.9302 4.0293 4.0142 4.4012 4.8583 4.3853 4.1596 4.5329 4.9733 5.4900 5.8584 4.7688 5.4893
3.4720 4.5671 3.3691 3.6969 3.3748 4.2869 4.1188 5.6347 4.5764 5.7626 5.5644 0.4434 5.5585 6.2441 5.8335 0.1923 5.9200 2.9343 3.4990 2.5237
3.4413 1.9735 2.7947 2.3470 3.1815 2.3970 3.6325 2.8717 4.3979 3.9021 5.0878 4.1781 4.9637 3.8095 4.8837 4.3703 5.9563 5.1932 4.2546 4.9203
3.5081 4.2547 3.8820 4.9991 4.2392 5.1835 4.3245 5.3510 4.7144 5.5168 5.1321 0.3810 5.5306 0.0034 5.5864 1.1590 0.5674 1.1450 2.8167 2.2405
3.6621 2.6770 3.7332 3.0141 3.5162 3.1244 3.5402 3.0744 3.7207 3.4156 4.3107 4.1301 4.8864 4.0532 4.7282 4.0863 4.3292 3.9179 4.0241 3.8759
4.7603 5.0168 4.5603 5.1257 4.3318 5.4809 4.4101 5.1414 4.4445 6.0629 5.1095 0.5613 5.7426 6.2794 5.3783 0.0605 5.2342 5.9068 4.6440 5.7400
3.6323 2.8752 3.1753 2.4386 3.1543 2.9411 3.4476 2.6737 3.0957 3.3621 4.7681 4.8772 4.9806 3.9410 4.6523 3.9225 4.5204 3.3864 4.1224 3.1551
4.3741 5.1264 3.9256 4.9779 3.5769 4.5493 4.0355 4.6593 3.5526 6.0230 0.1189 0.6405 6.2152 0.0885 5.1986 6.1905 5.1359 5.7033 4.9039 5.1643
3.3654 2.7392 3.4385 2.3621 3.1545 1.8483 3.1842 1.8100 2.3793 2.6451 2.2950 4.1050 5.5920 4.7433 4.6833 3.4798 4.3070 3.3023 4.2044 3.1332
3.7683 4.5734 3.9385 3.7224 3.9252 4.0210 3.4804 2.8704 2.1094 1.7103 1.6949 1.1279 0.1915 0.2907 5.9028 0.0049 5.4967 5.7466 4.8972 5.6469
3.6286 2.2527 3.6155 5.3710 4.7872 4.8049 4.4259 5.7007 0.8888 6.0254 6.0046 5.4788 6.2026 4.1853 5.3096 4.3328 5.0541 3.6623 4.5782 3.2035
4.2094 4.7300 3.2553 2.7099 3.4355 2.7432 3.0529 2.3537 1.4895 2.0206 0.8809 1.0496 0.4596 0.7602 0.4194 0.6697 5.9383 5.6884 5.1736 5.1124
