3.7122 3.5106 2.5240 3.1969 3.0310 3.1803 2.5853 2.8017 2.4972 2.6074 1.6434 2.8939 1.8648 2.4353 2.0254 4.4762 5.9276 4.6844 3.3725 3.5990
0.6353 0.4280 1.2604 1.3176 1.7989 0.7947 1.8740 0.1824 1.4867 0.2553 0.8603 0.6441 0.8929 0.1798 1.3768 1.1710 0.6619 1.1089 1.3431 0.6777
1.2069 1.9585 1.5818 1.8335 1.8877 2.5056 2.4276 2.5958 2.7437 2.6231 1.5090 2.8059 2.0538 2.2166 1.6449 2.8412 1.8884 2.2681 2.2912 2.7245
0.8249 6.1784 0.8042 5.7625 0.6238 5.9333 3.5972 4.3103 2.9349 0.9938 1.0899 0.6884 0.9027 0.2095 0.5060 0.2941 1.3241 0.0673 0.5704 0.0271
1.2075 2.2470 1.4915 1.9963 1.3327 2.3757 3.1546 2.2233 2.7535 2.8819 1.0185 2.7481 2.0450 2.4486 1.8143 2.3936 1.6277 2.4784 1.2717 2.3345
0.8174 0.5249 0.2558 0.1917 0.4022 5.1675 3.9564 5.1397 4.1581 5.8871 0.4052 6.2407 0.8556 0.0545 0.4840 0.3534 0.5125 0.1367 0.7627 6.0196
0.9554 4.0493 5.6847 3.8996 1.4671 2.4693 3.4180 2.5552 3.2121 3.0212 1.7764 2.6064 2.1015 2.4370 1.7820 2.3706 1.6264 2.2892 1.4394 2.3040
0.6336 0.1945 0.1378 0.7325 1.0323 5.7759 4.1699 5.0618 4.3526 5.9096 1.2227 0.2456 0.9667 0.2083 0.7004 6.2611 0.1825 6.1781 0.6955 0.2255
1.8254 2.2180 1.2317 5.5712 1.1779 2.1646 3.6075 2.9008 3.2783 2.4713 2.1643 3.0230 1.6516 3.0718 3.6214 2.3030 0.9337 2.0258 1.7290 2.7424
1.6930 0.8193 1.6857 1.4373 1.3169 5.7475 5.0434 6.2511 0.9971 0.2583 0.9455 0.5171 1.1528 6.0269 4.6516 5.5397 0.5233 0.2209 1.1329 0.5809
2.4844 3.9043 2.1418 3.4300 1.7970 3.0125 3.3483 2.8027 1.5718 2.5062 2.1379 2.8827 2.3110 2.8013 3.3773 2.7404 1.8320 2.7950 2.2812 3.2768
2.3031 1.3697 2.0474 1.0179 1.7993 0.4161 2.2118 5.9611 0.6484 0.1112 1.3760 1.0772 1.6044 1.4193 2.3835 1.4551 1.8511 0.4154 1.6131 0.6701
2.7427 3.4671 2.4917 3.1545 2.6239 2.9857 2.2731 2.7868 1.8366 2.6770 1.7727 2.9712 2.4928 3.8684 3.4995 3.9319 2.7956 3.3919 2.6230 3.1523
2.2986 1.4794 1.7950 0.9924 1.3115 0.8571 1.8294 0.5402 1.3269 0.3390 1.2752 0.4962 1.2847 1.6678 1.5247 1.8938 1.8954 1.7673 2.1873 1.3897
2.8450 3.9528 2.8962 3.5353 2.9794 3.8887 3.0625 3.2318 2.2793 2.8631 1.6831 2.4717 1.1104 5.5369 0.3717 5.8123 0.8400 5.1802 3.1005 3.4396
2.1651 2.0716 2.7483 1.5386 1.6365 0.7744 1.5279 0.7202 2.1136 0.4412 0.8218 0.3379 0.8854 1.8010 1.4140 2.1041 0.8241 1.7823 2.2163 1.2656
3.9149 4.4036 3.0390 3.7924 2.3833 3.3065 2.2551 3.4392 2.5818 2.8674 1.9010 2.5747 0.7906 5.6346 6.1793 5.6755 6.0839 5.0051 3.2030 4.1726
2.6308 1.7086 2.1969 1.2084 1.3890 1.2374 1.9398 1.0553 1.1957 0.3909 0.8477 0.3330 0.8564 0.4697 0.5471 1.6105 0.8503 1.2253 2.1556 1.9062
3.2545 3.7637 2.9356 3.5645 2.3708 3.0688 1.9802 2.7235 2.0836 2.8802 1.6109 2.6973 1.8343 2.2135 0.6843 5.6739 0.4111 4.2347 3.2676 4.1814
2.0138 2.0589 1.6145 0.4529 0.9516 0.3501 1.2591 0.6698 1.4519 0.3962 0.6300 6.1536 0.9916 0.2405 0.8527 1.5638 0.4757 1.4625 2.0013 1.8258
