4.9225 5.8416 5.5380 5.6786 4.5006 5.4742 4.2337 4.7971 4.2565 4.1449 4.4422 4.6953 4.8865 4.2660 5.4718 4.5377 4.8094 3.9131 4.6352 2.3845
5.1733 3.6336 4.7493 3.0789 4.0463 3.3053 3.6877 2.6082 4.7615 0.0998 5.5001 0.0510 0.3336 6.2671 5.5963 6.1316 5.4973 5.6234 4.5782 4.5585
5.5647 6.0857 5.3085 5.7990 5.1910 5.4434 4.9664 5.2130 4.4659 3.8003 4.2512 2.7342 2.0405 2.7467 4.4619 3.6324 4.0954 3.3143 4.4895 5.9825
4.5015 3.3921 4.5013 3.7357 3.9807 3.5316 3.8964 2.9559 4.5893 5.5802 4.6639 5.4062 6.2207 5.1962 4.9753 5.2263 4.8998 4.8120 4.2833 3.8865
5.3003 5.6226 5.0999 5.9114 4.6885 5.5523 5.0805 5.4076 4.5958 2.9662 3.7640 1.9437 0.8800 1.4648 0.6375 1.9181 0.8260 1.4719 1.9463 0.6655
4.2099 3.4248 4.7251 3.1675 4.0226 3.9036 5.1342 3.3425 4.8648 4.9391 5.3261 5.5309 0.3219 5.7357 6.2521 5.7839 0.6039 2.8917 2.8898 3.5437
5.5071 5.8810 5.3848 5.9934 5.5558 6.0993 5.4987 5.9453 5.2262 0.5520 0.1477 1.4702 1.2227 1.8128 1.1620 1.1040 0.8288 0.0041 0.7721 0.5309
4.5952 3.8925 4.1302 3.6746 4.2983 3.8548 4.6071 3.7960 5.2055 4.5757 6.1395 5.0267 0.0031 0.5000 1.8041 2.8511 1.8130 2.2219 1.7111 4.1157
5.3391 6.0699 5.0944 6.0095 5.4800 6.2576 5.5822 0.4168 6.1297 0.8613 0.7682 1.5697 1.7378 2.1909 2.2560 0.9437 1.2473 0.5751 1.4645 0.8224
5.1940 4.1658 3.9500 3.6053 3.6808 4.0842 3.8158 3.9385 5.4987 4.8106 5.6194 4.6510 3.9802 4.0519 3.0314 3.5098 2.5343 3.2003 2.6268 4.4353
5.7626 0.2241 1.9961 0.9179 2.4479 1.8662 2.6617 0.9135 0.2750 0.8384 0.8117 1.5521 2.6362 1.9412 2.0920 1.2988 2.4543 1.3379 2.7753 0.2266
4.9949 3.5711 2.7826 3.2542 3.0802 4.0042 3.4554 4.3376 3.9330 4.2391 3.9129 4.8214 3.9146 4.8481 3.7662 4.3345 3.6676 4.0733 4.4309 3.2675
5.9555 0.5741 1.8952 1.1602 2.8713 1.4285 2.4402 2.2117 3.0973 1.9493 2.7745 2.2228 3.5028 2.5878 3.4810 2.7794 4.2022 4.7895 5.3285 5.4325
0.9959 2.3323 2.3725 3.2152 2.8576 4.0491 3.2845 4.2015 3.1895 4.4703 3.5958 5.0913 4.5067 4.8166 4.3994 5.3083 4.9033 6.0349 6.0545 1.1496
0.1668 6.0271 0.8772 0.6939 1.9043 1.3948 2.3015 2.0332 2.6459 1.9329 3.4453 2.5194 3.1757 2.5348 3.7979 3.0814 4.2773 4.0675 5.2194 4.6176
0.2008 1.6910 1.9557 2.8824 2.7091 3.3609 3.1737 4.3671 3.4730 4.1155 4.6285 4.5179 4.6163 4.7210 4.6031 6.0471 5.5579 0.5882 5.9616 0.5030
5.9563 5.4190 1.0839 0.5338 1.9437 0.8408 1.9986 1.6258 2.7925 0.9322 5.1931 6.0096 5.3129 0.3298 4.9381 4.0850 5.1174 4.0025 5.1277 4.5576
6.1205 2.0947 2.2256 2.5337 2.6536 2.8202 2.9945 3.4791 3.4110 3.4679 4.3880 3.7643 4.5528 3.8117 5.1898 0.3774 0.1776 0.3287 5.7338 0.4915
5.5355 5.8648 4.9145 5.7412 4.2275 5.1023 4.6416 5.4986 4.1225 5.1508 4.7572 5.5646 5.0982 5.4753 5.4468 4.6311 5.2298 4.1958 5.0797 4.1715
4.8079 3.7918 4.0058 3.3490 3.3630 3.2313 3.7730 2.9555 3.7439 2.6307 3.1828 2.2086 5.6803 0.9976 6.1456 0.5483 0.2199 0.2853 5.3268 5.2904
