0.9713 0.0945 0.3753 5.5619 5.9752 0.9181 5.8305 1.1559 6.0737 0.1495 5.6012 0.3105 4.9245 0.7885 2.2042 1.1090 1.7166 2.1392 1.5697 1.8345
1.1923 1.5133 0.8213 1.3482 5.6882 4.2235 4.8868 4.2376 4.7858 4.2114 4.4611 3.5843 4.0871 3.3672 3.3353 2.6416 2.1906 0.9200 1.2125 0.8623
0.9736 5.0454 6.0754 5.5322 5.5803 0.1656 5.3382 5.8641 5.3287 5.5020 5.0113 5.8780 4.8713 5.6176 4.1665 4.4197 3.0211 3.8106 1.8209 2.4976
0.9309 1.0556 6.1634 3.8243 4.7515 4.0878 4.6750 3.8838 4.9528 3.5001 3.6011 2.5748 3.7651 2.5317 3.8251 1.9449 2.7052 1.2128 0.7794 0.6880
6.0862 5.3857 6.0248 0.6010 0.0041 0.2185 5.8116 0.4602 5.1604 5.8889 3.7841 4.5611 4.4996 4.9563 3.8650 4.3850 2.9860 4.0970 5.3791 4.9549
0.8434 1.1117 0.0398 4.6898 5.2269 4.2296 5.1714 4.1096 4.4731 3.6822 3.7614 2.1681 3.6036 2.5880 3.0850 2.3628 2.6222 0.9671 0.3885 1.1306
5.9946 4.9295 6.2215 1.0061 6.0262 0.2628 5.7073 0.2220 5.6186 6.2104 4.4933 4.7295 4.3393 4.8518 4.3194 5.2581 4.2849 4.5941 0.3330 5.4675
0.6255 0.5514 0.4023 5.1785 4.9503 4.4408 4.2935 4.3217 4.0639 4.0495 3.7922 3.4252 2.9564 2.1197 3.3147 2.3118 1.4873 1.4356 0.8312 1.9746
0.7895 2.5966 1.3112 2.2837 3.3769 2.6174 3.2736 2.4214 2.9591 2.2701 3.0753 1.9242 3.0863 5.0698 4.1116 0.0161 0.4817 6.0064 0.2935 0.0812
1.0360 6.0000 0.4822 5.8040 4.0137 4.6954 3.9084 4.9959 4.5579 4.4659 3.9864 4.4468 2.9620 3.0677 3.2876 3.0701 1.7178 2.3009 1.6623 2.5315
1.1922 2.1375 1.4828 2.3725 3.1732 2.7672 3.1457 2.9021 3.2074 2.2570 3.2334 1.8988 2.5005 1.5417 1.8770 0.6361 1.2692 0.4258 1.1401 0.8823
1.7389 0.3559 1.2353 0.3081 4.5165 5.0790 4.8541 5.2203 4.9894 5.3142 4.0542 4.2695 3.6992 3.9164 2.9275 2.9848 2.2160 3.0521 2.0760 3.1581
2.2685 2.7933 2.6945 2.8819 3.1368 2.3999 4.0999 2.7160 3.9489 3.0224 3.3903 2.8254 3.3127 1.5738 0.6588 0.2352 0.7114 0.9395 0.8282 1.2763
3.2106 3.8260 3.8449 4.5908 3.9279 4.9126 4.2664 4.8922 4.2500 5.4411 4.3614 5.2326 4.0094 5.0923 5.8329 5.0635 5.9481 5.5135 0.2439 4.2755
2.5917 1.7474 3.1540 2.6038 2.7201 2.7414 3.4427 2.1403 3.0626 2.7221 3.7006 2.4817 3.0123 2.0104 0.9063 1.4090 0.5438 1.3550 0.8918 1.6855
3.9127 4.2158 4.2005 4.6625 4.4704 5.2507 4.6599 5.0692 4.3785 5.2225 4.5946 4.9132 4.2946 5.2669 5.8939 5.9144 6.1079 5.3717 0.3875 5.2632
2.5793 2.1102 2.9415 2.7309 3.9959 3.2801 4.0296 3.0979 3.9328 2.7746 3.8899 2.3893 3.3076 3.1306 4.0510 2.1804 1.1051 2.0755 1.2762 2.0080
4.0249 4.0141 3.9403 4.7711 4.4716 5.9597 4.9373 5.5829 5.0128 5.1826 4.6779 4.7060 4.1350 4.7376 4.2712 5.2118 0.4890 5.9072 0.3325 4.6377
0.5619 0.4294 2.2144 2.8741 3.9423 3.5377 4.1783 3.7566 5.2787 0.1743 0.0764 1.5998 3.3976 2.1182 2.2622 1.4218 1.4338 2.2263 0.7072 1.2530
0.9523 2.3578 1.6990 0.6315 5.7830 5.2761 5.3453 5.7893 5.2368 4.0243 4.9168 4.7264 4.2203 4.6080 3.3101 3.6119 1.7714 0.3961 0.7415 0.1494
