5.7088 4.6176 4.9108 4.1654 5.0883 4.1463 4.6135 5.9985 5.5158 0.4919 5.4294 0.7554 5.9902 0.7682 0.8956 1.3674 0.5797 0.9350 0.5812 4.8362
0.2458 0.9737 0.2721 0.5411 6.1032 5.6104 5.1546 4.7673 5.1833 4.3591 5.1879 4.7150 5.2174 4.6552 6.0536 5.1368 5.9907 5.1908 0.4327 0.9985
5.8546 4.4509 5.4072 3.1329 1.5996 2.0748 0.2914 0.7627 0.1763 1.0257 0.3897 0.5269 6.2723 0.7233 0.0755 0.9951 0.4439 1.1718 0.2680 4.9268
0.4245 0.1798 0.1510 6.2588 0.8469 6.0181 0.0955 5.5111 6.1475 5.2545 5.6519 4.8175 5.7676 4.9736 5.2633 4.9032 5.5050 4.8764 0.2300 6.1214
1.0816 2.6147 1.6170 2.8742 1.8306 2.4765 1.2526 1.9249 0.2836 1.0605 5.9516 0.9384 0.4239 0.9481 6.0847 1.0497 0.2351 1.2364 0.8863 1.5790
0.2303 6.0785 0.9120 0.2588 1.1340 5.7595 0.1524 5.2796 5.4255 4.3507 5.3330 5.0760 5.4028 4.6920 5.3507 5.1560 5.8037 5.1034 6.2740 5.6307
0.9731 1.4711 1.8858 2.1943 1.7211 2.2573 1.2757 1.8783 0.6254 1.0941 0.0333 1.1613 0.4992 1.0365 0.0554 1.2046 0.6689 1.3736 0.5251 0.6983
6.0384 5.3500 0.4042 5.8040 0.5376 5.5551 0.1662 5.9532 0.1067 4.8897 5.4338 5.2214 5.7950 5.0337 5.7977 5.6255 5.8260 5.2736 5.8388 5.0023
0.2907 1.3073 0.6298 1.8287 1.5906 1.6809 1.1193 2.1334 0.9656 1.3489 0.1082 0.7548 5.8551 0.6950 0.4200 1.1059 0.2389 1.5086 0.4207 1.3184
6.1662 5.1654 6.1837 5.1732 2.7804 4.0738 4.4300 4.6510 5.9487 5.0689 5.3868 4.3474 5.4835 4.8497 5.6570 5.3750 6.0448 5.3094 5.9136 4.8281
1.0421 1.2236 1.1784 1.5145 2.0661 1.6223 2.4968 1.2663 0.3956 1.3130 0.0236 0.6654 0.4141 0.6643 0.1246 1.6335 0.7091 1.2999 0.9300 0.9868
2.2695 3.2685 2.7193 3.8825 3.2547 3.5911 3.6000 4.3583 5.1615 4.8252 6.0010 4.6465 5.7133 5.4055 5.7535 5.6425 0.5568 4.1768 1.8521 3.2865
1.5315 1.2389 2.0698 1.4154 2.7983 0.2305 5.5821 0.4623 5.3717 0.1466 0.1936 1.2112 0.8123 1.9261 1.3052 1.7080 0.8654 0.7581 0.6575 0.2882
2.2905 3.1363 3.0492 4.1571 3.9349 3.5436 4.1774 3.6258 4.9786 4.3818 5.7319 5.1590 0.0811 5.7428 0.7517 6.1557 0.4958 0.1456 1.2055 2.8232
1.2148 0.9724 1.5482 0.8889 4.9983 5.4723 5.2567 6.0945 5.8024 0.4093 0.3306 0.6989 0.5957 1.7344 1.1446 1.8601 1.5927 3.1578 1.1009 0.6321
2.0178 2.4076 2.9875 3.2080 4.2086 3.1103 3.8041 2.5317 1.0157 2.3397 2.1016 3.0956 0.7494 6.0410 0.4378 5.9635 0.5767 0.3107 1.2591 1.5381
2.6217 4.2352 4.4885 4.5075 5.0549 5.3431 4.3987 6.0307 5.8667 5.9983 0.5319 0.4108 1.1795 1.7844 0.9228 1.7409 1.2203 2.4346 1.9226 3.5094
1.7096 0.9492 5.2449 6.2043 5.1919 2.4541 3.9399 3.2697 3.9453 3.1339 3.0792 2.8712 0.4869 5.6648 5.9191 5.7702 0.5176 0.1398 0.7579 0.4102
2.5230 4.0116 4.6651 3.8483 4.9079 4.4649 4.7985 5.5286 4.7119 5.9734 5.6390 6.0780 0.3226 1.1405 0.3777 2.0813 1.5419 2.1073 1.3365 3.4123
0.7696 0.7020 5.2928 6.2003 5.3576 6.0927 4.4328 3.5166 4.6042 3.8622 4.5946 4.3098 4.7143 4.6686 0.0189 5.6793 0.3734 5.9088 0.6009 0.7312
