3.1151 3.3075 3.3771 4.7339 0.8597 6.1775 0.3988 6.0216 0.3188 5.8817 0.4456 5.5706 5.6765 0.0161 5.1721 5.9073 4.5650 5.3672 3.8866 4.4728
2.1932 2.7749 2.1575 2.1948 1.6381 1.9715 1.1164 1.8682 1.1629 1.6969 0.5124 1.0878 0.1003 3.1646 3.9636 3.1204 3.7245 2.2992 2.6811 1.4740
2.1370 0.6722 1.3804 0.6583 1.2473 0.3228 0.5069 5.8335 0.0480 5.4616 6.0881 4.7812 5.7871 5.2114 5.1462 4.6238 4.4793 4.5718 3.1486 4.2695
1.7419 2.7001 1.9411 2.6876 2.2311 3.3060 1.9301 1.5328 0.2297 1.0101 0.3801 0.8192 6.1764 1.0814 0.0970 0.8489 0.1960 1.5295 1.4354 2.0004
0.7061 0.2109 0.9710 0.0993 1.1662 0.9964 2.0435 4.0636 5.2955 4.2851 5.2330 4.7426 5.3847 5.0065 5.8190 4.9882 6.1636 5.4796 0.1330 5.7956
1.4154 2.2118 1.7156 2.8585 1.9520 2.4328 1.6811 0.3769 5.8340 0.1663 6.1070 0.5719 5.5944 4.7927 5.3390 1.5981 0.5757 1.6163 0.3674 1.7654
0.5943 5.7343 1.1896 0.5490 1.2869 0.0707 1.1491 3.4756 4.1196 4.3533 5.1710 4.6318 5.4364 0.8977 5.4778 4.8616 5.9255 5.3028 5.9834 5.9773
0.9178 1.7638 1.5844 2.9221 2.3160 2.3055 1.7948 0.7009 1.4245 0.0776 5.5557 5.4551 5.0607 4.5899 5.2894 0.6120 0.4717 1.4393 0.6219 1.8837
0.2207 5.6671 0.9299 5.9788 3.5188 4.5047 2.6443 2.3901 2.5296 3.0077 3.9320 3.1916 4.6567 5.4927 4.7601 4.9384 4.9642 5.8602 0.4804 5.7551
1.7015 1.8448 1.8489 2.1519 2.3821 2.1945 2.9538 3.9421 3.6736 4.6375 4.2162 5.1746 4.4117 3.5907 4.2208 2.8184 3.6161 2.8104 2.1263 1.3390
2.4578 2.8620 2.6849 2.8836 2.4448 2.0726 2.6427 2.4013 3.4858 2.6469 3.8357 2.6334 4.4265 5.7585 5.1322 5.8500 4.5306 4.6857 2.9138 3.8400
1.5949 6.1042 4.0725 4.9453 3.8495 4.5679 3.3947 4.5035 3.5950 4.7986 4.5803 5.1700 4.8258 3.9170 4.7687 3.6979 3.9522 2.8674 2.1158 0.7992
2.1993 2.7614 3.4393 2.4553 3.1810 1.8177 2.5312 2.0273 2.4328 1.4354 0.3720 0.7738 6.0100 0.3058 5.6832 0.1829 5.4445 0.5474 1.5705 2.5249
0.0512 5.7314 4.8631 5.1996 3.6277 4.2903 3.1612 3.8191 3.3748 4.1563 6.0397 5.0189 5.7414 4.2166 5.2282 4.3604 5.5985 5.0542 0.4907 6.1182
0.8326 2.5081 3.2066 2.6090 3.1951 1.9869 2.0995 1.0747 1.9524 0.9596 0.5009 0.3681 5.8394 0.3480 5.9148 0.7441 0.0603 1.3789 0.8102 2.0570
5.4933 5.6343 4.8974 4.9538 4.0381 4.1424 2.7295 3.3936 2.3450 3.5415 3.2119 3.5604 5.2517 4.1720 5.0744 4.6570 5.7490 4.6663 4.8850 5.3089
4.7857 3.9966 4.3381 2.4760 3.1018 0.4115 1.5668 0.5736 1.2253 0.7557 0.9414 0.1977 5.8844 0.4466 5.9709 0.0753 5.8345 0.0589 5.0132 3.8624
5.4918 5.5151 4.2432 4.6891 3.0523 3.2555 2.2227 3.1200 1.6249 2.1721 1.5579 2.8100 5.1015 4.3749 4.4953 3.7414 4.9300 4.0990 4.9266 0.0847
3.4780 3.2647 3.0869 2.9995 1.9283 0.2047 0.5045 6.2814 0.7677 0.0163 0.2395 5.7028 5.8774 6.0813 5.0887 5.7863 5.5966 5.4117 4.2750 4.2309
2.1963 1.4412 2.4301 0.9403 1.4222 2.1509 1.3243 2.1242 1.3768 2.2234 1.3082 2.0002 5.6378 3.5338 4.2742 3.3171 3.5518 2.9763 3.4792 1.9121
