1.7047 1.0373 2.4568 2.2323 3.0572 2.6026 1.9976 2.8307 1.6261 3.0120 2.3770 2.9719 2.5396 3.3238 2.3678 3.3933 1.8900 0.1353 0.9745 0.7308
2.4666 3.2777 3.3605 3.8117 2.5186 0.8154 1.3353 0.5003 1.2494 0.3234 0.7738 0.1150 1.3239 0.8203 1.8750 0.9644 1.9586 2.2591 2.1785 2.9529
1.4914 0.5892 2.2437 1.3903 2.6724 3.4005 2.7896 3.1264 1.7524 2.5507 1.6541 2.2043 1.7190 2.4783 2.0197 3.2964 2.3182 2.3076 1.5767 0.7741
2.1975 2.8211 2.6879 2.0186 2.8523 1.1647 1.6562 0.6612 0.8956 5.3892 0.4855 5.8657 0.5300 5.7073 0.9052 6.2137 0.8270 0.4835 1.8698 1.7040
3.9748 5.2832 3.6736 4.4468 3.4273 4.0128 2.8237 3.0596 1.5768 1.3990 1.5947 0.9564 0.6218 1.4229 1.1108 1.7207 1.8936 2.3153 2.5180 4.2585
2.8136 2.5630 3.5864 2.5434 3.2556 1.7757 2.3656 1.2130 2.2624 2.8716 2.7495 3.4669 5.0013 4.4892 6.0856 4.9354 4.2335 4.6733 2.7410 1.9670
3.6312 4.9851 4.1797 4.8927 3.9362 4.5340 3.2987 4.0039 3.3670 5.1470 4.9355 5.9061 5.4381 0.4959 0.2602 1.3944 3.0164 2.1157 2.9193 4.3733
3.5470 2.6518 3.4519 2.4548 3.0354 2.3876 2.7150 1.6613 2.6524 2.7054 3.9439 3.6575 4.5447 4.3180 5.0155 4.3849 3.7078 3.7538 3.5019 3.0794
4.1766 4.7698 4.4552 5.1711 3.7839 4.7129 3.6219 4.3054 3.4814 4.7989 4.5807 0.1447 5.4215 6.1123 5.9225 0.9080 5.1848 5.8437 4.8503 5.1372
3.6445 2.0871 2.8947 2.4174 2.5915 1.8089 2.5046 1.5792 3.0623 2.1748 3.7861 4.2171 4.1676 4.6301 4.8726 4.9965 4.3208 3.3414 4.2341 3.2092
4.7552 4.6918 3.8053 4.5627 3.6759 4.1760 3.4426 4.3988 3.4520 4.5161 3.1841 2.7972 3.0621 2.4700 4.1176 3.4277 4.0991 5.7644 4.9492 5.8492
4.5181 1.5194 1.0771 1.5754 2.1551 1.2220 1.7366 0.8211 1.8195 2.7044 3.3781 3.9222 3.6704 5.0808 4.9190 5.3896 4.2733 3.7073 3.9809 3.6528
5.5020 4.9605 5.4995 4.2852 2.6017 3.2889 2.2002 2.9112 2.4087 1.3897 2.3936 1.8710 2.9696 2.7385 3.6784 3.0604 4.5693 5.7018 5.6673 5.7330
0.7094 1.1225 6.1129 0.8712 1.4764 0.5968 0.9591 0.4096 2.3837 3.5130 3.0800 4.2501 3.5948 4.6165 4.3143 5.6191 4.5910 2.4974 0.4226 1.4905
0.1338 5.0265 5.3927 3.7735 2.4099 2.8740 2.0962 2.5248 1.6413 0.7658 1.5783 1.3326 1.9560 1.6256 3.5425 3.0494 4.6092 5.0743 5.9111 5.1560
0.2907 0.5664 5.7991 0.9703 0.5834 0.1807 1.0292 0.1550 2.0673 3.3538 2.3514 3.1061 2.5143 4.1990 5.1948 5.3456 5.6716 1.4350 0.5710 1.2221
5.8913 5.4853 5.2498 5.7010 0.0121 1.6900 1.2088 1.8003 1.5480 2.0705 1.4961 0.5257 1.4496 1.1836 0.6289 0.2127 5.6938 5.2674 0.1234 5.9563
1.1897 2.4219 3.3144 2.4881 5.9929 5.5736 0.3352 5.6551 0.9898 0.3047 1.5167 1.6617 1.6989 0.5772 1.3936 2.0344 1.4699 2.2103 1.3895 2.5313
0.4722 5.9130 4.3014 5.9189 5.9935 1.0572 0.8756 2.1296 1.8063 1.9761 1.9149 3.6182 2.7161 3.1629 1.7993 0.0650 0.8411 0.0064 1.1538 6.1313
1.7758 3.0487 3.5204 4.0480 4.3737 4.6421 0.7079 0.2628 0.3867 0.2031 1.2228 0.6401 1.1504 0.6418 1.6451 1.6305 1.8207 2.6217 1.5995 2.5800
