5.5660 4.8961 6.0218 5.4843 0.7072 0.2079 1.3891 1.2735 1.5308 0.8272 1.2616 0.0168 0.3113 5.5687 4.2375 4.6214 3.6384 4.5366 3.7417 4.8272
1.4221 1.6410 1.5089 1.5455 1.6287 2.6028 1.9804 3.6553 2.5559 3.2769 1.8881 2.8614 1.5309 2.3338 3.1871 2.2879 2.8634 2.1698 1.8006 1.1536
2.3585 3.2301 2.5127 3.1134 1.3698 0.1850 1.1179 0.8959 1.5267 0.8774 0.7408 0.1913 0.7403 5.4239 4.5601 4.4537 3.1354 3.8522 2.4811 3.4272
1.7545 0.9736 1.9528 0.7565 1.4990 2.5944 2.2332 2.9096 2.7940 3.4621 1.3317 2.6732 1.5917 2.0373 1.2873 1.6795 1.3650 0.3151 1.3507 0.4927
1.7605 2.6118 2.4083 3.0791 1.9166 6.0548 1.3401 0.5461 1.7636 0.4471 0.1442 0.3913 0.0415 0.0406 0.5212 0.3955 0.7657 2.2150 1.7072 2.4197
1.0015 0.6490 1.5851 0.8467 2.1320 1.8751 2.2460 3.2857 2.6186 3.5952 4.9577 4.0916 5.5331 4.2803 5.6078 4.9262 6.0977 5.8785 0.3454 0.1632
2.3986 3.6814 2.6696 3.4038 2.6756 3.4406 1.9864 1.0096 1.7395 0.6590 5.8384 0.5918 0.4149 0.6962 0.1234 1.4293 0.7494 1.5287 1.7967 2.0744
2.6329 1.7613 2.7619 1.5887 2.7806 1.5374 2.2681 2.7971 3.1782 4.0353 4.9704 4.6664 5.6695 4.8951 5.6206 5.0029 6.0582 4.3481 3.2628 3.7360
2.9368 3.1127 3.2448 3.9399 3.5811 3.9230 3.8122 4.1094 3.8964 5.9505 5.8871 0.4523 6.2454 1.1171 0.4113 1.1259 1.0914 1.4839 2.4379 1.4532
3.4650 4.4937 3.6744 5.2023 4.8167 6.2797 5.9483 1.4124 3.1142 3.7592 5.0522 4.4440 5.6190 4.6644 5.5432 4.4175 3.7811 4.1916 3.4441 3.7254
2.8122 2.5457 3.1156 3.1992 3.5557 3.6700 5.1650 3.9083 3.9006 5.9650 0.3260 0.6485 0.8358 1.0900 1.6531 1.5446 2.6009 1.7963 2.7412 1.5925
3.0537 3.9063 2.8458 0.5112 1.5629 0.8973 0.4836 0.1529 2.8162 3.0304 2.2435 3.5053 3.1471 3.8308 3.1187 3.8361 3.3910 3.9781 3.3708 4.0855
2.5313 1.2729 2.0827 2.9197 2.2551 2.8122 2.4963 3.1378 2.8080 1.3972 2.1327 1.0118 1.9585 2.3365 2.5641 1.5860 2.8131 2.1303 2.5641 1.8898
3.0298 3.7258 1.8034 0.1530 1.5322 0.0992 0.7439 0.4832 2.4768 3.6087 3.1758 3.8646 3.5228 4.6728 3.5645 4.1885 3.8761 4.7267 2.8250 4.1206
2.3278 1.7571 1.2917 2.5299 1.6059 2.3180 1.5596 2.0908 2.2762 1.5711 3.0222 1.8490 2.9651 2.3077 2.9006 2.0034 3.5231 2.8444 2.6597 2.0660
4.7970 4.8420 0.2225 0.4219 0.9172 0.2502 0.2747 4.5401 3.5304 4.0394 3.7475 4.5258 3.5288 4.8659 4.0889 4.8016 4.5358 5.4786 4.8221 5.5322
4.7247 3.6118 4.6222 3.9990 1.7886 2.4204 1.6204 1.8209 2.2656 1.7367 2.4437 1.8983 2.8475 2.0959 3.2359 3.2395 3.9084 3.7723 4.3351 3.5429
5.5060 0.0895 6.2160 1.5123 1.5612 1.7328 1.8785 3.6275 2.3889 3.9387 3.3369 4.0403 3.2008 4.4302 3.6874 5.2318 4.7523 5.6395 5.2937 5.7373
5.2759 4.7533 5.8534 5.4132 0.6603 0.1335 1.6011 0.9165 1.8858 1.1720 2.3819 2.2127 2.5822 2.3257 3.2200 4.2433 4.4498 4.2410 4.0242 4.0241
5.6106 0.8383 0.5862 1.6829 1.2900 2.4264 2.2536 3.5960 2.6719 3.6021 3.1100 3.3128 2.7931 2.8864 2.8043 2.1677 3.0086 2.0111 2.8471 1.2084
