2.2287 0.3272 6.0768 0.5223 5.8715 0.6971 5.6431 4.0836 4.8937 4.1389 1.0667 2.0550 2.0310 3.1867 3.0541 3.7115 3.1349 4.1059 2.7152 1.8062
2.1297 1.7262 1.0612 2.7461 5.0642 4.1169 4.8582 6.2145 5.3866 0.3636 0.2668 5.6665 0.9364 0.4351 2.0337 1.4643 2.3708 1.5241 2.4018 1.6039
3.2294 4.8492 0.3111 5.8416 4.7787 5.4114 4.8673 5.0433 5.0570 5.5814 6.1321 2.2766 1.2447 2.8489 2.3072 3.8683 3.0583 3.9247 2.8774 3.4589
2.2261 1.6936 1.6474 2.0674 2.6875 2.3620 3.9433 3.1893 3.8413 3.1172 5.7965 5.6520 0.8932 0.2402 1.4563 1.4050 2.5339 1.1917 2.1912 1.6387
2.4523 3.1656 2.5966 4.4090 3.6627 4.7140 4.1774 4.9827 4.4198 4.7372 5.2508 2.6443 2.2000 3.0593 3.1518 3.2466 3.0783 3.6993 3.9243 3.8763
1.1147 0.3734 3.1345 2.7320 3.8314 2.4451 3.2207 2.5165 3.7536 1.9514 5.4857 5.7174 1.4908 6.2055 4.2973 5.0241 4.0401 4.9372 4.2980 0.2133
2.5846 3.5731 3.2668 4.7689 3.7803 4.9057 4.2393 4.6716 4.5872 4.8325 4.4759 3.3124 2.9979 2.9667 3.7752 2.6543 3.4789 2.2447 3.9759 3.2050
1.8890 1.2317 1.3456 1.5800 3.4642 2.7718 3.5295 2.5320 3.6525 2.8333 4.2981 4.7122 4.0069 5.3245 4.2788 5.1903 4.7093 5.2122 4.3393 6.1758
3.7075 4.2750 6.1037 5.0506 4.4393 5.7555 4.4824 5.2860 4.1603 5.2564 4.3586 2.4232 2.8950 2.2118 2.8982 3.1827 4.1708 3.1611 3.6684 3.3619
5.4025 0.2864 5.9190 1.9963 3.8683 2.8284 3.3816 2.5398 3.8465 3.2249 4.4387 4.6672 3.3504 5.0065 4.1146 5.9240 5.2002 5.9666 4.6962 6.2354
4.5437 4.2401 5.0359 5.4461 5.1219 5.4718 4.3453 4.7098 5.5855 5.2353 5.2118 1.7489 1.9677 2.2471 3.2227 2.8945 4.4247 3.3922 4.4409 3.5454
4.7040 5.7486 4.5852 3.0567 4.0508 2.9950 4.4654 0.8801 0.0447 1.0092 5.3153 5.6126 1.3009 5.6883 4.5947 5.5856 5.1177 5.8637 4.9843 5.3695
4.7378 4.3481 5.2277 5.6738 4.3756 5.4144 4.7662 4.3019 5.1166 4.6387 4.6400 2.6607 2.6411 2.9787 3.4279 3.1161 3.8062 3.8501 4.7346 4.0466
5.7053 0.0978 5.2595 2.5935 3.8482 2.9614 5.4684 0.5580 6.0393 0.4043 5.3687 5.5135 4.4630 4.8720 4.3738 5.1865 4.8231 0.2576 5.8511 0.0700
5.2835 4.3609 5.3075 4.6987 5.0325 5.6554 5.4053 5.1320 5.6899 4.3875 4.0807 3.8733 3.0543 2.5990 3.2682 2.8294 4.0909 3.6503 4.6430 4.2666
0.3312 1.0618 6.2030 0.0392 5.3443 0.3827 0.0654 0.7647 0.0654 1.3036 1.4358 2.8083 2.6843 4.1000 3.3864 3.4740 4.5180 0.2228 5.7663 0.5326
4.7341 4.8872 4.8364 4.0250 4.5948 4.3970 5.1213 4.9489 4.9918 4.8617 1.4959 0.3756 2.4707 1.6412 3.2153 5.2050 4.1614 4.7719 4.7405 4.6129
3.8827 3.2506 4.7940 5.6351 4.2673 4.5200 4.7558 3.1500 3.9397 1.8526 1.5607 2.9046 2.5057 3.7184 2.9631 2.5268 3.6563 2.7825 4.1214 3.0288
4.6134 5.9750 4.7806 3.9024 4.6178 6.2098 5.5845 5.0187 5.4607 5.3289 0.5275 0.3717 1.4769 2.1718 2.2815 4.4506 3.5838 4.6637 4.4298 5.2623
3.6066 3.6072 4.6345 5.2381 4.8937 4.3013 5.4520 0.8155 6.0631 0.7083 0.8370 6.2498 1.2460 0.6570 1.7722 1.5631 2.7467 1.7864 2.7675 3.3507
