0 0
0 1
0 2
0 10
0 14
0 15
0 16
0 18
0 19
0 35
0 39
0 41
0 46
1 0
1 6
1 7
1 12
1 15
1 16
1 17
1 18
1 22
1 29
1 33
1 34
1 37
1 39
1 40
1 41
1 46
1 49
2 1
2 3
2 6
2 7
2 8
2 9
2 14
2 15
2 16
2 18
2 19
2 21
2 22
2 23
2 24
2 25
2 26
2 27
2 33
2 34
2 39
2 40
2 41
2 46
2 47
2 48
2 49
3 1
3 5
3 6
3 7
3 9
3 14
3 21
3 22
3 23
3 24
3 25
3 26
3 27
3 28
3 38
3 39
3 40
3 41
3 42
3 43
3 44
3 45
3 46
3 47
3 48
3 49
4 0
4 1
4 2
4 3
4 4
4 5
4 6
4 7
4 8
4 9
4 10
4 22
4 25
4 31
4 32
4 36
4 37
4 38
4 42
4 43
4 44
4 45
4 46
4 47
4 48
4 49
5 0
5 2
5 3
5 4
5 5
5 8
5 15
5 18
5 19
5 20
5 21
5 22
5 23
5 24
5 25
5 26
5 27
5 28
5 30
5 31
5 35
5 36
5 37
5 39
5 42
5 43
5 44
5 46
5 47
5 48
5 49
6 0
6 2
6 3
6 4
6 5
6 6
6 7
6 15
6 18
6 19
6 20
6 21
6 22
6 23
6 24
6 27
6 28
6 30
6 32
6 36
6 37
6 39
6 40
6 41
6 42
6 43
6 45
6 46
6 47
6 48
6 49
7 2
7 5
7 6
7 7
7 8
7 13
7 14
7 15
7 17
7 18
7 19
7 20
7 21
7 22
7 23
7 24
7 25
7 26
7 27
7 28
7 29
7 30
7 40
7 41
7 42
7 44
7 47
8 2
8 3
8 4
8 5
8 7
8 10
8 11
8 12
8 14
8 15
8 17
8 18
8 19
8 20
8 23
8 24
8 28
8 31
8 32
8 33
8 34
8 40
8 41
8 42
8 43
8 47
9 2
9 3
9 4
9 8
9 11
9 12
9 13
9 14
9 15
9 16
9 17
9 19
9 20
9 22
9 23
9 24
9 25
9 29
9 30
9 31
9 40
9 41
10 1
10 8
10 9
10 11
10 12
10 13
10 14
10 15
10 17
10 18
10 19
10 20
10 22
10 23
10 24
10 27
10 29
10 30
10 31
10 34
10 39
10 41
10 46
10 47
11 0
11 1
11 3
11 4
11 5
11 11
11 12
11 13
11 15
11 16
11 17
11 19
11 36
11 39
11 40
11 42
11 43
11 45
11 48
11 49
12 0
12 1
12 2
12 3
12 4
12 8
12 9
12 10
12 11
12 12
12 13
12 15
12 16
12 17
12 20
12 22
12 23
12 25
12 27
12 28
12 30
12 33
12 35
12 36
12 37
12 40
12 42
12 43
12 44
12 45
12 46
12 47
12 48
12 49
13 0
13 1
13 2
13 3
13 5
13 14
13 15
13 16
13 17
13 19
13 20
13 21
13 28
13 29
13 33
13 35
13 36
13 37
13 38
13 39
13 40
13 41
13 42
13 44
13 45
13 47
13 48
13 49
14 0
14 1
14 2
14 3
14 12
14 13
14 14
14 17
14 18
14 19
14 20
14 22
14 23
14 26
14 27
14 29
14 34
14 35
14 36
14 37
14 38
14 39
14 40
14 41
14 42
14 43
14 44
14 45
14 48
14 49
15 0
15 1
15 7
15 8
15 11
15 12
15 13
15 14
15 17
15 18
15 20
15 21
15 22
15 23
15 26
15 28
15 29
15 34
15 35
15 36
15 37
15 38
15 39
15 40
15 41
15 42
15 43
15 44
15 45
15 49
16 7
16 10
16 11
16 12
16 13
16 14
16 17
16 18
16 20
16 21
16 23
16 25
16 26
16 27
16 28
16 29
16 31
16 32
16 33
16 34
16 35
16 36
16 37
16 38
16 40
16 41
16 42
16 43
16 44
16 45
16 46
16 47
17 0
17 7
17 12
17 13
17 16
17 18
17 20
17 21
17 24
17 25
17 26
17 27
17 28
17 32
17 33
17 34
17 37
17 38
17 39
17 40
17 41
17 42
17 44
17 45
17 46
17 47
18 1
18 2
18 7
18 15
18 16
18 24
18 25
18 26
18 27
18 28
18 31
18 32
18 33
18 34
18 38
18 40
18 41
18 42
18 43
18 44
18 45
18 46
18 47
18 48
19 3
19 6
19 7
19 12
19 13
19 14
19 20
19 23
19 24
19 25
19 26
19 27
19 28
19 29
19 30
19 31
19 32
19 33
19 34
19 36
19 38
19 41
19 42
19 43
19 44
19 45
19 46
19 47
19 48
20 0
20 1
20 7
20 12
20 13
20 14
20 15
20 16
20 17
20 19
20 22
20 23
20 24
20 25
20 26
20 29
20 30
20 31
20 32
20 34
20 35
20 36
20 40
20 42
20 43
20 44
20 45
20 46
20 47
21 0
21 1
21 2
21 7
21 9
21 12
21 13
21 14
21 15
21 16
21 21
21 22
21 23
21 24
21 25
21 26
21 29
21 30
21 32
21 35
21 36
21 37
21 40
21 42
21 43
21 44
21 45
21 46
21 47
21 48
21 49
22 0
22 2
22 3
22 8
22 12
22 13
22 24
22 25
22 26
22 30
22 34
22 36
22 39
22 40
22 42
22 43
22 44
22 45
22 46
22 47
22 48
22 49
23 0
23 2
23 3
23 4
23 10
23 12
23 13
23 16
23 17
23 19
23 20
23 21
23 22
23 24
23 25
23 26
23 27
23 28
23 29
23 30
23 34
23 35
23 36
23 37
23 38
23 39
23 42
23 43
23 44
23 45
23 46
23 47
23 48
23 49
24 2
24 3
24 4
24 6
24 10
24 11
24 19
24 22
24 25
24 26
24 27
24 28
24 30
24 31
24 32
24 33
24 34
24 35
24 36
24 37
24 38
24 39
24 40
24 41
24 42
24 43
24 44
24 45
24 46
24 47
24 48
24 49
25 1
25 3
25 4
25 5
25 6
25 7
25 11
25 12
25 14
25 18
25 19
25 20
25 25
25 26
25 29
25 30
25 31
25 32
25 33
25 34
25 35
25 36
25 37
25 38
25 40
25 42
25 43
25 44
25 46
25 47
25 48
26 0
26 1
26 2
26 4
26 5
26 10
26 11
26 12
26 13
26 14
26 15
26 17
26 18
26 19
26 20
26 25
26 32
26 33
26 35
26 36
26 38
26 39
26 41
26 42
26 46
26 48
27 0
27 1
27 2
27 3
27 4
27 5
27 6
27 8
27 11
27 12
27 13
27 16
27 17
27 20
27 23
27 24
27 25
27 31
27 32
27 35
27 36
27 37
27 38
27 39
27 40
27 41
27 42
27 45
27 46
27 47
28 0
28 3
28 4
28 5
28 6
28 7
28 8
28 12
28 13
28 16
28 17
28 24
28 25
28 29
28 30
28 31
28 32
28 34
28 35
28 37
28 38
28 39
28 40
28 41
28 42
28 45
28 46
28 49
29 0
29 1
29 2
29 3
29 4
29 6
29 7
29 12
29 16
29 22
29 23
29 29
29 30
29 31
29 35
29 37
29 39
29 41
29 45
29 46
29 47
29 48
30 3
30 4
30 5
30 7
30 9
30 22
30 23
30 28
30 31
30 32
30 33
30 34
30 35
30 36
30 37
30 39
30 43
30 47
30 48
31 2
31 3
31 9
31 18
31 19
31 25
31 26
31 27
31 30
31 31
31 35
31 36
31 37
31 38
31 39
31 41
31 44
31 45
31 46
31 47
32 7
32 9
32 10
32 11
32 12
32 13
32 14
32 15
32 17
32 18
32 19
32 21
32 29
32 30
32 31
32 36
32 41
32 44
32 45
32 46
33 1
33 7
33 8
33 9
33 11
33 12
33 14
33 15
33 19
33 20
33 22
33 30
33 33
33 34
33 35
33 38
33 39
33 40
33 42
33 46
33 47
33 49
34 0
34 1
34 2
34 3
34 6
34 7
34 8
34 9
34 10
34 11
34 13
34 14
34 15
34 21
34 22
34 23
34 25
34 27
34 28
34 34
34 36
34 37
34 39
34 40
34 44
34 49
35 0
35 3
35 10
35 11
35 13
35 14
35 15
35 16
35 20
35 21
35 22
35 23
35 29
35 34
35 35
35 36
35 37
35 38
35 39
35 40
35 41
35 45
35 48
35 49
36 11
36 14
36 16
36 17
36 19
36 20
36 21
36 22
36 23
36 26
36 27
36 28
36 29
36 30
36 35
36 36
36 37
36 41
36 48
36 49
37 1
37 9
37 12
37 13
37 14
37 26
37 27
37 28
37 29
37 30
37 32
37 33
37 34
37 35
37 36
37 37
37 38
37 39
37 40
37 41
37 42
37 48
37 49
38 0
38 3
38 4
38 5
38 6
38 7
38 10
38 11
38 22
38 23
38 24
38 26
38 27
38 28
38 29
38 30
38 31
38 32
38 33
38 35
38 36
38 38
38 39
38 40
38 41
38 47
38 48
38 49
39 4
39 5
39 8
39 9
39 10
39 11
39 12
39 19
39 20
39 22
39 23
39 24
39 26
39 27
39 28
39 31
39 32
39 34
39 37
39 38
39 39
39 40
39 41
40 0
40 4
40 5
40 6
40 7
40 8
40 10
40 11
40 12
40 18
40 19
40 20
40 23
40 24
40 25
40 26
40 27
40 28
40 29
40 30
40 31
40 32
40 35
40 36
40 37
40 38
40 39
40 40
40 41
40 42
40 43
40 46
40 49
41 4
41 6
41 7
41 10
41 11
41 12
41 16
41 18
41 19
41 20
41 21
41 22
41 23
41 24
41 25
41 27
41 29
41 31
41 32
41 33
41 34
41 36
41 37
41 38
41 39
41 40
41 41
41 42
41 43
41 44
41 45
41 46
42 0
42 1
42 7
42 8
42 10
42 11
42 12
42 16
42 18
42 22
42 24
42 27
42 29
42 32
42 33
42 34
42 35
42 37
42 38
42 39
42 40
42 42
42 43
42 44
42 45
42 46
43 0
43 1
43 8
43 9
43 10
43 11
43 12
43 14
43 17
43 18
43 19
43 20
43 24
43 27
43 28
43 33
43 34
43 35
43 37
43 38
43 39
43 40
43 41
43 43
43 45
43 46
43 48
43 49
44 0
44 9
44 10
44 11
44 12
44 13
44 17
44 19
44 24
44 25
44 26
44 27
44 30
44 32
44 33
44 34
44 35
44 37
44 38
44 39
44 40
44 41
44 43
44 44
44 45
44 46
44 48
44 49
45 0
45 3
45 4
45 5
45 9
45 11
45 12
45 13
45 14
45 18
45 23
45 25
45 26
45 27
45 28
45 30
45 32
45 33
45 34
45 37
45 38
45 39
45 40
45 44
45 45
45 46
45 47
45 48
45 49
46 2
46 3
46 4
46 12
46 13
46 14
46 15
46 16
46 17
46 18
46 19
46 25
46 27
46 28
46 29
46 30
46 31
46 38
46 39
46 40
46 44
46 45
46 46
46 47
46 48
47 5
47 7
47 12
47 13
47 14
47 15
47 18
47 19
47 20
47 23
47 24
47 27
47 28
47 34
47 35
47 37
47 38
47 39
47 40
47 41
47 45
47 46
47 47
48 5
48 6
48 7
48 8
48 10
48 11
48 12
48 13
48 14
48 15
48 16
48 19
48 20
48 23
48 24
48 29
48 31
48 32
48 33
48 34
48 35
48 36
48 37
48 38
48 41
49 0
49 5
49 6
49 10
49 11
49 13
49 14
49 15
49 16
49 17
49 19
49 29
49 30
49 31
49 32
49 33
49 35
49 36
49 37
49 38
49 39
49 41
