0 0
0 1
0 2
0 3
0 4
0 6
0 7
0 19
0 20
0 21
0 24
0 25
0 27
0 28
0 29
0 33
0 46
0 47
0 49
1 0
1 1
1 2
1 3
1 4
1 5
1 6
1 14
1 15
1 16
1 17
1 19
1 20
1 21
1 22
1 24
1 27
1 28
1 29
1 30
1 32
1 44
1 45
1 46
1 47
1 48
1 49
2 0
2 1
2 2
2 3
2 4
2 5
2 6
2 7
2 10
2 11
2 12
2 13
2 14
2 15
2 16
2 17
2 18
2 19
2 21
2 22
2 23
2 24
2 27
2 28
2 29
2 30
2 31
2 37
2 40
2 41
2 42
2 43
2 44
2 45
2 46
2 47
2 48
2 49
3 0
3 1
3 2
3 3
3 5
3 6
3 7
3 8
3 9
3 13
3 14
3 15
3 16
3 17
3 19
3 21
3 22
3 24
3 26
3 27
3 29
3 30
3 34
3 36
3 40
3 41
3 45
3 46
3 47
3 49
4 3
4 4
4 6
4 7
4 8
4 9
4 15
4 16
4 21
4 22
4 23
4 24
4 26
4 27
4 34
4 38
4 39
4 40
4 41
4 42
4 43
4 44
4 45
4 46
4 47
4 48
4 49
5 5
5 6
5 9
5 10
5 11
5 14
5 15
5 20
5 21
5 22
5 24
5 25
5 26
5 32
5 33
5 34
5 35
5 36
5 40
5 41
5 42
5 45
5 46
5 47
5 48
5 49
6 0
6 5
6 6
6 7
6 9
6 10
6 11
6 16
6 24
6 30
6 32
6 33
6 34
6 35
6 37
6 39
6 40
6 41
6 42
6 47
6 48
6 49
7 0
7 2
7 9
7 10
7 11
7 12
7 16
7 29
7 30
7 32
7 33
7 35
7 36
7 37
7 39
7 40
7 41
7 47
7 48
7 49
8 2
8 8
8 9
8 10
8 17
8 18
8 26
8 27
8 30
8 31
8 33
8 34
8 35
8 36
8 40
8 46
8 47
8 48
8 49
9 2
9 4
9 5
9 15
9 16
9 17
9 18
9 20
9 21
9 22
9 30
9 31
9 33
9 36
9 40
9 41
10 1
10 2
10 3
10 4
10 5
10 6
10 11
10 12
10 14
10 15
10 16
10 17
10 18
10 19
10 22
10 26
10 27
10 30
10 34
10 35
10 36
10 40
10 41
10 48
10 49
11 1
11 2
11 3
11 4
11 5
11 6
11 7
11 10
11 11
11 12
11 13
11 15
11 16
11 17
11 18
11 19
11 23
11 26
11 27
11 28
11 29
11 30
11 33
11 34
11 35
11 36
11 37
11 38
11 39
11 40
11 41
11 42
11 43
11 46
12 3
12 4
12 5
12 6
12 11
12 12
12 14
12 15
12 16
12 17
12 18
12 19
12 20
12 21
12 23
12 24
12 25
12 26
12 27
12 28
12 29
12 30
12 31
12 32
12 35
12 36
12 38
12 39
12 40
12 44
12 46
12 47
13 2
13 3
13 4
13 5
13 8
13 9
13 11
13 12
13 13
13 14
13 15
13 17
13 19
13 20
13 21
13 22
13 23
13 24
13 26
13 27
13 28
13 29
13 30
13 31
13 32
13 33
13 34
13 38
13 43
13 44
13 45
13 46
13 47
14 3
14 4
14 5
14 6
14 7
14 8
14 9
14 10
14 12
14 13
14 14
14 15
14 16
14 17
14 18
14 19
14 20
14 21
14 22
14 24
14 25
14 26
14 27
14 28
14 29
14 30
14 31
14 32
14 33
14 34
14 38
14 39
14 42
14 43
14 44
14 45
14 48
15 2
15 3
15 5
15 6
15 8
15 9
15 10
15 14
15 15
15 16
15 18
15 19
15 21
15 25
15 26
15 27
15 28
15 29
15 30
15 31
15 34
15 35
15 36
15 37
15 38
15 44
15 45
15 48
15 49
16 0
16 1
16 2
16 3
16 4
16 5
16 6
16 8
16 9
16 10
16 11
16 12
16 13
16 15
16 16
16 17
16 18
16 19
16 20
16 21
16 22
16 25
16 28
16 29
16 30
16 31
16 32
16 34
16 35
16 36
16 37
16 38
16 40
16 41
16 43
16 44
16 49
17 0
17 1
17 2
17 3
17 4
17 5
17 6
17 7
17 8
17 9
17 14
17 15
17 17
17 19
17 20
17 21
17 26
17 28
17 31
17 32
17 33
17 34
17 35
17 36
17 37
17 38
17 39
17 42
17 47
17 48
17 49
18 0
18 1
18 2
18 3
18 4
18 5
18 6
18 8
18 15
18 25
18 26
18 27
18 30
18 31
18 32
18 33
18 34
18 35
18 38
18 39
18 40
18 46
18 47
18 48
18 49
19 3
19 4
19 5
19 8
19 12
19 13
19 25
19 30
19 32
19 33
19 34
19 35
19 37
19 38
19 39
19 41
19 42
19 43
19 44
19 45
19 46
19 47
20 0
20 7
20 11
20 12
20 13
20 18
20 20
20 21
20 24
20 27
20 28
20 29
20 30
20 31
20 32
20 33
20 34
20 35
20 38
20 39
20 40
20 41
20 45
20 46
20 47
20 49
21 2
21 7
21 8
21 18
21 19
21 20
21 21
21 22
21 23
21 24
21 25
21 26
21 27
21 28
21 29
21 32
21 33
21 35
21 37
21 38
21 40
21 41
21 42
21 44
21 45
21 46
22 1
22 2
22 10
22 11
22 12
22 15
22 20
22 22
22 25
22 26
22 27
22 29
22 31
22 32
22 33
22 34
22 35
22 36
22 37
22 40
22 41
22 42
22 44
22 45
22 46
23 0
23 1
23 2
23 11
23 20
23 26
23 27
23 28
23 33
23 35
23 37
23 38
23 40
23 41
23 42
23 43
23 44
23 45
23 46
24 0
24 1
24 2
24 3
24 4
24 5
24 18
24 20
24 21
24 22
24 23
24 26
24 27
24 28
24 29
24 30
24 31
24 32
24 35
24 37
24 39
24 41
24 42
24 44
24 45
24 48
25 0
25 1
25 5
25 15
25 16
25 21
25 22
25 26
25 27
25 28
25 29
25 32
25 39
25 40
25 41
25 44
25 45
25 47
26 0
26 4
26 5
26 15
26 16
26 17
26 18
26 19
26 21
26 22
26 23
26 25
26 37
26 39
26 44
26 45
26 46
26 47
27 0
27 5
27 12
27 15
27 17
27 18
27 19
27 20
27 21
27 22
27 23
27 35
27 36
27 37
27 38
27 39
27 46
27 47
28 6
28 8
28 10
28 13
28 15
28 16
28 17
28 18
28 19
28 20
28 21
28 22
28 23
28 27
28 31
28 32
28 34
28 37
28 38
28 39
28 40
28 46
28 47
29 0
29 1
29 2
29 4
29 6
29 7
29 8
29 16
29 17
29 18
29 19
29 20
29 21
29 22
29 23
29 25
29 36
29 37
29 38
29 49
30 1
30 4
30 5
30 6
30 7
30 12
30 13
30 16
30 17
30 18
30 19
30 20
30 21
30 22
30 23
30 24
30 25
30 27
30 28
30 35
30 37
30 40
30 42
30 43
30 44
30 48
30 49
31 0
31 1
31 5
31 10
31 11
31 12
31 13
31 17
31 18
31 19
31 20
31 21
31 23
31 24
31 25
31 27
31 28
31 29
31 30
31 35
31 40
31 41
31 44
31 45
32 2
32 10
32 11
32 13
32 14
32 15
32 16
32 17
32 18
32 21
32 22
32 23
32 24
32 25
32 27
32 28
32 29
32 37
32 38
32 39
32 40
32 44
32 45
33 6
33 7
33 8
33 10
33 17
33 18
33 19
33 20
33 21
33 23
33 27
33 28
33 29
33 37
33 38
33 39
33 40
33 41
33 42
33 44
33 48
33 49
34 0
34 6
34 8
34 9
34 10
34 11
34 12
34 13
34 14
34 16
34 17
34 18
34 19
34 20
34 21
34 24
34 26
34 27
34 28
34 29
34 30
34 31
34 32
34 33
34 34
34 39
34 40
34 41
34 43
34 44
35 0
35 3
35 4
35 5
35 6
35 7
35 11
35 12
35 13
35 17
35 18
35 21
35 22
35 23
35 26
35 27
35 29
35 30
35 31
35 39
35 40
35 41
35 46
35 48
36 2
36 3
36 4
36 5
36 6
36 10
36 11
36 12
36 13
36 14
36 15
36 18
36 22
36 26
36 29
36 31
36 32
36 38
36 39
36 40
36 41
36 44
36 45
36 46
36 47
36 48
37 0
37 1
37 3
37 4
37 5
37 6
37 7
37 10
37 11
37 12
37 13
37 14
37 15
37 16
37 18
37 19
37 21
37 22
37 27
37 36
37 39
37 40
37 41
37 43
37 44
37 45
37 46
37 47
37 48
37 49
38 0
38 1
38 2
38 4
38 5
38 6
38 7
38 9
38 10
38 11
38 12
38 13
38 14
38 15
38 16
38 17
38 19
38 20
38 21
38 22
38 23
38 25
38 27
38 31
38 32
38 35
38 38
38 39
38 40
38 41
38 43
38 44
38 45
38 46
38 49
39 0
39 1
39 2
39 5
39 6
39 7
39 8
39 9
39 10
39 12
39 13
39 14
39 15
39 16
39 17
39 20
39 21
39 22
39 23
39 26
39 27
39 28
39 29
39 30
39 31
39 32
39 42
39 43
39 44
39 46
39 47
39 48
39 49
40 0
40 1
40 2
40 3
40 12
40 13
40 18
40 20
40 21
40 22
40 28
40 29
40 30
40 31
40 32
40 43
40 44
40 45
40 46
40 47
40 48
41 0
41 1
41 2
41 3
41 12
41 14
41 21
41 22
41 23
41 26
41 28
41 29
41 30
41 39
41 43
41 47
41 48
42 0
42 1
42 3
42 4
42 5
42 6
42 23
42 27
42 28
42 29
42 30
42 35
42 36
42 37
42 38
42 39
42 43
42 46
42 47
42 48
43 0
43 4
43 5
43 6
43 11
43 16
43 17
43 23
43 24
43 25
43 26
43 27
43 28
43 29
43 30
43 32
43 35
43 36
43 37
43 38
43 47
43 48
43 49
44 0
44 4
44 5
44 6
44 7
44 12
44 13
44 23
44 24
44 25
44 26
44 27
44 28
44 29
44 30
44 31
44 33
44 35
44 37
44 38
44 39
44 44
44 47
45 0
45 1
45 5
45 7
45 10
45 23
45 24
45 25
45 26
45 27
45 28
45 30
45 33
45 36
45 37
45 39
45 41
45 42
45 43
45 47
45 49
46 0
46 1
46 3
46 4
46 5
46 6
46 11
46 12
46 13
46 14
46 26
46 27
46 28
46 29
46 31
46 32
46 33
46 34
46 35
46 37
46 39
46 40
46 41
46 42
46 46
46 47
46 49
47 1
47 2
47 3
47 4
47 6
47 11
47 12
47 13
47 14
47 15
47 16
47 19
47 20
47 23
47 24
47 25
47 26
47 31
47 32
47 34
47 35
47 36
47 37
47 38
47 39
47 40
47 42
47 43
47 44
48 1
48 2
48 3
48 13
48 16
48 20
48 21
48 22
48 23
48 24
48 25
48 26
48 31
48 33
48 35
48 36
48 39
48 41
48 43
48 44
48 46
48 47
48 49
49 0
49 1
49 2
49 3
49 14
49 16
49 20
49 21
49 22
49 23
49 24
49 25
49 28
49 29
49 32
49 33
49 42
49 43
49 45
49 46
49 49
