0 0
0 1
0 2
0 5
0 7
0 8
0 9
0 10
0 11
0 12
0 13
0 16
0 19
0 22
0 23
0 25
0 26
0 27
0 28
0 29
0 30
0 31
0 32
0 33
0 46
0 47
1 1
1 12
1 13
1 16
1 18
1 23
1 25
1 26
1 27
1 28
1 29
1 30
1 32
1 33
1 34
1 35
1 36
1 49
2 0
2 2
2 3
2 9
2 10
2 11
2 12
2 16
2 17
2 18
2 23
2 24
2 25
2 26
2 27
2 29
2 32
2 33
2 34
2 37
2 38
2 39
2 40
2 45
2 47
3 2
3 5
3 10
3 11
3 12
3 13
3 15
3 16
3 17
3 21
3 23
3 24
3 25
3 26
3 28
3 29
3 33
3 37
3 38
3 39
3 40
4 6
4 7
4 10
4 11
4 13
4 14
4 15
4 16
4 17
4 18
4 23
4 24
4 25
4 28
4 29
4 30
4 32
4 33
4 34
4 38
4 39
4 40
5 6
5 7
5 9
5 10
5 17
5 23
5 24
5 28
5 29
5 30
5 31
5 32
5 33
5 34
5 35
5 36
5 37
5 38
5 39
5 40
5 46
6 0
6 1
6 2
6 3
6 5
6 6
6 7
6 8
6 9
6 10
6 15
6 16
6 17
6 18
6 24
6 26
6 27
6 28
6 29
6 30
6 31
6 32
6 33
6 34
6 35
6 36
6 37
6 38
7 0
7 3
7 6
7 7
7 8
7 9
7 10
7 14
7 15
7 18
7 19
7 20
7 21
7 22
7 24
7 26
7 27
7 28
7 29
7 30
7 32
7 33
7 34
7 35
7 37
7 38
8 0
8 3
8 5
8 6
8 10
8 14
8 15
8 16
8 19
8 20
8 21
8 22
8 24
8 25
8 26
8 27
8 28
8 35
8 36
8 42
9 3
9 5
9 6
9 10
9 15
9 16
9 17
9 19
9 20
9 21
9 22
9 23
9 24
9 25
9 26
9 27
9 28
9 31
9 32
9 34
9 35
9 36
9 37
9 38
9 41
9 45
9 46
10 0
10 3
10 4
10 5
10 6
10 7
10 8
10 14
10 15
10 16
10 17
10 18
10 19
10 20
10 21
10 23
10 24
10 25
10 26
10 27
10 29
10 30
10 31
10 32
10 33
10 37
10 38
10 40
10 41
10 42
10 46
10 48
10 49
11 2
11 3
11 4
11 5
11 6
11 7
11 9
11 11
11 15
11 16
11 17
11 18
11 19
11 20
11 21
11 23
11 24
11 25
11 26
11 29
11 30
11 31
11 32
11 33
11 36
11 37
11 38
11 41
11 42
11 45
11 46
11 47
11 48
12 1
12 2
12 4
12 5
12 6
12 7
12 12
12 13
12 14
12 15
12 16
12 17
12 18
12 19
12 20
12 24
12 25
12 26
12 27
12 28
12 29
12 30
12 33
12 34
12 38
12 40
12 41
12 42
12 45
12 46
12 47
13 0
13 1
13 5
13 6
13 8
13 9
13 10
13 11
13 12
13 13
13 14
13 15
13 18
13 19
13 26
13 27
13 28
13 29
13 30
13 31
13 33
13 34
13 35
13 36
13 39
13 40
13 41
13 42
13 44
13 45
13 46
13 47
14 0
14 1
14 2
14 3
14 4
14 5
14 6
14 7
14 13
14 14
14 15
14 16
14 17
14 18
14 19
14 22
14 23
14 24
14 27
14 28
14 29
14 30
14 33
14 34
14 35
14 36
14 37
14 38
14 39
14 40
14 44
14 45
14 47
14 48
14 49
15 2
15 3
15 4
15 5
15 6
15 7
15 9
15 11
15 12
15 13
15 14
15 15
15 17
15 19
15 23
15 24
15 26
15 27
15 32
15 33
15 34
15 35
15 36
15 37
15 38
15 40
15 43
15 44
16 0
16 4
16 6
16 7
16 9
16 10
16 11
16 12
16 13
16 14
16 17
16 19
16 20
16 21
16 24
16 25
16 28
16 38
16 39
16 40
16 43
16 44
16 49
17 0
17 1
17 2
17 4
17 5
17 6
17 7
17 9
17 10
17 11
17 12
17 13
17 14
17 15
17 16
17 17
17 18
17 19
17 21
17 25
17 27
17 28
17 30
17 34
17 40
17 41
17 42
17 44
18 0
18 1
18 4
18 5
18 6
18 7
18 8
18 9
18 10
18 11
18 14
18 15
18 16
18 19
18 20
18 21
18 23
18 24
18 25
18 27
18 28
18 29
18 30
18 31
18 32
18 33
18 34
18 35
18 36
18 40
18 41
18 42
18 43
18 44
19 1
19 2
19 4
19 6
19 7
19 8
19 9
19 10
19 11
19 12
19 13
19 15
19 16
19 18
19 19
19 20
19 21
19 23
19 24
19 27
19 32
19 33
19 34
19 35
19 36
19 41
19 42
19 44
19 49
20 0
20 1
20 6
20 7
20 9
20 10
20 11
20 12
20 13
20 14
20 17
20 18
20 19
20 20
20 21
20 23
20 24
20 25
20 26
20 27
20 32
20 33
20 34
20 35
20 36
20 41
20 42
20 44
20 45
20 48
20 49
21 0
21 1
21 2
21 3
21 7
21 8
21 9
21 10
21 11
21 12
21 13
21 15
21 16
21 17
21 18
21 19
21 21
21 23
21 24
21 27
21 31
21 36
21 40
21 41
21 42
21 44
21 45
21 48
21 49
22 0
22 1
22 2
22 3
22 5
22 6
22 7
22 9
22 10
22 11
22 12
22 15
22 16
22 17
22 18
22 19
22 20
22 21
22 22
22 23
22 24
22 26
22 28
22 32
22 33
22 34
22 35
22 36
22 39
22 40
22 41
22 42
22 43
22 44
22 45
22 46
22 48
22 49
23 0
23 1
23 2
23 3
23 6
23 7
23 8
23 9
23 10
23 12
23 15
23 16
23 23
23 25
23 26
23 38
23 39
23 40
23 41
23 44
23 45
23 46
23 47
23 48
23 49
24 0
24 1
24 11
24 15
24 16
24 18
24 19
24 27
24 28
24 36
24 38
24 39
24 44
24 47
24 49
25 0
25 1
25 2
25 3
25 5
25 6
25 7
25 8
25 9
25 10
25 14
25 15
25 16
25 17
25 18
25 20
25 21
25 30
25 36
25 37
25 39
25 44
26 1
26 2
26 3
26 4
26 5
26 6
26 7
26 8
26 10
26 15
26 16
26 17
26 18
26 20
26 27
26 30
26 35
26 36
26 37
26 38
26 39
26 44
26 45
26 48
26 49
27 0
27 1
27 3
27 4
27 5
27 6
27 10
27 16
27 17
27 18
27 19
27 20
27 21
27 22
27 26
27 35
27 36
27 37
27 38
27 39
27 40
27 42
27 43
27 44
27 48
27 49
28 0
28 5
28 6
28 12
28 13
28 15
28 16
28 17
28 18
28 19
28 20
28 21
28 31
28 35
28 36
28 39
28 40
28 41
28 42
28 43
28 45
28 46
28 47
28 48
28 49
29 0
29 13
29 14
29 15
29 16
29 17
29 18
29 19
29 20
29 21
29 35
29 38
29 39
29 41
29 42
29 43
29 46
29 47
29 48
29 49
30 0
30 2
30 3
30 8
30 12
30 15
30 16
30 17
30 18
30 19
30 22
30 31
30 32
30 33
30 35
30 36
30 37
30 38
30 39
30 40
30 41
30 42
30 43
30 49
31 0
31 2
31 3
31 8
31 11
31 15
31 16
31 17
31 18
31 19
31 21
31 22
31 28
31 30
31 33
31 34
31 35
31 37
31 39
31 40
31 41
31 42
31 43
31 44
31 48
31 49
32 5
32 6
32 7
32 11
32 12
32 17
32 18
32 24
32 25
32 26
32 27
32 32
32 33
32 36
32 37
32 41
32 43
32 48
33 4
33 5
33 6
33 9
33 10
33 11
33 12
33 14
33 17
33 18
33 19
33 24
33 26
33 27
33 28
33 32
33 33
33 37
33 38
33 39
33 40
33 41
33 42
33 43
33 45
33 46
33 48
33 49
34 1
34 6
34 7
34 9
34 10
34 12
34 14
34 15
34 16
34 17
34 24
34 25
34 26
34 28
34 29
34 32
34 33
34 34
34 35
34 36
34 44
34 45
34 46
34 47
34 48
34 49
35 4
35 6
35 7
35 8
35 9
35 10
35 13
35 14
35 19
35 22
35 23
35 24
35 25
35 26
35 27
35 28
35 29
35 30
35 31
35 32
35 33
35 34
35 35
35 36
35 44
35 45
35 48
35 49
36 2
36 3
36 4
36 5
36 6
36 7
36 8
36 10
36 12
36 15
36 16
36 17
36 19
36 25
36 27
36 28
36 29
36 30
36 31
36 32
36 34
36 40
36 41
36 44
36 46
37 2
37 3
37 4
37 5
37 6
37 7
37 8
37 9
37 11
37 12
37 15
37 16
37 19
37 25
37 26
37 27
37 28
37 29
37 30
37 31
37 32
37 33
37 37
37 38
37 46
37 47
37 48
38 4
38 5
38 6
38 7
38 11
38 13
38 15
38 16
38 19
38 20
38 23
38 27
38 28
38 29
38 32
38 33
38 34
38 35
38 36
38 37
38 46
38 47
38 48
39 2
39 3
39 4
39 5
39 6
39 8
39 19
39 20
39 26
39 27
39 29
39 36
39 37
39 38
39 39
39 46
39 47
39 48
40 1
40 2
40 3
40 4
40 5
40 8
40 9
40 10
40 11
40 12
40 13
40 17
40 18
40 19
40 25
40 27
40 31
40 32
40 33
40 34
40 36
40 37
40 38
40 39
40 42
40 43
40 44
40 46
40 47
41 0
41 1
41 4
41 5
41 6
41 7
41 8
41 9
41 11
41 12
41 13
41 17
41 19
41 24
41 27
41 28
41 29
41 30
41 31
41 34
41 37
41 38
41 39
41 40
41 41
41 42
41 43
41 44
41 45
41 46
41 47
41 48
42 0
42 1
42 2
42 5
42 6
42 8
42 9
42 14
42 15
42 16
42 17
42 18
42 19
42 20
42 21
42 22
42 29
42 30
42 31
42 32
42 33
42 34
42 35
42 36
42 37
42 38
42 39
42 45
42 46
42 47
42 48
43 0
43 1
43 2
43 3
43 12
43 15
43 16
43 18
43 19
43 20
43 21
43 22
43 27
43 28
43 29
43 30
43 31
43 33
43 34
43 35
43 36
43 38
43 39
43 40
43 41
43 44
43 46
43 47
44 2
44 7
44 8
44 12
44 16
44 17
44 18
44 19
44 20
44 22
44 25
44 27
44 28
44 30
44 31
44 32
44 33
44 34
44 35
44 36
44 37
44 38
44 44
44 46
45 3
45 4
45 5
45 7
45 11
45 12
45 16
45 17
45 18
45 19
45 20
45 21
45 22
45 23
45 24
45 25
45 26
45 27
45 28
45 29
45 31
45 32
45 33
45 34
45 36
45 37
45 38
45 39
45 40
46 0
46 1
46 2
46 6
46 7
46 8
46 13
46 14
46 15
46 16
46 19
46 26
46 27
46 28
46 29
46 30
46 31
46 34
46 35
46 36
46 37
46 38
46 39
46 40
46 42
46 45
46 49
47 2
47 3
47 4
47 5
47 6
47 7
47 8
47 9
47 10
47 12
47 14
47 15
47 16
47 18
47 19
47 25
47 26
47 27
47 28
47 30
47 35
47 40
47 41
47 42
47 45
47 49
48 0
48 1
48 2
48 3
48 4
48 5
48 7
48 8
48 10
48 11
48 12
48 14
48 15
48 16
48 17
48 18
48 27
48 28
48 29
48 34
48 35
48 39
48 40
48 41
48 42
48 43
48 44
48 45
49 1
49 2
49 3
49 4
49 5
49 9
49 10
49 11
49 12
49 13
49 14
49 15
49 16
49 18
49 23
49 25
49 26
49 27
49 28
49 29
49 30
49 31
49 34
49 39
49 40
49 45
