0 0
0 1
0 2
0 3
0 4
0 5
0 6
0 8
0 9
0 11
0 12
0 13
0 14
0 15
0 16
0 17
0 20
0 25
0 26
0 27
0 28
0 30
0 32
0 34
0 35
0 36
0 37
0 38
0 39
0 40
0 42
0 43
0 44
0 45
0 46
0 47
1 0
1 1
1 2
1 3
1 4
1 5
1 8
1 9
1 12
1 13
1 15
1 20
1 21
1 22
1 23
1 28
1 29
1 31
1 32
1 33
1 34
1 35
1 36
1 37
1 38
1 39
1 40
1 41
1 42
1 43
1 44
1 45
2 0
2 1
2 2
2 3
2 5
2 7
2 8
2 9
2 10
2 11
2 13
2 15
2 16
2 17
2 18
2 21
2 22
2 23
2 24
2 28
2 29
2 30
2 31
2 32
2 33
2 34
2 35
2 36
2 38
2 39
2 41
2 44
2 48
2 49
3 0
3 1
3 5
3 6
3 7
3 8
3 9
3 10
3 11
3 13
3 14
3 15
3 17
3 21
3 22
3 28
3 29
3 30
3 31
3 32
3 33
3 34
3 35
3 36
3 38
3 44
3 47
3 48
3 49
4 0
4 1
4 2
4 3
4 5
4 6
4 8
4 10
4 11
4 12
4 14
4 15
4 21
4 22
4 27
4 28
4 29
4 30
4 31
4 32
4 33
4 35
4 36
4 38
4 39
4 41
4 42
4 43
4 44
4 49
5 0
5 1
5 2
5 3
5 7
5 8
5 9
5 10
5 11
5 12
5 23
5 28
5 29
5 30
5 31
5 32
5 35
5 39
5 44
5 46
5 49
6 0
6 1
6 2
6 3
6 4
6 5
6 6
6 7
6 8
6 9
6 10
6 11
6 13
6 20
6 23
6 24
6 25
6 26
6 27
6 28
6 31
6 32
6 33
6 37
6 42
6 43
6 46
7 1
7 2
7 3
7 4
7 5
7 6
7 7
7 8
7 9
7 10
7 11
7 12
7 16
7 18
7 23
7 24
7 25
7 27
7 28
7 29
7 30
7 31
7 32
7 33
7 34
7 35
7 38
7 39
7 40
7 41
7 42
7 44
7 45
7 46
8 1
8 3
8 4
8 5
8 6
8 7
8 8
8 9
8 12
8 18
8 21
8 22
8 23
8 24
8 25
8 26
8 29
8 30
8 31
8 32
8 34
8 35
8 36
8 38
8 39
8 40
8 41
8 47
8 48
9 2
9 3
9 5
9 9
9 12
9 13
9 14
9 15
9 17
9 21
9 22
9 23
9 24
9 25
9 29
9 31
9 32
9 33
9 34
9 35
9 36
9 37
9 40
9 41
9 42
9 43
9 48
10 2
10 6
10 7
10 9
10 10
10 13
10 14
10 15
10 22
10 23
10 26
10 28
10 30
10 31
10 32
10 33
10 34
10 35
10 38
10 40
10 41
10 42
10 45
10 46
10 47
10 48
10 49
11 2
11 5
11 6
11 7
11 8
11 14
11 15
11 17
11 20
11 21
11 22
11 23
11 30
11 31
11 33
11 40
11 45
11 46
11 47
11 48
11 49
12 0
12 2
12 3
12 4
12 5
12 6
12 7
12 8
12 9
12 10
12 15
12 16
12 17
12 18
12 19
12 23
12 24
12 26
12 27
12 39
12 42
12 43
12 45
12 46
12 47
13 14
13 15
13 16
13 17
13 18
13 19
13 21
13 22
13 27
13 28
13 29
13 32
13 37
13 38
13 39
13 42
13 43
13 44
13 49
14 14
14 15
14 16
14 17
14 20
14 21
14 22
14 23
14 24
14 25
14 27
14 28
14 29
14 32
14 33
14 34
14 35
14 36
14 39
14 40
14 42
14 44
14 46
15 6
15 9
15 13
15 14
15 16
15 17
15 18
15 19
15 21
15 22
15 23
15 24
15 34
15 35
15 36
15 38
15 39
15 40
15 41
15 42
15 43
15 44
15 46
15 47
16 8
16 9
16 17
16 18
16 20
16 21
16 22
16 23
16 24
16 33
16 34
16 35
16 36
16 37
16 38
16 39
16 40
16 41
16 42
16 43
16 46
16 47
16 48
16 49
17 9
17 14
17 18
17 19
17 20
17 21
17 23
17 29
17 30
17 31
17 33
17 34
17 35
17 37
17 38
17 40
17 41
17 42
17 43
17 45
17 46
17 47
17 48
17 49
18 9
18 14
18 15
18 19
18 20
18 21
18 25
18 28
18 29
18 30
18 31
18 32
18 33
18 34
18 35
18 36
18 37
18 39
18 40
18 41
18 42
18 43
18 44
18 45
18 47
18 48
18 49
19 13
19 14
19 20
19 21
19 25
19 26
19 29
19 30
19 31
19 32
19 33
19 34
19 35
19 36
19 37
19 38
19 39
19 41
19 42
19 43
19 44
19 45
19 46
20 0
20 5
20 8
20 10
20 11
20 12
20 13
20 17
20 19
20 20
20 21
20 22
20 23
20 25
20 26
20 27
20 28
20 29
20 30
20 33
20 34
20 35
20 36
20 37
20 38
20 39
20 42
20 43
20 44
20 46
21 12
21 13
21 14
21 17
21 18
21 20
21 21
21 22
21 23
21 25
21 26
21 27
21 28
21 29
21 30
21 32
21 33
21 34
21 35
21 36
21 37
21 38
21 39
21 42
21 43
21 44
21 45
22 7
22 8
22 10
22 12
22 13
22 14
22 20
22 21
22 24
22 27
22 29
22 30
22 33
22 34
22 35
22 36
22 37
22 38
22 40
22 41
22 42
22 43
22 44
22 45
22 46
23 0
23 1
23 2
23 7
23 10
23 11
23 12
23 13
23 14
23 15
23 16
23 17
23 18
23 20
23 22
23 23
23 34
23 35
23 36
23 37
23 39
23 40
23 42
23 43
23 44
23 45
23 46
23 47
23 48
24 0
24 1
24 3
24 5
24 7
24 8
24 9
24 10
24 11
24 12
24 13
24 15
24 16
24 20
24 21
24 22
24 23
24 26
24 29
24 30
24 34
24 35
24 36
24 39
24 43
24 44
24 45
24 46
24 47
24 48
24 49
25 1
25 2
25 3
25 4
25 5
25 7
25 8
25 10
25 11
25 12
25 13
25 15
25 16
25 20
25 21
25 22
25 23
25 26
25 29
25 34
25 35
25 36
25 38
25 39
25 43
25 44
25 45
25 46
25 48
25 49
26 0
26 1
26 2
26 3
26 4
26 5
26 7
26 11
26 12
26 13
26 19
26 20
26 21
26 22
26 23
26 24
26 25
26 28
26 29
26 31
26 32
26 33
26 34
26 37
26 39
26 43
26 44
26 45
26 46
27 1
27 2
27 3
27 4
27 6
27 7
27 8
27 9
27 10
27 12
27 19
27 20
27 21
27 22
27 23
27 24
27 26
27 30
27 31
27 32
27 35
27 44
27 45
27 49
28 0
28 1
28 2
28 3
28 4
28 5
28 6
28 7
28 8
28 9
28 10
28 21
28 23
28 24
28 25
28 27
28 29
28 31
28 32
28 33
28 44
28 45
29 0
29 1
29 2
29 4
29 5
29 6
29 7
29 8
29 9
29 10
29 12
29 13
29 15
29 25
29 30
29 31
29 33
29 36
29 37
29 38
29 39
29 40
29 44
29 45
29 46
30 1
30 2
30 3
30 7
30 11
30 12
30 23
30 24
30 25
30 28
30 29
30 30
30 31
30 32
30 37
30 38
30 42
30 44
30 45
30 46
31 3
31 6
31 7
31 12
31 13
31 22
31 23
31 24
31 27
31 28
31 29
31 30
31 31
31 32
31 35
31 36
31 37
31 38
31 41
31 42
31 46
32 11
32 22
32 23
32 27
32 28
32 29
32 30
32 35
32 38
32 39
32 40
32 41
32 42
32 46
32 47
32 48
33 0
33 2
33 21
33 22
33 23
33 25
33 29
33 30
33 35
33 36
33 37
33 38
33 41
33 42
33 43
34 0
34 1
34 2
34 3
34 10
34 20
34 21
34 22
34 23
34 27
34 30
34 31
34 33
34 35
34 36
34 38
34 40
34 46
34 47
34 48
34 49
35 1
35 10
35 16
35 17
35 18
35 19
35 20
35 21
35 22
35 23
35 26
35 31
35 32
35 33
35 34
35 35
35 46
35 47
36 2
36 10
36 12
36 13
36 14
36 15
36 16
36 17
36 18
36 19
36 20
36 22
36 23
36 24
36 26
36 31
36 32
36 33
36 38
36 39
36 44
36 45
36 47
36 48
37 2
37 3
37 4
37 8
37 10
37 11
37 13
37 14
37 15
37 16
37 17
37 18
37 19
37 20
37 21
37 22
37 23
37 24
37 25
37 26
37 30
37 31
37 33
37 38
37 39
37 45
37 46
37 47
37 48
38 2
38 3
38 4
38 5
38 6
38 10
38 11
38 12
38 13
38 16
38 17
38 19
38 20
38 21
38 25
38 26
38 27
38 38
38 46
38 47
39 2
39 3
39 4
39 5
39 6
39 7
39 9
39 10
39 11
39 12
39 13
39 16
39 17
39 21
39 25
39 26
39 37
39 38
39 41
39 44
40 1
40 2
40 3
40 4
40 5
40 6
40 7
40 8
40 10
40 11
40 12
40 13
40 14
40 15
40 16
40 17
40 24
40 26
40 27
40 32
40 36
40 37
40 38
40 41
40 43
40 44
41 0
41 1
41 2
41 3
41 4
41 5
41 7
41 8
41 10
41 13
41 14
41 15
41 16
41 17
41 21
41 26
41 27
41 28
41 29
41 30
41 31
41 32
41 35
41 38
41 41
41 42
41 43
41 44
41 47
42 0
42 1
42 2
42 4
42 5
42 6
42 13
42 15
42 16
42 17
42 20
42 25
42 29
42 30
42 40
42 41
42 42
42 43
42 44
43 0
43 1
43 2
43 3
43 4
43 5
43 6
43 11
43 12
43 15
43 16
43 17
43 21
43 22
43 24
43 25
43 29
43 30
43 31
43 32
43 39
43 40
43 41
43 48
43 49
44 0
44 1
44 3
44 6
44 7
44 11
44 12
44 13
44 15
44 16
44 20
44 21
44 22
44 24
44 25
44 26
44 28
44 29
44 30
44 31
44 41
44 42
44 43
45 3
45 4
45 5
45 6
45 10
45 12
45 16
45 19
45 20
45 21
45 22
45 23
45 24
45 25
45 26
45 28
45 29
45 30
45 35
45 36
45 45
45 46
46 0
46 1
46 2
46 4
46 5
46 6
46 7
46 17
46 20
46 23
46 28
46 29
46 30
46 32
46 35
46 36
46 37
46 38
46 41
46 43
46 44
46 45
46 46
46 47
46 48
47 2
47 3
47 4
47 5
47 6
47 13
47 16
47 17
47 18
47 19
47 20
47 23
47 24
47 25
47 26
47 27
47 28
47 29
47 30
47 31
47 35
47 37
47 38
47 40
47 42
47 47
47 48
47 49
48 1
48 2
48 3
48 4
48 5
48 6
48 13
48 15
48 18
48 19
48 20
48 21
48 22
48 23
48 24
48 25
48 28
48 29
48 30
48 35
48 37
48 49
49 0
49 1
49 2
49 5
49 6
49 7
49 8
49 10
49 13
49 20
49 21
49 22
49 23
49 24
49 28
49 30
49 31
49 32
49 37
49 40
49 41
49 44
49 45
49 46
49 47
49 48
