0 1
0 2
0 4
0 5
0 6
0 7
0 8
0 9
0 23
0 28
0 29
0 30
0 33
0 34
0 35
0 36
0 37
0 38
0 39
0 43
0 44
0 45
0 46
0 47
0 48
0 49
1 0
1 3
1 4
1 5
1 6
1 7
1 8
1 9
1 10
1 24
1 29
1 30
1 31
1 32
1 33
1 34
1 35
1 36
1 38
1 39
1 43
1 44
1 45
1 46
1 47
1 48
1 49
2 3
2 4
2 5
2 6
2 7
2 8
2 9
2 10
2 17
2 18
2 30
2 31
2 32
2 33
2 34
2 35
2 36
2 37
2 38
2 39
2 40
2 41
2 42
2 43
2 44
2 45
2 46
2 47
2 48
3 0
3 3
3 4
3 5
3 6
3 7
3 8
3 9
3 10
3 11
3 15
3 17
3 18
3 24
3 29
3 30
3 31
3 32
3 33
3 34
3 35
3 36
3 37
3 39
3 40
3 41
3 42
3 43
3 44
3 45
3 46
3 47
3 48
3 49
4 0
4 1
4 2
4 3
4 5
4 6
4 7
4 8
4 9
4 10
4 15
4 32
4 33
4 38
4 39
4 40
4 41
4 42
4 43
4 44
4 45
4 46
4 48
4 49
5 0
5 1
5 2
5 4
5 5
5 6
5 7
5 8
5 9
5 10
5 11
5 24
5 28
5 37
5 38
5 39
5 40
5 41
5 45
5 46
5 49
6 0
6 5
6 6
6 10
6 11
6 12
6 13
6 14
6 15
6 16
6 19
6 20
6 21
6 22
6 24
6 30
6 31
6 32
6 33
6 36
6 37
6 39
6 40
6 44
6 45
6 46
6 47
6 48
7 7
7 11
7 12
7 13
7 14
7 15
7 16
7 19
7 20
7 21
7 22
7 23
7 28
7 30
7 31
7 32
7 33
7 36
7 37
7 39
7 40
7 41
7 42
7 43
7 47
7 48
8 4
8 7
8 11
8 12
8 13
8 14
8 15
8 16
8 17
8 19
8 20
8 21
8 22
8 29
8 30
8 31
8 32
8 47
8 48
9 3
9 4
9 5
9 6
9 7
9 8
9 9
9 10
9 11
9 12
9 13
9 14
9 16
9 17
9 21
9 22
9 30
9 42
9 44
9 47
9 48
10 3
10 6
10 7
10 10
10 11
10 14
10 15
10 16
10 17
10 18
10 19
10 20
10 21
10 22
10 23
10 24
10 39
10 40
10 41
10 42
10 43
10 44
10 45
10 46
10 47
11 3
11 4
11 5
11 6
11 7
11 8
11 9
11 11
11 13
11 14
11 15
11 16
11 18
11 19
11 20
11 21
11 22
11 23
11 24
11 36
11 39
11 40
11 41
11 42
11 43
11 44
12 0
12 1
12 6
12 7
12 8
12 9
12 10
12 11
12 15
12 18
12 19
12 20
12 22
12 23
12 24
12 29
12 33
12 36
12 41
12 42
12 43
12 44
13 0
13 1
13 3
13 4
13 6
13 7
13 8
13 9
13 10
13 13
13 14
13 18
13 19
13 20
13 21
13 22
13 23
13 26
13 27
13 28
13 29
13 36
13 40
13 42
13 43
13 44
13 45
13 46
13 47
13 49
14 1
14 3
14 5
14 7
14 8
14 14
14 16
14 17
14 21
14 22
14 23
14 24
14 26
14 27
14 28
14 29
14 30
14 33
14 41
14 42
14 43
14 45
14 46
14 47
15 0
15 1
15 2
15 3
15 7
15 8
15 13
15 14
15 16
15 17
15 21
15 22
15 23
15 24
15 25
15 26
15 27
15 28
15 29
15 30
15 35
15 36
15 37
15 38
15 40
15 41
15 42
15 43
15 44
15 45
15 46
15 47
15 48
15 49
16 0
16 1
16 2
16 3
16 21
16 22
16 23
16 24
16 25
16 26
16 27
16 28
16 29
16 30
16 35
16 36
16 40
16 41
16 42
16 43
16 44
16 45
16 46
16 47
17 1
17 2
17 22
17 23
17 24
17 25
17 26
17 28
17 29
17 30
17 35
17 36
17 40
17 41
17 42
17 43
17 44
17 45
17 46
17 47
17 48
18 10
18 13
18 14
18 16
18 17
18 22
18 23
18 24
18 25
18 27
18 28
18 29
18 30
18 31
18 33
18 34
18 35
18 36
18 37
18 43
18 44
18 45
18 46
18 48
19 9
19 10
19 11
19 12
19 13
19 14
19 16
19 17
19 18
19 19
19 20
19 21
19 22
19 23
19 24
19 25
19 26
19 28
19 29
19 30
19 31
19 34
19 35
19 36
19 37
19 38
19 39
19 43
19 44
19 45
19 46
19 47
19 48
19 49
20 0
20 1
20 4
20 10
20 11
20 12
20 13
20 15
20 17
20 18
20 19
20 20
20 21
20 23
20 26
20 27
20 29
20 30
20 37
20 38
20 41
20 42
20 43
20 44
20 45
20 46
20 47
20 48
21 0
21 1
21 6
21 7
21 10
21 11
21 12
21 13
21 14
21 17
21 18
21 19
21 20
21 21
21 22
21 23
21 24
21 25
21 27
21 28
21 29
21 30
21 31
21 37
21 38
21 39
21 40
21 41
21 42
21 43
21 45
21 46
21 47
21 48
21 49
22 0
22 3
22 4
22 5
22 6
22 10
22 11
22 12
22 13
22 14
22 15
22 16
22 17
22 18
22 19
22 20
22 21
22 22
22 23
22 24
22 25
22 26
22 27
22 28
22 29
22 31
22 32
22 36
22 38
22 39
22 42
22 43
22 49
23 3
23 4
23 5
23 6
23 10
23 11
23 12
23 13
23 14
23 15
23 16
23 17
23 18
23 20
23 21
23 22
23 23
23 24
23 25
23 27
23 28
23 29
23 32
23 36
23 37
23 38
23 39
23 40
23 41
23 42
23 43
24 3
24 4
24 5
24 6
24 7
24 9
24 10
24 12
24 13
24 14
24 17
24 18
24 19
24 22
24 23
24 24
24 25
24 26
24 27
24 28
24 29
24 30
24 31
24 32
24 33
24 35
24 36
24 37
24 40
24 43
25 2
25 3
25 4
25 5
25 6
25 7
25 9
25 10
25 13
25 18
25 19
25 22
25 23
25 24
25 25
25 26
25 27
25 30
25 31
25 38
25 40
25 41
26 2
26 3
26 4
26 5
26 6
26 7
26 9
26 13
26 14
26 15
26 16
26 19
26 20
26 21
26 22
26 23
26 24
26 29
26 30
26 31
26 42
26 43
26 44
27 2
27 3
27 4
27 5
27 6
27 7
27 8
27 12
27 13
27 14
27 15
27 19
27 20
27 21
27 22
27 23
27 24
27 29
27 35
27 36
27 37
27 40
27 41
27 44
27 47
28 2
28 3
28 4
28 5
28 6
28 7
28 8
28 14
28 20
28 21
28 22
28 23
28 24
28 25
28 28
28 29
28 30
28 35
28 36
28 37
28 38
28 39
28 40
28 41
28 43
28 44
29 1
29 2
29 3
29 4
29 5
29 6
29 8
29 13
29 15
29 20
29 24
29 25
29 26
29 27
29 28
29 29
29 30
29 33
29 35
29 36
29 37
29 38
29 39
29 40
29 42
29 43
29 44
29 45
30 0
30 1
30 2
30 6
30 7
30 9
30 19
30 20
30 21
30 22
30 23
30 25
30 26
30 27
30 28
30 29
30 30
30 34
30 35
30 36
30 37
30 38
30 39
30 40
30 41
30 42
30 49
31 0
31 1
31 2
31 18
31 19
31 20
31 21
31 22
31 23
31 24
31 25
31 26
31 27
31 28
31 29
31 30
31 32
31 33
31 34
31 35
31 36
31 37
31 38
31 39
31 41
31 42
31 48
31 49
32 1
32 2
32 18
32 19
32 20
32 21
32 23
32 25
32 26
32 27
32 28
32 29
32 30
32 31
32 32
32 33
32 34
32 35
32 36
32 38
32 39
32 40
32 41
32 42
32 47
32 49
33 0
33 1
33 2
33 15
33 19
33 20
33 21
33 22
33 23
33 25
33 26
33 27
33 28
33 29
33 30
33 31
33 32
33 33
33 34
33 35
33 36
33 38
33 39
33 40
33 41
33 42
33 43
33 45
33 46
33 47
33 48
33 49
34 1
34 2
34 4
34 7
34 10
34 11
34 14
34 19
34 20
34 21
34 22
34 23
34 24
34 26
34 27
34 28
34 29
34 30
34 31
34 32
34 33
34 34
34 35
34 36
34 38
34 39
34 40
34 41
34 42
34 43
34 47
34 48
34 49
35 1
35 4
35 5
35 7
35 8
35 10
35 11
35 12
35 13
35 14
35 15
35 19
35 20
35 22
35 24
35 25
35 27
35 28
35 29
35 30
35 31
35 32
35 33
35 34
35 36
35 37
35 38
35 39
35 40
35 41
35 42
35 43
35 48
35 49
36 5
36 6
36 7
36 8
36 10
36 11
36 15
36 20
36 22
36 28
36 29
36 30
36 31
36 32
36 33
36 34
36 37
36 40
36 41
36 42
36 43
36 49
37 5
37 6
37 7
37 8
37 9
37 10
37 11
37 22
37 28
37 29
37 30
37 31
37 32
37 33
37 34
37 35
37 37
37 39
37 42
37 43
37 48
37 49
38 6
38 7
38 8
38 9
38 10
38 11
38 24
38 25
38 27
38 28
38 29
38 30
38 31
38 35
38 37
38 39
38 47
38 48
38 49
39 3
39 4
39 5
39 6
39 7
39 8
39 9
39 10
39 11
39 12
39 24
39 27
39 28
39 29
39 30
39 37
39 40
39 43
39 46
39 47
39 49
40 0
40 4
40 5
40 6
40 7
40 8
40 9
40 10
40 11
40 12
40 13
40 22
40 23
40 28
40 29
40 30
40 33
40 34
40 35
40 46
40 47
40 48
40 49
41 0
41 1
41 2
41 5
41 6
41 7
41 8
41 11
41 12
41 13
41 22
41 23
41 24
41 26
41 27
41 28
41 29
41 31
41 32
41 34
41 35
41 36
41 46
41 47
41 48
41 49
42 0
42 1
42 2
42 3
42 5
42 6
42 7
42 8
42 13
42 19
42 22
42 23
42 24
42 25
42 26
42 27
42 28
42 29
42 30
42 31
42 32
42 33
42 34
42 35
42 36
42 37
42 39
42 40
42 45
42 46
42 47
42 48
42 49
43 0
43 1
43 2
43 3
43 5
43 6
43 7
43 12
43 13
43 14
43 19
43 21
43 22
43 23
43 24
43 25
43 26
43 27
43 30
43 33
43 34
43 35
43 36
43 37
43 38
43 39
43 40
43 41
43 42
43 43
43 44
43 45
43 46
43 47
43 48
43 49
44 0
44 1
44 3
44 4
44 5
44 6
44 7
44 12
44 13
44 14
44 15
44 16
44 22
44 24
44 25
44 26
44 27
44 33
44 34
44 35
44 36
44 37
44 39
44 40
44 41
44 42
44 43
44 44
44 45
44 46
44 47
44 48
44 49
45 0
45 1
45 3
45 4
45 5
45 6
45 7
45 8
45 9
45 13
45 14
45 15
45 16
45 17
45 20
45 21
45 22
45 23
45 24
45 25
45 26
45 27
45 28
45 33
45 34
45 35
45 36
45 37
45 38
45 39
45 40
45 41
45 42
45 43
45 44
45 45
45 46
45 47
45 48
46 0
46 1
46 3
46 4
46 6
46 7
46 8
46 9
46 10
46 11
46 13
46 17
46 18
46 19
46 20
46 21
46 22
46 23
46 24
46 25
46 26
46 27
46 31
46 34
46 35
46 36
46 38
46 39
46 40
46 41
46 42
46 43
46 47
46 48
46 49
47 0
47 2
47 3
47 4
47 5
47 6
47 7
47 8
47 9
47 10
47 11
47 17
47 18
47 19
47 20
47 21
47 26
47 31
47 32
47 33
47 34
47 35
47 36
47 37
47 38
47 39
47 40
47 41
47 42
47 43
47 45
47 46
47 47
47 48
47 49
48 0
48 1
48 2
48 3
48 4
48 5
48 6
48 7
48 8
48 11
48 17
48 18
48 19
48 20
48 21
48 31
48 32
48 33
48 34
48 35
48 36
48 37
48 38
48 41
48 42
48 43
48 45
48 46
48 47
48 48
48 49
49 0
49 1
49 2
49 3
49 4
49 5
49 6
49 7
49 8
49 9
49 11
49 18
49 21
49 25
49 30
49 33
49 34
49 35
49 36
49 37
49 42
49 43
49 44
49 45
49 46
49 47
49 48
49 49
