2.500000000000000000e-01 2.500000000000000000e-01 6.430000000000000000e+02
2.500000000000000000e-01 7.500000000000000000e-01 1.900000000000000000e+01
2.500000000000000000e-01 1.000000000000000000e+00 1.000000000000000000e+00
2.500000000000000000e-01 1.138889999999999958e+00 2.000000000000000000e+00
5.000000000000000000e-01 0.000000000000000000e+00 4.900000000000000000e+01
5.000000000000000000e-01 5.000000000000000000e-01 1.600000000000000000e+01
5.000000000000000000e-01 7.500000000000000000e-01 1.000000000000000000e+00
5.000000000000000000e-01 8.888899999999999579e-01 1.000000000000000000e+00
5.000000000000000000e-01 1.062500000000000000e+00 1.000000000000000000e+00
5.000000000000000000e-01 4.812500000000000000e+00 1.000000000000000000e+00
1.000000000000000000e+00 2.500000000000000000e-01 1.500000000000000000e+01
1.000000000000000000e+00 3.888900000000000134e-01 9.000000000000000000e+00
1.000000000000000000e+00 5.625000000000000000e-01 1.000000000000000000e+00
1.000000000000000000e+00 1.500000000000000000e+00 1.000000000000000000e+00
1.000000000000000000e+00 1.777779999999999916e+00 1.000000000000000000e+00
1.000000000000000000e+00 2.125000000000000000e+00 1.000000000000000000e+00
1.250000000000000000e+00 0.000000000000000000e+00 8.000000000000000000e+00
1.250000000000000000e+00 1.388900000000000134e-01 9.000000000000000000e+00
1.250000000000000000e+00 3.125000000000000000e-01 4.000000000000000000e+00
1.250000000000000000e+00 1.250000000000000000e+00 2.000000000000000000e+00
1.250000000000000000e+00 1.875000000000000000e+00 1.000000000000000000e+00
1.250000000000000000e+00 2.066329999999999778e+00 1.000000000000000000e+00
1.250000000000000000e+00 2.129999999999999893e+00 1.000000000000000000e+00
1.250000000000000000e+00 5.972220000000000084e+00 1.000000000000000000e+00
1.250000000000000000e+00 7.882229999999999848e+00 1.000000000000000000e+00
1.250000000000000000e+00 1.594514999999999993e+01 1.000000000000000000e+00
2.000000000000000000e+00 5.000000000000000000e-01 4.000000000000000000e+00
2.000000000000000000e+00 1.125000000000000000e+00 1.000000000000000000e+00
2.000000000000000000e+00 2.250000000000000000e+00 1.000000000000000000e+00
2.000000000000000000e+00 9.111110000000000042e+00 1.000000000000000000e+00
2.250000000000000000e+00 2.500000000000000000e-01 1.600000000000000000e+01
2.250000000000000000e+00 5.277800000000000269e-01 1.000000000000000000e+00
2.250000000000000000e+00 8.750000000000000000e-01 1.000000000000000000e+00
2.250000000000000000e+00 1.361110000000000042e+00 1.000000000000000000e+00
2.250000000000000000e+00 2.000000000000000000e+00 1.000000000000000000e+00
2.250000000000000000e+00 3.305559999999999832e+00 1.000000000000000000e+00
2.250000000000000000e+00 9.310000000000000497e+00 1.000000000000000000e+00
2.500000000000000000e+00 0.000000000000000000e+00 9.000000000000000000e+00
2.500000000000000000e+00 2.777800000000000269e-01 2.000000000000000000e+00
2.500000000000000000e+00 6.250000000000000000e-01 2.000000000000000000e+00
2.500000000000000000e+00 2.066120000000000179e+00 1.000000000000000000e+00
2.500000000000000000e+00 6.527779999999999916e+00 1.000000000000000000e+00
3.250000000000000000e+00 0.000000000000000000e+00 1.000000000000000000e+00
3.250000000000000000e+00 6.633000000000000007e-02 6.000000000000000000e+00
3.250000000000000000e+00 1.300000000000000044e-01 1.000000000000000000e+00
3.250000000000000000e+00 8.125000000000000000e-01 1.000000000000000000e+00
3.250000000000000000e+00 1.169999999999999929e+00 2.000000000000000000e+00
3.250000000000000000e+00 1.316119999999999957e+00 1.000000000000000000e+00
3.250000000000000000e+00 3.250000000000000000e+00 1.000000000000000000e+00
3.250000000000000000e+00 4.059689999999999799e+00 1.000000000000000000e+00
4.000000000000000000e+00 6.250000000000000000e-02 7.000000000000000000e+00
4.000000000000000000e+00 2.500000000000000000e-01 2.000000000000000000e+00
4.000000000000000000e+00 4.199999999999999845e-01 1.000000000000000000e+00
4.250000000000000000e+00 0.000000000000000000e+00 1.000000000000000000e+00
4.250000000000000000e+00 1.700000000000000122e-01 4.000000000000000000e+00
4.250000000000000000e+00 2.656200000000000228e-01 1.000000000000000000e+00
4.250000000000000000e+00 2.656299999999999772e-01 1.000000000000000000e+00
4.250000000000000000e+00 1.530000000000000027e+00 1.000000000000000000e+00
4.250000000000000000e+00 4.882229999999999848e+00 1.000000000000000000e+00
4.500000000000000000e+00 2.222200000000000009e-01 1.000000000000000000e+00
4.500000000000000000e+00 5.000000000000000000e-01 1.000000000000000000e+00
5.000000000000000000e+00 5.555600000000000538e-01 1.000000000000000000e+00
5.000000000000000000e+00 1.944439999999999946e+00 1.000000000000000000e+00
6.250000000000000000e+00 3.697999999999999898e-02 1.000000000000000000e+00
6.250000000000000000e+00 1.059690000000000021e+00 1.000000000000000000e+00
6.250000000000000000e+00 3.370000000000000107e+00 1.000000000000000000e+00
6.500000000000000000e+00 0.000000000000000000e+00 1.000000000000000000e+00
6.500000000000000000e+00 1.326499999999999901e-01 1.000000000000000000e+00
6.500000000000000000e+00 2.148799999999999877e-01 1.000000000000000000e+00
7.250000000000000000e+00 2.899999999999999800e-01 1.000000000000000000e+00
7.250000000000000000e+00 3.580200000000000049e-01 1.000000000000000000e+00
8.000000000000000000e+00 5.555999999999999828e-02 1.000000000000000000e+00
8.500000000000000000e+00 3.400000000000000244e-01 1.000000000000000000e+00
9.000000000000000000e+00 1.000000000000000000e+00 1.000000000000000000e+00
9.250000000000000000e+00 5.473000000000000087e-02 1.000000000000000000e+00
9.250000000000000000e+00 1.887800000000000034e-01 1.000000000000000000e+00
1.250000000000000000e+01 0.000000000000000000e+00 1.000000000000000000e+00
1.525000000000000000e+01 1.134300000000000086e+00 1.000000000000000000e+00
1.625000000000000000e+01 5.623000000000000220e-02 1.000000000000000000e+00
1.700000000000000000e+01 1.951499999999999901e-01 1.000000000000000000e+00
2.405000000000000000e+02 0.000000000000000000e+00 1.000000000000000000e+00
