4.2733 3.0029 4.5357 5.9412 4.4130 4.7182 3.6390 0.0318 2.4134 2.1299 1.4728 0.9858 2.0028 1.8568 1.4874 1.1947 2.3608 1.2951 0.8042 3.7232
4.9302 4.5213 4.5910 6.1678 3.7876 3.6665 4.2247 4.5307 2.4834 2.7594 1.8677 2.6592 3.0858 2.3148 3.3231 3.9867 3.6165 3.6858 1.5754 3.6733
3.6371 3.7705 3.3543 4.9345 5.7492 2.8338 4.8016 3.4933 3.1506 2.7231 2.5177 3.3465 2.6101 2.1050 3.9268 3.6372 4.1351 2.4431 2.1489 2.8387
2.9964 3.7358 3.8946 6.1223 5.9340 3.0869 4.4544 2.2347 3.5868 2.3364 1.5063 0.8196 1.5763 1.9855 2.8788 3.1516 4.4725 2.6442 2.6268 3.7263
2.8097 4.5687 4.5436 3.7642 3.6400 3.5538 3.4314 2.2672 2.2205 2.0507 1.2513 0.9990 1.9354 2.8620 3.3754 4.5677 2.3689 3.2403 1.5847 2.3082
3.1331 4.3909 3.8312 3.7269 6.1146 2.8637 2.5351 2.7975 1.4691 1.0362 1.4490 2.4138 0.9648 3.9304 5.3434 5.1863 3.9372 3.2861 3.2821 2.6809
3.8924 4.5418 4.0653 1.0919 4.9620 4.0137 2.6356 2.6063 3.3014 6.2690 1.4181 1.9343 1.9843 2.7668 3.7655 5.4012 4.2043 5.1162 4.9589 4.4632
4.1612 5.3765 6.2715 2.3270 5.1347 3.9946 2.9792 2.0656 1.9707 0.2653 2.8891 2.8293 4.3867 3.2644 2.6132 1.0006 1.2647 4.3033 3.8499 3.4736
3.6433 4.4064 0.0113 5.8423 5.3652 5.2729 5.4456 2.7064 2.0661 1.6766 3.4378 4.0290 5.2605 1.7061 3.0168 1.7987 0.6141 4.3258 4.2210 2.9184
6.0677 5.0960 5.7941 4.8613 4.5869 5.3285 1.2051 1.7394 2.8347 2.5392 3.8853 4.6898 3.5856 3.3737 3.1449 3.1914 4.2252 4.3568 4.3325 1.9422
5.9266 0.1297 5.3338 5.2984 4.6904 0.4324 5.6320 6.2156 3.5373 5.8027 4.3449 5.0076 3.4737 3.6007 2.3633 3.1957 4.0388 4.3032 3.1829 0.5961
6.0135 0.3859 1.2268 1.2800 0.5341 6.0672 5.0913 5.7331 4.9560 5.7687 4.2820 5.5511 5.4184 2.7719 6.0109 3.7243 4.7114 6.0243 5.5052 0.4270
5.7975 0.3113 5.7471 4.2194 5.2198 0.3847 5.5488 0.1571 5.2303 5.5453 6.0837 4.2072 6.1669 4.0700 4.7874 5.4239 5.1204 5.8367 5.5855 6.0051
5.8255 5.3954 5.0032 2.2992 2.0030 1.0220 0.8500 0.4192 1.1108 5.3886 0.0803 2.8538 1.3637 4.2281 5.5330 4.1531 4.5071 6.1401 6.0255 5.6123
1.3295 1.4253 2.4845 1.7672 1.4132 0.8434 0.7503 0.6389 1.1774 5.4697 1.1069 1.2527 1.4791 3.2223 5.5717 0.7836 1.8725 1.3995 1.3929 0.2244
0.3496 2.3408 3.5568 1.2942 2.6398 1.5827 0.3215 1.1855 1.6767 2.6577 1.7911 1.9551 0.3081 3.6085 4.8318 0.1768 0.8463 3.3734 3.7788 4.9321
3.4449 1.5938 1.8751 2.4882 2.3081 5.8470 6.1103 4.9369 4.9972 3.9730 3.7147 3.5562 2.3667 3.8339 4.9060 1.7606 2.3031 1.7463 3.3873 4.7140
4.0826 3.2936 1.0712 2.7091 1.0179 6.0033 4.9573 4.9902 4.4094 3.3307 3.7643 2.8748 3.0524 2.4197 0.7430 2.1904 1.9901 1.4928 3.6293 4.6243
2.7392 3.7060 3.8709 2.3851 0.1051 6.0616 4.3758 5.8643 3.2690 3.7935 3.6218 2.9520 2.4211 2.0160 4.1360 1.6204 0.9430 0.5211 1.9437 4.3284
3.8610 4.2008 4.6846 4.9903 5.2723 0.0022 2.8555 0.0953 3.7486 3.0234 2.3648 3.0057 3.2532 3.0656 1.9456 1.6582 3.4891 1.7998 1.6715 3.0956
