6.0595 5.3026 0.7293 0.1572 6.1122 5.8422 0.3914 0.6742 0.1145 0.4362 4.5594 3.6334 5.1768 5.9449 5.0489 0.3084 6.0603 0.6203 5.9222 4.9947
5.6827 4.0926 4.9142 5.6351 5.1918 5.6649 0.1620 5.9812 0.0389 5.7473 4.7097 6.2142 5.7223 5.5422 0.9085 6.2534 5.5124 0.1604 0.2647 5.8866
5.3050 4.9476 4.7607 4.7115 4.1247 5.2341 3.9783 5.1813 0.3466 6.2590 5.2377 4.6987 4.0710 4.2144 0.0797 0.4059 0.5302 5.8207 6.1024 5.1741
5.5974 3.9494 4.0867 4.2288 4.4274 4.1374 5.5422 4.3179 5.9819 4.1410 4.9831 4.1252 4.8550 5.2466 5.7817 0.1518 0.0870 5.4794 5.4721 5.3046
4.8142 3.7428 4.6693 4.4780 5.1826 5.3616 4.0934 3.8350 4.2241 4.1500 5.2512 5.2867 5.3656 5.3386 4.6869 4.6804 1.2308 6.0841 5.9327 4.7371
5.3072 4.7192 5.4624 4.5447 4.8366 4.4341 4.8331 4.2569 4.3676 3.9207 6.0063 0.2965 6.0627 5.4198 5.3064 4.2364 3.4013 0.4013 0.7670 5.3505
5.5536 5.2598 5.2937 5.8432 5.2897 5.7819 0.1562 4.9441 0.6579 3.5130 0.9798 6.1897 6.0390 5.3424 5.2686 4.0465 3.4708 2.5281 0.9631 4.4081
6.1688 5.2986 5.8337 0.0117 0.5515 5.9677 0.5648 3.4056 5.3479 4.3124 1.3703 1.2731 0.3870 0.7367 0.3656 1.1052 2.1659 0.2853 0.3156 4.2336
4.8971 4.6928 6.2251 4.8347 4.7857 4.8997 5.8439 3.7034 5.4094 0.2424 0.6920 0.9055 1.1259 5.7873 5.6675 6.0428 0.4298 0.3119 0.3396 5.0888
5.8706 5.5086 6.1512 5.6836 3.2359 4.4716 3.2204 2.8069 0.7154 3.4014 1.5141 1.3096 1.5186 3.1701 1.7834 5.4729 0.3688 0.8240 5.7368 6.0267
5.6517 5.4640 5.4160 4.5031 5.8202 4.2152 2.8739 2.0850 3.0819 3.3723 2.0558 0.8417 1.8359 2.0436 5.3457 5.9217 6.1444 0.2674 5.8061 0.0029
1.3960 4.7737 4.3872 3.4259 3.0992 4.2175 4.0452 2.9063 3.9930 2.8318 1.9106 0.9990 0.9116 0.5350 5.8106 1.3262 6.0378 0.4243 0.1218 0.5471
1.9029 4.0638 2.4093 4.9669 4.4347 4.7286 3.5060 3.3347 3.6692 2.0208 1.0023 1.1154 1.8796 1.1238 6.1718 0.1723 0.5050 0.2090 1.3140 1.7982
2.2963 2.6816 2.6532 3.4280 3.9537 4.4872 3.7280 3.1337 3.1879 3.1782 4.0242 2.9106 2.2456 2.5654 5.2014 0.2246 4.8791 0.0987 0.7194 0.5984
2.7570 2.5174 3.8923 3.2337 3.8910 4.3227 3.5552 2.6892 2.0353 1.5501 2.7489 2.8021 2.8570 2.7977 1.4088 1.4859 0.8732 0.9840 0.8756 1.4761
1.4015 4.0047 3.6933 3.2854 2.8809 4.3591 3.0748 2.6288 3.7037 3.3741 3.4692 2.2910 0.7824 1.2054 1.6303 0.1352 6.2702 0.6401 0.3929 5.2555
1.6282 3.5410 4.4822 4.7042 3.5895 5.4089 4.7841 1.6519 3.2211 3.2629 3.9628 3.6050 3.0258 1.1872 0.7964 0.1706 5.9612 6.2755 5.9226 4.6592
3.7412 4.6320 4.3529 0.7375 1.2977 1.1785 0.3483 1.0210 2.3156 3.4861 3.3205 2.6890 1.0109 2.2770 0.8036 0.6533 0.0784 5.7836 5.7437 3.4347
4.0813 3.8366 3.1144 0.9068 0.2698 0.8988 1.0515 0.6422 1.3812 3.6798 3.0918 2.8917 0.7386 1.3714 0.4133 5.8590 0.8475 5.9121 4.7884 4.2799
3.7768 4.8727 3.2558 1.9393 5.0525 0.8980 0.0142 2.1491 1.2842 1.5887 1.9786 2.6615 3.8750 4.6081 5.0298 6.1997 0.0869 5.7121 5.0337 4.7387
