5.3534 4.6219 6.2050 0.1108 5.6270 4.1552 1.1348 1.9396 2.5219 2.7416 0.8927 1.8858 2.1854 5.9453 0.8306 2.4069 3.2617 3.1508 4.2767 0.0176
5.4509 5.1331 1.6132 0.4017 0.1533 5.2735 2.8026 1.0130 2.0696 2.1678 1.2333 2.4916 1.0640 0.0234 2.3919 1.8653 2.7236 3.7733 3.8440 4.7842
4.4622 4.1975 2.6027 1.7156 0.5017 0.6721 2.0362 2.8851 2.3207 1.9045 1.6510 3.5089 2.3154 0.6875 2.1540 3.6534 3.7444 3.1864 4.7009 4.8449
3.6404 3.0608 1.1327 2.5477 2.4021 2.3509 1.3440 2.2821 1.6125 1.5302 1.3624 0.9055 2.3485 2.0194 1.9689 3.7399 3.7750 3.1288 4.0101 3.9178
4.8429 0.2474 1.5912 1.8829 1.7944 0.9777 1.5906 2.5404 1.5311 2.5926 2.3903 1.8155 2.4902 2.3160 2.3995 1.9373 3.3841 2.1519 3.2142 4.2035
5.4092 0.0653 0.8926 1.9956 2.0522 3.6605 1.7686 3.2017 3.5863 1.5713 1.4283 2.0174 2.7454 3.1883 3.6077 3.0489 3.1434 4.5679 3.7178 5.0535
4.1234 2.6986 2.3810 1.9844 1.3119 3.2149 3.0503 2.3111 5.8913 1.1981 0.1857 1.6301 1.9865 1.8826 3.2305 3.3723 3.4675 3.0498 2.4351 3.6159
2.9405 3.5730 2.8309 4.0547 2.4449 3.1622 3.6169 3.1957 0.4173 2.3610 2.7477 1.6154 2.9569 2.9322 4.2227 2.9980 3.2559 3.4743 2.5359 3.8189
2.6511 3.3995 4.1162 3.8907 3.7173 3.3917 3.0262 4.3971 3.2755 3.7882 2.8344 3.3361 5.2562 2.6464 3.3321 3.1681 2.5461 1.5037 2.8032 4.8754
2.0558 3.8386 1.2636 0.4580 6.2410 3.6709 2.9022 4.1416 3.3225 3.5077 3.2780 3.4422 3.1534 2.5106 3.6163 2.9560 3.1255 1.6486 4.0235 2.4274
2.0895 3.7121 1.5201 0.3624 0.0248 5.8704 4.5589 4.3159 4.8844 4.4975 3.4224 4.3162 3.7129 2.5295 2.5290 3.1044 2.2152 1.1705 1.6727 2.3955
3.0837 2.6111 0.5276 5.8042 6.0423 0.1667 5.2574 4.8403 4.4664 4.4690 3.2726 3.1118 3.1811 2.7291 2.7510 2.5589 3.9890 5.2932 4.8683 3.6266
2.1466 1.1502 5.5471 6.1215 3.7108 5.0090 0.3682 5.1601 5.1431 4.5191 3.8589 3.9423 4.7820 3.5794 4.5693 0.9600 1.5706 0.8422 0.2619 3.2522
0.0753 6.1956 5.9456 5.2663 4.7792 5.1010 1.0273 0.4146 5.6236 4.8517 3.6872 5.6337 5.3986 4.4953 5.7135 1.0477 1.1287 0.5412 1.4704 3.0113
0.5356 5.9085 5.1159 5.9781 0.5281 1.6646 0.9440 0.3127 6.2687 4.8256 2.9909 5.0451 6.0975 5.6961 0.0329 1.3504 1.1871 0.7320 2.7295 4.4838
0.2128 0.1813 5.1855 4.8860 0.2737 0.3930 0.6631 0.2333 6.0441 4.0028 4.0009 5.5244 6.1463 5.9188 0.7276 1.4388 1.4292 1.8032 2.3308 1.5885
0.1409 0.5624 0.4489 5.2800 0.5255 1.1352 6.2721 5.8614 5.8228 5.6670 3.5637 5.1119 0.0475 5.2974 0.8358 1.1506 3.7050 1.3000 3.3672 2.4061
6.1960 0.7444 0.6002 0.9405 1.3307 5.2226 0.0841 6.0488 0.3425 0.2620 5.3276 3.9088 4.5564 1.8178 0.9369 1.5586 2.2270 2.3232 4.4495 6.1128
0.1170 0.5388 0.4894 0.7358 0.5586 0.0095 5.9518 2.0549 1.8724 5.1982 5.7717 5.9468 0.2302 5.8552 0.9406 2.7750 2.1699 3.5421 3.8555 3.7486
6.1712 1.2285 0.5042 0.0806 0.0452 5.9383 1.0991 0.9844 3.4455 5.8484 0.9364 0.5814 0.8535 0.5658 0.0320 0.1820 3.5036 2.5762 2.9249 3.3708
