0.2390 6.1013 0.2244 0.0002 2.0109 5.0157 5.2971 5.7896 6.2659 6.1837 1.8118 4.7270 0.9744 0.9469 1.5562 1.6443 1.9495 0.5051 1.0187 0.2665
5.8310 5.8438 5.8025 1.8733 0.4867 3.1353 4.8683 5.4228 4.8860 4.8349 5.4308 5.7257 0.0004 5.8136 0.8525 2.6002 0.5929 0.9635 6.2387 0.1888
6.1722 5.7975 0.5325 1.4011 1.5262 3.1593 2.7559 4.8633 3.9533 4.1987 4.6503 5.9342 0.5114 5.9941 0.4822 1.5173 0.1168 0.4787 0.1093 0.9371
0.0977 5.7102 0.5806 0.4228 6.0705 2.4718 2.4663 2.0741 5.2468 4.0336 5.0276 4.5478 6.2317 5.3036 0.3614 0.4882 5.8141 6.0401 6.1779 2.0720
0.5933 6.0468 3.9789 4.6985 4.0801 3.3787 1.8406 1.9702 0.1092 0.3324 6.2534 5.7662 0.0073 5.8925 5.6246 0.1496 0.6118 3.6242 0.1404 1.0433
1.7294 1.7632 1.3085 4.5244 2.6142 2.7688 2.9158 4.6681 4.6660 4.5243 5.8824 5.8052 1.6508 0.4863 6.1845 6.1845 1.9032 3.4082 1.8013 2.0172
1.1886 1.1163 1.4824 3.4899 3.0835 2.2253 3.5282 4.5803 5.0585 5.4665 5.8995 6.1494 0.3291 0.5005 0.4385 0.2169 1.4604 2.8743 1.8467 2.4556
0.8831 1.8506 2.4198 2.0652 2.4037 3.5960 3.8239 5.3084 3.6504 2.8916 1.1521 6.1143 5.2902 5.8612 4.8295 0.8428 2.1011 1.5141 2.4255 2.3976
1.8552 1.9857 0.7560 1.5560 1.8448 3.4425 2.7908 1.2195 4.4995 3.6093 2.6333 3.4223 0.1223 5.2366 0.3645 0.2972 1.8563 3.4371 1.6026 2.1297
0.6045 1.3118 5.5101 0.2526 6.1145 4.7565 5.3626 1.1646 3.2480 3.1913 2.5459 2.5234 2.5678 2.4230 1.2951 1.9284 2.8201 2.8301 1.4700 0.6440
0.8704 0.0591 5.7242 5.5747 4.4041 5.9301 5.6542 5.5802 4.2719 4.2552 3.3567 2.7945 2.1859 1.2799 5.9208 0.0388 1.7166 2.4419 1.7861 1.3230
5.3951 6.2714 5.3712 5.4347 5.8227 5.7460 5.7701 5.1289 3.2538 3.6534 3.9375 2.8425 1.9665 5.6715 4.7998 0.4613 2.4391 2.6364 1.3203 2.2096
3.9294 4.8380 4.4822 0.5596 6.0751 5.2375 5.4737 5.0181 3.2047 4.5297 4.9154 4.3876 5.1799 6.0212 4.4254 3.4780 2.3634 2.8203 2.4531 2.8255
3.6842 3.8752 5.4305 2.0440 0.4634 6.1121 5.7986 6.2311 5.6772 5.0618 4.6659 5.3595 4.3387 5.8234 2.2756 3.4489 2.5974 1.7880 2.4479 4.0569
4.2330 5.0390 5.8027 5.9384 4.6238 5.3399 6.1080 0.2911 5.8572 4.2796 5.2445 4.7445 3.8041 3.5930 3.0547 3.6991 2.4841 1.6128 1.9047 3.6564
4.7805 4.7937 5.9034 0.4446 0.3359 5.7654 5.1416 4.9004 5.4002 1.9610 5.9970 5.8073 4.4871 2.8151 3.6475 4.9260 4.2755 5.7574 5.7260 6.2633
5.4161 5.8268 4.8712 5.8971 0.3887 2.4580 0.3416 4.3154 5.2200 6.0497 5.9031 5.7477 5.7452 5.1916 5.0291 5.6877 5.2703 3.9063 0.2267 4.9386
5.5404 0.4051 1.1259 1.2971 0.9208 0.9048 1.0939 5.9529 5.6197 4.9572 5.7523 5.8881 0.4466 6.0957 6.0719 6.1349 5.0479 6.1035 5.4309 0.5029
5.8690 6.2195 5.9085 6.1911 0.7784 0.2831 5.6672 5.4190 4.2456 5.0658 4.9305 5.5938 1.0769 0.2647 1.9531 0.7209 5.2902 1.5752 2.2330 4.1186
5.3128 5.3021 5.8121 5.7943 6.2765 5.9691 6.0794 4.9915 5.0224 5.0315 0.5234 6.0226 1.8554 0.0178 1.8631 1.0798 6.1801 5.1432 2.6090 4.9981
