1.1204 0.8811 0.8773 6.1690 6.1397 1.0631 4.2698 5.1035 5.7256 0.5143 1.8004 1.1582 5.4877 4.9697 6.1426 0.4352 0.6862 0.3901 0.5711 1.7183
0.6766 0.7682 0.5625 5.9899 6.0497 4.7237 5.2604 0.0181 5.7423 5.7285 3.4937 0.5110 5.2629 3.8987 0.5420 1.5842 0.7889 2.0914 1.3152 2.4254
0.4381 0.7455 0.8088 5.7430 5.9823 5.6210 6.1673 4.7529 4.3555 4.2709 3.1269 3.9747 4.1365 4.6688 0.8722 1.1471 2.1891 1.6258 0.5815 1.4198
2.4040 2.0388 2.3068 2.3153 0.7767 0.6676 1.7685 4.1738 3.3813 3.6373 3.5075 4.5884 5.6560 0.4829 0.5716 0.3300 3.3442 1.1524 2.2652 1.6094
1.3859 1.5185 2.5770 0.4282 0.0506 0.5058 0.2900 3.0055 3.1706 3.2056 2.5410 2.5506 5.8129 5.2291 5.9668 0.7978 1.8403 1.8387 0.7803 2.2024
1.6199 2.0216 2.0779 1.4444 2.1544 0.7352 5.1288 2.0527 3.4528 3.7517 1.4760 2.0886 1.8370 3.7376 0.6334 0.7418 2.4507 1.0595 0.4504 1.5089
1.8119 0.6724 1.9721 2.3203 1.1278 0.9324 0.6091 0.6110 1.3773 5.7258 0.6281 1.7050 1.9844 3.4481 5.1378 2.3111 2.9160 1.0945 1.3563 2.1004
1.9479 1.8444 2.3681 2.0457 1.1779 1.6360 1.6169 0.4818 0.2420 0.2259 0.9270 0.3088 1.8543 3.8886 2.9744 2.6708 2.5956 3.1879 2.5802 2.2725
2.5121 2.6887 3.1249 1.0356 0.1646 2.2465 0.7023 0.5198 5.8799 1.0677 0.8910 6.2222 0.2863 5.5759 3.2564 1.2972 3.6440 1.7525 2.0150 3.4379
1.8301 3.4089 1.8720 1.8858 1.6541 0.7571 0.3802 6.1284 0.1689 0.3525 1.1253 6.0850 0.1489 0.5423 0.1273 4.8308 4.9223 3.6304 3.2367 4.7767
5.9849 2.0357 2.3405 2.5220 3.0905 5.3830 5.7548 5.6405 6.1775 5.8290 0.2951 5.4955 1.0494 6.1376 5.2136 4.9618 4.3119 5.7656 4.6512 5.3287
4.4479 3.9539 3.7250 3.7072 4.5840 4.7526 3.7837 0.2507 5.9358 5.4095 0.0272 4.5497 1.5868 6.0474 5.1401 5.6364 4.9597 4.4248 4.4112 4.9536
3.8140 4.2096 4.6257 4.6534 4.2901 4.7128 4.5190 5.9853 5.8811 5.3250 5.3040 3.6815 1.4045 1.0472 1.7010 0.6306 3.9680 4.2409 3.5088 3.0590
2.0469 1.1116 0.4078 4.0766 5.2723 5.3577 4.1405 0.3128 5.5941 5.3019 0.0794 1.6045 2.3579 1.8582 2.3348 0.4639 0.3092 1.1348 1.0771 1.4937
1.1868 1.6400 2.1533 4.5708 4.3664 4.9397 6.1803 6.0197 0.3410 0.3984 0.7907 2.1104 2.0243 1.8639 3.1787 0.8152 0.4392 0.7418 1.6957 1.1047
1.6673 2.8071 3.0034 3.4901 4.4975 3.8885 5.4525 5.0901 5.9524 3.2755 1.8469 2.1274 2.4635 2.3984 2.7014 1.7240 1.1548 1.8747 3.5742 1.0068
2.0283 1.7481 1.7827 4.0159 4.8378 4.8688 6.0901 0.4148 0.7128 1.2562 1.7595 5.9410 5.8019 1.0518 0.8334 1.5604 2.6296 2.1040 1.7779 1.6362
2.5366 3.1994 1.9317 5.6430 6.2508 5.5641 5.6539 5.8543 1.3687 0.1020 6.2212 0.3562 4.2000 4.5426 1.5046 0.4997 2.7348 2.6489 3.0720 4.2633
1.2519 0.6466 6.1489 0.4434 5.7496 5.9375 5.5037 5.6705 0.6395 0.2675 2.1928 2.7881 0.1036 5.2612 0.5902 1.3370 4.5315 0.2296 1.4649 0.2565
1.2604 0.9576 0.6173 5.2763 5.4684 6.2069 5.3422 4.6332 0.2998 0.1431 2.4683 2.1506 5.6376 5.2351 0.3071 0.4599 0.1309 0.3264 1.0356 1.6636
