4.7975 5.1227 3.7661 1.6967 2.7871 4.0235 3.3176 3.7900 2.8678 2.4095 0.5097 6.2692 6.2790 3.1146 5.8965 6.2204 2.2285 1.9650 2.4610 5.3689
4.9970 5.4518 3.3844 2.7174 3.2084 4.9136 3.6573 3.4117 2.0382 5.8748 0.0888 0.6508 5.6229 4.9311 3.6679 3.0016 2.3722 2.5418 2.7181 4.8518
5.3676 4.5026 4.0107 3.7607 3.2119 2.6552 3.2095 3.3522 1.9181 3.5742 4.3403 0.3461 5.7769 4.4793 5.0706 2.7152 1.2125 0.6963 0.0942 6.1424
4.8168 4.9898 5.6786 3.5942 3.4061 3.8801 3.1574 3.8165 3.1597 4.2747 4.0828 5.7951 0.0843 5.6403 5.7942 6.0944 1.1652 1.6100 1.3736 5.9073
4.9099 4.9314 4.9652 3.9920 3.3248 3.6133 3.4690 1.2869 1.3148 2.2788 2.8921 0.0463 5.7450 0.4140 0.0089 0.0313 0.8356 5.5957 0.1347 5.7699
4.6584 5.3755 4.2246 4.9621 4.7812 4.6945 2.2229 1.0631 2.8894 2.3882 2.4143 2.7223 2.0407 0.6451 4.4753 5.1358 0.7271 0.8811 1.5571 4.3558
2.8807 3.2420 5.1430 4.6063 5.0173 4.3146 3.4415 2.4859 1.8946 2.9885 2.3645 3.0336 2.1582 1.5455 0.5950 4.2958 2.1131 1.4268 1.9373 2.0807
1.8194 2.9937 5.8967 4.4808 4.6881 4.2696 3.7879 2.0376 1.8457 2.0384 2.1249 0.7680 1.9792 2.1129 3.4591 3.4493 3.0174 3.0542 3.0623 1.8607
2.4708 2.2389 3.5565 1.7488 3.3768 3.6951 2.6713 2.3457 2.0232 3.7540 1.7703 1.7323 2.5098 2.2149 1.9331 2.3228 0.9831 1.4421 1.5568 2.9332
2.2307 2.6801 2.4529 2.6944 3.5739 3.8492 3.2724 2.5835 1.9633 3.1953 1.4586 2.8867 4.0747 0.6631 0.6288 2.9903 1.8544 1.9062 2.2065 2.8938
1.2369 1.8108 3.5364 2.0522 4.5079 4.4436 2.5203 4.0202 3.2077 4.2138 3.9232 3.9129 4.2516 4.2827 1.6034 2.4281 2.4293 2.2087 1.1631 1.6188
0.1127 2.4869 2.1297 2.4272 2.8445 4.8862 4.2493 4.3831 3.4401 3.7849 4.3752 4.0241 3.9671 3.0863 2.6709 1.6538 2.5200 3.0187 1.9242 1.5682
2.3715 2.8137 0.9080 3.7172 3.5390 3.4281 4.2746 3.7038 3.1547 2.4235 3.1157 3.1674 4.1039 3.6080 1.7055 0.9818 2.2469 1.6705 1.4348 1.9977
2.1158 2.6165 3.0490 3.3265 3.2390 2.8144 4.5496 4.6860 4.3688 1.7887 2.5994 5.6256 5.7684 3.8039 4.4704 1.6796 2.5593 3.2978 1.5668 2.4519
2.9523 2.0876 0.3315 5.4493 4.1501 4.1990 3.9795 4.5566 5.1014 6.0353 5.9704 6.1695 6.0509 0.1695 0.8158 1.9875 1.8052 2.2531 0.6110 2.4732
2.7767 0.6880 5.9886 4.4899 2.7096 2.6243 3.1526 5.0620 5.1692 5.8683 4.5059 0.5766 0.6068 0.5634 1.7247 1.8186 1.3299 1.2831 0.9240 2.7629
2.0237 0.6701 4.2518 3.6775 3.6477 3.4502 3.0530 3.7009 4.4096 4.6544 5.7365 0.3625 1.3468 6.0954 6.0417 1.0703 0.9536 0.1903 6.0232 5.2113
4.2121 4.9018 3.9766 4.1829 3.2373 3.9750 2.7280 3.6237 1.4472 5.4308 0.4855 1.4855 0.7046 2.4403 5.4525 0.2936 1.3032 0.5671 1.0018 0.2920
5.3645 5.4312 4.0042 2.3949 3.0388 2.2575 2.9631 1.7209 1.6499 4.1604 1.3172 0.7574 1.9876 2.0879 1.7208 1.5972 1.0032 0.9123 0.8590 5.9904
0.3237 3.4319 3.9511 2.9497 2.6439 3.1963 2.0860 3.5235 0.9866 1.5789 0.4529 1.6337 1.2964 2.7096 0.4913 0.1971 0.0915 1.5810 1.4819 0.8761
