1.1746 6.1893 0.1385 5.8968 3.1729 3.5047 3.2217 2.5488 2.3671 1.2645 0.1256 2.2951 2.5631 3.9688 4.0930 3.2514 3.5233 4.2859 5.4246 0.2336
5.4816 6.1822 0.9113 1.6510 2.3196 2.7810 1.8583 5.9524 0.3717 6.1992 0.0715 3.2423 3.6392 4.4184 4.1181 4.3064 3.4343 5.1797 5.6271 4.6246
4.2462 4.8660 0.5997 1.9759 1.6945 3.3467 1.7238 0.3991 5.6731 1.9697 4.6609 1.2174 4.8610 4.9061 3.9397 4.1332 3.6162 4.1494 4.4367 0.3786
3.7998 5.0343 2.6570 2.1562 0.9179 1.4581 2.1052 2.3405 0.1120 5.9539 0.4229 0.7113 3.2645 2.7575 3.3717 3.1518 3.1104 3.3954 3.1272 4.0581
3.0137 3.6331 3.3030 4.2950 4.5772 1.0883 2.5753 2.8613 6.2088 1.2074 5.5237 0.9173 0.8239 2.5301 4.0975 2.8655 2.7604 3.4674 4.2551 4.3888
2.0880 4.3415 3.4985 3.3403 3.2868 2.0738 1.3918 2.8672 0.5569 5.2651 5.5289 0.2171 6.0208 2.4674 2.0189 2.4081 1.9115 5.5107 3.9754 3.9294
1.5408 4.5419 3.4475 4.2308 3.0354 2.5733 1.6777 0.6111 6.0786 5.6158 4.6089 4.0053 2.4704 1.4209 1.4361 1.9016 0.9809 4.5418 0.0837 2.0764
1.9120 4.9698 3.3601 3.8209 4.1900 4.2112 5.1302 6.0350 1.8690 0.8279 5.3739 4.5423 4.0537 2.5200 0.7627 6.0502 0.0927 5.5096 1.9444 1.1579
4.3529 3.7537 2.2728 2.3845 1.3667 0.6465 5.3190 2.2593 2.0234 2.3618 2.7905 3.2882 4.0127 5.9325 0.6977 0.2583 0.3238 6.2550 0.4791 5.8951
4.6449 2.8789 0.0477 0.8392 1.4782 5.8543 5.9535 2.2916 2.1059 1.6926 2.5431 4.7420 4.2002 0.2038 5.6420 0.0654 0.0399 6.2117 1.5867 5.3841
0.8241 1.0949 0.6499 6.0336 0.3461 0.4417 0.1780 0.5686 1.1787 1.2631 0.5671 6.2171 0.0558 5.9015 0.1290 1.0993 5.8211 1.0750 2.7685 1.5101
1.6146 0.0266 6.1867 0.0778 5.7699 6.1539 1.0910 0.1724 1.7676 1.0610 0.4641 5.8938 0.0373 1.0428 0.1427 0.5405 0.3533 2.5164 2.7667 2.2938
0.1610 3.9140 2.7841 2.7247 0.6779 6.1909 0.2162 0.6601 0.5205 5.7567 4.7833 4.3739 5.6699 1.3554 0.3780 6.2629 3.8406 3.2328 4.3612 4.7443
0.8774 3.1286 2.7572 2.9921 4.3867 0.3831 0.0019 0.4874 5.7246 4.3667 5.7420 5.8140 3.1653 1.8961 0.8362 5.6313 5.2565 4.2284 4.1817 3.9045
3.8480 4.1323 1.8677 3.2609 4.7663 5.4910 0.1023 5.7971 4.0219 3.7472 0.1021 5.9997 3.8397 2.7665 1.0152 1.5378 4.4778 4.0530 4.2425 3.6740
4.1837 3.8389 3.7253 4.3453 5.3644 0.2382 0.3819 6.0475 4.7226 5.1035 5.4067 1.8692 2.1661 0.5296 1.6961 1.5843 3.6349 2.5991 4.9061 4.2457
2.9559 2.4087 4.0007 4.4202 3.3399 5.7399 5.6848 3.5558 3.4278 3.4380 3.4116 2.2673 2.1345 3.1210 1.8328 3.3214 2.1275 2.8393 4.7579 4.6655
3.8244 3.4606 4.2481 5.3965 3.9592 4.6016 5.4193 3.0100 3.4742 1.6716 2.8794 3.6926 1.3144 2.5614 2.0882 3.0615 4.7734 4.0207 3.8659 3.0767
5.0301 4.4005 5.7304 1.1743 5.6099 4.3622 3.4843 2.8165 4.9745 4.0357 2.6811 2.4892 2.8903 2.3172 1.7192 1.3561 5.1321 4.1612 3.5761 3.4584
5.5129 5.8132 5.0075 1.2191 4.4521 2.8557 2.4734 3.2302 3.5393 2.4959 2.6061 2.2079 2.8048 3.2496 2.2780 1.9256 2.3083 4.3945 3.7535 0.0777
