2.6547 0.9251 6.1764 0.2629 1.0114 5.9116 5.6065 3.5854 2.9633 3.9330 1.1347 1.4545 0.9985 3.0858 3.2475 4.4763 5.5137 4.3090 4.2661 2.4430
0.7633 1.0285 1.1711 2.1055 0.7974 6.2521 4.8138 0.2951 0.8634 1.9800 1.2102 1.8380 2.1387 1.3011 1.4988 3.8694 4.5593 3.5106 5.2331 5.5993
1.8746 1.6803 1.3318 1.7102 0.8259 0.0782 4.5495 5.4813 5.9414 2.0190 0.1709 2.1597 3.2589 2.2728 0.7585 0.5454 4.3963 2.4203 0.1960 1.2131
5.6800 1.1139 1.9496 2.4727 3.8656 4.8442 5.0658 6.2336 0.3056 1.2879 1.3540 5.7995 4.0092 1.5340 1.1999 0.4156 3.4919 4.3813 0.2549 1.1233
4.9067 4.9576 3.2674 0.1374 5.0078 5.1500 3.4806 0.9019 6.2667 2.1252 0.3461 6.2023 4.7384 6.1226 5.6539 4.9102 3.8096 3.4005 4.0487 4.7935
3.6665 4.3394 3.7796 4.2419 3.7351 4.2568 2.9973 4.9401 0.4151 1.1732 0.4386 0.6670 6.0818 3.2781 4.7014 5.4867 6.1299 5.5321 4.7419 4.6325
4.1839 4.0820 4.3195 2.8496 4.5218 5.1251 3.5717 5.5091 0.5616 0.4495 5.7903 5.3051 5.0597 4.5845 3.4378 4.2306 4.5542 4.5499 4.7830 4.5483
2.8397 4.0821 3.8536 3.1279 4.5281 3.7613 3.6987 5.9722 4.6786 5.4794 4.5808 4.4805 4.1943 4.6097 4.4860 3.4872 4.2980 3.7827 5.3735 5.7904
4.5830 2.5205 5.3191 3.4828 2.2217 3.6925 4.1050 3.9268 3.9233 4.5548 5.2955 4.4373 5.0774 4.0499 3.1213 2.6841 3.2806 3.6710 5.6060 4.8575
3.5901 0.9687 1.8957 2.6638 2.9311 3.7326 5.3180 5.1126 4.4624 6.0692 5.8167 4.0339 4.4911 3.9206 3.7351 3.4768 3.0134 3.4249 5.2172 4.7404
2.8144 1.3481 3.0087 1.9363 2.8558 2.7187 3.5646 2.5256 3.8303 4.7826 3.5166 2.7079 4.0255 5.3255 5.3041 2.0246 2.4948 2.6900 3.1337 2.9555
2.9089 2.9446 3.0637 1.8763 2.5784 2.6754 2.8655 3.2462 4.9934 4.9088 5.2455 0.6444 6.0451 5.7613 0.4407 0.5976 1.6876 2.6183 3.0207 2.3426
3.8402 4.5851 3.6435 4.2081 2.6966 1.4881 2.8675 4.0357 4.8427 4.0626 5.3146 6.2381 5.1191 5.1983 5.9675 6.0949 1.0278 3.9909 3.2573 2.8040
5.2163 3.5581 2.1834 2.8976 2.7586 1.0455 3.0870 3.2754 3.7273 3.9034 3.6684 2.5773 3.1600 3.0512 5.5880 4.2048 5.3707 4.0011 3.0126 6.0907
4.1597 3.5526 2.4563 2.4726 3.1595 3.1686 2.1872 3.2916 2.7863 3.9389 3.4203 5.1139 4.6751 4.3786 1.8539 4.2300 3.4441 3.3618 2.9942 3.4303
4.2349 3.1813 1.6527 3.2469 2.8427 2.1001 2.2831 3.2385 4.0856 3.6137 4.1809 3.4198 3.0260 3.2409 2.2327 4.4369 5.1463 3.7928 2.4513 4.0205
2.5331 2.9239 3.1169 3.1193 2.7153 2.9371 3.2198 3.6443 3.5190 4.1647 2.8926 4.7956 3.7279 2.8581 3.3929 6.0862 6.1405 2.2161 2.3877 1.6718
3.6509 2.7907 3.0172 3.2700 2.9531 1.5491 3.4356 2.8886 4.2931 3.5609 2.8403 4.4863 6.1915 0.0469 4.7572 4.5028 0.0390 4.8611 3.1763 2.4948
3.2786 2.6905 2.7493 2.2971 3.9239 0.8162 3.0538 4.0997 3.8202 3.2246 3.4355 3.1431 2.8536 2.1010 6.0515 5.2580 0.6926 0.1507 5.4639 4.0807
2.1759 2.2132 1.4888 0.5598 0.1934 5.7069 5.3795 3.6962 4.1991 2.5901 2.4140 2.3887 2.0563 1.9739 5.2888 3.4595 4.8673 3.4032 3.9345 3.4473
