4.9925 4.9904 5.4435 4.0556 5.4790 3.3347 1.3787 2.3955 1.5373 3.6756 5.3216 6.0202 5.1205 3.9295 4.9991 2.2216 5.1287 5.5941 4.7598 4.0630
4.7195 4.7117 4.4546 5.1601 5.6412 0.6886 1.2348 1.5279 2.2019 4.4964 2.2524 5.9451 5.5206 3.6823 3.8260 2.6366 5.1335 4.3774 5.6969 4.3693
0.0663 0.2529 4.8664 5.5751 0.9436 0.3217 1.2152 2.3964 1.4286 4.2947 0.5919 3.9576 6.1432 0.5169 0.6492 1.2970 1.9011 5.2239 3.6359 3.8702
5.6417 4.9407 4.9823 4.6235 2.7617 1.3695 0.6737 3.0136 1.0196 1.7363 5.5413 4.1420 0.6121 5.6208 1.1682 1.2216 4.4392 4.5128 4.5033 4.4652
6.2655 5.3934 5.2447 5.2276 3.4178 4.4974 3.0720 4.2647 3.4362 2.5952 3.7963 3.8634 1.8245 1.1762 0.5528 0.4126 2.5089 4.6517 5.2726 5.8009
5.5465 5.1350 3.0095 0.3291 1.7755 3.6063 3.9546 3.7932 3.0941 3.1228 3.9366 2.8280 5.7917 0.5675 3.4521 4.8900 4.0690 4.3671 3.8217 6.0314
2.5503 3.0242 2.5196 2.3021 0.2849 3.2873 2.6152 3.1163 3.6381 3.7999 0.5039 3.4313 3.8027 4.2195 4.1538 4.0349 3.1318 2.6561 2.8025 3.0839
2.7691 4.5545 3.3461 3.1560 0.7545 1.6789 3.1662 2.5360 2.5656 3.3280 3.0483 4.9003 4.3155 3.5637 3.6526 4.1039 3.4576 2.6167 2.9134 2.6690
3.4562 4.5125 4.6809 5.0304 5.7568 0.5617 2.5821 1.8257 4.8053 3.6861 4.0430 1.1077 4.8569 3.5132 2.2842 3.4255 3.2189 3.8888 3.8217 2.6262
2.6185 5.1735 4.5593 0.1249 0.2719 1.2625 1.6339 2.7519 3.8445 4.7468 4.2747 4.2051 4.2087 2.4374 2.7054 2.6304 2.0051 3.6586 3.6661 2.2955
1.6211 5.6699 4.9575 5.1697 4.7854 5.4710 1.3903 1.3465 5.7662 0.3877 5.6013 3.4333 6.1834 1.9060 1.8152 1.1383 1.0547 1.7660 1.3381 2.4667
3.5162 4.1629 2.8444 2.7822 4.3380 3.4445 2.6530 2.9342 5.0179 4.7230 5.2496 5.4195 5.6539 1.4102 1.9640 1.7127 1.5235 2.4060 2.0280 3.4867
4.0432 3.6322 2.4590 3.0781 5.0507 4.7637 5.0059 3.9021 4.3236 5.2806 5.3465 5.2103 4.9634 5.2354 4.9471 2.6377 2.4570 3.2920 2.8582 4.0805
5.7664 2.8505 3.1672 3.9703 3.7923 3.9050 3.1952 4.2035 3.6263 2.5160 4.1986 4.4593 3.5306 4.6030 4.4324 3.6679 4.3097 3.3939 2.2663 3.1161
1.1766 2.7853 3.9548 4.1308 1.9570 2.4280 3.2274 2.9381 1.9713 3.1419 2.9162 3.4168 2.3237 2.0745 0.2401 1.3571 4.2188 3.6857 1.6430 3.5091
2.2648 2.3708 4.3962 2.0239 2.8035 3.5681 3.5103 2.7218 2.3173 3.5983 3.9547 4.4655 2.9459 2.9190 1.7954 1.2286 2.8631 3.6519 2.0900 1.6867
2.8497 3.3746 3.0401 4.4363 4.0661 2.5583 2.8143 3.9120 2.8313 4.2744 4.6741 5.3187 5.6517 4.6840 2.4312 1.1948 3.7087 4.0986 1.5188 0.4339
2.4671 4.7615 3.3538 3.5029 3.1523 3.7728 3.0240 3.3356 3.0295 5.5963 5.7705 5.9752 5.3464 0.4462 1.8472 2.7397 5.6944 4.6298 3.1969 2.8194
3.0450 4.4006 3.0111 3.4188 0.9932 1.3136 3.7241 4.0775 2.7558 1.9783 1.7761 0.7664 5.8034 0.6061 1.1420 1.1306 5.0864 2.7766 1.9711 2.8973
4.1607 4.5092 3.9443 4.5308 3.6317 3.2930 3.7394 2.9891 1.7184 0.5009 0.0825 5.8910 0.1183 0.3580 6.2339 0.4985 0.6335 3.9054 4.8924 3.7106
