1.9329 0.7896 0.1172 0.1447 0.3009 0.9213 3.5004 3.4178 2.4820 3.3964 3.2598 4.6477 5.0839 2.9151 3.5503 5.9676 0.9717 2.1131 1.3099 1.3164
4.9105 6.0654 5.8795 0.9646 1.1901 6.2291 1.0715 1.9502 2.4794 5.2489 3.2659 4.1724 4.2321 3.0470 4.1026 4.4544 3.4394 2.0879 2.7239 0.6259
1.7028 1.3586 0.9960 0.0891 5.0052 2.0066 5.6659 1.1479 3.7775 3.5694 3.7847 3.5481 3.3391 3.5899 3.2703 1.5073 2.6476 2.7814 4.1401 2.4709
1.4694 2.3603 0.8547 0.3390 6.2219 1.2994 5.8716 6.0103 4.7404 3.2798 3.5386 2.3109 3.8775 1.3452 2.4971 2.8592 1.6439 2.2863 1.3645 1.2925
3.2821 2.4082 3.1707 1.9418 0.7680 0.4693 0.1136 6.0228 4.1563 3.6092 3.2465 2.3739 3.2127 2.2771 1.7570 1.4659 2.3058 2.1266 2.8776 3.8474
3.7146 3.2167 2.6546 1.9793 0.4469 0.1355 0.6382 1.9654 1.9479 4.7177 2.9938 2.7352 3.5383 2.2585 2.7924 1.8170 1.4373 3.9003 3.5817 3.4441
3.9215 3.7397 4.8677 1.9517 1.4779 3.4304 5.0444 3.0120 5.4308 5.3015 3.8962 2.8218 1.6734 0.9912 2.1277 1.0096 1.3889 0.3027 5.2443 4.7756
5.0395 4.4567 4.3163 4.1300 3.0442 3.2832 5.3343 5.0132 5.4995 5.0309 4.6780 3.1169 2.6329 3.9372 2.4375 1.6024 0.3757 0.2372 5.4601 4.5862
0.5306 5.9803 4.8051 5.2723 4.6646 3.5207 5.1115 5.4951 6.2140 5.1635 3.9033 2.5386 2.5381 2.6197 1.1661 2.5160 0.3828 6.2183 0.4710 0.5910
4.3600 1.5708 2.7688 3.1550 3.5070 5.4620 4.3754 4.9606 4.4213 4.7798 3.0283 5.1532 2.6188 2.5204 2.5931 2.0188 0.3917 0.1816 5.1540 5.6105
4.7318 0.3742 1.5724 3.8905 2.7950 4.3237 4.0627 4.5101 3.8284 2.6699 3.8958 5.5414 2.1399 2.0907 1.2010 1.9599 0.8600 5.7833 5.8047 4.5936
2.0059 1.2241 1.4268 0.2824 4.7497 2.0999 0.2193 5.4451 4.1127 3.2768 2.5261 3.4896 2.1336 2.0217 2.0800 1.6315 1.6444 5.1637 4.8855 4.6585
2.0360 1.2541 0.0969 0.7416 6.1013 1.2694 5.8193 5.6802 3.6209 4.5469 2.8115 3.0147 2.5538 3.2297 5.5378 0.9114 5.1131 5.1253 3.6779 1.7177
6.0489 0.1012 0.6776 0.1797 1.0048 0.9285 1.4139 0.9263 4.1645 5.0478 1.7551 2.5081 3.1437 5.8318 0.6604 5.6041 3.0044 5.2312 0.4353 1.0895
6.1296 5.3828 5.4652 0.5287 6.1640 0.5735 1.6024 5.5124 4.4157 1.0091 0.9540 1.0671 2.5946 1.1808 1.0163 1.8334 1.8281 6.2342 0.5259 0.4244
0.2602 5.6124 4.7865 4.7188 2.3234 2.0532 2.1723 2.1668 2.3357 0.6426 1.7261 1.0295 1.0700 0.2758 5.6713 0.3105 0.0956 1.4055 0.8266 1.9401
5.9956 6.0583 4.2148 3.6504 1.8373 0.3881 3.1805 1.3021 1.5521 2.6124 2.6357 1.2672 0.7709 5.8339 5.0879 6.2033 0.1317 1.9426 1.9682 1.8165
2.3707 5.6305 5.4425 4.4292 1.4237 1.7598 3.6156 3.1067 3.6280 2.9118 3.4407 2.0343 1.6149 1.2487 0.9561 0.2202 0.0114 1.1173 1.6385 0.2264
1.3271 1.7541 5.8126 5.6534 3.3389 1.8881 3.0496 3.2918 3.3492 4.0422 3.1645 2.8666 2.7067 2.7984 4.9175 0.7009 0.4185 1.6167 1.8732 1.1044
1.5714 1.1092 0.9092 0.3374 0.0120 0.6637 2.7023 3.3681 3.1153 2.6321 3.5672 4.8920 4.1695 3.2745 1.6182 0.1764 1.0323 1.2785 2.2455 2.0921
