1.9644 0.6431 6.2688 5.9837 2.1360 6.1736 0.1365 4.4448 1.0339 2.3505 1.6685 1.7594 2.8971 2.7464 3.2994 3.6621 3.5205 2.2958 2.6956 2.1482
1.6747 0.9427 0.9896 0.9603 1.2940 5.0231 1.0568 0.4659 0.8236 2.0409 1.6072 2.6409 3.5856 3.2137 2.8595 2.7094 4.3102 2.9202 3.4585 2.3891
0.8579 1.8329 1.1189 1.3138 3.0460 2.2780 1.3988 1.7942 1.1028 3.2372 4.4096 3.0817 3.5314 2.8673 5.2729 3.0444 4.8388 3.5285 1.2584 0.7201
0.2539 0.4799 1.2895 1.5808 3.5384 1.5514 1.2205 3.3460 3.1117 2.3209 3.5954 3.8187 4.3988 4.2293 5.3687 5.3253 4.6129 4.2888 4.9527 4.7069
5.9518 0.3750 4.3712 2.0323 2.5256 0.5596 1.7081 3.6556 3.7552 4.0156 3.8080 3.9998 5.1771 3.1943 3.3975 3.9061 4.3347 4.0727 4.9408 5.3204
5.6800 0.5563 5.5297 0.5889 1.4472 1.3312 2.2453 1.7333 5.4743 3.7003 6.0136 4.5119 4.6103 2.5691 3.1424 3.6047 4.4373 5.5365 5.7328 0.7325
2.8865 1.9742 0.4350 0.9132 1.0780 1.8277 1.1500 2.6314 4.1473 3.6074 4.8600 4.4206 5.8792 5.0785 2.2137 0.6775 5.3180 5.0934 3.7579 3.4593
4.0614 4.9876 6.1362 5.9282 5.7730 1.7383 3.4817 3.0328 4.2772 3.6287 5.1653 5.7718 0.1496 0.9463 1.8163 4.7482 3.7025 3.3796 3.3576 3.1272
3.4139 2.3383 2.4849 5.4178 5.5314 5.6384 4.7648 6.2263 0.2512 0.0804 0.9981 0.6430 1.6273 1.5995 6.2442 5.1711 3.4452 3.8213 2.9002 3.6062
2.4447 0.3031 0.5805 0.8865 6.0617 6.0380 3.3680 1.1485 6.2606 0.6409 0.9079 1.1513 1.4364 1.7880 1.5903 3.5971 5.2840 3.2633 3.6134 2.6901
4.4464 1.1195 0.0949 6.1793 1.8017 2.2381 2.2722 2.5284 0.1820 0.4948 6.2444 1.0534 1.6586 1.4978 2.4610 5.1404 4.5723 4.3172 4.2067 3.3778
5.1373 3.7236 4.9354 0.2332 1.0858 1.6852 2.2203 3.4983 0.3756 4.1428 0.4472 1.7427 1.6570 5.6773 5.7275 4.3843 4.5906 4.8184 4.4142 5.0063
5.2296 5.7221 0.0058 0.6263 5.8980 0.3620 1.3939 3.4099 0.9476 0.4329 0.7299 5.9278 0.5620 0.3607 6.0286 4.1124 4.7310 3.9068 5.1256 0.2193
5.8581 2.2473 1.8508 1.7199 1.4166 1.3250 2.0172 1.9241 0.6864 1.1064 2.3728 0.7915 0.4454 6.1603 4.4652 3.8689 3.5556 3.4059 4.2635 5.9941
5.1905 2.5090 2.2487 2.0130 1.8500 1.3778 3.1884 2.5721 2.6601 2.4015 2.7510 0.5721 0.3325 2.8795 4.9059 4.6502 3.9989 4.1805 4.9913 5.4623
4.1734 3.5713 3.0468 2.6583 3.0423 2.7264 2.9655 3.5591 1.8382 2.7449 2.8438 1.5389 6.0061 2.8127 2.8357 4.8943 5.6759 6.0986 0.5589 4.6650
4.7552 4.0619 3.8747 3.8044 3.4215 2.9225 2.4088 3.5869 1.8006 2.6127 1.0965 2.8474 1.6079 2.4336 2.4516 4.7935 5.9176 0.1060 5.6197 4.6518
6.2258 5.7158 4.9275 5.3655 4.9176 4.8808 0.1869 0.5203 3.0813 1.8472 1.8707 2.1734 1.4854 1.5890 2.1718 6.1530 5.6655 5.2538 4.4114 6.1183
1.3959 0.0580 5.5617 5.5834 0.2614 5.2786 6.0921 2.8936 3.4881 1.7549 0.7270 0.8421 1.3184 2.5740 2.5669 5.5770 3.4057 3.3985 4.3441 0.3283
2.1728 0.4151 4.3672 5.1391 0.8851 6.1590 0.3242 1.0697 0.6413 1.4799 1.3608 2.1448 2.6169 2.1777 3.1401 4.2061 4.6393 2.3771 1.6067 2.0319
