2.500000000000000000e-01 2.500000000000000000e-01 8.080000000000000000e+02
2.500000000000000000e-01 7.500000000000000000e-01 1.600000000000000000e+01
2.500000000000000000e-01 1.000000000000000000e+00 5.000000000000000000e+00
2.500000000000000000e-01 1.138889999999999958e+00 1.000000000000000000e+00
5.000000000000000000e-01 0.000000000000000000e+00 5.900000000000000000e+01
5.000000000000000000e-01 5.000000000000000000e-01 7.000000000000000000e+00
5.000000000000000000e-01 7.500000000000000000e-01 3.000000000000000000e+00
1.000000000000000000e+00 2.500000000000000000e-01 9.000000000000000000e+00
1.000000000000000000e+00 3.888900000000000134e-01 1.000000000000000000e+00
1.000000000000000000e+00 5.625000000000000000e-01 1.000000000000000000e+00
1.000000000000000000e+00 3.419999999999999929e+00 1.000000000000000000e+00
1.000000000000000000e+00 6.309689999999999799e+00 1.000000000000000000e+00
1.250000000000000000e+00 0.000000000000000000e+00 2.000000000000000000e+00
1.250000000000000000e+00 1.388900000000000134e-01 9.000000000000000000e+00
1.250000000000000000e+00 3.125000000000000000e-01 3.000000000000000000e+00
1.250000000000000000e+00 2.066329999999999778e+00 1.000000000000000000e+00
2.000000000000000000e+00 5.000000000000000000e-01 1.000000000000000000e+00
2.000000000000000000e+00 1.125000000000000000e+00 1.000000000000000000e+00
2.000000000000000000e+00 2.250000000000000000e+00 1.000000000000000000e+00
2.250000000000000000e+00 2.500000000000000000e-01 7.000000000000000000e+00
2.250000000000000000e+00 8.750000000000000000e-01 1.000000000000000000e+00
2.250000000000000000e+00 1.066330000000000000e+00 1.000000000000000000e+00
2.250000000000000000e+00 2.472220000000000084e+00 1.000000000000000000e+00
2.250000000000000000e+00 4.000000000000000000e+00 1.000000000000000000e+00
2.250000000000000000e+00 5.290000000000000036e+00 1.000000000000000000e+00
2.250000000000000000e+00 8.027779999999999916e+00 1.000000000000000000e+00
2.250000000000000000e+00 1.305277000000000065e+01 1.000000000000000000e+00
2.250000000000000000e+00 2.040632000000000090e+01 1.000000000000000000e+00
2.500000000000000000e+00 0.000000000000000000e+00 7.000000000000000000e+00
2.500000000000000000e+00 2.777800000000000269e-01 5.000000000000000000e+00
2.500000000000000000e+00 6.250000000000000000e-01 2.000000000000000000e+00
2.500000000000000000e+00 2.500000000000000000e+00 1.000000000000000000e+00
2.500000000000000000e+00 8.512399999999999523e+00 1.000000000000000000e+00
3.250000000000000000e+00 6.633000000000000007e-02 1.000000000000000000e+00
3.250000000000000000e+00 1.300000000000000044e-01 2.000000000000000000e+00
3.250000000000000000e+00 1.169999999999999929e+00 1.000000000000000000e+00
3.250000000000000000e+00 1.444439999999999946e+00 1.000000000000000000e+00
4.000000000000000000e+00 6.250000000000000000e-02 2.000000000000000000e+00
4.000000000000000000e+00 4.199999999999999845e-01 4.000000000000000000e+00
4.000000000000000000e+00 5.661199999999999566e-01 1.000000000000000000e+00
4.000000000000000000e+00 7.222199999999999731e-01 1.000000000000000000e+00
4.000000000000000000e+00 1.000000000000000000e+00 1.000000000000000000e+00
4.250000000000000000e+00 1.700000000000000122e-01 1.000000000000000000e+00
4.250000000000000000e+00 1.530000000000000027e+00 2.000000000000000000e+00
4.500000000000000000e+00 2.222200000000000009e-01 2.000000000000000000e+00
4.500000000000000000e+00 5.000000000000000000e-01 2.000000000000000000e+00
5.000000000000000000e+00 0.000000000000000000e+00 1.000000000000000000e+00
5.000000000000000000e+00 6.377599999999999936e-01 2.000000000000000000e+00
5.000000000000000000e+00 2.156250000000000000e+01 1.000000000000000000e+00
6.250000000000000000e+00 2.500000000000000000e-01 3.000000000000000000e+00
6.250000000000000000e+00 6.944399999999999462e-01 1.000000000000000000e+00
6.250000000000000000e+00 1.402349999999999985e+00 1.000000000000000000e+00
6.500000000000000000e+00 2.782010000000000094e+00 1.000000000000000000e+00
7.250000000000000000e+00 3.762399999999999967e+00 1.000000000000000000e+00
9.000000000000000000e+00 2.777999999999999914e-02 1.000000000000000000e+00
1.125000000000000000e+01 5.200619999999999798e+00 1.000000000000000000e+00
1.250000000000000000e+01 0.000000000000000000e+00 1.000000000000000000e+00
1.300000000000000000e+01 4.297500000000000209e-01 1.000000000000000000e+00
1.325000000000000000e+01 7.839999999999999747e-02 1.000000000000000000e+00
1.525000000000000000e+01 2.883000000000000146e-02 1.000000000000000000e+00
1.600000000000000000e+01 2.500000000000000000e-01 1.000000000000000000e+00
2.125000000000000000e+01 4.236469999999999736e+00 1.000000000000000000e+00
2.225000000000000000e+01 2.381099999999999883e-01 1.000000000000000000e+00
