0 0
0 1
0 4
0 5
0 6
0 7
0 8
0 9
0 10
0 11
0 12
0 13
0 14
0 15
0 16
0 17
0 19
0 23
0 24
0 28
0 30
0 34
0 35
0 36
0 37
0 38
0 39
0 40
0 41
0 44
0 45
0 46
0 47
0 48
0 49
1 0
1 1
1 5
1 7
1 8
1 9
1 10
1 11
1 12
1 13
1 22
1 24
1 25
1 26
1 34
1 35
1 37
1 39
1 40
1 45
1 46
1 47
1 48
2 0
2 9
2 10
2 11
2 12
2 15
2 17
2 18
2 22
2 23
2 24
2 25
2 26
2 30
2 36
2 40
2 45
2 46
2 48
2 49
3 3
3 4
3 7
3 10
3 11
3 15
3 16
3 17
3 19
3 20
3 21
3 22
3 23
3 24
3 25
3 33
3 35
3 36
3 38
3 40
3 41
3 44
3 45
3 46
3 49
4 3
4 4
4 12
4 15
4 16
4 19
4 20
4 21
4 22
4 23
4 24
4 27
4 28
4 29
4 30
4 33
4 34
4 35
4 38
4 43
4 44
4 45
4 46
4 47
5 0
5 4
5 12
5 21
5 22
5 23
5 24
5 25
5 27
5 28
5 29
5 30
5 32
5 33
5 34
5 35
5 36
5 39
5 40
5 42
5 43
5 44
5 45
5 46
6 0
6 1
6 2
6 4
6 8
6 16
6 17
6 18
6 19
6 21
6 22
6 23
6 24
6 25
6 26
6 27
6 30
6 33
6 34
6 39
6 40
6 41
6 43
6 44
6 45
6 46
6 47
6 48
6 49
7 0
7 1
7 2
7 3
7 4
7 7
7 8
7 10
7 12
7 17
7 18
7 19
7 23
7 24
7 25
7 26
7 33
7 34
7 35
7 36
7 37
7 44
7 45
7 46
7 47
7 48
7 49
8 0
8 1
8 8
8 11
8 12
8 16
8 17
8 18
8 24
8 25
8 26
8 27
8 28
8 29
8 30
8 31
8 32
8 34
8 35
8 36
8 37
8 45
8 47
8 48
8 49
9 2
9 3
9 4
9 5
9 8
9 11
9 16
9 17
9 18
9 19
9 24
9 25
9 26
9 27
9 28
9 29
9 30
9 31
9 33
9 34
9 35
9 36
9 37
10 11
10 13
10 14
10 15
10 16
10 17
10 18
10 19
10 22
10 26
10 27
10 28
10 29
10 30
10 31
10 33
10 36
10 37
10 49
11 1
11 2
11 4
11 13
11 24
11 25
11 26
11 27
11 28
11 29
11 30
11 31
11 32
11 33
11 37
11 38
11 48
11 49
12 5
12 6
12 7
12 8
12 12
12 13
12 14
12 25
12 26
12 27
12 28
12 29
12 32
12 33
12 37
12 38
12 40
12 43
12 45
12 48
12 49
13 5
13 7
13 10
13 11
13 14
13 16
13 17
13 18
13 19
13 20
13 24
13 25
13 28
13 29
13 30
13 32
13 37
13 38
13 43
13 44
13 45
13 47
13 48
13 49
14 5
14 6
14 7
14 8
14 19
14 20
14 24
14 25
14 29
14 30
14 31
14 32
14 33
14 35
14 36
14 38
14 39
14 43
14 44
14 45
14 46
15 1
15 2
15 3
15 4
15 5
15 6
15 7
15 8
15 19
15 20
15 24
15 25
15 28
15 29
15 30
15 33
15 35
15 36
15 37
15 39
15 43
15 44
15 45
15 46
16 2
16 6
16 15
16 16
16 17
16 18
16 19
16 20
16 25
16 26
16 27
16 28
16 32
16 33
16 34
16 35
16 36
16 37
16 39
16 40
16 43
16 44
16 45
16 46
16 47
16 48
17 14
17 15
17 16
17 17
17 18
17 19
17 22
17 24
17 25
17 26
17 27
17 28
17 29
17 30
17 35
17 36
17 37
17 42
17 43
17 44
17 45
18 11
18 14
18 15
18 16
18 17
18 18
18 20
18 21
18 25
18 26
18 27
18 28
18 29
18 30
18 31
18 32
18 33
18 35
18 36
18 37
18 41
18 42
18 43
18 44
18 45
18 47
19 8
19 16
19 17
19 19
19 20
19 21
19 25
19 26
19 27
19 28
19 29
19 30
19 31
19 32
19 33
19 34
19 35
19 36
19 37
19 38
19 41
19 42
19 43
19 44
20 10
20 11
20 15
20 16
20 17
20 18
20 19
20 20
20 25
20 26
20 27
20 28
20 29
20 30
20 31
20 32
20 33
20 34
20 35
20 36
20 37
20 38
20 39
20 40
20 42
20 43
20 44
20 45
21 10
21 11
21 14
21 15
21 16
21 17
21 18
21 24
21 25
21 26
21 28
21 29
21 30
21 31
21 32
21 33
21 34
21 35
21 36
21 37
21 38
21 39
21 40
21 41
21 42
21 43
21 44
22 1
22 2
22 3
22 5
22 9
22 10
22 11
22 13
22 14
22 15
22 16
22 17
22 18
22 19
22 20
22 21
22 22
22 23
22 24
22 26
22 28
22 29
22 30
22 31
22 35
22 36
22 37
22 38
22 39
22 40
22 42
22 43
22 44
22 45
22 46
22 47
22 48
23 1
23 2
23 5
23 6
23 9
23 10
23 13
23 17
23 18
23 19
23 20
23 21
23 22
23 23
23 24
23 29
23 30
23 31
23 34
23 36
23 37
23 39
23 40
23 41
23 42
23 43
23 44
23 45
23 46
23 48
24 0
24 1
24 7
24 8
24 10
24 11
24 13
24 14
24 16
24 18
24 19
24 20
24 21
24 22
24 23
24 24
24 25
24 26
24 27
24 33
24 34
24 35
24 36
24 37
24 38
24 39
24 40
24 41
24 42
24 43
24 45
24 46
24 47
25 0
25 1
25 2
25 3
25 5
25 7
25 8
25 10
25 11
25 13
25 20
25 22
25 24
25 25
25 28
25 29
25 30
25 31
25 33
25 34
25 35
25 36
25 37
25 38
25 39
25 40
25 41
25 42
25 43
25 44
25 45
25 46
25 48
26 3
26 4
26 5
26 6
26 7
26 8
26 10
26 11
26 12
26 13
26 24
26 25
26 28
26 29
26 30
26 31
26 33
26 34
26 35
26 36
26 37
26 40
26 42
26 43
26 46
26 47
26 48
27 0
27 3
27 4
27 5
27 6
27 7
27 8
27 11
27 12
27 13
27 14
27 15
27 16
27 19
27 25
27 28
27 29
27 30
27 31
27 32
27 33
27 40
27 41
27 43
27 44
27 45
27 46
27 47
27 48
27 49
28 0
28 2
28 5
28 6
28 7
28 11
28 12
28 13
28 14
28 15
28 16
28 18
28 19
28 27
28 28
28 29
28 33
28 40
28 41
28 42
28 43
28 44
28 46
28 47
28 48
28 49
29 0
29 2
29 3
29 11
29 12
29 13
29 14
29 15
29 16
29 18
29 26
29 27
29 28
29 29
29 35
29 36
29 41
29 42
29 43
29 44
29 48
30 0
30 2
30 3
30 11
30 12
30 13
30 14
30 15
30 16
30 29
30 35
30 36
30 37
30 38
30 41
30 42
30 43
30 44
31 4
31 7
31 13
31 14
31 15
31 16
31 21
31 25
31 26
31 27
31 28
31 31
31 37
31 41
32 2
32 3
32 4
32 5
32 6
32 12
32 14
32 15
32 20
32 21
32 22
32 24
32 25
32 26
32 27
32 28
32 29
32 41
32 44
33 0
33 2
33 3
33 5
33 6
33 7
33 10
33 14
33 16
33 20
33 21
33 22
33 23
33 24
33 25
33 26
33 27
33 28
33 29
33 42
33 46
33 47
34 2
34 3
34 4
34 5
34 6
34 7
34 10
34 11
34 12
34 13
34 14
34 16
34 17
34 18
34 20
34 21
34 22
34 23
34 24
34 26
34 27
34 28
34 29
34 30
34 31
34 36
34 37
34 41
34 42
34 43
34 46
34 47
35 0
35 1
35 2
35 3
35 4
35 5
35 6
35 10
35 11
35 12
35 13
35 14
35 16
35 17
35 19
35 20
35 22
35 25
35 26
35 29
35 35
35 36
35 37
35 41
35 42
35 43
35 45
35 46
35 47
35 49
36 2
36 3
36 4
36 6
36 7
36 8
36 11
36 12
36 13
36 14
36 15
36 20
36 21
36 22
36 23
36 28
36 29
36 30
36 35
36 36
36 37
36 42
36 44
36 45
37 7
37 8
37 9
37 13
37 14
37 17
37 19
37 20
37 21
37 22
37 28
37 29
37 35
37 37
37 42
37 44
37 45
37 48
37 49
38 6
38 7
38 8
38 9
38 17
38 18
38 19
38 20
38 21
38 22
38 28
38 29
38 31
38 33
38 34
38 35
38 37
38 43
38 44
38 45
38 46
38 47
38 49
39 0
39 1
39 5
39 6
39 8
39 9
39 14
39 15
39 20
39 28
39 29
39 32
39 33
39 34
39 37
39 38
39 43
39 45
39 46
39 47
39 49
40 1
40 2
40 8
40 9
40 10
40 11
40 12
40 13
40 14
40 15
40 16
40 17
40 18
40 20
40 22
40 28
40 31
40 33
40 36
40 37
40 44
40 45
40 46
40 47
41 8
41 9
41 10
41 11
41 12
41 13
41 14
41 18
41 20
41 23
41 24
41 29
41 30
41 31
41 32
41 33
41 35
41 37
41 38
41 40
41 44
41 47
42 1
42 7
42 8
42 9
42 10
42 11
42 12
42 13
42 14
42 18
42 19
42 20
42 23
42 24
42 28
42 29
42 32
42 33
42 37
42 38
42 39
42 40
42 41
42 46
42 47
42 48
42 49
43 1
43 3
43 4
43 5
43 7
43 8
43 9
43 13
43 15
43 16
43 17
43 18
43 19
43 24
43 25
43 28
43 29
43 30
43 31
43 32
43 33
43 34
43 36
43 37
43 38
43 39
43 40
43 41
43 42
43 43
43 45
43 46
43 47
43 48
43 49
44 0
44 1
44 2
44 5
44 7
44 8
44 9
44 10
44 13
44 14
44 15
44 16
44 17
44 18
44 19
44 20
44 26
44 31
44 35
44 37
44 39
44 40
44 41
44 42
44 44
44 45
44 46
44 47
44 48
44 49
45 0
45 1
45 6
45 7
45 8
45 9
45 10
45 13
45 14
45 16
45 18
45 20
45 25
45 26
45 32
45 35
45 36
45 37
45 38
45 39
45 40
45 41
45 42
45 44
45 46
45 47
46 0
46 1
46 7
46 8
46 10
46 12
46 13
46 14
46 15
46 16
46 17
46 20
46 25
46 27
46 31
46 32
46 42
46 43
46 44
46 45
46 46
46 47
46 48
47 0
47 1
47 8
47 9
47 11
47 12
47 13
47 14
47 15
47 22
47 24
47 25
47 26
47 27
47 28
47 29
47 30
47 32
47 33
47 34
47 35
47 36
47 37
47 39
47 40
47 47
47 48
47 49
48 0
48 1
48 3
48 4
48 8
48 9
48 13
48 14
48 15
48 22
48 24
48 25
48 26
48 27
48 28
48 30
48 34
48 35
48 38
48 39
48 40
48 41
48 47
48 49
49 0
49 1
49 3
49 4
49 6
49 8
49 9
49 10
49 11
49 12
49 13
49 14
49 15
49 16
49 17
49 21
49 22
49 23
49 24
49 25
49 26
49 27
49 28
49 34
49 35
49 36
49 37
49 38
49 39
49 40
49 41
49 46
49 47
49 48
49 49
