2.500000000000000000e-01 2.500000000000000000e-01 9.590000000000000000e+02
2.500000000000000000e-01 7.500000000000000000e-01 2.000000000000000000e+01
2.500000000000000000e-01 1.000000000000000000e+00 8.000000000000000000e+00
2.500000000000000000e-01 2.250000000000000000e+00 2.000000000000000000e+00
2.500000000000000000e-01 4.316119999999999735e+00 1.000000000000000000e+00
5.000000000000000000e-01 0.000000000000000000e+00 7.500000000000000000e+01
5.000000000000000000e-01 5.000000000000000000e-01 5.000000000000000000e+00
5.000000000000000000e-01 7.500000000000000000e-01 1.000000000000000000e+00
5.000000000000000000e-01 8.888899999999999579e-01 1.000000000000000000e+00
5.000000000000000000e-01 2.000000000000000000e+00 1.000000000000000000e+00
1.000000000000000000e+00 2.500000000000000000e-01 9.000000000000000000e+00
1.000000000000000000e+00 3.888900000000000134e-01 1.000000000000000000e+00
1.000000000000000000e+00 5.625000000000000000e-01 2.000000000000000000e+00
1.000000000000000000e+00 1.500000000000000000e+00 1.000000000000000000e+00
1.000000000000000000e+00 2.611110000000000042e+00 1.000000000000000000e+00
1.250000000000000000e+00 0.000000000000000000e+00 5.000000000000000000e+00
1.250000000000000000e+00 1.388900000000000134e-01 9.000000000000000000e+00
1.250000000000000000e+00 3.125000000000000000e-01 3.000000000000000000e+00
1.250000000000000000e+00 1.250000000000000000e+00 1.000000000000000000e+00
1.250000000000000000e+00 1.527779999999999916e+00 1.000000000000000000e+00
1.250000000000000000e+00 3.169999999999999929e+00 1.000000000000000000e+00
1.250000000000000000e+00 2.140632000000000090e+01 1.000000000000000000e+00
2.000000000000000000e+00 5.000000000000000000e-01 2.000000000000000000e+00
2.250000000000000000e+00 2.500000000000000000e-01 1.000000000000000000e+01
2.250000000000000000e+00 8.750000000000000000e-01 1.000000000000000000e+00
2.250000000000000000e+00 2.214348999999999990e+01 1.000000000000000000e+00
2.500000000000000000e+00 0.000000000000000000e+00 7.000000000000000000e+00
2.500000000000000000e+00 2.777800000000000269e-01 2.000000000000000000e+00
2.500000000000000000e+00 6.250000000000000000e-01 2.000000000000000000e+00
2.500000000000000000e+00 3.750000000000000000e+00 1.000000000000000000e+00
2.500000000000000000e+00 6.408319999999999794e+00 1.000000000000000000e+00
2.500000000000000000e+00 1.127999999999999936e+01 1.000000000000000000e+00
3.250000000000000000e+00 6.633000000000000007e-02 2.000000000000000000e+00
3.250000000000000000e+00 1.300000000000000044e-01 3.000000000000000000e+00
3.250000000000000000e+00 8.125000000000000000e-01 2.000000000000000000e+00
3.250000000000000000e+00 1.265619999999999967e+00 1.000000000000000000e+00
3.250000000000000000e+00 3.250000000000000000e+00 2.000000000000000000e+00
4.000000000000000000e+00 6.250000000000000000e-02 2.000000000000000000e+00
4.000000000000000000e+00 5.661199999999999566e-01 1.000000000000000000e+00
4.250000000000000000e+00 1.700000000000000122e-01 2.000000000000000000e+00
4.250000000000000000e+00 2.656200000000000228e-01 1.000000000000000000e+00
4.250000000000000000e+00 3.161200000000000121e-01 1.000000000000000000e+00
4.250000000000000000e+00 4.722199999999999731e-01 1.000000000000000000e+00
4.500000000000000000e+00 2.222200000000000009e-01 3.000000000000000000e+00
4.500000000000000000e+00 5.000000000000000000e-01 1.000000000000000000e+00
5.000000000000000000e+00 0.000000000000000000e+00 1.000000000000000000e+00
6.250000000000000000e+00 1.275499999999999967e-01 1.000000000000000000e+00
6.250000000000000000e+00 2.500000000000000000e-01 1.000000000000000000e+00
6.250000000000000000e+00 3.906200000000000228e-01 1.000000000000000000e+00
6.250000000000000000e+00 1.562500000000000000e+00 1.000000000000000000e+00
6.250000000000000000e+00 2.781250000000000000e+00 1.000000000000000000e+00
6.500000000000000000e+00 0.000000000000000000e+00 1.000000000000000000e+00
8.000000000000000000e+00 5.555999999999999828e-02 1.000000000000000000e+00
8.500000000000000000e+00 3.767300000000000093e-01 1.000000000000000000e+00
9.000000000000000000e+00 2.777999999999999914e-02 1.000000000000000000e+00
1.125000000000000000e+01 1.250000000000000000e+00 2.000000000000000000e+00
1.250000000000000000e+01 0.000000000000000000e+00 2.000000000000000000e+00
1.250000000000000000e+01 8.000000000000000167e-02 1.000000000000000000e+00
1.825000000000000000e+01 1.357439999999999980e+00 1.000000000000000000e+00
2.125000000000000000e+01 1.734690000000000065e+00 1.000000000000000000e+00
