2.1378 1.3939 0.0371 0.5199 5.9287 0.8686 1.3621 1.3273 1.8007 4.2005 3.7181 2.5561 4.7885 5.4487 5.3896 0.4813 2.2900 2.7714 2.0009 2.3983
2.5080 1.5352 6.0098 0.0196 4.8836 2.0998 2.0520 1.4424 1.3558 3.5704 4.5705 4.7656 4.6599 3.6109 0.3947 1.4264 1.4336 0.8338 0.3338 3.5660
1.8073 2.0779 3.3880 2.6700 1.6829 1.7295 3.0377 2.2490 0.0841 3.3003 3.0298 3.9510 4.8117 3.6753 4.1750 1.3561 0.4409 0.2627 0.8121 2.7160
2.8620 2.2483 2.6193 1.9392 1.8493 1.4914 2.6735 2.0647 0.1383 1.5895 1.7369 4.7867 5.7982 4.5397 4.2274 5.8098 0.0171 5.7702 3.0393 2.5668
3.5119 2.5673 4.2247 2.2148 2.0500 1.0388 2.5733 2.1822 2.7011 1.1157 1.2321 0.3050 0.9735 5.7921 6.1771 6.0361 5.3990 3.0071 3.0321 2.0152
3.5109 3.7930 3.9553 4.0084 0.6534 1.9194 1.2577 1.2072 1.5300 1.1063 2.9514 5.7237 6.0254 5.3330 5.7121 0.1432 5.6936 3.6285 3.6914 3.5267
3.7895 0.6016 4.3688 3.5604 1.2238 1.9806 2.8285 1.8919 1.2426 1.1884 1.2004 6.2825 4.9448 5.7532 0.0503 5.1967 5.9454 2.6631 3.5526 3.8930
3.7990 3.0300 3.5358 2.6530 0.4045 2.0759 2.8872 1.1105 2.5982 2.5096 0.9290 6.0917 5.2692 5.9580 5.8744 0.1835 5.5352 5.9516 2.6650 3.0372
3.8516 2.1390 3.1541 3.1478 3.0118 2.4347 1.6243 1.1313 2.8780 1.9840 4.8084 0.1145 0.2245 0.8183 0.3639 4.2703 3.5425 3.0188 2.4532 3.2651
2.4004 2.8293 2.4909 2.5136 0.4798 1.2839 2.4607 2.0500 3.6120 2.7858 5.2152 5.4214 5.5983 0.4807 0.8383 0.0546 2.8175 3.2168 2.2835 2.9160
3.8929 3.5667 3.4115 2.0915 0.6920 1.1963 2.1074 2.0789 2.5590 3.1451 4.0461 3.8971 0.6017 0.4821 1.0866 0.5091 1.6583 1.8865 2.6235 2.6898
6.2133 4.5494 3.1010 3.0921 1.8294 2.0651 1.4691 2.4007 1.6374 2.8856 4.2290 3.8824 5.5834 5.8376 6.0662 6.1585 1.5787 2.2450 2.5278 2.0741
0.0433 3.9785 4.5810 4.6583 5.2336 1.4568 1.2937 1.5279 1.8688 2.6558 3.9704 4.5095 0.7231 0.9627 0.4233 0.8990 2.0215 2.4590 2.1192 1.0507
3.3836 2.7712 6.1786 0.4367 0.8520 1.1377 2.5599 3.4773 2.8410 2.9859 3.7902 5.2849 5.7169 1.1199 1.0844 1.0865 2.0068 2.6503 3.9753 2.9596
3.3298 2.3321 1.2068 5.9502 6.1224 2.3959 2.1921 3.6712 4.3390 4.5528 5.0432 6.0559 0.0121 0.6741 0.6575 1.2781 1.9174 2.9613 2.6578 4.3500
4.4749 1.7172 0.8537 0.9278 1.1577 2.5746 1.9828 3.8656 5.0502 4.8305 5.3122 4.8810 5.7055 6.1008 1.9236 1.8519 2.2403 2.2897 3.8135 2.6663
2.4432 2.2950 0.9821 1.6015 1.7453 2.4009 1.9200 4.6505 4.5130 5.4714 4.0828 5.3492 0.0783 5.6078 2.4916 3.0503 2.5635 2.8789 3.4257 3.9983
2.3471 1.9763 0.0737 1.2744 0.5898 0.3778 1.5150 3.7504 4.7362 4.5751 4.9314 0.2113 1.7256 6.2028 3.9699 3.4978 2.7895 3.7312 4.0540 3.7968
2.0248 2.2441 0.3730 1.3339 4.9661 5.2832 1.7823 1.8911 2.4357 3.3321 4.9610 3.4701 2.2308 0.5627 5.8332 3.1094 4.0272 2.4434 2.0632 1.5844
1.3463 1.1071 0.1367 0.9530 0.1290 5.5662 1.9966 0.9802 1.3481 2.9500 2.5759 2.8603 3.5238 0.9782 4.2168 2.1323 3.4816 2.1228 2.0687 1.6798
