5.4238 0.0774 1.3271 1.8265 2.7262 1.8135 1.4461 1.0986 1.7880 1.8313 0.9612 5.6287 0.5163 1.0091 4.6850 4.5850 5.6808 0.1608 6.1334 6.2589
0.4419 1.8377 1.9820 0.4285 1.7061 1.9003 2.4827 3.2577 1.3373 1.4802 1.1359 5.4364 6.1978 0.8582 1.2957 0.7332 5.8681 5.9442 0.6985 0.8013
3.5907 3.9361 3.6211 2.9712 2.5637 2.9514 3.2352 3.4387 2.9894 5.4449 4.8506 0.8570 0.9660 1.2179 0.7820 6.0266 0.1273 1.2105 2.3765 1.7426
2.8917 3.3741 3.8149 2.7894 2.7575 3.6602 4.7507 4.4328 4.2154 3.2671 1.9921 2.1906 2.5726 1.7214 0.7675 1.1809 0.2029 2.3351 2.1141 0.2014
1.7586 3.5334 2.7728 3.5752 3.9498 4.0563 4.7515 4.7715 3.7656 4.2233 1.2551 0.8367 1.8377 1.7134 1.0669 3.1618 4.2932 2.9358 3.5623 0.0677
2.3688 3.7932 3.2768 4.2851 4.3238 3.8025 4.5987 3.9643 3.0488 2.7887 2.3045 1.5888 1.0099 1.6282 1.8085 4.0310 4.3011 3.9482 3.7120 1.4165
3.7079 3.8707 3.3297 4.5965 3.9649 3.4543 3.4642 3.0365 2.2230 3.6958 3.0351 1.3465 2.9901 2.6042 3.2402 3.6700 4.3694 3.8323 3.5275 3.7185
3.3363 4.0554 3.1144 2.9075 3.7836 1.6117 2.0547 3.5939 3.7944 2.7972 2.8558 1.5823 3.5739 4.1300 3.5251 3.2855 3.2367 2.4447 3.4336 3.5851
3.4582 3.1083 5.4863 3.8202 4.1092 2.4201 3.1976 3.4791 4.0016 3.4142 2.4566 3.6811 4.3161 4.0705 3.6245 3.3427 4.4478 5.2482 2.5333 3.4388
4.4447 4.4892 5.8822 2.7939 3.9714 3.1023 3.2175 3.7649 3.6555 3.0105 1.9103 5.7369 5.3593 3.6466 3.0221 4.6722 3.7989 4.4876 2.9910 4.3904
3.5601 3.5251 5.2799 0.3884 3.8549 3.5777 5.9908 5.0975 2.8640 3.2871 2.6074 5.3544 5.2491 4.4375 5.3924 4.2881 4.8845 4.1272 1.7095 4.3714
3.8535 3.1362 3.0166 5.3954 4.6916 4.1141 4.1677 2.9247 2.5482 3.4429 3.8644 4.7668 4.4633 4.0643 5.4495 4.5895 4.8937 5.5071 6.2228 1.7897
2.5351 2.3499 2.7417 2.5426 4.4924 5.2675 4.2808 1.0776 2.7324 3.7635 3.5134 4.6635 4.3859 5.9740 0.2417 5.8346 5.6883 5.5057 5.6726 1.7321
2.4668 1.7810 1.3189 1.9757 4.7855 4.1000 3.9438 4.3581 4.9559 5.2103 3.8379 2.7686 3.8436 5.6740 5.7009 5.9247 6.1510 0.0209 5.9442 1.6909
1.8383 2.4496 1.4626 0.3437 5.6577 5.3427 5.0969 4.5196 3.6283 3.9212 4.0126 4.2482 0.0449 6.2756 6.2130 0.3738 5.8146 5.9849 0.8788 1.2054
2.6299 2.6222 3.2039 1.3525 5.7187 5.1838 4.3111 4.0946 3.1484 3.8637 3.0776 4.3381 5.0485 5.5406 5.7039 5.7766 0.5723 6.0071 0.3641 1.5621
2.6086 2.7172 1.3309 1.3330 0.7260 5.2911 3.8477 3.6730 2.0678 2.8650 1.3594 4.4669 5.2714 5.4901 0.6171 0.1548 0.2472 0.1531 1.5632 1.4481
2.4723 3.4100 2.1519 0.2337 6.1616 0.3551 6.2602 2.2508 2.2621 0.4302 0.0723 1.4375 0.0460 6.1307 0.4827 5.9772 0.4351 0.6488 1.8678 0.5016
1.0633 2.1657 1.6921 0.8958 0.8830 2.5318 1.1310 0.8893 1.5485 1.1515 1.2804 0.6656 5.9743 0.0130 5.2455 5.0413 5.9445 1.3679 1.2491 1.0649
0.8618 0.9721 1.6274 2.1081 4.0697 3.2571 5.4086 1.3242 0.2504 0.4115 2.0252 3.7590 1.1147 5.9061 5.6958 5.5746 5.2134 2.2327 0.6997 0.6441
