3.9404 2.8166 3.9551 3.8133 3.1165 3.3320 5.3825 1.3126 2.6771 2.7803 3.5746 3.1172 3.6950 3.7039 3.4838 3.9069 3.3305 2.0533 3.4452 4.6896
0.0010 5.9371 5.4750 3.4826 1.2028 1.4052 0.5760 1.1609 1.6311 2.7151 3.4458 3.8384 4.9129 4.9817 4.6290 3.9754 3.7062 3.2252 3.9096 5.1385
0.4694 0.4650 0.7988 1.1443 0.4684 0.7645 0.6103 0.4003 1.2001 0.9738 0.6963 1.4797 0.2112 4.0219 6.0514 2.7356 2.8738 2.8552 2.8521 4.0386
1.2064 1.8086 1.9045 0.5928 0.9484 1.2600 1.2243 1.3419 5.6983 5.1723 5.3727 5.6535 0.8982 1.1799 4.8341 5.9791 1.5329 1.8418 1.6648 3.2736
2.6843 1.8763 2.5638 2.2202 1.5305 1.0438 1.5063 1.3346 5.3824 6.0191 5.4471 3.7205 5.8682 0.9851 0.4854 0.6200 1.2998 1.6018 0.9866 3.6149
2.3896 2.2030 3.0439 1.5702 1.3272 3.6098 3.9173 3.6968 4.0481 4.4202 5.4704 5.6415 5.9114 6.0364 5.9464 0.2180 5.9234 1.4224 0.2499 3.0030
2.9810 3.2754 3.6407 2.3868 1.1035 4.1197 5.2494 5.7336 5.2397 5.5744 5.4885 4.4847 4.5477 6.2634 5.9709 4.4224 5.0000 5.6320 0.4520 1.7633
3.6685 3.3944 1.9211 1.5505 1.3636 1.1874 5.7339 5.3970 4.5785 5.3130 5.4092 3.2573 2.8891 3.7894 4.5272 5.4769 3.8373 4.3625 5.0479 3.9737
3.4120 4.2659 5.2090 4.7718 0.3478 0.3823 6.1860 5.3197 5.6247 5.6220 5.0429 4.0596 3.6537 4.0990 4.5290 4.9779 4.1052 4.0856 3.1469 2.7557
3.3842 4.3025 5.1747 4.1609 4.1488 4.6418 4.7939 4.1326 4.2016 4.6095 4.8314 4.6337 4.3982 4.7165 4.5198 5.2991 4.5567 3.7907 3.4873 3.2995
4.3198 4.2586 0.1593 4.7982 4.4316 5.0014 4.6248 4.6687 4.5303 0.2535 5.3991 4.0436 4.1028 5.1868 0.1978 0.7017 0.8822 2.1388 2.8759 3.8355
4.5536 2.3204 3.3070 4.0453 4.5599 5.0924 4.3566 4.0658 3.1553 3.6272 3.2110 3.4535 3.7439 1.0912 0.9360 1.8281 3.6797 1.6106 1.1262 4.2730
2.5347 2.4501 3.2214 3.8462 4.8104 6.0328 5.0613 2.5326 3.0093 3.7410 2.0514 2.2247 2.7373 3.3740 1.8431 0.3751 1.3907 1.4879 1.0868 0.3477
1.9792 2.6804 3.4783 4.8234 5.0917 5.4088 3.0897 3.4185 2.1912 2.2027 2.5490 1.6979 3.2882 1.9970 1.7168 5.1587 4.6772 1.1427 1.6231 2.2099
1.1520 2.6856 3.9729 4.2023 4.8722 5.1923 3.5392 3.8666 3.1918 3.8596 3.4051 1.2830 0.4455 0.2905 1.0271 0.2999 5.8802 0.0288 1.5214 1.5237
5.1765 0.0450 3.7702 4.2223 4.5599 4.4495 4.7000 4.2745 5.0472 2.6783 2.9560 2.2910 2.2566 6.0631 5.9733 5.8386 0.0307 0.9640 0.6088 0.0574
5.6235 1.2979 2.8204 3.7201 3.7527 3.3349 4.2942 3.9604 3.8717 4.3741 3.5161 2.3708 2.6997 0.7015 5.9448 6.1139 5.4184 5.7064 5.7694 0.6164
5.9156 0.8670 2.2978 3.0086 3.2140 4.9295 4.0479 4.1224 4.3414 5.3647 3.4465 1.2772 0.9314 1.5332 1.7026 0.7215 6.1978 4.6333 4.8185 1.3702
3.2281 2.0321 2.5759 2.9394 3.1639 2.8961 2.7931 4.2405 4.5573 3.4967 4.0714 2.6248 0.5004 2.1104 4.5495 4.0261 4.9579 4.8685 5.5952 3.5220
4.0563 3.2842 4.1053 2.7228 2.3663 2.9686 4.4486 3.8120 4.4720 3.6100 1.2890 2.7406 2.2542 3.0173 4.5384 4.1142 4.0446 4.4058 5.4276 4.2760
