1.3470 2.9424 3.4268 2.1822 2.8055 2.9847 4.3735 4.6480 4.8635 5.5527 1.6979 1.6740 1.3223 2.2942 2.4122 3.1922 3.4334 3.4557 1.4642 0.5668
2.9174 3.0637 2.5467 0.8120 1.1066 6.0859 5.2145 4.7612 5.4684 1.9504 1.8602 3.1788 2.3658 2.0314 2.2711 1.8716 1.8456 2.7967 2.5273 4.5881
3.6872 3.5759 2.7573 2.0700 5.0953 0.5684 0.6108 5.6918 5.3927 2.2077 1.7613 1.7871 2.3219 2.9365 3.9583 2.1319 1.8538 2.4521 2.0148 4.2695
3.2371 3.0297 2.4758 1.6739 2.2243 0.7231 0.7357 5.5134 5.9095 6.1520 0.9093 1.7521 3.1025 4.9600 4.6257 3.6508 2.4790 3.0121 2.0785 3.8248
2.0241 1.8928 1.6768 0.4692 1.2979 0.2223 1.3070 0.2086 5.7561 1.0529 6.0281 4.3728 3.5803 3.3799 3.3009 2.0405 1.9160 2.6656 2.6214 2.1003
2.2187 0.7321 0.6612 1.2840 1.2570 0.8317 5.7783 4.9610 5.3275 0.1923 5.4608 3.9295 4.1480 4.0216 2.3760 1.1680 1.9092 1.9979 1.4597 2.4389
1.1647 5.8156 0.0282 5.1917 5.8091 6.0988 5.1841 4.7844 4.7058 5.9768 5.9870 4.7351 4.3067 4.9573 0.1479 0.7206 0.8527 1.5055 1.9198 1.4461
1.3074 0.6848 5.1172 6.1675 0.5704 0.1936 0.3272 5.6559 0.6192 5.7350 5.7395 4.5326 5.5497 5.7695 0.7015 5.6964 0.4390 0.2706 2.2858 1.9544
3.0940 3.5096 3.9972 4.8826 4.8714 5.4869 0.4084 0.3290 0.1216 5.1445 5.2176 5.8370 5.6515 5.9343 0.7376 6.1634 6.2231 6.2053 2.6637 2.5000
4.9858 3.5215 4.5881 3.8672 3.6260 4.7275 1.0950 0.6340 4.0901 6.0894 5.4891 4.7797 5.3491 0.6426 0.3287 5.7381 5.6489 0.3530 3.3143 3.9380
1.9282 3.1847 3.4746 3.3875 4.4504 3.8878 0.0197 2.9207 3.2583 4.9558 5.4970 0.1978 6.2829 5.5375 5.5007 5.4338 5.1476 4.7928 4.1073 3.5661
3.8926 3.3996 2.7545 2.5552 3.8665 3.0499 4.0452 2.9934 4.2811 5.3409 5.5129 0.0129 5.7367 0.2917 5.6816 4.7274 5.4713 4.4623 3.4527 4.6642
2.6050 2.1981 3.0263 3.3788 3.1615 3.2201 3.7171 4.5515 4.9619 5.7219 6.1988 6.2354 5.6975 0.0752 5.3734 5.2800 4.1559 4.1400 3.6547 1.1926
1.7180 0.1917 1.4393 2.5165 1.9464 1.5442 4.4070 4.7360 4.6883 5.1759 0.1424 0.6583 6.1708 6.1348 5.9455 5.6419 5.2803 4.8140 5.7513 0.7477
4.5499 2.6791 1.8625 0.7974 1.1136 0.9469 2.9314 5.3222 5.8940 0.7998 1.5106 2.5862 0.0778 0.4120 0.7221 4.9420 3.7362 5.0405 5.1107 0.5041
2.0466 2.4942 2.6835 1.2620 1.5698 2.2563 4.3515 4.4829 5.6133 2.0219 2.2345 1.5050 0.0783 0.6488 0.3816 4.3682 3.8849 4.9519 4.6714 1.0998
2.3304 1.1239 2.0587 1.5984 1.1339 1.2727 4.2426 4.4409 5.5133 5.9509 0.3205 0.2328 0.0290 1.0545 1.1731 5.6245 4.7944 4.3156 4.3654 1.4992
1.3034 1.6641 0.5545 1.6834 1.6582 3.1197 3.9919 4.4209 5.3960 4.1314 4.5829 0.7372 0.5526 0.1652 6.0814 5.8104 5.5657 6.2250 1.8595 1.9361
2.1442 1.6020 2.1306 3.2335 3.4884 4.2218 4.6292 4.3580 5.4494 6.2250 0.0888 0.8217 1.2140 1.5727 1.9099 2.1445 5.6485 2.3689 1.5514 2.3005
1.5636 0.9226 2.0666 4.0603 3.9086 4.3388 4.1795 4.4304 5.7435 0.2832 1.4669 0.6117 1.6705 1.5393 2.0248 1.8127 0.7128 1.3313 1.3565 1.3010
