5.8330 3.9638 3.0844 4.2150 1.1393 4.8090 4.0576 5.3793 5.0881 0.9216 1.3196 2.1522 4.6886 2.9557 3.5000 4.2654 4.4461 4.0283 4.3473 4.5028
5.5814 4.4629 3.4744 4.4195 5.3166 4.5961 3.9171 4.1633 0.0472 2.3254 1.1923 1.7604 1.7188 3.3624 3.2618 5.3859 4.8146 3.4311 4.3026 2.9456
0.1616 5.8492 5.6904 3.6782 3.8928 4.5594 3.6929 3.3113 5.2853 1.0336 1.4104 1.4897 1.1695 2.9861 3.8597 5.6571 0.2468 5.6939 0.7700 0.6318
0.8883 0.2137 6.0291 1.7672 2.2073 3.1627 4.4354 4.0620 3.3025 2.2270 1.4288 1.4979 4.9251 3.8878 4.5702 5.8916 5.6690 5.4237 6.1370 1.9628
0.8339 1.5113 0.2679 4.9679 4.5552 3.8130 4.5849 3.9873 3.6735 1.9875 0.9590 2.4970 2.5389 3.0111 5.3587 4.9470 5.0973 5.3379 5.7089 4.2512
1.2499 0.8855 6.0451 0.7740 4.5136 3.3217 3.7137 5.1770 2.1431 1.5697 4.7683 6.1084 1.6112 0.9336 0.2805 6.0732 5.1688 4.5755 5.0818 4.6420
0.2880 1.2071 0.0018 5.6990 4.6839 4.8662 4.0583 0.4886 1.4505 3.6241 4.9709 5.3380 2.8664 0.0622 5.3428 6.0914 0.5047 1.7283 1.9552 1.9957
4.2570 1.4222 0.6331 0.7702 3.5426 4.3449 4.7610 0.7128 0.6525 3.3910 2.2939 4.3529 5.1409 6.0106 5.3427 5.4375 5.9404 5.7775 4.3171 0.5907
1.9528 1.8552 1.4870 5.3605 4.7787 4.5371 3.8356 5.7073 2.2722 3.9630 3.5079 4.6413 3.8109 3.9282 4.6741 4.5476 1.1989 5.6029 2.9451 2.9855
2.1212 2.2934 1.8761 4.7064 4.6098 4.8632 5.4514 5.8840 0.2194 4.6521 4.8626 3.5190 3.5203 3.1666 3.4746 3.2111 5.5831 5.1815 3.4794 4.1867
4.0439 4.2932 3.5974 4.7381 3.8770 5.0839 6.2610 0.5133 0.2334 4.0900 4.1900 4.3699 3.2419 3.5860 3.5006 4.0135 4.6477 4.3989 3.5412 4.7439
3.6311 4.4038 4.4627 4.3944 3.5174 5.1282 3.8845 1.2635 2.6116 3.2193 3.6383 3.3213 3.8308 4.1800 4.3727 2.0259 3.1992 3.0114 2.4034 3.7779
4.5193 4.8865 4.1623 4.0601 3.9096 2.7494 3.1339 2.9333 2.4605 2.6810 1.5863 3.3816 4.0436 4.1670 5.0493 2.3954 6.0653 2.1364 2.8506 5.0874
3.4613 4.4233 4.1423 3.3816 4.1145 2.6626 3.1992 2.1141 2.2965 1.8351 2.0760 3.6027 4.3146 1.9566 4.7606 0.4393 5.9924 6.0420 6.0219 4.2862
4.7497 5.4535 5.1230 3.5699 4.0109 3.7030 3.4328 1.4686 1.5591 0.6828 1.7155 1.8299 2.1307 1.5531 0.1800 6.0788 6.1468 5.3935 4.8020 4.8656
0.9672 4.1811 5.3177 3.2916 4.3265 3.7785 3.2571 0.9984 0.2730 0.2509 2.8995 0.7436 2.3042 1.5165 1.6274 1.2044 0.3775 5.9643 5.1148 4.7771
2.3305 3.7720 3.6481 2.7369 4.0368 4.6434 5.0034 6.1108 0.3453 5.7191 5.3030 0.5717 1.5464 2.0665 2.4715 1.5161 5.7599 5.5341 5.1394 5.9931
4.5093 3.4641 4.7705 3.5429 4.2875 4.1847 2.2958 0.0731 5.1510 5.2978 4.6300 2.2428 2.0559 2.0848 2.4626 2.4367 2.9182 4.3956 3.9623 3.6213
4.8399 3.6055 4.5954 3.5280 4.8178 4.3895 3.4400 0.2375 4.5709 6.1093 4.8915 4.0994 2.0372 2.9986 3.3145 2.8005 5.0609 4.6337 4.5493 4.0886
5.6315 4.6830 4.0370 4.3700 4.5614 4.0947 4.7597 5.6319 4.8731 0.6012 6.1893 3.6004 4.5562 2.4821 3.1690 3.6971 4.2930 4.9599 5.8168 5.6794
