2.7667 4.2181 3.3732 3.2290 0.3788 5.9102 0.4703 3.8614 5.6742 6.1248 0.0196 1.0834 1.9592 3.5487 4.7814 2.8330 3.5645 4.2321 3.9052 2.4359
4.0325 4.2461 3.4782 3.2514 5.7030 4.8600 4.4175 4.6544 3.9093 6.0826 0.7906 1.6488 2.2369 2.8804 3.8401 4.0484 3.1357 4.5199 3.4582 3.0351
3.5527 4.6112 4.4814 4.1159 4.4982 6.0840 4.5436 5.0684 4.5582 0.8367 1.0624 1.9010 1.6579 2.4074 5.2195 5.1486 3.8629 4.8027 2.4197 1.9322
2.6401 4.1959 4.8864 5.0017 4.3611 0.6004 4.4638 5.1139 5.2777 5.8085 5.9356 1.4706 5.4753 5.0560 5.3182 4.8051 5.2322 2.5827 1.8756 1.5280
1.5724 5.7564 5.6404 6.1741 6.0009 1.1358 4.9876 5.5538 5.5197 5.5572 5.4079 5.8011 5.4170 4.2048 5.4692 6.0888 4.9784 3.1043 3.1831 2.3096
5.8857 1.4625 1.2277 1.6341 1.4704 1.1655 6.1604 0.0328 5.5502 5.4592 5.6026 5.7265 5.5018 4.8601 5.7350 1.0951 2.0705 2.5103 2.1305 0.8222
0.8838 1.6393 1.6466 0.8991 0.4182 0.2406 0.9300 0.7474 1.2793 2.2625 0.9886 5.9831 5.7291 4.4067 3.6412 2.8891 2.2673 2.4845 2.3189 0.3961
1.7064 1.6156 0.3524 1.1384 2.4367 0.8198 0.2157 0.0668 1.8277 2.5135 0.0834 5.3136 4.5442 2.9887 2.6440 2.9034 2.6797 2.9072 2.1092 1.5742
1.5440 1.7912 0.7671 1.3235 1.8915 1.4136 0.8922 0.8961 2.8868 3.7240 4.9111 5.2958 4.2222 3.4053 4.1294 3.7736 3.2475 3.4625 2.0884 2.3275
1.4944 0.8991 0.9079 1.4971 1.5012 1.6838 0.6842 4.0677 4.7969 4.2630 3.4730 3.6510 2.8962 3.6106 3.2491 1.7373 2.0381 3.2611 3.3393 3.2532
2.9884 3.4978 2.5768 2.0772 2.1548 1.1458 4.1955 3.5075 3.8758 4.8490 4.9311 3.9911 3.2712 3.8977 3.3736 2.7363 2.3663 2.2923 3.0068 2.4309
3.3348 3.2297 2.8541 3.7189 2.2424 2.2576 3.5408 3.8132 4.9531 4.8385 5.7822 5.4032 2.8018 3.6979 2.7852 3.1584 2.8141 2.3859 2.9147 3.9298
4.8008 4.7645 2.7758 1.2940 1.6946 2.1373 2.8536 4.2554 4.5245 4.6593 4.7737 4.6071 2.9896 5.0572 3.9158 3.2499 2.6172 1.5528 3.9801 3.5161
3.4493 3.6367 2.3286 2.5841 2.7703 2.0573 2.2383 4.6981 4.7212 4.3593 3.8347 3.9349 3.3143 4.7975 4.4700 4.0261 4.3010 4.1436 4.5609 5.3031
2.8580 2.9527 2.4083 1.5512 2.4942 0.7584 6.1602 5.1115 5.4289 4.8263 3.9629 3.6990 3.2960 5.2572 4.2527 4.2210 4.4851 3.5581 3.1499 1.5793
2.5668 3.1737 1.4439 1.8771 0.0183 5.9921 6.0383 5.7884 4.8481 4.9179 3.8767 2.8878 3.6688 4.5694 5.0555 4.2494 2.9725 1.0307 1.4890 1.0156
2.6678 2.5959 2.0751 1.9915 0.7241 1.4646 5.5847 0.1572 5.2413 5.0161 4.4348 3.4578 3.6942 4.1233 3.5565 3.2098 3.0936 2.3265 1.3113 0.0389
2.1363 2.7351 1.8358 2.2693 1.9500 6.1169 5.7389 5.7985 5.8392 5.7119 4.4417 3.6331 3.4893 4.4408 2.6152 3.7448 4.1145 4.4842 4.0745 1.1071
2.3246 1.9723 2.5394 3.6476 3.0008 5.0583 5.5391 5.8008 4.6051 6.0541 5.4435 4.0029 3.7697 2.3090 2.2052 2.3834 2.4626 4.0727 3.8870 3.2154
2.7063 3.3737 2.2791 2.7463 2.6079 4.6703 5.9202 0.0024 5.2590 5.2725 5.0141 5.3144 3.8486 3.1149 4.1872 2.7581 3.1724 3.3354 4.1828 3.8031
