5.0068 5.8126 1.5239 0.8865 5.6106 0.6450 2.9447 5.9071 5.5388 1.4163 4.6207 5.0277 3.4619 4.4493 4.7678 5.0129 4.9461 3.5735 3.7508 2.9712
0.3536 0.1017 0.1337 0.4912 0.7041 1.3413 3.3547 3.8760 6.0719 1.1685 0.5929 5.6125 4.1086 4.0180 4.3399 3.3071 3.1907 2.9312 3.4476 3.0742
0.7165 6.0618 0.4691 0.7430 5.8541 3.2886 4.7491 0.2503 5.5835 5.8080 0.1642 5.0560 4.9037 5.0328 4.3044 4.0724 3.2660 1.8418 2.9858 1.1085
1.3806 1.9434 0.0704 0.4157 0.3504 5.5956 0.0595 6.0798 5.5514 0.5410 0.3341 5.0258 4.4993 3.5954 2.9387 3.0106 2.3690 3.0447 3.3154 1.7119
2.4021 2.6982 2.1695 1.7280 0.9674 1.4145 0.8286 0.2807 0.1690 0.4147 6.0071 5.6953 4.6500 4.1958 2.9124 2.1104 1.8177 1.5589 3.0534 2.9086
1.8832 4.9366 2.3939 0.9396 0.1284 0.2685 0.1484 0.6109 0.5233 0.0911 0.5540 6.1641 5.2742 3.9679 3.7142 2.7103 2.1276 2.5670 2.3419 2.6732
1.2568 0.5908 1.6395 0.1326 0.0619 0.2659 0.1877 1.5797 0.3635 0.0206 0.1292 6.1779 4.7513 3.4871 2.2178 2.7389 2.0278 2.4402 2.7098 2.9409
1.2641 0.3142 0.7156 0.5740 0.6499 5.1844 5.6587 2.6684 4.7003 1.2168 5.7154 0.1225 5.3884 3.2645 3.8462 3.0333 3.4214 1.3709 2.5246 2.6071
0.9746 5.9816 0.9546 1.0127 2.6511 4.3645 3.9565 3.0866 3.0186 0.7233 6.2486 0.5979 5.8876 5.2920 1.2828 2.3297 0.9946 2.2602 2.7021 2.4752
6.0836 0.3584 0.7348 0.7002 4.9957 3.4831 3.7224 2.6929 2.7349 0.3902 5.5270 5.5810 0.9447 6.0312 0.8578 0.7410 0.1577 1.6585 2.3593 1.4565
0.5995 0.4282 0.1021 2.6038 2.3165 3.7403 3.4323 2.4096 0.5913 0.2411 6.2640 0.5833 6.1114 5.2588 0.7896 0.2964 1.4042 2.4481 2.4659 1.7039
2.6883 2.9701 2.0637 2.5583 2.6925 3.8217 4.1209 6.0555 1.1336 0.7229 5.5266 0.4026 1.2529 0.5423 6.2212 5.6516 5.9250 2.5327 3.4298 2.6309
2.2785 1.1478 1.5683 2.9502 3.0173 5.8373 5.9907 5.9303 6.0093 5.8662 3.5231 4.5778 1.0010 6.0477 0.5233 5.9419 4.7087 2.1709 2.6664 0.8444
1.3074 1.6905 1.2508 3.5115 2.3377 1.9743 5.3641 4.4769 5.3115 3.5257 3.7845 4.6492 1.7418 5.7143 6.0372 5.0666 1.4685 2.9027 1.6845 2.0719
1.0893 1.3074 1.2828 1.8775 2.7216 3.2069 4.8886 5.2450 5.1614 4.6713 0.6683 3.7859 3.2998 4.5689 5.1760 6.1152 1.4355 2.0879 2.0398 1.4190
2.0183 1.3679 1.7148 1.9090 2.9351 2.7880 4.3171 5.2674 3.7346 5.0972 5.7738 5.1058 3.1728 3.4293 4.6720 4.5555 3.6868 3.3977 3.5841 3.5408
2.0665 1.4620 2.0171 0.5979 1.2853 4.9004 0.2114 4.6893 6.2715 5.3727 5.8577 5.5963 4.5342 3.6898 1.6158 2.2628 2.3907 2.3804 2.9163 2.8725
3.4723 1.1978 1.4604 4.9352 4.7655 5.4601 1.4422 0.4402 0.0587 6.1083 4.2123 5.9265 1.7941 3.3749 2.1282 3.9409 1.2484 3.2477 2.3418 4.2745
2.9848 3.4534 0.5895 0.0796 5.2862 0.4017 0.2293 1.1333 1.0953 6.2432 5.8986 5.9151 1.6426 2.9149 4.8957 4.0768 3.6036 3.6614 3.1357 4.0962
4.4925 6.0009 0.7184 0.5381 0.6385 6.1835 5.6885 3.9745 5.3491 5.4308 5.0883 3.8372 3.7631 3.7285 3.5899 4.3952 3.9304 4.0323 2.9459 2.9059
