3.5069 3.4252 4.2452 2.1887 3.3009 2.8222 2.2066 2.0491 2.3827 4.7185 2.8426 0.6377 0.4104 1.8795 0.4154 0.8819 2.1306 4.2630 3.6103 3.2033
3.9121 3.7818 4.3035 4.0679 2.8964 2.6405 2.0882 1.7038 2.8530 2.7213 5.2753 5.5485 0.7320 2.2882 1.4629 0.9160 0.1358 4.9559 3.1908 2.5598
3.8176 2.7081 3.9212 3.7628 3.1627 3.2731 1.1068 1.3439 2.9929 2.9465 1.0645 0.4611 1.1940 1.3909 1.2137 1.4510 6.0168 3.4517 3.8008 2.0621
3.9206 3.8548 4.5352 2.5601 3.4750 2.5293 1.7557 0.8180 1.9229 1.5237 1.3903 0.0124 1.0830 0.7939 0.8462 5.9425 3.9803 3.8469 4.2103 2.7883
4.2261 3.7708 4.1222 2.7817 4.0129 3.1664 2.4632 0.9586 1.8924 1.6137 1.7379 1.7777 0.3971 0.7151 0.6740 0.0007 4.9639 4.9021 4.2009 4.5129
3.4020 2.9216 2.5252 3.9717 4.1264 3.4064 2.7489 1.7432 1.5659 1.0947 1.7084 2.7373 1.1438 0.8974 0.1271 0.9445 2.7020 3.2795 4.3169 3.0310
3.8883 3.6303 3.9207 5.0752 4.8246 5.0097 4.0155 2.6964 2.2711 1.5404 1.8383 2.2291 1.3413 0.6217 0.4199 0.1164 4.5900 4.3533 3.7681 4.3052
4.3011 3.3971 2.8095 5.2106 4.8615 5.2916 3.9605 3.0148 2.2605 1.0838 1.3618 2.2033 0.2615 6.2735 4.8316 5.6993 4.7866 4.2906 5.4986 1.9888
5.0895 4.3814 4.8655 5.0833 5.1839 5.9962 5.2205 0.5642 3.0316 1.5606 1.7573 1.9283 1.2424 6.2575 5.7602 5.2987 4.6539 5.7645 5.2850 4.8815
5.3277 5.4577 5.5917 5.1080 4.8569 2.3795 0.5802 0.9065 2.1098 4.2976 0.9225 5.5765 5.9448 0.8173 5.4640 4.5399 5.2512 0.1034 5.4061 5.4421
5.8415 5.7183 4.9939 5.8145 6.0600 5.6544 0.6458 0.8736 2.3604 5.0079 1.9832 1.0892 1.4793 0.2027 5.6534 4.6662 4.3013 6.1104 5.4711 6.2278
0.0954 0.9524 5.8607 0.1131 1.3529 6.2288 0.3822 0.8902 1.5471 5.5415 0.6004 0.3857 0.4426 0.2507 5.9162 5.2427 4.9744 6.1676 5.4019 0.1859
0.6462 0.3342 0.6882 5.8647 1.0247 0.4603 0.7269 0.8252 0.1176 6.1377 1.6211 1.1262 5.4417 5.8935 5.1269 4.0139 4.1462 5.3782 5.1275 5.6634
1.2613 0.6132 1.8002 0.3512 0.6968 1.8711 6.2090 5.9516 5.2110 5.8884 0.2949 5.6787 5.1669 5.4295 5.6014 4.0864 4.0562 4.9300 4.5368 0.2430
0.2002 2.0089 2.0862 1.3370 1.0392 2.3824 1.9942 1.1167 0.9302 1.5162 0.8585 3.2901 3.9387 5.1596 4.0323 4.5336 4.3224 3.8462 3.5755 4.4475
5.0777 3.1268 4.5667 0.5359 1.9239 2.9699 2.6774 2.6631 0.9470 0.7048 1.4592 1.4686 3.6268 3.7372 4.6757 5.3647 3.5145 1.9703 2.5726 4.5628
5.3921 5.7487 4.9303 5.4788 5.5054 3.2189 3.4168 3.0033 5.3508 5.9845 5.9013 3.7227 3.3234 3.7119 3.8020 4.7148 2.1698 2.2065 3.5696 3.7610
4.8963 4.7324 4.5691 3.8865 6.1648 0.9551 1.1794 3.9482 5.9504 5.2309 5.8020 4.7734 3.3029 2.9105 4.3447 3.8302 3.4836 3.2656 2.2091 3.7489
3.6076 4.7969 4.7349 3.1824 5.2321 1.9524 1.8756 0.0656 6.1228 6.1274 0.1954 3.4201 2.9180 5.4535 4.5703 4.0871 3.7605 4.2749 3.8360 3.0810
2.9310 1.6290 3.8992 3.5090 3.0990 2.9955 1.8618 1.3173 0.9558 5.7659 5.9799 1.1184 2.5672 4.4956 3.8384 4.5645 4.2530 4.2469 4.0132 2.0046
