1.6692 2.8866 2.6057 5.9307 3.1873 2.2111 2.3159 2.1069 0.9805 1.4203 5.8207 0.1711 1.4598 6.1519 0.6581 1.5326 2.2299 2.1924 2.1664 2.4036
2.6454 2.2924 2.0963 0.8882 3.1709 3.5911 1.9947 1.2670 4.9675 5.2575 4.7739 5.3301 0.6553 6.0173 1.7781 3.0102 1.9056 1.5619 1.2061 1.8615
2.8279 2.1377 3.3999 2.2240 1.6829 1.9852 0.6342 0.5396 5.4855 1.1170 0.6816 6.0316 0.4826 0.6626 2.1621 1.3832 0.8727 1.6702 2.2616 1.6635
3.8289 3.6686 2.6614 0.7150 0.6463 1.6906 0.5060 1.0757 0.1243 0.9699 1.3101 0.6052 1.0346 0.1744 2.5316 0.9697 2.1561 1.6308 2.1834 3.3004
3.6208 4.6853 4.0232 3.5305 1.9505 1.1262 0.9822 0.3409 0.4093 0.5914 0.3104 0.9039 6.2494 0.0608 0.1757 0.3562 1.1349 3.5967 2.9860 3.7416
3.9614 4.5126 4.0806 2.8558 1.4847 1.4365 6.2409 1.3883 1.5860 1.5975 0.5403 0.1222 5.9056 2.7860 4.2980 4.4551 5.1432 3.1776 3.5365 3.7057
3.3190 3.9142 3.7752 4.9512 4.7432 5.3307 6.2260 6.1686 0.8519 5.2116 1.4269 1.2297 5.6651 6.2726 0.4375 5.4887 5.2223 3.6640 3.4027 3.4660
3.4945 4.6336 3.4943 4.5437 6.1757 1.7924 0.4806 5.6383 5.1312 4.3157 1.5567 1.5903 5.0390 0.1445 0.4534 5.7330 0.0549 4.3398 2.9305 4.0342
3.7975 4.6764 3.4762 3.7616 3.3214 2.0076 2.4169 3.5615 3.2665 2.8348 1.6508 0.4993 5.4455 5.5836 0.2774 6.1499 0.3334 6.2194 3.5631 4.2632
5.1486 4.0045 3.3762 3.8628 4.0910 3.1159 2.5317 4.3999 2.7668 2.5767 0.7278 0.5858 6.0248 0.3350 0.9067 0.2095 0.9015 5.9256 5.8876 5.1767
5.1569 4.9181 4.3172 5.7257 4.2492 4.1483 4.3136 1.7230 1.2044 1.6824 0.9113 0.8215 0.4360 0.3145 5.1551 6.1716 5.8990 0.3439 0.8188 5.8204
5.1839 5.1862 5.1307 5.5053 4.3157 3.4771 4.6292 6.1700 0.4870 1.9480 1.4982 0.8273 0.4903 0.0378 4.3325 6.1673 6.1106 0.0145 0.9987 0.3471
5.9136 4.4739 4.5941 5.1534 3.3025 3.9758 0.1641 1.3272 1.6758 2.6520 5.2761 6.2832 5.8631 6.0906 6.1684 0.2614 0.3230 5.9697 0.4286 5.2629
5.4082 3.6287 3.9452 3.7342 3.3421 2.3885 2.3769 1.5215 2.3006 3.3815 4.0237 2.0585 2.4744 0.5880 5.9701 0.1334 6.2518 0.8002 0.3092 0.6593
0.0007 1.5931 2.5098 2.0132 1.6572 3.2804 2.4875 1.8224 1.6839 2.3372 3.9464 4.1573 3.0903 5.7218 5.5565 0.4713 5.8958 0.2646 6.2189 0.4519
1.1375 1.2996 2.0912 2.6282 1.4342 0.3070 1.1295 2.5117 1.2350 2.7012 2.2875 3.1820 4.8321 5.4281 5.9378 4.3580 5.3957 0.0246 6.1218 0.0968
1.3435 2.6704 2.5973 2.6316 1.8964 3.9648 1.9364 2.2974 2.6041 3.9390 4.6134 5.6074 5.5238 5.9263 5.7124 5.7618 5.4621 5.9169 0.1720 4.2506
2.4116 1.5929 0.9912 3.3375 3.2411 3.3209 1.5737 3.8045 3.0105 2.2997 2.2806 5.5936 0.0858 5.6756 5.6117 6.1976 0.4891 0.2456 4.3535 6.0621
1.9076 2.7685 1.3968 0.9489 1.9609 3.8987 2.5141 3.4676 2.7524 1.4631 1.5481 1.1114 1.3332 0.9934 0.6824 0.2314 5.6180 5.2462 3.0169 2.8934
2.4239 2.1443 1.3199 1.4002 2.6933 4.2368 2.7851 2.6496 2.6896 1.8693 1.4795 1.4089 2.1186 1.1901 0.8966 0.7819 4.4910 4.3024 2.7315 3.2247
