5.7541 5.4220 4.3348 2.6701 2.7330 2.9047 2.4532 3.4268 3.4990 0.4389 0.8301 1.0433 2.4538 3.2182 3.7380 3.2170 2.5361 2.8238 5.2033 0.4825
5.4486 6.0772 6.1983 6.1494 3.4143 4.1894 1.1927 4.3465 3.2887 1.8319 1.3870 2.4315 0.5211 3.3320 2.2788 2.2242 1.7092 1.8513 1.1450 1.2266
0.6424 6.2787 5.8954 0.0207 2.3061 2.7042 4.0441 0.3295 1.7038 1.4224 1.7089 2.7859 2.9941 2.9923 2.7477 1.1465 1.9647 1.7952 1.1915 0.8066
0.5899 0.4162 6.1069 5.9869 2.0150 2.5612 6.1480 0.0075 1.4441 1.3162 0.6185 1.9809 3.1890 3.0572 2.6029 1.6116 6.2048 0.9823 0.7749 0.4784
1.0104 6.0522 4.3958 4.5307 2.0204 3.8968 2.5935 3.6049 3.8857 1.0969 1.1525 1.7942 2.1587 2.3376 2.3445 0.4181 1.2999 1.2173 0.9950 0.9067
6.1504 4.9085 5.1572 3.5047 2.9771 3.2756 2.7025 2.9354 3.1410 2.1969 2.2554 1.9205 2.6726 1.1579 5.8401 1.1621 2.4345 2.5625 1.2291 0.6197
2.0289 4.9328 4.9012 3.8641 3.4871 2.2787 3.6826 3.0961 3.9425 4.1138 3.9019 3.2311 1.6542 1.0330 0.9115 0.6437 1.5669 2.3317 1.9838 3.3419
4.2349 4.6272 5.2977 3.3945 3.1227 2.4195 2.9787 3.3186 2.7085 3.7788 3.6039 4.3159 1.0226 1.7658 1.0301 1.1832 1.6086 2.2799 2.0361 3.1786
5.0104 5.6259 3.7716 4.2923 3.2020 4.0393 3.0045 1.7324 3.8309 5.0383 3.9985 0.3666 0.5697 0.1129 1.7232 2.1400 2.1817 2.2853 2.2570 4.8714
5.1684 2.0913 2.4647 6.0974 5.2628 4.2589 4.9607 2.1358 1.5906 4.5885 0.9555 0.0771 5.6770 5.9205 4.7174 4.1293 4.0050 3.1169 3.4802 4.1571
5.1651 4.5618 5.1488 5.7413 6.1009 5.6549 6.2035 0.0777 0.5251 5.2966 1.4211 5.4183 5.1957 4.0852 3.7875 4.2478 3.5308 3.9115 4.7868 5.3481
5.3827 5.6759 5.8400 5.6599 5.5647 5.9277 0.1182 0.5916 1.0607 0.5114 0.6080 5.6894 4.8136 3.9024 4.8548 4.4551 4.8640 4.2720 5.8354 4.8928
2.1557 2.0912 0.5369 6.2367 0.5264 1.6517 0.2170 1.4637 1.1252 0.5494 0.2350 0.5162 5.2915 2.2217 5.5580 5.7210 5.3007 3.0280 3.6469 2.5181
3.6000 4.4778 0.7217 0.7866 6.2201 4.1799 0.9061 6.2817 5.8471 6.2712 0.9963 1.7841 5.4410 2.5145 5.3834 5.1845 5.1103 3.7676 3.7388 2.3364
2.7343 5.7823 0.6591 3.0817 4.4790 2.6585 2.1720 5.6286 5.1157 1.7607 1.4499 0.9178 5.0413 2.7648 5.3837 4.8921 4.9327 6.2260 2.5536 1.7565
0.3186 0.2940 0.3064 3.5454 3.8422 2.6287 2.2603 3.3030 3.3747 2.4497 2.2578 2.3508 4.4525 4.3596 4.2195 3.1753 4.8628 0.2828 0.7967 1.7931
0.5323 5.7255 3.0035 3.5342 3.1179 3.7261 3.4942 3.9545 3.4207 2.5595 2.1255 2.8875 5.1750 4.5553 4.9690 0.2547 6.2143 0.4479 0.5824 0.4050
5.1802 4.8926 3.2349 3.5456 3.2555 3.2542 2.4585 2.7102 2.0813 2.2174 2.1738 2.4115 1.7765 4.4361 5.9860 5.7380 6.0752 0.7566 0.5324 1.3956
5.3348 0.3588 4.2814 4.0022 2.4248 2.8270 2.1356 2.4435 1.8573 2.0305 1.8861 3.0835 2.1975 5.7403 6.1424 1.1659 1.1453 0.3059 0.4924 0.7010
6.1986 0.2251 5.0203 5.0833 2.1334 2.2684 1.4584 2.7433 2.0168 3.2741 1.3097 2.9257 2.1282 1.6063 3.7583 3.4090 3.1727 2.3851 1.0136 0.2688
