5.5041 3.1652 4.1865 4.5095 4.4043 2.1803 1.3686 2.8216 3.3460 3.8672 4.2238 4.5462 4.3890 0.0541 4.9703 3.0670 3.7671 3.6034 3.5626 4.8967
4.7771 5.8867 4.8594 4.5103 2.8257 3.2025 6.2343 4.3440 3.9760 4.8491 3.9039 4.3871 3.8093 5.8304 4.7114 4.6972 4.0106 3.6211 4.0695 5.2240
0.3000 5.3145 2.5439 5.3270 3.6321 2.5966 0.4098 5.5010 5.3348 3.1605 4.6642 4.7729 4.1289 3.8403 3.9631 4.8904 5.5019 5.1681 4.8669 5.4117
6.0206 5.4726 3.9781 4.0708 4.5911 0.0345 0.2601 0.0047 6.1735 1.2069 5.5787 5.0248 5.6233 5.5208 0.7255 5.4407 4.2966 4.7123 5.4628 5.1786
5.8034 6.2702 0.8466 4.2965 4.1712 5.7925 5.4311 5.8745 1.0511 1.3408 6.1159 0.8417 1.2391 0.8865 1.0587 3.8388 3.8757 3.9031 4.2426 5.1762
0.8316 6.2455 2.5869 3.8665 4.0565 4.8664 5.1406 6.0511 6.1225 0.0440 0.5006 1.1627 1.5352 1.2413 0.8449 1.5781 5.7969 4.2251 3.6261 3.3234
0.5942 5.4272 4.2648 4.2548 2.9698 3.0704 5.8633 5.3185 5.9918 0.8122 0.7722 1.2934 0.5956 1.5929 1.3440 2.2957 5.3334 3.8650 1.7246 1.9708
3.5647 3.3100 3.6880 2.7390 2.8299 3.8584 4.5898 4.7437 5.6302 1.5047 1.2218 2.2878 1.8084 1.5686 0.2902 0.3635 5.3334 5.7467 3.4598 3.2402
4.2894 3.7716 2.7988 2.9052 2.2858 2.9412 3.0228 4.5664 4.9084 3.1120 2.3089 1.5586 1.3441 0.4666 6.0370 5.7606 5.0777 4.9733 4.8835 4.7891
4.0914 3.8652 3.9466 3.8724 3.3690 3.4135 3.0503 4.4021 6.0215 2.0107 2.5765 1.0490 6.0843 6.0213 5.7750 0.1995 4.4824 5.5850 5.6843 3.3413
1.5827 2.8741 1.9187 3.2633 4.1182 3.2726 1.1220 5.0370 4.3547 1.9800 1.6926 0.9343 0.2615 0.5847 5.5153 0.4360 0.0146 0.7046 6.1130 1.6127
1.3627 2.2667 2.4738 2.4344 2.3058 2.3691 1.3265 5.1737 6.0943 0.9244 2.3261 4.1220 4.1343 5.4475 4.0571 4.1224 5.8902 6.1283 0.6124 0.3734
5.9440 0.6368 2.2248 2.5713 2.3698 1.6772 0.7072 5.9105 0.0313 5.5534 1.0506 0.1009 1.7735 3.1241 3.6183 3.8178 6.2712 5.8481 5.6164 5.7264
6.0022 5.7361 4.7732 3.4079 2.2655 2.7051 6.2124 5.2542 4.4390 1.4459 1.8451 1.1853 1.5450 2.4291 5.0096 4.0943 6.0731 0.5728 4.8968 6.1603
4.8963 5.1835 4.3997 5.0026 3.7073 2.4407 2.3876 0.6356 3.1488 2.1533 1.8351 1.8373 0.0099 0.5878 4.8678 0.6205 5.4431 5.0515 4.7736 4.9247
5.3070 6.1464 5.3308 4.1715 2.8799 6.2707 5.0652 5.3433 0.3454 6.0951 0.2223 0.6591 0.8485 1.2251 4.9738 3.9867 3.9636 4.7645 0.0989 5.0907
0.1928 4.6564 4.6333 3.3469 3.0565 3.0281 4.5442 5.1022 5.3146 5.4951 0.7634 1.4260 2.2898 6.2497 5.5967 5.5743 4.3785 5.7584 5.0805 5.9621
0.0902 4.5566 4.4635 4.2112 3.6438 3.1933 4.9226 5.0550 4.5227 4.6613 5.8335 6.0127 0.3614 6.2237 5.1308 1.1382 3.5330 5.2152 4.8616 0.3566
1.9892 3.6393 3.6226 3.8189 3.9166 3.6309 3.8641 4.6787 3.4280 3.6366 3.6254 4.3976 6.0059 0.4433 5.4232 2.5824 3.0587 4.5994 2.6969 2.2104
3.6416 2.3651 2.7950 4.4443 4.5655 4.5630 2.1634 3.5519 3.1344 3.3156 4.1324 3.9107 0.7582 5.5991 4.3864 3.3639 4.0107 3.7847 2.5214 3.2674
