3.3799 4.3597 3.8422 3.4760 3.4598 2.7280 5.3042 0.1134 0.8064 0.3496 5.8370 3.1601 3.1080 1.7598 0.0932 0.8681 1.8535 2.8564 4.1077 3.6228
3.7891 4.2596 3.4835 4.1806 3.0668 3.5547 0.0937 1.0618 1.2387 0.7243 0.7079 1.3779 2.6822 1.9954 4.3354 4.6669 1.6293 3.2417 4.8267 3.9113
3.4186 3.9564 5.7334 4.1660 2.9060 2.6930 1.4906 0.9738 0.8779 0.5017 0.9960 0.8552 1.2716 1.9116 4.7839 4.0789 4.2624 4.0370 5.0000 5.2721
1.1250 6.0480 5.1166 5.4662 3.1494 1.5603 0.5335 1.0689 1.0574 1.8920 1.5410 2.0478 1.2180 1.1903 4.8718 4.8712 4.2736 4.9974 5.9886 0.4387
1.6956 0.1457 5.4257 5.3790 2.0820 0.4963 0.5441 1.8060 1.7612 1.2330 5.7596 2.3080 4.0516 0.5171 6.1851 5.2289 4.7250 3.4739 4.6951 5.6374
3.8085 5.2136 6.0177 0.0499 0.7741 0.1602 1.4472 1.7309 2.2959 2.0214 2.6850 2.8293 2.0893 0.1635 0.9919 5.2152 4.3270 4.9349 4.9853 4.7490
4.9569 5.1163 5.3025 3.8189 0.3636 0.5746 0.4279 0.6750 1.7035 1.4713 2.7120 3.2955 4.8226 5.7826 0.5526 0.1322 5.1579 5.9607 4.6366 4.7788
4.4923 4.4441 4.4954 4.6426 5.9954 1.4331 6.1008 6.1201 2.2131 2.4870 2.1662 0.9836 0.2506 0.6909 1.0301 1.4998 0.0830 4.6877 4.9942 4.5739
3.1134 2.6684 3.3111 4.9570 0.4772 1.9636 1.1625 0.5221 1.3351 1.2404 1.4805 0.4934 0.1393 0.5754 2.4897 1.6714 3.3654 6.2726 4.4097 4.1451
3.9119 2.2268 2.6221 3.7808 1.3226 1.8748 1.7355 0.6861 1.4304 2.5657 2.1517 0.4169 0.4152 0.5577 4.0590 5.7486 4.4533 5.1246 5.1744 4.8387
2.3562 2.6199 3.4653 3.8606 5.4937 5.5549 0.2453 1.3489 2.5644 2.5157 2.7841 1.1920 2.5195 4.3515 4.4260 4.9060 4.7797 4.7580 2.3834 2.0632
3.1652 2.2974 2.0506 5.7170 5.1973 4.8702 1.3997 1.5483 3.5860 4.0599 2.9995 4.0007 3.4977 3.6571 4.8481 3.1683 2.3785 4.1602 1.3369 2.0571
1.8458 1.6414 1.1262 0.3141 4.9840 3.8519 3.9534 3.8811 3.7119 3.7771 3.6620 4.1044 3.6792 4.4554 5.3159 5.8646 2.0936 2.2497 1.9613 0.5020
1.7446 0.2936 0.7108 3.1874 4.4041 4.2819 3.7277 3.2016 3.3651 3.6483 4.1764 3.7477 4.5316 4.7689 5.2057 1.4643 2.9740 3.1968 1.5307 0.7154
6.1919 6.0458 6.2094 3.9446 3.8134 4.4185 4.1555 3.9370 3.3830 4.5164 4.0175 3.7989 4.4833 4.6364 4.0741 2.2498 2.3100 3.1858 1.9309 0.9888
0.2759 5.2728 4.5156 4.3161 3.4264 4.3991 6.1368 4.8495 3.4257 4.4366 3.6725 3.6482 3.2300 4.1412 3.8789 2.2498 2.0085 3.4834 3.0305 0.6691
0.6920 0.2101 4.4317 4.4196 4.1083 4.2191 3.6989 4.0941 4.6200 3.5457 3.4278 3.9383 3.7718 3.3550 3.5417 3.1570 3.2703 3.6527 3.7235 5.8238
2.3603 4.1220 3.7620 4.0023 4.4511 3.1896 2.2900 2.9887 3.9574 4.2622 4.5578 3.0455 3.4928 2.4817 2.4940 2.6038 3.0979 0.1301 0.3535 6.2432
1.9714 3.8519 4.0181 4.3338 3.5985 4.4840 4.3577 4.6817 4.1470 4.6844 3.9114 2.4603 3.6040 3.3298 3.3534 1.7182 5.8805 6.0725 5.9010 5.4778
2.7730 2.2138 3.6216 3.7171 2.9648 3.2582 5.4039 6.0330 4.7057 5.8294 5.2349 3.6214 3.5834 2.1243 0.6154 0.8392 0.8157 5.4675 4.9473 2.9513
