1.1298 0.8410 5.9852 0.4431 0.2989 0.4362 6.0960 5.2014 5.7695 5.2779 0.2243 0.6654 0.4561 6.0531 0.4782 1.3159 0.0515 0.7347 0.7790 1.0557
0.2653 0.4932 0.4113 0.5282 0.9888 5.3446 5.7602 5.1076 5.7526 5.6078 0.1282 1.0034 1.1074 0.4719 0.8039 1.4751 0.2461 0.9412 6.1462 1.3853
6.1124 0.1264 0.7336 0.7349 0.7320 0.5490 5.0559 5.3149 3.5392 3.0512 3.9780 1.7045 1.7002 0.4079 1.0169 5.0710 1.7185 1.0563 6.0232 5.6907
5.2398 3.6042 0.2901 1.8660 5.8448 5.5623 5.1999 5.4857 4.3565 4.1984 4.5004 3.4909 2.3446 2.0090 0.5423 6.2633 0.8334 6.1928 3.8785 4.9484
5.6150 4.0403 5.1586 4.2362 4.8328 4.7117 4.2391 4.8135 4.6278 4.3032 3.9410 2.6859 0.1381 0.1364 5.0308 5.9355 4.4794 4.6451 4.3014 5.4068
5.0957 2.6317 5.6405 4.9395 5.1675 4.6477 4.7791 4.8346 3.5710 4.5729 5.6588 6.1476 0.5524 5.0701 5.4151 1.3422 5.1746 4.2208 4.4644 3.8127
3.5972 3.9902 4.7573 5.0905 4.7244 3.9928 5.2691 5.1993 4.2971 4.0098 5.0712 5.3322 1.0476 4.2856 4.6850 0.4215 5.1396 4.4741 3.5414 2.8619
5.5583 4.9910 5.5275 5.1049 4.5514 4.8051 5.7862 6.0271 0.3841 6.2818 5.6658 1.1691 0.8620 5.3979 6.0759 4.8440 3.5254 4.5131 3.9086 2.8244
6.1839 0.9768 0.5707 6.1001 5.5037 4.0569 6.0782 6.1166 6.0049 0.0045 5.5479 0.9204 5.3127 5.5538 5.6353 5.0041 5.1968 3.7584 3.5064 2.3112
1.3965 0.4792 5.9669 5.5893 5.2488 4.1966 2.4304 2.1015 1.8337 1.5215 5.2395 2.3782 5.4205 5.5690 4.5029 4.1154 4.7031 4.8532 5.8982 0.1203
1.3447 5.6318 5.8810 5.6876 4.7350 4.1297 2.9344 2.7497 3.1498 3.0248 2.2787 2.3612 3.3239 4.1124 3.9328 0.2651 5.2315 5.6843 0.1190 1.4417
5.7110 6.1350 5.2196 5.7923 5.1131 4.0332 4.3889 5.1270 2.6223 2.7615 2.4386 3.1430 4.4432 4.7025 2.7576 5.1273 4.3826 4.8734 4.6662 0.1734
0.1748 3.7194 4.2712 6.0382 5.9913 5.5341 5.1821 5.4051 4.6165 4.6360 3.4273 4.2127 4.4108 3.6644 3.1700 3.0351 4.2143 5.4634 4.1123 5.1342
2.9893 3.5197 3.6492 5.0281 5.3306 5.3248 5.1852 5.0245 5.3884 5.0539 4.0078 5.5674 4.2622 3.4452 3.0125 3.5831 2.9753 4.5991 3.8044 3.9402
3.1065 3.0421 3.6653 5.0908 4.3059 5.4895 5.3461 4.7070 5.0128 5.2577 5.5670 5.2444 0.2850 0.0225 2.5095 2.1754 3.6108 4.5018 4.3502 3.1565
3.1054 3.6293 3.8053 4.0188 5.2223 4.8727 5.1337 4.7314 5.9566 4.6067 5.6022 6.1799 0.1283 1.0664 2.9737 1.8994 1.9703 0.3783 5.5439 4.9555
0.2689 5.3903 3.8963 4.1456 4.9961 6.1077 5.2963 5.4923 5.4108 6.1537 5.4737 5.2962 5.7463 1.4970 2.3742 1.4575 1.2115 6.0752 5.9509 0.2282
0.8023 6.1921 0.9755 5.6298 0.2150 5.1057 5.5776 5.6268 5.7693 5.7060 0.6888 5.8842 6.2648 0.1432 5.4666 5.8599 0.0086 0.8322 0.3343 0.3841
0.5194 6.0312 5.9265 0.3120 6.0962 0.2591 6.0127 0.1043 5.7744 0.5233 1.3254 6.1799 5.9197 0.6146 5.7072 6.1653 0.7175 0.7593 0.0043 0.6369
0.6201 1.1218 0.6043 0.5017 0.0958 1.1182 0.1792 6.2794 0.1144 0.8562 5.9889 0.2928 0.3747 0.9629 6.0441 0.2163 0.6180 1.0383 1.1571 0.7443
