0 5
0 6
0 7
0 14
0 15
0 16
0 17
0 18
0 19
0 20
0 21
0 22
0 23
0 24
0 25
0 26
0 27
0 28
0 30
0 35
0 42
0 47
1 5
1 6
1 7
1 11
1 12
1 14
1 16
1 17
1 19
1 20
1 21
1 23
1 24
1 25
1 26
1 27
1 28
1 29
1 30
1 32
1 37
1 47
1 49
2 3
2 4
2 5
2 6
2 7
2 8
2 9
2 10
2 11
2 12
2 16
2 17
2 19
2 20
2 24
2 25
2 26
2 27
2 28
2 29
2 30
2 31
2 32
2 33
2 34
2 35
2 36
2 41
2 43
2 46
3 2
3 3
3 4
3 5
3 6
3 7
3 8
3 10
3 11
3 20
3 23
3 24
3 25
3 26
3 27
3 28
3 29
3 30
3 31
3 32
3 33
3 34
4 4
4 5
4 6
4 7
4 8
4 9
4 10
4 23
4 24
4 25
4 26
4 27
4 29
4 30
4 34
4 35
4 39
4 44
4 45
5 1
5 2
5 3
5 4
5 5
5 6
5 7
5 9
5 13
5 14
5 22
5 23
5 24
5 25
5 26
5 27
5 28
5 29
5 30
5 31
5 32
5 33
5 34
5 35
5 36
5 39
5 40
5 45
5 46
6 3
6 4
6 5
6 6
6 7
6 8
6 9
6 10
6 13
6 21
6 22
6 23
6 24
6 25
6 26
6 27
6 28
6 29
6 30
6 31
6 32
6 33
6 34
6 35
6 36
6 38
6 39
6 40
6 41
6 42
6 43
6 44
6 45
6 46
6 47
7 0
7 4
7 5
7 6
7 7
7 9
7 10
7 11
7 12
7 13
7 21
7 22
7 23
7 24
7 27
7 28
7 29
7 31
7 34
7 35
7 36
7 39
7 40
7 41
7 42
7 43
7 44
7 45
7 46
7 47
8 0
8 2
8 4
8 5
8 6
8 8
8 11
8 13
8 14
8 16
8 17
8 19
8 21
8 22
8 23
8 24
8 25
8 26
8 27
8 28
8 29
8 34
8 35
8 36
8 37
8 38
8 39
8 40
8 41
8 42
8 43
8 44
8 45
8 46
8 47
9 0
9 1
9 2
9 4
9 5
9 6
9 7
9 10
9 11
9 12
9 17
9 19
9 21
9 23
9 24
9 28
9 31
9 33
9 34
9 36
9 39
9 40
9 41
9 42
9 43
9 44
9 45
10 0
10 1
10 2
10 3
10 4
10 5
10 7
10 8
10 9
10 10
10 11
10 12
10 13
10 14
10 16
10 17
10 18
10 19
10 23
10 24
10 25
10 26
10 28
10 30
10 31
10 32
10 33
10 34
10 35
10 36
10 37
10 38
10 39
10 42
10 43
10 44
10 46
10 48
10 49
11 0
11 1
11 2
11 3
11 4
11 7
11 11
11 12
11 13
11 14
11 15
11 16
11 17
11 18
11 20
11 21
11 22
11 24
11 25
11 29
11 30
11 31
11 32
11 33
11 34
11 35
11 36
11 37
11 38
11 42
11 43
11 45
11 46
11 47
11 48
11 49
12 1
12 2
12 3
12 7
12 11
12 12
12 13
12 14
12 15
12 16
12 18
12 20
12 21
12 22
12 23
12 24
12 25
12 26
12 29
12 30
12 32
12 33
12 34
12 36
12 37
12 38
12 39
12 42
13 0
13 1
13 2
13 3
13 6
13 7
13 8
13 10
13 11
13 12
13 13
13 18
13 19
13 20
13 23
13 24
13 25
13 26
13 29
13 30
13 31
13 32
13 33
13 34
13 35
13 36
13 37
13 38
13 39
13 42
14 0
14 1
14 3
14 4
14 5
14 6
14 7
14 8
14 9
14 10
14 11
14 12
14 15
14 19
14 20
14 21
14 22
14 23
14 24
14 25
14 26
14 28
14 29
14 30
14 31
14 32
14 33
14 34
14 35
14 36
14 37
14 38
14 39
14 40
14 44
14 45
14 49
15 0
15 1
15 5
15 6
15 8
15 9
15 10
15 19
15 20
15 21
15 22
15 23
15 24
15 25
15 26
15 27
15 28
15 29
15 30
15 31
15 32
15 33
15 34
15 35
15 36
15 37
15 38
15 39
15 46
15 47
15 48
15 49
16 0
16 1
16 5
16 6
16 7
16 8
16 9
16 10
16 11
16 21
16 22
16 23
16 24
16 25
16 26
16 27
16 29
16 30
16 31
16 32
16 33
16 34
16 35
16 36
16 37
16 38
16 45
16 46
16 47
16 48
16 49
17 0
17 5
17 9
17 10
17 11
17 20
17 21
17 22
17 23
17 24
17 25
17 26
17 27
17 28
17 29
17 30
17 31
17 32
17 33
17 34
17 35
17 43
17 44
17 45
17 46
17 47
17 48
18 4
18 5
18 6
18 11
18 14
18 16
18 18
18 19
18 20
18 21
18 22
18 23
18 24
18 25
18 27
18 28
18 29
18 30
18 31
18 32
18 33
18 34
18 35
18 36
18 43
18 45
18 46
18 47
18 48
18 49
19 6
19 11
19 14
19 15
19 16
19 17
19 18
19 19
19 20
19 21
19 23
19 24
19 25
19 26
19 27
19 28
19 29
19 30
19 31
19 32
19 33
19 34
19 39
19 40
19 46
19 47
19 49
20 0
20 1
20 2
20 3
20 11
20 12
20 13
20 14
20 15
20 16
20 17
20 18
20 19
20 20
20 21
20 22
20 23
20 24
20 25
20 26
20 27
20 28
20 29
20 31
20 32
20 33
20 34
20 36
20 37
20 44
20 46
20 47
20 49
21 0
21 1
21 9
21 12
21 13
21 14
21 15
21 16
21 17
21 18
21 19
21 20
21 21
21 22
21 23
21 24
21 25
21 26
21 27
21 28
21 29
21 32
21 33
21 34
21 35
21 36
21 37
21 47
21 49
22 16
22 17
22 18
22 19
22 20
22 21
22 22
22 23
22 24
22 25
22 26
22 27
22 28
22 29
22 30
22 31
22 32
22 33
22 34
22 35
22 36
22 37
22 38
23 4
23 5
23 7
23 15
23 16
23 17
23 18
23 19
23 20
23 21
23 22
23 23
23 24
23 25
23 26
23 27
23 28
23 29
23 30
23 31
23 32
23 33
23 34
23 35
23 36
23 37
23 38
23 39
23 41
24 0
24 3
24 4
24 5
24 6
24 7
24 11
24 15
24 16
24 17
24 18
24 19
24 20
24 21
24 22
24 23
24 24
24 25
24 26
24 27
24 28
24 29
24 30
24 31
24 32
24 33
24 34
24 35
24 36
24 37
24 38
24 39
24 48
24 49
25 0
25 1
25 3
25 4
25 5
25 6
25 7
25 11
25 14
25 16
25 17
25 18
25 19
25 20
25 21
25 22
25 23
25 24
25 25
25 26
25 27
25 28
25 29
25 30
25 31
25 33
25 34
25 35
25 38
25 48
25 49
26 0
26 1
26 2
26 3
26 5
26 6
26 7
26 14
26 15
26 22
26 23
26 24
26 25
26 26
26 27
26 28
26 29
26 30
26 31
26 33
26 41
26 48
26 49
27 2
27 5
27 6
27 15
27 16
27 17
27 21
27 24
27 25
27 29
27 30
27 31
27 32
27 33
27 35
27 36
27 40
27 48
28 5
28 6
28 11
28 13
28 14
28 15
28 24
28 25
28 26
28 30
28 31
28 32
28 40
29 9
29 14
29 17
29 18
29 19
29 23
29 24
29 25
29 26
29 27
29 29
29 30
29 31
29 37
29 38
29 39
29 40
29 41
30 8
30 9
30 19
30 20
30 21
30 22
30 23
30 24
30 25
30 26
30 27
30 28
30 29
30 30
30 31
30 32
30 38
30 39
30 40
30 41
30 42
31 4
31 7
31 8
31 9
31 19
31 20
31 22
31 23
31 25
31 26
31 27
31 28
31 29
31 30
31 31
31 32
31 38
31 40
31 41
31 44
32 1
32 17
32 21
32 22
32 23
32 26
32 29
32 30
32 31
32 32
32 38
32 39
32 40
32 41
32 47
32 48
33 5
33 6
33 7
33 20
33 21
33 22
33 23
33 24
33 25
33 26
33 27
33 28
33 30
33 31
33 32
33 33
33 34
33 41
33 44
33 45
33 46
33 47
34 9
34 20
34 21
34 22
34 23
34 24
34 25
34 26
34 27
34 28
34 29
34 30
34 31
34 33
34 34
34 35
34 36
34 37
34 45
34 46
34 47
34 48
35 2
35 9
35 10
35 17
35 18
35 19
35 20
35 21
35 23
35 24
35 25
35 26
35 27
35 28
35 30
35 31
35 34
35 37
35 40
35 45
35 46
35 47
35 48
36 1
36 2
36 9
36 10
36 17
36 18
36 19
36 20
36 21
36 22
36 23
36 24
36 25
36 26
36 27
36 28
36 29
36 31
36 32
36 33
36 40
36 45
36 48
37 1
37 2
37 4
37 8
37 20
37 21
37 23
37 24
37 25
37 26
37 27
37 28
37 32
37 33
37 34
37 35
37 40
37 48
38 3
38 4
38 5
38 20
38 23
38 24
38 25
38 26
38 27
38 32
38 33
38 35
38 40
38 42
38 43
38 44
38 46
38 47
39 4
39 12
39 13
39 19
39 24
39 25
39 26
39 27
39 30
39 31
39 32
39 33
39 35
39 36
39 39
39 40
39 43
39 44
39 47
40 19
40 25
40 26
40 27
40 28
40 29
40 30
40 33
40 34
40 35
40 36
40 37
40 38
40 39
40 40
40 43
40 44
40 45
41 11
41 12
41 18
41 19
41 24
41 25
41 26
41 27
41 28
41 32
41 36
41 39
41 40
41 41
41 42
41 43
41 44
41 45
41 49
42 0
42 3
42 4
42 11
42 12
42 24
42 25
42 27
42 28
42 32
42 34
42 35
42 36
42 37
42 38
42 41
42 42
42 43
42 44
42 45
42 46
43 0
43 1
43 2
43 3
43 4
43 5
43 8
43 9
43 10
43 11
43 22
43 23
43 25
43 27
43 28
43 29
43 33
43 34
43 35
43 36
43 37
43 38
43 39
43 42
43 43
43 44
43 47
43 48
43 49
44 0
44 1
44 2
44 3
44 5
44 6
44 7
44 8
44 9
44 10
44 11
44 12
44 20
44 21
44 22
44 23
44 24
44 25
44 26
44 28
44 29
44 33
44 35
44 36
44 37
44 38
44 39
44 40
44 41
44 42
44 44
44 45
44 49
45 0
45 1
45 2
45 3
45 4
45 5
45 6
45 7
45 8
45 10
45 11
45 13
45 19
45 20
45 21
45 22
45 23
45 24
45 25
45 26
45 27
45 28
45 29
45 30
45 31
45 32
45 33
45 34
45 35
45 37
45 38
45 39
45 40
45 41
45 42
45 43
45 46
46 0
46 1
46 2
46 3
46 4
46 5
46 6
46 7
46 8
46 9
46 15
46 19
46 20
46 21
46 22
46 23
46 24
46 25
46 26
46 28
46 29
46 30
46 31
46 32
46 33
46 34
46 35
46 36
46 37
46 38
46 39
46 40
46 41
46 46
46 49
47 0
47 1
47 2
47 3
47 4
47 5
47 6
47 7
47 8
47 15
47 18
47 19
47 20
47 21
47 22
47 23
47 24
47 25
47 28
47 29
47 32
47 33
47 34
47 35
47 36
47 37
47 40
47 41
47 42
47 48
47 49
48 0
48 1
48 3
48 4
48 13
48 14
48 18
48 19
48 20
48 21
48 22
48 24
48 25
48 26
48 27
48 28
48 29
48 30
48 33
48 34
48 35
48 47
48 48
48 49
49 0
49 4
49 5
49 6
49 7
49 8
49 12
49 17
49 18
49 19
49 20
49 21
49 22
49 23
49 24
49 25
49 26
49 27
49 28
49 37
49 38
49 42
49 47
49 49
