4.6545 5.8830 5.9129 6.2735 0.4837 0.6427 0.7928 0.4019 0.3546 0.7306 0.5082 0.4724 0.2957 6.2044 6.0181 5.6399 5.0032 5.0824 4.7704 4.4139
5.1438 5.2170 5.3807 6.1722 6.2623 6.2126 0.4132 0.4823 0.0874 0.6647 0.2198 0.0985 6.1120 5.9688 5.8268 5.1794 4.8836 4.9368 5.1129 5.1150
5.5228 5.1724 5.3184 5.9550 0.0017 6.1547 0.1115 0.3516 0.3709 0.7219 6.0983 6.2207 5.5577 5.6161 5.6944 5.1394 4.9978 4.9415 5.2651 5.6716
5.4165 5.1232 5.1813 5.1546 5.8795 6.1634 0.0438 0.4115 0.2613 0.3318 6.2187 5.7073 5.6444 5.5415 5.1150 5.0263 5.0460 4.7705 5.4663 5.4860
4.7745 4.6514 4.8079 4.7007 5.4999 5.6227 5.7402 6.0788 5.9656 5.9922 5.9220 5.4665 5.6247 5.9816 5.4331 5.4858 5.0282 5.0908 5.1901 5.1374
4.9878 4.9304 4.8486 4.6803 4.9334 5.4087 5.6074 6.1292 5.7380 6.0940 6.0138 5.5584 5.3396 4.9573 5.1921 5.0848 5.0743 4.6818 4.7375 5.0701
4.0964 4.2460 4.7207 4.4940 5.3315 5.2223 5.3968 5.4238 5.1144 5.1343 5.2923 5.2582 5.1067 5.0233 4.7068 5.1607 4.3331 4.7897 5.0723 4.4273
4.3338 4.3512 5.1162 4.2380 4.5295 4.9103 4.9709 4.9876 4.7036 4.8330 4.8827 4.8003 4.5462 4.7681 4.3729 4.7083 4.8714 4.7867 5.1333 4.6491
4.4794 4.4528 4.8933 4.7123 4.8664 4.4267 4.6850 5.1332 4.4945 4.3397 4.8578 5.1423 5.0423 4.0432 4.1734 4.2773 4.5958 4.7673 5.0355 4.9998
5.0671 4.7850 4.7249 5.0292 4.7611 4.7342 5.1093 4.6696 4.2836 4.1461 4.6791 4.3809 4.4635 3.7444 3.8827 4.1430 4.2578 4.5921 5.0347 5.0551
5.5547 4.9644 4.9710 5.0286 4.9327 4.5558 3.9419 4.1026 4.3477 4.0274 4.1010 3.7206 3.8471 3.6678 3.4838 3.6994 4.1882 4.6793 5.1317 5.6318
5.7976 5.5724 5.3637 5.2253 5.3400 4.8514 3.8653 3.8800 4.1077 3.8601 3.9456 3.5389 3.6646 3.3042 3.2302 2.7132 2.3036 0.0004 5.8875 6.0661
6.2524 6.2595 0.0003 5.8167 5.8450 4.9119 4.1882 3.6244 3.5336 3.5636 3.5655 3.8024 3.6444 3.2619 3.1588 2.0623 1.5542 0.6428 0.1573 6.2366
0.3960 0.5856 0.6218 0.5516 0.8791 1.9978 2.6816 2.7405 3.3753 3.8266 3.6731 3.6320 3.5947 3.4586 4.0163 0.8303 1.0401 0.8298 0.3250 0.4019
0.6852 0.9008 1.2811 0.8675 1.4079 1.8166 2.5169 2.4254 2.5997 2.9254 3.1918 3.4939 3.2533 3.9501 5.1067 6.0646 0.3175 0.5006 0.4960 0.7838
0.8440 1.3032 1.4155 1.6018 1.9519 2.0734 2.2726 2.6636 2.3702 2.6666 2.5114 2.8277 2.9214 5.0114 5.3396 6.1438 0.0052 6.2285 0.2040 0.6340
0.9168 1.4316 1.9453 1.6910 1.9916 1.8534 2.0884 2.1489 1.9127 2.3492 1.7211 2.1933 1.5950 0.0622 6.1590 6.1133 6.1950 0.1293 0.1311 0.7620
1.8841 1.9540 1.8189 1.6625 1.4979 1.8000 2.0426 1.6038 1.9886 1.4908 1.5325 1.7711 1.1734 0.2042 5.9385 6.2680 5.6636 6.1558 0.0026 1.5758
2.4971 2.1188 1.2606 0.9711 1.1291 1.4729 1.4052 1.4393 1.0247 1.1435 1.2077 0.9268 0.9637 0.2728 0.0013 6.1169 5.6868 5.0222 4.6624 3.6528
2.8744 1.4493 0.6199 0.4114 0.5358 0.6901 1.2066 1.3247 1.1234 0.9001 0.9593 0.5660 0.4859 0.0604 0.1023 5.8280 5.1656 5.2129 4.7280 4.1959
