0.1388 0.1448 6.1913 0.0546 5.9040 6.0088 5.5154 5.0111 5.2955 5.5142 5.2282 5.5694 5.3086 5.6584 6.2432 5.8416 6.0462 0.0391 0.3527 0.2588
0.0482 0.0312 0.4830 0.4188 0.0806 6.1108 5.5931 5.1222 4.7316 4.6422 5.0719 5.2297 5.2330 5.2023 5.3970 4.9556 5.4559 5.5103 5.6729 5.7831
5.8068 6.1828 0.2842 0.6741 6.2480 6.0356 5.1884 3.8819 4.3848 4.9081 4.7425 5.0394 4.8892 5.0634 4.6482 5.0800 5.1179 4.6111 5.0051 5.2936
4.9639 0.3394 0.6827 1.2570 1.3437 2.0939 3.8814 3.8541 4.0092 4.3356 4.3318 4.5687 4.9654 4.6461 4.3452 4.7675 4.7019 4.6953 5.1284 4.7522
3.9816 1.7719 1.1490 1.4002 1.7802 2.3497 3.0669 3.6602 3.7557 3.6908 3.8813 4.2348 4.3985 4.3778 4.1721 4.4992 4.4281 4.2911 4.3737 4.4995
3.4636 2.4405 1.9420 1.9780 2.2405 2.3090 2.7852 2.9357 3.8134 3.8059 3.9409 4.0545 4.2666 4.4822 4.4778 4.4769 4.1495 4.3348 4.4225 4.0652
3.7432 3.0074 2.3062 2.2261 2.2310 2.0229 2.4058 2.8459 3.0753 4.1922 3.9591 4.1972 3.6262 3.7722 4.0968 3.9722 4.0227 4.1052 4.1202 4.0686
2.8743 2.8901 2.2625 2.1942 2.3325 2.4699 2.6717 2.9973 3.3859 4.0760 3.5709 3.7346 3.1941 3.4900 3.8572 3.6576 3.9919 3.9958 3.5016 3.3866
2.5908 2.4803 2.2608 1.9521 1.9349 2.1916 2.2736 2.7439 3.1204 3.2489 3.7350 3.5274 3.1181 3.3593 3.2195 3.5277 3.6127 3.8291 3.5792 2.9852
2.1075 1.8997 1.9229 1.7930 1.4923 1.7988 2.1360 2.9266 2.9971 3.2210 3.3761 3.4568 2.9291 2.7495 2.8968 2.6893 3.1201 2.7839 2.8270 2.5689
1.8607 1.5845 1.4217 1.2831 1.0995 1.4826 1.9339 2.9096 2.9690 3.4140 3.5781 3.0178 2.7086 2.7626 2.7271 2.5363 2.3570 2.4665 2.3732 2.3667
1.7180 1.7331 1.2852 0.8464 1.0933 1.2913 1.9307 3.3356 3.5036 3.6932 3.8693 3.5346 2.9212 2.5687 2.3424 2.3893 2.0190 1.9326 1.6410 1.8235
1.2907 0.8852 0.6963 0.8642 0.9368 0.7395 1.1543 4.8661 4.0932 4.2023 3.7945 3.7274 3.1466 2.0657 2.1677 1.9285 1.6632 1.9262 1.8990 1.4687
0.9647 1.2033 0.8063 0.2402 0.6198 0.3209 0.1379 4.9394 4.6999 4.6334 4.3645 4.5853 5.1331 0.7766 1.0739 1.2175 1.5466 1.8461 1.3169 0.9540
1.1249 1.0158 0.6129 0.3011 0.3401 0.0713 5.9415 5.3524 5.4791 4.9253 4.9397 5.1661 5.9732 0.4308 0.9723 0.7289 1.0566 1.0155 0.7564 0.7949
0.7721 0.8075 0.3767 0.0654 6.1489 5.9784 6.0200 5.7163 5.5525 5.5897 5.3951 5.4971 6.2336 6.0598 0.5002 0.8870 0.8381 0.9844 0.9092 0.6973
0.5217 0.4350 0.3363 0.1824 6.1786 6.2801 5.7153 6.0405 6.1629 5.6778 5.7152 5.9945 6.1968 6.2815 0.4297 0.5640 0.7054 0.5469 0.5248 0.7914
0.6028 0.9138 0.6494 0.5154 0.2720 6.0848 5.5194 5.6555 5.4514 5.5924 5.7720 5.5314 5.8990 6.1899 6.2085 0.4622 0.8041 1.1419 1.1261 0.6469
0.7071 0.5671 0.7102 0.3663 0.1259 6.0895 5.6765 5.3316 5.3743 5.2303 5.5808 5.7845 5.9834 6.1750 0.1141 0.2096 0.5760 1.1301 0.7266 0.9344
0.3897 0.3794 0.2150 0.1197 6.1142 5.8081 5.4946 5.3649 5.3837 5.6502 5.8109 5.8945 6.0127 6.0412 6.2196 6.2593 0.0472 0.6251 0.4361 0.9499
