5.1998 5.2381 5.2567 4.6243 4.8062 4.4695 4.4368 4.4461 4.1998 4.2924 3.9808 3.6425 3.0562 2.8594 3.2721 4.0853 4.1695 4.7153 5.0489 5.2827
5.2357 5.3400 5.3084 5.2780 4.7088 4.7737 4.8640 4.5409 4.5050 4.5198 4.0837 4.1761 2.8479 2.6694 3.2778 4.6821 4.7431 5.1360 5.1649 5.0439
5.4431 5.2973 5.4051 5.7637 5.4877 5.2843 5.1490 5.0984 5.1296 5.0399 5.3632 0.4637 1.2937 1.4071 0.4078 5.6824 5.7116 5.3751 5.0615 5.0863
5.7296 5.7433 5.2946 5.5349 5.7244 5.5637 5.6710 5.4654 5.4161 5.3197 5.8535 0.3614 1.2178 0.9409 0.4228 5.6636 5.3634 5.2832 5.4868 5.5213
5.8579 5.8400 5.4393 5.8102 6.1149 6.0058 5.3801 5.5952 5.6120 5.5354 5.7339 0.4039 0.6297 0.7188 0.3796 0.1167 6.0419 5.9572 5.9304 5.6896
0.0033 0.0885 5.9773 5.8361 5.9507 5.9484 6.0654 5.5575 5.7076 6.0948 0.3789 0.4529 0.3264 0.4886 0.1667 0.3661 6.2674 6.2482 0.2178 6.1138
0.1109 0.0520 5.8828 6.0183 5.6950 5.8202 6.0424 5.9189 5.6920 5.7609 0.1965 0.6353 0.2616 0.3783 0.6255 0.7096 0.5692 0.5999 0.3705 0.4141
0.1197 5.8856 5.8247 5.9648 5.9795 5.2943 5.5777 5.7332 5.9367 6.0188 6.2606 0.4524 0.3611 0.3064 0.6719 1.0458 0.9765 0.4795 0.7529 0.2799
6.2383 5.9344 5.9446 5.5917 5.2970 5.2229 5.7840 5.7831 5.8612 5.8486 5.7779 0.5132 0.5756 0.6391 1.4121 1.2876 1.1785 0.7810 1.0960 0.3771
0.3186 0.3087 5.8971 5.4555 5.5564 5.6602 5.6028 5.9941 6.0130 5.6706 6.1806 0.1209 0.7000 1.2443 1.1863 1.4931 1.3067 1.6068 1.5390 0.7616
0.0480 5.7193 5.5771 5.8650 5.2646 5.4301 5.6886 6.1359 6.1690 6.1325 0.0527 0.4697 1.0901 1.2239 1.1538 1.4437 1.3376 1.2333 1.4396 1.2891
5.4892 5.1119 5.6446 5.6934 5.5878 5.7166 5.4602 6.1495 6.1580 5.8418 0.0107 0.5317 1.2276 1.4288 1.7111 1.5737 2.1115 1.5684 1.9291 1.1839
4.4463 4.5905 5.0978 5.0926 5.3921 5.6844 5.1197 5.4414 6.1866 5.8472 5.4447 6.0548 1.4682 2.4280 2.3957 1.9148 2.3626 2.3492 2.6301 3.2486
4.4660 4.7621 4.9578 4.8675 5.1670 5.4337 5.4252 5.3397 5.2178 5.1215 5.0011 4.5571 2.3084 2.2363 2.7297 2.9506 2.7423 2.9104 3.5165 3.8775
4.7124 4.6996 4.6363 4.7928 5.0414 5.1003 5.0673 5.1480 4.7921 4.8317 4.2311 4.0116 3.2381 2.9464 3.3955 3.2434 3.0664 2.8798 3.6412 4.2687
4.2180 4.7321 4.6357 4.5264 4.9848 4.7680 4.6819 4.8382 4.7321 4.8706 4.7602 4.2076 3.4260 3.0621 3.6811 3.2650 3.2236 3.0646 3.8699 4.1816
4.3172 4.4785 4.8505 5.0134 4.6291 4.3548 4.5946 4.3642 4.4252 4.7243 4.2567 4.0375 3.7302 3.4767 3.5986 3.8563 3.9246 4.0911 3.9748 4.2547
4.5317 4.6473 4.7121 4.4492 4.6612 4.2954 4.0689 4.3521 4.2203 4.4097 4.5605 3.9552 3.2609 3.7240 3.6319 3.6060 3.8769 4.4649 4.1621 4.5824
4.6261 4.6264 4.6713 4.1672 4.6273 4.5735 3.8592 4.2187 4.0906 3.8647 4.2661 3.4369 3.3019 3.5034 3.8538 4.1678 4.2755 4.6560 4.5694 4.5987
5.0821 4.9938 4.8419 4.4974 4.4888 4.4027 4.3624 4.2667 4.2540 4.1096 3.9830 3.5350 2.9597 3.0067 3.7028 4.1763 4.3700 4.4552 4.8378 4.9410
