4.0039 3.8954 4.7569 5.1990 5.2238 5.2414 5.5247 5.4007 5.5670 5.8225 6.0054 5.9771 5.9061 5.9633 5.5992 5.4815 5.2782 5.3014 4.4486 3.9623
3.8315 4.0982 4.6349 5.0253 5.0560 5.2793 5.2420 5.5954 5.8668 5.8345 5.9288 5.7620 5.7099 5.2897 5.4620 5.4079 5.1855 5.0131 4.4610 3.8716
3.9660 4.0082 4.0727 4.6687 4.5604 4.9616 5.3171 5.3543 5.8231 5.0918 5.2774 5.4953 5.1699 5.3647 5.0715 5.1116 5.4171 4.6815 4.1368 3.8900
4.2115 3.9263 3.8874 4.2755 4.3082 5.1588 5.3671 5.1794 5.5244 4.8757 5.2589 4.9126 4.6279 4.7934 4.7544 4.9346 4.4011 4.2924 4.0835 3.8616
3.3819 3.6114 3.6024 4.2132 4.5751 4.7668 4.5826 4.9587 5.2650 4.9188 5.2427 4.9016 4.5174 4.3885 4.6317 4.4810 4.1956 3.7820 3.5596 3.4403
3.2514 3.6064 3.6804 3.6387 4.2033 4.8515 5.1442 5.5238 5.3476 5.2281 5.6220 4.7680 4.3657 4.1527 4.5013 4.4596 3.8234 3.5536 3.6281 3.0888
2.9212 3.1005 3.3669 3.7129 3.9198 5.2116 6.1128 5.9320 5.8482 5.7849 5.8740 4.2409 4.0610 3.7415 3.7972 3.9287 4.1767 4.0380 4.0019 3.4068
2.7971 2.8463 2.2779 2.0572 1.3732 6.1287 0.0008 0.2114 0.2530 0.2923 0.7458 3.1517 3.6256 3.6117 3.4889 3.7968 3.6572 3.5847 3.2877 3.3110
2.7535 2.4801 2.3400 2.1075 1.2669 0.5599 0.3398 0.2132 0.6973 0.3523 1.0770 2.1725 3.2823 3.2518 3.3746 3.2366 3.3346 2.9826 3.2911 2.9795
2.5429 2.0631 1.8841 1.3379 0.7559 0.5730 0.6741 0.3728 0.9330 1.1947 1.5422 1.5716 2.9124 2.8350 2.8918 2.6153 2.8181 2.7721 2.8978 2.5374
2.1430 1.7110 1.3133 1.1587 0.6261 0.3235 0.9781 0.8145 1.0097 1.1055 1.5176 1.7106 2.3228 2.5572 2.2877 2.6186 2.5952 2.4498 2.6752 2.4798
2.0443 1.4374 1.4222 0.8161 0.5273 0.4106 0.8699 0.4507 0.9676 1.1160 1.3568 1.2576 1.4615 2.1746 2.2854 2.0817 1.5743 1.8547 1.7944 1.9210
2.1944 1.7968 1.3444 0.9751 1.2733 0.4120 0.8609 1.0090 1.4219 1.4735 1.2789 1.0731 1.2976 2.4356 2.1498 1.8732 1.5219 1.4494 1.5407 1.6883
2.0826 2.0151 1.3875 1.1005 0.2361 0.3984 0.3592 0.5642 1.2810 1.1672 0.9154 0.8765 1.1650 1.4552 1.4630 1.4118 1.4634 1.4007 1.7867 1.6942
1.7626 1.3715 1.3030 0.9329 0.3149 0.0767 0.3135 0.2245 0.6745 0.9620 0.1797 0.9479 0.9899 1.0101 1.1687 1.6790 1.6457 1.5571 1.3940 1.6854
1.6566 1.2799 0.8061 0.5199 0.3095 6.1664 0.0791 6.2376 0.0385 0.3313 0.1592 0.5563 0.7693 1.0875 1.0944 1.4082 1.9457 1.6587 1.5591 1.6281
1.9504 1.2611 0.6703 6.0153 5.9257 5.8727 6.2770 6.2328 0.2240 0.4492 0.5115 0.4885 0.5068 1.0579 1.2454 1.2009 1.2159 1.6112 1.3593 2.1348
2.4589 3.4950 4.9936 5.3655 5.3632 5.5259 5.6927 5.7884 0.2056 0.1301 0.2279 0.4964 0.5846 0.2757 0.7841 0.6526 0.4421 1.1722 1.7858 2.4223
3.6174 3.7071 4.5877 5.0006 5.2981 5.4333 5.5395 5.4272 6.2431 0.0698 0.1831 0.5945 0.4141 0.2536 0.2267 0.3977 0.4455 1.0050 2.3968 2.7460
4.1542 4.2906 4.5481 5.2931 5.3730 5.6525 5.4120 5.2460 5.8344 5.7147 0.1092 0.1915 0.0506 6.0945 5.9773 6.0687 6.0050 6.0655 3.2508 3.4804
