3.8744 3.8227 3.2366 3.3390 3.4474 2.7790 2.9098 2.8420 2.6492 2.3003 2.3413 2.6154 2.9692 3.1131 3.4515 3.1004 2.9905 3.3900 3.7770 3.8442
3.5647 3.8136 3.5907 3.3982 2.9347 2.9451 2.6505 2.5564 2.3845 2.1670 2.3838 2.6811 2.8510 2.8054 2.7307 2.8610 2.8759 3.0975 3.4391 3.5436
3.5045 3.6723 3.2556 2.8351 2.9907 3.1499 3.0623 2.4452 2.2052 2.3603 2.3087 2.4982 2.5273 3.0253 2.6144 2.5138 2.6126 3.2690 3.1696 3.3863
3.4066 3.1834 2.9772 2.3628 2.3683 2.4764 2.6242 2.5578 1.9281 2.2154 2.0060 2.3220 2.1443 2.6640 2.9350 2.7185 2.5174 2.9381 3.5137 3.5807
3.5736 2.9302 3.2080 2.9565 2.3717 2.1916 2.2378 2.3621 2.4934 2.2641 1.7348 1.6539 1.6856 2.1091 2.4830 2.8115 2.3229 2.9789 3.3640 3.2589
3.1862 3.1669 3.2796 2.8581 2.7845 2.6230 2.5914 2.6529 2.2157 2.1776 2.2924 1.7248 1.5021 1.9467 2.4286 2.4290 2.5653 2.5443 3.1290 2.9179
3.0469 2.8082 2.5694 2.7739 2.6438 2.5210 2.3123 2.6647 2.3092 2.3267 2.0411 1.8360 1.7806 1.8901 1.8088 2.2126 2.4627 2.5713 2.9110 3.2787
3.1836 3.1648 2.7712 2.5405 2.4199 2.5460 2.4719 2.5103 2.0924 1.9713 2.1384 1.4575 1.7909 1.4329 1.4481 1.9963 1.7596 2.1238 3.0769 3.0312
3.4375 2.6478 2.5526 2.4868 2.4513 2.4337 2.6279 2.8007 2.0184 2.0395 1.7838 1.4074 1.4031 1.2354 1.6057 1.6048 1.6386 1.8377 2.5512 2.7896
2.7306 2.5947 2.1519 2.3406 2.7825 2.3536 2.5834 2.0659 2.1056 1.9892 1.8865 1.6055 1.5780 1.3301 1.3007 1.2791 1.5153 2.1497 2.0083 2.8502
2.6435 2.6502 2.5817 2.4470 2.7965 2.5994 2.3113 2.0617 1.6817 1.7109 1.3191 1.0792 1.5228 0.8253 0.7183 1.1195 1.4806 2.1256 2.3899 2.8938
2.7784 2.6838 2.4019 2.7788 2.5282 2.6558 2.1543 2.2041 1.6373 1.7921 1.1621 0.7953 1.1134 0.6728 0.5104 0.0082 1.4829 3.0408 2.9635 3.0000
2.8343 2.5697 2.6627 2.9148 2.3743 2.5277 2.4465 2.2043 2.3048 1.9614 1.4719 0.6107 1.0060 0.5302 0.1024 5.6733 4.8417 3.9752 3.4548 3.6389
3.1730 2.6517 2.6524 2.9161 2.6432 2.5372 2.3696 2.4555 2.1886 2.0486 1.5860 1.0396 0.5572 6.2001 5.8299 5.2655 4.5858 4.5295 3.8953 3.2711
3.2665 3.1170 2.6937 2.7923 2.5624 2.9283 2.6807 2.3411 2.3122 1.9890 1.7592 0.8392 0.7039 0.3239 5.6884 4.9516 4.5785 4.6443 4.1436 3.6786
3.2766 3.4962 3.0666 3.0859 3.0527 3.2006 3.0769 2.7833 2.4902 1.9970 1.7586 1.4439 0.9308 5.7409 5.2493 5.1413 4.3090 4.6430 3.7538 3.7223
3.7852 3.5088 2.9811 3.3838 2.9790 3.1182 3.1485 2.9734 2.2219 2.3028 2.0350 1.9890 2.4081 3.9123 4.3791 4.5525 4.4470 4.3611 4.0425 4.0485
3.6144 3.5017 3.4183 3.1962 3.2506 3.2554 3.1799 2.9756 2.7057 2.5793 2.4700 2.2742 3.1561 3.4129 4.1468 4.0993 4.3805 4.1202 3.7540 3.9060
4.2865 4.0666 3.3762 3.3839 3.2438 3.4064 2.9801 2.7541 2.4779 2.5501 2.7181 2.7548 3.1908 3.3588 3.6956 3.7248 3.7787 3.6864 3.8744 3.9494
4.1596 3.9610 3.9958 3.0049 3.1848 2.8956 3.1514 2.8668 2.3583 2.2979 2.3128 2.7377 3.0450 3.4286 3.4252 3.4598 3.6291 3.9150 3.7266 3.6224
