0.9501 0.6786 0.8634 0.5579 1.1729 1.4055 1.7133 2.1269 2.7008 3.0754 3.2497 4.0613 4.5305 4.7667 5.9258 6.2493 0.1630 0.4465 0.6313 0.8986
0.7094 0.6064 0.8622 1.0582 1.4907 1.8631 2.1015 2.3023 2.4344 3.0776 3.1690 3.5503 4.5245 5.1511 5.6207 5.9232 0.0733 0.5011 0.8734 1.0360
1.2198 1.2012 1.2991 1.2397 1.7790 2.0673 2.0917 2.7330 2.5077 2.4625 3.2739 3.8137 4.4887 5.0426 5.8995 5.9802 0.2789 0.6340 1.5717 1.2277
1.0934 1.2258 1.6065 1.6902 2.1864 2.4095 2.3839 2.4614 2.6937 2.9626 3.3481 3.4440 4.0417 4.1940 5.0622 0.0546 0.5140 0.4922 1.0317 1.4176
1.2108 1.2627 1.4987 1.9525 2.0065 2.4006 2.3813 2.4218 2.8587 3.1756 3.5066 3.5286 3.6803 3.4181 3.4901 2.2980 1.4296 1.3183 1.3090 1.6148
1.6222 1.8642 1.6010 2.2650 1.9934 2.0251 2.3165 2.6885 2.9528 3.2329 3.4618 3.4864 3.2043 2.8623 2.9140 2.4414 1.7071 1.6777 1.8631 1.5864
1.9523 1.9559 2.3662 2.3931 2.0038 2.1923 2.5338 2.6259 2.6444 2.9692 2.9294 3.5407 3.2194 2.7695 2.5099 2.3485 1.4790 2.0189 2.1232 1.9360
2.3062 2.3145 2.5993 2.5849 2.5394 2.5752 2.4100 3.0410 2.4640 2.8378 3.1232 3.2122 2.9369 3.0934 2.7189 2.2631 2.3598 2.1856 2.2950 2.3618
2.5876 2.4591 2.1282 2.4146 3.1337 3.1282 2.7489 2.4286 2.5198 2.9923 2.6850 3.1072 3.0197 3.4546 2.9361 2.7583 2.7074 2.4611 2.4753 2.3308
2.3293 2.6841 2.9142 2.6020 2.7546 3.0236 2.8566 2.7929 3.0946 3.2221 2.8056 3.3094 3.1452 2.8812 2.8589 3.0699 2.6777 2.4516 2.2311 1.8564
2.5904 2.7588 2.8815 2.7286 2.5936 2.9871 2.6404 2.7783 2.9825 3.0493 3.0997 2.6097 2.9852 2.9798 2.9638 2.7138 2.4625 2.4961 2.4721 2.3057
2.5545 3.1669 2.8229 3.0955 2.8941 3.1767 3.1227 3.0128 2.7073 2.8595 3.0120 2.6856 2.5882 2.4279 2.3235 2.3913 2.4361 2.8247 2.6375 2.1897
1.9936 2.7763 3.0362 3.1673 3.0339 2.8847 2.7726 2.4831 2.3757 2.7278 2.7234 2.8700 2.3910 2.2629 1.9769 2.3960 2.4484 2.5382 2.1614 2.5520
2.0216 2.1399 2.4199 2.1545 2.5731 2.6120 2.4370 2.2813 2.4652 2.4483 2.3698 3.1241 3.0648 2.7187 2.6772 2.4348 2.2349 2.5509 2.5345 2.4934
2.0200 1.5106 2.1609 2.6530 2.7518 2.6678 2.2683 2.4477 2.7555 2.7453 2.5176 2.9656 2.8320 2.5048 2.4461 2.3434 1.9578 1.8001 1.9517 2.0912
1.4280 1.5094 1.4263 1.9146 2.5373 2.5514 2.0384 2.1986 2.7195 2.7880 3.2316 3.1625 2.8766 2.8488 2.0404 1.8234 1.5965 1.8619 1.6900 1.5717
1.5046 1.8354 1.4911 1.5301 1.6993 1.9649 1.9601 2.3211 2.2105 2.5781 2.7694 3.3262 3.1594 3.0093 2.0555 1.8500 1.7711 2.1794 2.1670 1.8240
1.5332 1.8871 1.3937 1.4857 1.6254 1.5958 2.3171 2.4091 2.7461 2.7032 3.1236 3.3436 3.0730 2.6957 1.7637 1.6073 1.1954 1.6264 1.4846 1.2963
1.1581 1.3034 1.0044 1.4795 1.4611 1.7753 2.3809 2.4390 2.5772 2.9978 2.4981 3.2336 3.5450 3.0101 1.3542 0.9554 0.6225 1.1150 1.1366 1.4305
1.0252 1.0027 0.7077 1.0188 1.0876 1.2532 2.1788 2.3140 2.2596 2.4879 2.8252 3.2628 4.1655 4.3996 5.7403 0.3382 0.7523 0.8406 0.8474 1.2015
