0.0799 6.1877 0.4399 0.4919 0.2484 0.5935 0.3539 0.6846 0.4010 0.3544 0.3496 6.1907 0.2399 6.2107 5.8595 5.7220 5.7255 5.9987 5.5845 5.6771
0.1738 0.5385 0.7895 0.7071 0.8230 0.9473 0.7398 0.9957 1.2490 0.8732 0.8879 0.4908 0.4491 0.2289 6.0193 5.8500 5.8760 5.8076 6.0896 0.0603
0.5778 1.0104 1.1497 0.8191 1.2063 1.3602 1.1302 1.1277 1.2994 1.1512 0.9079 0.9678 0.5751 0.3962 0.0801 6.0045 6.0094 0.2069 0.1317 0.3283
0.9059 1.3187 1.5643 1.6636 1.5253 1.6393 1.4474 1.6566 1.4852 0.9688 0.8094 1.0643 0.3673 0.6383 0.2050 5.7282 5.7396 6.0652 0.2154 0.8736
1.5095 2.1200 2.0629 2.3572 2.1299 1.6033 1.5618 1.3655 1.6876 1.3244 0.8728 0.9785 0.8079 0.5787 5.6379 5.6769 5.5340 5.7756 5.7851 1.3572
2.5374 2.4306 2.5635 2.7062 2.5815 2.1446 1.7849 1.5884 1.8886 1.4751 1.2964 1.0651 0.6602 0.2816 5.4672 5.2900 4.9873 4.9293 4.5085 3.7511
2.4149 3.1404 2.9946 2.4969 2.3054 2.4824 1.8931 1.4613 1.7162 1.6051 1.1938 0.6377 0.4095 0.3485 5.6418 5.1182 4.5743 4.2395 3.6451 3.3810
3.0803 3.0873 2.7223 2.8547 2.3797 2.7665 1.4422 1.7539 1.3498 1.4240 1.6365 1.1323 0.8734 5.8347 4.9313 5.1472 4.7150 4.4349 4.1346 3.3679
3.1711 2.8203 2.4954 2.4820 2.1722 2.5153 2.2322 2.1204 1.9334 1.3386 1.6939 1.3704 1.2929 5.4591 4.9264 4.8839 4.2150 4.0699 3.7889 3.4591
3.1404 2.7896 3.0853 2.9108 2.4948 2.5089 2.4921 1.8814 1.9109 1.3993 1.9962 1.7780 2.1666 3.8428 3.9804 4.2006 3.2669 3.8405 3.5035 3.1291
3.1103 3.2380 3.6940 3.3577 2.8890 2.8034 2.0833 2.4151 1.6803 1.8498 1.7855 1.8997 3.0051 3.5912 3.6504 4.0415 3.7906 3.9197 3.7243 3.6592
3.3387 3.4058 3.5950 3.0196 2.8597 2.5315 2.5485 1.8991 1.7068 1.7388 1.9426 2.4682 3.0011 3.7548 3.9021 3.7738 3.7248 3.5421 3.6346 3.6209
3.9503 3.7063 3.3415 3.4676 3.2637 2.8318 2.3383 1.7807 1.4498 1.8525 2.1446 2.3351 2.7755 2.8804 3.4706 3.4395 3.6231 3.6216 3.6633 3.8503
4.2068 4.1851 4.1365 3.8070 3.9192 1.9581 1.6587 1.3171 1.2557 1.8753 2.2884 2.0962 2.7309 3.1686 3.5878 3.2769 3.7359 3.7945 4.2306 4.1709
4.3361 4.4479 4.3975 4.8203 5.4181 0.7600 1.3077 1.4433 1.2316 1.5791 1.7103 1.4577 2.2466 3.5463 3.8924 3.7897 3.8417 3.6152 4.2378 3.9944
4.6174 5.2255 5.3750 5.5120 5.6525 0.6863 0.7281 1.0702 0.8772 0.9268 0.9622 0.6095 5.8129 5.3136 4.4495 4.2362 4.7595 4.2848 4.2549 4.2998
5.0844 5.0261 5.3625 6.0409 6.1107 0.4999 0.4933 0.8232 0.5551 0.3825 0.5579 0.5442 6.0118 5.3628 5.0437 4.4619 4.6753 4.3489 4.1811 4.5820
5.1600 5.4515 6.0823 6.2259 0.1424 0.0755 0.3724 0.5867 0.6961 6.1934 6.2721 0.2741 5.9571 5.8198 5.2602 4.7207 4.4088 4.5222 4.7343 4.8833
5.5321 5.8630 6.2761 0.1641 0.0292 0.0873 0.2955 0.5220 0.3629 6.2472 6.2258 0.0354 6.1066 5.5055 5.2094 4.8981 5.0890 4.9513 4.9220 5.4872
5.8782 5.6211 0.0341 0.0478 0.0450 0.0091 0.7389 0.3919 0.1052 0.0113 6.0980 6.2806 0.0214 5.8388 5.9171 5.4619 5.4048 5.0498 5.4235 5.3408
