1.7807 1.7981 1.4432 1.3337 1.5033 0.9637 0.6299 0.8219 1.0225 1.3660 1.1146 1.3896 1.8028 1.1667 0.9505 1.2232 1.3905 1.7254 1.5682 1.8662
1.7946 1.8697 1.3928 1.8845 1.5755 1.4003 0.8278 0.8306 1.0395 0.9739 1.4222 1.2575 1.8191 1.3361 1.4727 1.3087 1.5565 1.7299 1.8160 1.5640
1.9250 2.0724 1.7303 1.6625 1.1503 1.4961 1.2888 0.9333 1.6606 1.6136 1.3362 1.2518 2.0037 1.9685 1.4992 1.6022 1.7501 1.4204 1.5320 1.4709
1.8752 1.9346 1.9641 1.8429 1.3870 1.7016 1.6102 1.2053 1.2730 1.3434 1.5929 1.5446 1.9386 1.8246 1.6088 1.5575 1.5500 1.6329 2.0774 1.7756
2.0490 2.2974 2.3737 2.4287 2.1641 1.9465 2.1934 1.8047 1.5555 1.4640 1.6435 1.5934 1.5355 1.5743 1.4126 1.5675 1.6300 1.3030 1.5769 1.4039
2.0041 2.3237 2.1401 2.6579 2.3126 1.9577 2.4002 2.1489 2.2376 2.3786 2.0142 2.2460 1.6359 1.3467 0.8067 0.9443 1.0323 1.4483 1.2418 1.3366
1.3421 1.9811 2.3648 2.5705 2.8507 2.5027 2.4221 2.2633 2.0656 2.1617 2.3019 2.3449 2.3562 1.5292 0.6692 0.4899 0.6834 1.4146 1.3255 1.5876
1.5336 1.7600 2.4934 2.7158 2.4646 2.7090 2.4482 2.7548 2.4623 2.1751 2.0822 2.8267 3.1020 4.0236 6.0636 6.2445 0.6248 0.8436 1.4649 1.4467
1.9549 2.1548 2.5718 2.5333 2.1467 2.3884 2.6429 2.7524 2.5895 2.5504 2.4044 3.6834 3.6512 3.9230 5.1307 5.5915 0.0349 0.7847 1.5182 1.6704
1.9379 2.2264 1.7045 2.4880 2.3325 2.4389 2.6382 2.3705 2.3844 2.6939 2.5798 3.3130 4.1509 4.0385 4.9680 5.7324 5.7556 6.2017 0.4861 1.3019
2.1711 2.6409 2.3841 2.2153 2.5683 2.1892 2.1382 1.8987 2.5731 2.5626 3.3423 3.6295 3.9907 4.3835 5.0525 5.7633 5.8010 6.1288 5.9725 1.6582
3.6195 3.1725 2.3822 1.9285 2.0283 2.1205 1.6438 1.4500 2.3732 2.4398 3.7830 3.9698 4.9885 4.4510 5.0716 5.2228 5.2104 5.3331 4.9522 4.4869
3.9228 3.3034 2.9485 2.7765 1.8220 1.8265 1.6268 1.8097 1.6487 0.4304 6.1359 5.3435 5.2667 5.1307 5.2629 5.4024 4.9009 5.3285 4.5313 3.7972
3.1817 2.6946 2.9337 2.8119 2.4625 1.7785 1.4930 1.3119 1.0666 0.3836 0.0791 5.8426 5.9692 5.7628 5.4042 5.5349 5.1804 5.1706 4.3503 3.5857
3.2602 2.7110 2.7807 2.5396 1.8464 1.7521 1.4023 1.0834 0.9752 0.4711 0.6814 0.4505 6.0964 6.2311 5.5041 5.6186 5.4422 4.8150 4.3114 3.1431
2.2541 2.2109 2.2448 2.2611 1.8224 1.5280 1.4255 1.1633 1.1257 0.5875 0.7395 0.2289 6.0526 6.2304 6.0739 5.9529 5.9101 5.4431 2.7274 2.4265
2.0885 1.5909 1.8575 1.8580 2.0948 1.4508 1.5447 1.1538 0.7180 0.4593 0.5083 0.3715 0.1607 0.0229 6.2696 0.4218 0.8185 1.1785 1.8243 2.0016
1.9058 1.6060 1.7581 1.5624 1.3885 1.1078 1.0234 0.9333 0.6777 0.5258 0.4842 0.9316 0.6620 0.0876 0.1193 0.8863 1.5010 1.5291 1.7911 1.8389
2.1082 1.8927 1.7324 1.8452 0.9472 1.1083 1.1746 0.9098 0.8637 0.8547 1.2326 0.8489 1.0769 0.6890 0.7493 0.8783 1.5012 1.6056 1.3878 1.6495
1.7823 1.7860 1.6706 1.6992 1.5372 1.0203 1.1432 0.9090 0.7733 1.0751 0.8232 1.2972 1.1022 1.0862 0.9171 1.2013 1.2529 1.1329 1.4529 1.6415
