1.4521 1.8357 1.7722 1.8255 1.9168 1.8158 1.9832 2.1173 2.2568 2.3359 1.8489 2.1967 1.8846 1.7267 1.3929 1.4304 1.3782 1.1390 1.4784 1.7612
1.6710 1.6320 1.6178 2.0218 2.4966 2.2429 2.2236 1.8363 2.0142 2.2743 2.1460 1.9449 1.6741 1.6428 1.2797 1.2342 1.3621 1.7063 1.7853 1.7407
1.4725 1.1364 1.8366 2.0831 2.1586 1.8672 2.0415 1.8933 1.8465 1.9180 1.9038 1.5212 1.9109 1.5049 0.8975 1.0389 1.1585 1.8381 1.5928 1.2226
1.5566 1.5490 1.7016 1.7439 2.3237 1.7808 2.0263 1.4925 1.7333 1.8287 1.7899 1.5393 1.8010 1.4826 1.5297 1.4297 1.2013 1.1224 1.5417 1.4622
1.5576 1.7133 1.3701 1.3619 1.4138 1.8023 1.7540 1.1530 1.4796 1.2997 1.6440 1.2238 1.5812 1.5737 1.4176 1.3885 1.5291 1.2531 1.6866 1.4989
1.5488 1.3112 0.9594 1.4198 1.5089 1.3227 1.3272 1.2726 1.7962 1.4823 1.2429 1.4729 1.3701 1.6175 1.5537 1.1665 1.1934 1.1721 1.3461 1.4143
1.7284 1.8441 1.7419 1.8174 1.6704 1.2644 1.3556 1.1692 1.4832 1.6993 1.3268 1.0207 1.2483 1.2802 1.0739 0.7703 1.1756 0.9156 1.1184 1.3427
1.4974 1.4301 1.3334 1.2944 1.3963 1.2873 1.4878 1.4176 1.2967 1.4385 1.4418 1.1290 1.0003 0.9258 1.1427 0.8880 0.9537 1.2981 1.1080 1.0911
1.4751 1.3602 1.7878 1.4188 1.6414 1.3758 1.3683 0.8735 1.1264 1.2133 1.1030 0.9114 0.7772 1.1356 1.0942 1.1307 1.1853 0.8707 1.2932 1.4192
0.9405 1.1150 1.5001 1.9231 2.0027 1.5522 1.4025 0.8315 0.9475 0.9880 0.9925 1.0595 1.3255 1.1596 1.0731 1.0005 1.5230 0.9859 1.0689 0.7563
0.9498 0.9679 1.2457 1.5338 1.3719 1.3742 1.4168 1.4381 1.3451 0.7261 0.9832 1.3402 1.1511 0.9135 1.3699 1.3720 1.0359 1.3266 1.3212 1.1535
1.4392 1.2656 1.0554 1.2215 1.5516 1.4950 1.3459 1.5635 1.7336 1.2575 1.4294 1.6152 1.4562 1.5960 1.9049 1.6892 1.5630 1.8072 1.6227 1.5539
1.1087 0.4876 1.0061 1.0220 1.0417 1.1472 1.4934 1.6934 1.7316 1.5383 1.4352 1.6176 1.2967 1.4818 1.7547 1.3559 1.2993 1.4931 1.7070 1.6571
1.6755 0.8367 1.0464 1.2486 1.3135 1.7737 1.7127 1.7870 1.6535 1.7721 1.8597 1.3676 1.5655 2.0421 2.0570 1.6059 1.7228 1.7905 1.6580 1.6148
1.4684 0.9302 1.4419 1.3628 1.4565 1.9232 2.2521 1.8501 1.8445 1.9904 1.7968 1.8482 1.6759 1.9140 2.2343 1.8507 1.9418 1.8007 1.4467 1.5320
1.0136 1.2443 1.5286 1.6266 1.5824 1.9012 2.0773 1.7381 2.0260 1.5315 1.7433 2.0614 1.8790 1.9736 1.6617 1.6587 1.5212 1.9813 1.8557 1.4931
1.5646 1.2837 1.6236 1.7021 1.6176 1.8027 2.4575 2.1615 2.1538 1.8844 2.0301 1.9723 1.8972 2.0173 2.0909 1.7804 1.7849 1.6715 1.6717 1.4354
1.3076 1.5991 1.5283 1.6765 1.6845 1.9553 2.3575 2.4159 2.3436 2.4916 2.1361 1.7898 2.1428 2.0316 1.6637 1.4380 1.7137 1.4987 1.7301 1.4456
1.1054 1.4377 1.2255 1.5993 1.9546 2.0786 1.9278 2.6931 2.6695 2.7218 2.2773 2.2906 2.0141 1.9530 1.7131 1.4943 1.2629 1.5244 1.4761 1.2750
1.3852 1.4801 1.7030 1.6864 1.8748 2.0951 2.2870 2.2429 2.7738 2.6375 2.0003 2.3242 2.2491 1.6421 1.6921 2.0247 1.6622 1.4046 1.1252 1.2541
