4.5367 4.9787 0.5555 0.9448 1.0259 0.6397 0.0429 5.4854 4.8302 3.0291 2.4909 2.5885 2.7405 2.9866 2.6579 3.0584 3.4793 4.2089 4.2617 4.1863
5.0214 5.5976 0.2901 0.5098 0.1195 0.2408 6.2681 6.1202 0.0668 1.5169 2.0338 2.6055 2.8975 2.7370 2.8140 3.1742 3.4881 3.8262 4.1354 4.7850
5.1945 6.1562 6.0140 6.2575 0.3743 6.1829 6.0028 6.0325 0.3664 0.9644 1.6256 3.3020 3.3072 3.4571 3.3742 3.7308 4.0783 4.8183 5.0150 5.2074
5.8416 6.2197 0.0195 0.4006 0.3326 0.2499 6.2813 6.0137 0.0991 0.3843 0.3614 4.3791 4.0809 4.0516 3.8551 4.1615 4.2655 5.0830 5.1847 5.0048
6.2433 0.3673 0.2104 0.1045 0.2362 0.1169 6.1853 6.2425 0.3567 0.0579 5.4768 4.5700 4.3248 4.6865 4.7582 4.5554 4.8908 5.1905 5.3886 5.8348
5.7181 6.2721 0.2046 0.1475 0.2944 0.2614 0.3917 0.0226 0.0849 0.0420 5.3530 5.9541 5.0033 4.9776 4.9354 4.8385 4.7468 5.0700 5.1889 5.6947
5.7945 0.1385 5.9045 0.2337 0.4562 0.2776 0.3786 0.0970 0.1668 0.0111 5.7200 5.9533 5.4690 5.7072 5.1007 5.0854 5.4825 5.6462 5.9781 6.0277
6.0744 6.2103 0.2463 0.4902 0.4140 0.3917 0.1257 6.1728 6.1593 0.1781 5.9971 5.8084 5.5988 5.8556 5.8979 5.9864 6.2338 0.4008 5.7781 6.0160
0.3118 0.3025 0.3650 0.4493 0.1269 0.1704 0.1913 0.6362 0.3265 0.1402 6.0069 5.8863 5.6580 6.0653 6.0007 0.0371 6.1904 0.0732 6.2775 6.0279
0.5060 0.4653 0.5462 0.7373 0.4558 0.8412 0.2727 0.2765 0.4889 6.2276 0.0168 0.1389 0.0371 0.2705 0.1495 0.4223 0.1945 0.6666 0.3797 0.1451
0.4923 0.3856 0.4903 0.7893 0.9565 0.4718 0.7350 0.7328 0.6251 0.5105 0.2644 0.5196 0.4455 0.3782 0.0470 0.2931 0.2004 0.7582 0.6335 0.1503
0.7265 0.4204 0.9822 0.8769 1.0038 1.0906 1.2529 0.7825 1.0890 0.8622 0.9495 0.6612 0.7344 0.5623 0.5753 0.4265 0.3578 0.4487 0.3538 0.4845
1.1396 1.4493 1.1454 1.6777 1.4069 1.6735 1.4950 1.6502 1.1607 1.2679 1.1319 0.5403 0.9297 0.8325 0.7356 0.6208 0.5031 0.3523 6.2817 0.7195
1.1028 1.2275 1.8471 1.6182 1.6302 1.2378 1.5585 1.6270 1.3203 1.4028 1.1676 1.0272 1.1995 0.8276 0.7301 0.6605 0.1891 6.1265 5.3406 6.1983
1.1348 1.8488 1.6914 1.9636 1.6177 1.2166 1.7237 1.8442 2.1537 1.8377 2.1254 1.6949 1.5570 1.4448 1.3455 0.6622 5.8019 5.2539 5.0177 5.3095
2.5296 2.3106 2.1018 2.2395 2.2036 2.5165 2.2000 2.3964 2.5642 2.0546 2.0752 1.9748 2.2169 2.1348 2.1721 2.6040 4.0140 4.4397 4.1901 4.2371
2.8248 3.0386 2.0993 2.6221 2.3815 2.5475 3.1503 2.6913 2.1977 2.4230 1.9621 1.9834 1.9648 2.2753 2.7422 3.2935 3.5320 4.2571 4.0309 3.7170
2.9651 2.7039 2.4152 2.1436 2.4418 2.1957 2.9406 3.0210 2.9312 2.8701 2.5452 2.5373 2.1928 2.7153 2.9778 3.3854 3.1478 3.8566 3.9385 3.1048
3.2206 2.7561 2.1258 2.2667 2.2283 1.5991 2.6152 3.9062 3.5646 3.3203 2.7770 2.3316 2.2038 2.5148 2.8289 3.1000 3.2555 3.8119 3.6780 3.6115
3.4816 3.2326 1.6031 1.2392 1.3463 0.9367 0.0691 5.2537 4.1033 3.5641 3.1348 2.9351 2.7937 2.5086 2.8228 2.8062 3.4146 3.9546 4.2975 4.2661
