3.3360 2.2242 2.2647 2.6718 2.5567 2.8472 2.3532 2.4627 3.0067 3.6959 3.8318 4.5704 4.8998 5.0576 5.0871 5.0180 4.5682 4.1463 3.9620 3.2559
3.8853 2.8567 2.3616 3.0177 2.8316 2.8963 2.9339 2.4129 2.3221 3.7231 4.6383 4.7816 5.2545 5.1917 5.1972 4.9978 4.7956 4.4292 4.0629 3.5173
3.6746 3.0642 2.7397 3.0386 2.8307 2.8899 2.5272 2.1481 1.3952 6.1488 5.9878 6.1350 5.6951 5.5269 5.6076 5.7356 5.1194 4.0936 3.9834 3.0764
3.1076 3.0248 2.7091 2.7190 2.7630 2.2984 2.0356 2.0622 1.4116 0.4464 0.0583 0.2152 6.0835 5.7730 5.7057 5.5022 5.1305 4.3466 3.6034 3.6191
3.4080 3.0976 3.2084 2.5328 2.0379 2.1604 1.6234 1.3855 1.1615 0.9241 0.4466 0.2100 0.0514 0.0354 0.1175 6.2794 5.4209 4.2308 3.6531 3.2737
3.3948 3.5726 2.9625 2.2326 2.3488 1.7026 2.0644 1.5935 1.4127 0.8706 0.6192 0.3411 0.1912 0.0590 0.3154 0.1671 1.2273 2.9445 2.9901 3.3868
3.7110 3.3131 2.6689 2.3189 1.8992 2.0796 2.1495 1.8821 1.4560 1.0539 1.0207 0.9062 0.7340 0.4914 0.2157 0.8933 1.8525 2.6810 3.3091 3.5971
4.1332 3.9881 2.2456 1.6100 1.1400 1.5199 1.4008 1.1571 1.2107 0.8049 0.7860 0.2823 0.4715 0.3792 0.8338 1.0653 1.6404 2.3313 2.9187 3.9423
4.8134 5.4939 1.1846 1.0350 1.2206 1.2267 1.4614 1.4924 1.2511 1.1387 0.9585 0.5353 0.5253 0.6778 0.8415 1.0028 1.4686 1.9566 3.4006 4.4962
5.2150 5.6029 0.3000 0.2877 0.7978 1.1211 0.8947 1.6491 1.3964 1.1983 0.9451 0.6942 0.6321 0.6893 0.5056 0.7113 0.5381 0.4286 5.6734 5.1870
5.3251 6.1496 0.3057 0.4120 0.6718 1.0112 0.8024 1.5818 1.2920 1.2181 0.7467 0.3945 0.5381 0.4684 6.2318 6.1394 0.3561 6.2002 5.8493 5.4239
5.2209 5.9617 6.1243 0.5884 0.6662 1.2440 1.4413 1.6265 1.1662 0.5577 0.4118 0.2941 0.1594 0.1106 6.2324 6.0888 0.0836 5.9440 5.9327 5.1571
5.4272 5.8135 5.8271 0.8788 1.0194 1.5095 1.8301 1.6177 1.1596 0.4554 0.3090 0.2524 6.2344 6.2352 6.1830 0.1238 0.0488 5.1282 5.7321 5.0519
5.2614 5.0804 4.7413 3.5087 2.5128 2.2277 2.6722 1.8821 1.5953 0.0773 6.0209 0.0582 5.9630 5.8107 0.1521 0.0550 6.1495 6.0884 5.4849 5.1352
4.2559 4.1597 4.0350 3.2453 2.9445 2.7497 2.8284 2.7839 3.1989 4.9261 5.2357 5.3761 5.5278 6.1353 6.2476 0.4303 6.0531 6.1334 5.6177 5.3717
4.2055 3.7664 3.4814 3.4933 2.9720 3.0792 3.5628 3.3636 3.6260 4.3048 4.7601 5.0820 5.3516 5.4333 5.5809 5.9680 6.1184 6.2138 5.8152 5.4384
3.7313 3.4857 3.5490 3.2227 3.0568 3.0032 3.3519 3.5271 3.7308 4.0039 4.1745 5.0044 5.4032 5.8505 5.8302 5.5505 5.8194 5.9519 5.6501 4.7989
2.4432 2.6314 2.7930 3.1263 3.1331 2.6776 3.4862 3.5721 3.9552 4.0538 3.8215 4.8609 5.1324 5.2795 5.4939 5.6399 5.0725 6.0203 6.0628 3.5163
2.5943 2.7866 2.6656 2.7951 2.8452 2.6351 3.3479 3.8430 3.8708 3.6939 4.0495 4.6856 4.5728 5.4000 5.2134 4.9575 4.5322 4.7096 4.2960 3.6245
2.8773 2.4884 2.3625 2.4209 2.3522 2.8922 3.3852 3.5382 3.3008 3.4139 3.8921 4.5271 4.5509 4.7811 5.0611 5.2860 4.7275 4.1866 3.0991 2.7814
