2.9626 3.1339 3.1555 3.3705 3.7842 3.4544 3.6559 3.5990 4.0295 3.7006 4.5588 4.8474 5.2840 5.5814 5.8747 5.9780 0.3063 0.5207 1.4153 2.6594
2.2797 2.6095 3.0236 3.2169 3.6696 3.4299 3.2513 3.6447 3.8449 3.7739 4.0045 4.4752 5.0162 5.4603 6.0828 0.5771 1.2234 1.3266 1.8142 2.2793
2.6263 2.7986 3.1731 2.9880 3.2561 3.4470 3.4025 3.3024 4.0105 3.7741 3.6076 3.8292 3.7481 3.9126 1.6071 1.6613 1.5397 1.5712 1.9371 2.3371
2.3530 2.6617 2.8527 2.5572 2.5763 3.1128 3.4048 3.2256 3.5246 3.8250 3.5148 3.6964 3.6976 3.4074 2.3680 2.0600 2.3147 1.5988 2.2325 2.4701
2.3634 2.5352 2.7014 2.4869 2.6803 2.8978 3.3872 3.0729 3.1913 3.3907 3.3065 3.3926 3.2965 3.0676 2.7545 2.3462 2.5773 2.2098 2.2929 2.2722
2.3035 2.3434 2.5753 2.7228 2.6076 2.7061 2.6156 2.6705 2.9486 3.1161 3.0605 2.7472 2.5963 3.1859 3.3993 2.9316 2.5345 2.1093 2.5333 2.3933
2.5829 2.6603 2.2531 2.2120 2.5182 2.2673 2.4570 2.4767 2.7820 2.9741 3.2903 2.8537 3.3963 2.8408 3.3671 3.2074 2.8762 2.7420 2.8864 3.4209
2.6527 3.1623 3.2281 2.8162 2.4839 2.6504 2.3220 2.5785 2.7852 3.0210 3.2746 3.0238 3.1517 3.1604 3.5599 3.4176 3.1588 3.1658 2.9275 3.1379
3.3100 3.9501 4.0067 3.2713 2.5991 2.5108 2.1800 2.2352 2.6698 2.8096 3.1109 3.1703 3.2391 3.5258 4.0100 3.3873 3.1654 3.5876 3.4952 3.5646
3.7226 4.3151 4.7287 4.7098 1.2743 1.3983 2.3408 2.6717 2.5263 2.9077 3.2971 3.5243 3.2859 3.9533 4.0780 3.7413 3.5546 3.2291 3.5937 3.5970
3.9356 4.2156 4.6783 5.0422 3.9443 3.9974 2.6768 3.0237 2.8643 2.9667 3.3538 3.2798 3.6956 3.7566 4.0714 3.9473 3.4992 3.5067 3.7415 3.3477
4.0881 3.9300 4.2672 4.4940 4.7495 4.0347 3.4824 3.3082 3.4374 3.5066 3.3461 3.5292 4.1508 4.5546 4.5865 4.1766 4.0436 3.8379 3.7709 3.7989
4.3353 4.2292 4.3685 4.5903 4.3786 3.9957 4.0476 3.6139 3.6687 3.5727 3.7624 3.9194 4.4118 4.6203 4.4838 4.9652 4.5810 3.8233 4.1839 4.2739
4.2251 4.2494 4.2448 4.4820 4.2852 3.7943 3.7265 3.7495 3.6228 4.4866 4.1695 4.0672 4.6352 4.8843 4.9360 5.0821 4.4881 4.3088 4.3534 4.4161
3.9299 3.8177 3.7814 3.9619 3.9777 4.0963 3.8122 3.7364 4.0752 4.5629 4.2665 4.6719 4.9880 5.0734 5.1118 5.5588 5.1835 4.7515 4.5055 4.4180
4.3180 4.1816 3.6473 3.5829 3.8821 3.8663 3.9043 4.0470 4.3714 4.3944 4.4114 4.4792 5.1118 5.2481 5.4840 5.3372 5.0459 4.9460 4.8105 4.9109
4.0626 3.9499 3.5464 3.7496 4.0431 3.7949 3.9516 3.8778 3.7038 4.6211 4.4311 4.3877 4.8965 5.4370 5.2858 5.7818 5.5914 5.2508 5.2200 4.2631
4.0823 3.5732 3.8294 3.6049 3.9349 3.7358 3.6435 3.8589 3.6656 3.5223 4.3968 4.1257 4.9023 5.1403 4.9912 5.3736 5.5184 4.9886 5.2482 4.4090
4.0679 3.7048 4.2826 3.8341 3.9854 3.5548 3.6461 4.1166 3.8839 3.7366 4.2423 4.4488 4.7858 4.8888 5.0707 5.4141 5.6510 5.8534 5.7807 3.9939
3.6097 3.5218 4.2444 3.7537 3.8120 3.3823 3.6177 3.6970 3.6599 3.6321 4.4115 4.7367 4.7183 4.9809 5.1876 5.7150 6.2195 0.2081 0.0313 3.5741
