2.2063 2.2570 2.3467 1.9449 2.5769 2.6974 2.4860 2.3412 0.9224 0.8893 0.7221 0.8431 1.3162 1.4314 1.4367 1.8737 1.8987 1.7787 2.4276 2.2551
2.3891 2.0125 2.3514 2.0575 1.8321 2.3431 2.5537 1.6807 1.4461 1.1388 1.0420 1.0629 1.2667 1.3562 1.4352 1.9779 1.7242 1.6835 2.4146 2.1912
2.3906 2.0339 2.1061 1.8867 1.7422 1.9060 2.3210 1.8648 1.4055 1.3587 1.2919 1.4047 1.4719 1.3867 1.6222 1.7242 1.7670 2.1186 2.3096 2.0799
2.0642 1.9652 2.0879 1.7731 2.0255 1.9998 1.8679 1.3278 1.1912 1.0571 1.4054 1.1479 1.3794 1.3257 1.4901 2.0733 1.6425 1.8900 2.5195 2.0037
2.0077 1.9026 2.2357 1.7299 1.7433 1.8969 2.0706 1.3175 1.0962 1.2730 1.5132 1.2795 1.6349 1.5513 1.7286 2.2248 1.9563 1.8357 1.8445 1.7256
2.0489 1.8455 1.7481 1.8121 1.8575 1.3079 1.4893 1.4860 1.0477 1.3413 1.6046 1.3433 1.4833 1.0628 1.3093 1.9190 1.7876 1.9743 1.9597 2.0620
2.2555 1.9855 1.9008 1.8064 1.5135 1.3416 1.1354 1.0404 0.7292 1.0438 1.0845 0.9829 1.4408 1.0185 1.4756 1.5226 1.6214 1.9540 2.1525 2.4963
1.9664 1.8421 1.8402 1.5664 1.3964 1.2846 1.3104 1.2128 0.8201 0.8432 0.8493 1.2079 1.3603 1.2003 1.7388 1.6557 1.7182 1.9953 2.2382 2.0769
1.7315 1.5582 1.2887 0.9181 0.8823 0.9271 0.8865 0.6044 0.9400 1.2196 1.4416 1.7865 1.6884 1.6893 1.7862 1.9134 1.9830 1.8005 1.8585 1.8754
1.8904 1.6279 1.3483 0.8825 0.8518 0.9538 0.7235 0.5477 0.8303 0.9369 0.9933 1.3434 1.4540 2.3959 2.0505 1.7274 1.8835 1.8554 1.9464 2.2240
1.6114 1.2495 1.4194 0.9066 0.8631 0.8967 0.5807 0.4323 1.4018 0.9392 1.2725 1.3103 1.7057 1.6838 1.9304 1.7854 1.5872 2.1086 1.6639 1.8634
1.3668 1.3006 1.3833 1.1998 1.2082 0.9428 0.3639 0.5575 0.5161 0.8248 1.2471 1.5860 1.9894 1.9944 2.2647 1.7548 1.5772 1.8976 1.9013 1.6808
1.5555 1.2960 0.9555 1.0172 0.9637 0.5136 0.2948 0.7569 0.9829 0.9227 0.9347 2.1531 2.1063 1.9307 1.9315 1.9928 1.7936 2.5032 2.1739 1.7667
1.6540 1.5420 1.4357 1.1001 0.7038 0.4570 0.2699 0.5042 0.4127 0.9159 1.4519 2.3011 1.8620 2.4754 2.1526 2.0758 1.8640 2.4778 2.5140 2.0438
1.8547 1.8138 1.4237 1.3412 0.6092 0.1344 5.9273 6.1553 6.2085 0.8528 1.7867 2.5918 2.2944 2.3369 1.9662 2.4917 2.2691 2.0955 2.1656 2.2065
2.0955 2.3038 1.5444 0.7341 0.3419 5.4727 5.5270 5.3041 6.0484 5.8603 4.4719 3.5668 2.3589 2.2254 2.3317 2.1911 2.0791 2.2316 2.3955 2.4192
2.0138 2.3026 2.5513 3.1232 3.9458 4.4406 4.9220 4.9465 5.1658 5.0612 4.6355 4.8057 1.8653 2.3547 2.1132 1.9325 1.8080 2.2696 2.1160 2.3536
2.4002 2.3889 2.7701 2.6291 3.2539 3.5752 4.3296 4.4951 5.1145 5.1691 5.6242 0.1151 1.0744 1.6439 1.8547 2.2341 1.6954 2.4388 2.4563 2.4641
2.1199 2.2650 2.4843 2.4463 3.2582 3.4382 3.6284 4.3495 4.9438 5.0374 5.6364 0.2376 1.0916 0.8939 1.7360 2.0482 1.8783 2.5537 2.1925 2.2347
2.0479 2.6282 2.3015 2.3036 3.0123 3.3031 3.4804 3.6726 5.8479 6.1352 0.2255 0.7779 1.3359 1.1697 1.1657 1.8249 2.0103 2.1164 2.6557 2.1974
