0.6915 0.5952 0.8782 0.9636 1.1233 1.4324 1.4232 1.6119 1.3212 1.4219 1.4404 1.4136 1.1203 1.4202 0.6433 0.9940 0.7662 0.8444 0.6411 0.5059
0.4007 0.1154 1.2961 1.2970 1.6939 1.8540 1.6848 1.9862 1.9963 1.7290 1.6759 1.4293 1.2218 1.1244 1.0856 1.1762 0.5893 0.8606 0.2545 0.1726
0.5018 0.6888 1.5192 1.6067 1.6599 1.6064 1.8422 2.3846 1.9017 1.7226 2.2173 1.9679 1.6232 1.2923 1.1075 0.8113 0.9095 0.1736 0.3734 0.3794
0.3801 0.5631 0.8513 0.9112 1.6513 1.7200 2.1552 2.1122 1.9090 1.7977 1.7882 1.9917 1.9912 1.5213 1.2159 0.3436 0.6076 0.3911 0.4462 0.1335
0.5243 0.7395 1.1601 1.2809 2.0565 1.8097 1.8395 1.8774 1.9968 2.1969 1.8210 1.9665 1.8808 1.3989 1.1298 0.6111 0.5714 0.2908 0.4738 0.5314
0.6384 0.6087 1.3852 2.2189 2.3318 2.5667 2.3999 2.0242 1.7547 1.8864 1.9143 1.7648 1.7026 1.2610 1.2619 1.1829 0.6124 0.5986 0.2275 0.2870
6.0217 6.1972 5.4527 4.1339 3.4415 2.8198 2.7655 2.3035 1.7580 1.6247 1.5501 1.5409 1.0896 1.2969 0.4618 0.3578 0.2853 6.2724 0.0681 6.1090
0.0561 5.9973 5.6502 4.3954 3.7136 3.4891 2.4921 2.3807 1.8275 1.6225 1.4219 1.4435 1.1539 1.0405 0.6860 0.4951 0.4495 0.2354 0.0675 0.0992
6.2521 6.0778 5.3647 4.5414 4.3793 3.7263 2.8324 2.1879 1.7406 1.4579 1.3436 1.1734 1.0320 0.5870 0.4032 0.3600 0.5295 0.3617 0.1737 0.1235
6.1374 5.8189 5.5124 5.1522 4.9692 3.9549 3.5605 2.7293 1.8155 1.3589 1.4973 1.0462 0.6982 0.7758 0.6829 0.5979 0.5638 0.3779 0.2879 0.1372
0.1467 0.3026 5.8343 5.4507 5.2098 4.7449 4.2911 1.8789 1.8150 1.3682 1.1278 0.7500 0.7880 0.7347 0.4360 0.4387 0.5712 0.7331 0.3464 0.5204
0.5271 0.1398 6.0676 5.3919 5.5223 4.7740 5.0171 0.7942 1.1035 0.9560 0.9427 1.2982 0.9318 1.1769 0.9068 0.7786 1.1883 0.8413 0.9737 0.6375
0.6697 0.0043 6.0646 5.9591 5.4448 5.9128 5.2350 0.2352 0.8220 1.0429 0.8143 1.0368 1.0320 0.8392 0.7028 0.7529 0.8456 0.7033 0.7690 0.3596
0.6497 0.6151 0.2013 6.1372 5.5674 5.6316 5.4505 6.0834 0.1327 0.1868 0.0743 0.2021 1.2238 0.7268 1.0081 0.8705 0.8866 1.0801 1.0949 0.6744
0.5080 0.4660 0.2581 0.0200 6.0012 6.0130 6.0121 5.9743 0.2668 0.2399 0.1376 0.5893 1.2262 0.9602 0.7599 0.6344 0.7668 0.9084 0.6954 0.7071
0.6983 0.5988 0.0330 6.1637 0.0839 5.9975 0.1369 0.3897 0.4800 0.8121 0.7763 0.7067 1.0530 0.7639 0.8211 0.8217 0.6480 0.4968 0.5465 0.3475
0.4718 0.3780 6.2219 0.1492 0.5535 0.0317 0.3046 0.2413 0.6460 0.7791 1.2650 0.7481 0.8457 1.0946 1.5093 0.7190 0.7410 0.7528 0.7139 0.6070
0.7988 0.4657 0.5576 0.6097 0.7473 0.6144 0.5579 0.5696 0.8142 0.9746 1.2558 1.3109 0.8718 1.4832 1.4445 1.1610 0.8437 1.3246 0.7133 0.3319
0.5915 0.4022 0.4466 0.8499 0.9651 0.6658 1.1866 1.1460 0.7302 1.2543 1.4918 1.0589 0.7795 1.2214 0.9158 0.8355 0.5778 0.8177 0.6391 0.4689
0.5632 0.7070 0.8126 0.8652 0.9277 0.9972 1.0874 1.1867 1.2776 1.5181 1.5358 1.4492 1.3139 1.3380 0.7655 1.0046 0.8961 0.7200 0.8338 0.3850
