0 2
0 3
0 4
0 5
0 11
0 12
0 13
0 14
0 15
0 16
0 17
0 18
0 19
0 20
0 21
0 23
0 24
0 25
0 26
0 27
0 28
0 29
0 30
0 31
0 32
0 33
0 34
0 49
1 0
1 1
1 2
1 3
1 4
1 5
1 6
1 7
1 12
1 13
1 14
1 15
1 17
1 18
1 19
1 20
1 21
1 23
1 27
1 28
1 29
1 31
1 32
1 33
1 34
1 45
1 49
2 0
2 1
2 2
2 3
2 4
2 5
2 11
2 12
2 13
2 14
2 15
2 16
2 20
2 22
2 23
2 27
2 28
2 29
2 30
2 31
2 32
2 33
2 34
2 38
2 39
2 41
2 43
2 44
2 45
2 46
2 47
2 48
2 49
3 0
3 1
3 2
3 3
3 4
3 5
3 8
3 9
3 11
3 12
3 14
3 15
3 20
3 23
3 28
3 29
3 30
3 31
3 32
3 33
3 35
3 38
3 40
3 41
3 42
3 43
3 44
3 45
3 46
3 47
3 48
3 49
4 0
4 1
4 2
4 3
4 4
4 5
4 6
4 7
4 11
4 12
4 13
4 14
4 15
4 16
4 17
4 18
4 19
4 20
4 21
4 27
4 28
4 29
4 30
4 33
4 35
4 36
4 37
4 38
4 39
4 40
4 41
4 42
4 43
4 44
4 45
4 46
4 47
4 48
4 49
5 0
5 1
5 2
5 3
5 4
5 5
5 7
5 10
5 11
5 12
5 13
5 14
5 15
5 16
5 17
5 18
5 20
5 23
5 24
5 27
5 28
5 32
5 33
5 39
5 40
5 41
5 42
5 43
5 44
5 45
5 46
5 48
5 49
6 0
6 1
6 2
6 3
6 4
6 5
6 6
6 7
6 8
6 9
6 11
6 12
6 13
6 14
6 15
6 16
6 17
6 18
6 19
6 23
6 26
6 27
6 28
6 29
6 32
6 39
6 40
6 41
6 42
6 43
6 46
6 47
6 49
7 0
7 1
7 2
7 3
7 4
7 5
7 6
7 11
7 12
7 13
7 14
7 15
7 16
7 17
7 21
7 22
7 25
7 26
7 27
7 28
7 29
7 34
7 39
7 40
7 41
7 42
7 43
7 44
7 45
7 49
8 0
8 4
8 6
8 7
8 11
8 12
8 13
8 14
8 16
8 17
8 18
8 21
8 26
8 27
8 28
8 29
8 32
8 34
8 35
8 41
8 42
8 44
8 45
8 46
8 47
9 7
9 8
9 9
9 10
9 11
9 12
9 13
9 14
9 15
9 16
9 17
9 24
9 25
9 26
9 28
9 29
9 30
9 31
9 32
9 33
9 34
9 35
9 40
9 41
9 42
9 43
9 44
9 45
9 46
9 47
10 0
10 8
10 9
10 10
10 11
10 12
10 13
10 14
10 15
10 16
10 17
10 24
10 25
10 26
10 28
10 29
10 32
10 33
10 34
10 37
10 39
10 40
10 41
10 42
10 43
10 44
10 45
10 46
10 49
11 0
11 1
11 2
11 4
11 9
11 10
11 11
11 12
11 13
11 14
11 15
11 16
11 17
11 19
11 24
11 25
11 26
11 27
11 28
11 37
11 38
11 40
11 42
11 43
11 44
11 45
11 46
11 49
12 0
12 1
12 3
12 4
12 5
12 6
12 13
12 14
12 15
12 17
12 19
12 21
12 24
12 26
12 27
12 28
12 29
12 30
12 31
12 33
12 40
12 43
12 44
12 45
12 46
12 48
12 49
13 0
13 1
13 2
13 3
13 4
13 6
13 7
13 8
13 9
13 10
13 13
13 14
13 15
13 16
13 17
13 18
13 19
13 20
13 21
13 22
13 26
13 27
13 28
13 29
13 30
13 31
13 33
13 39
13 40
13 42
13 43
13 44
13 45
13 48
14 0
14 1
14 4
14 5
14 6
14 7
14 8
14 9
14 10
14 11
14 13
14 14
14 15
14 16
14 17
14 18
14 19
14 20
14 21
14 22
14 23
14 25
14 26
14 27
14 28
14 29
14 30
14 32
14 33
14 41
14 42
14 43
14 44
14 45
14 46
14 47
14 48
15 0
15 1
15 2
15 3
15 4
15 5
15 6
15 7
15 8
15 9
15 10
15 11
15 12
15 13
15 14
15 15
15 16
15 17
15 18
15 19
15 20
15 21
15 22
15 23
15 28
15 29
15 30
15 31
15 33
15 34
15 35
15 36
15 42
15 44
15 45
15 46
15 47
15 48
15 49
16 0
16 1
16 2
16 3
16 6
16 7
16 8
16 9
16 10
16 11
16 12
16 13
16 14
16 16
16 17
16 18
16 20
16 21
16 22
16 26
16 27
16 31
16 34
16 35
16 36
16 37
16 45
16 46
16 47
16 48
16 49
17 0
17 1
17 2
17 7
17 8
17 11
17 12
17 13
17 14
17 16
17 17
17 18
17 19
17 20
17 21
17 22
17 23
17 25
17 31
17 34
17 35
17 36
17 37
17 39
17 41
17 43
17 46
17 47
17 48
17 49
18 0
18 1
18 2
18 10
18 12
18 13
18 15
18 16
18 17
18 18
18 31
18 37
18 38
18 39
18 40
18 41
18 42
18 43
18 44
18 45
18 46
18 48
18 49
19 0
19 1
19 2
19 7
19 8
19 9
19 11
19 12
19 13
19 14
19 18
19 19
19 22
19 23
19 24
19 31
19 36
19 37
19 41
19 42
19 43
19 44
19 46
19 47
19 48
20 0
20 1
20 6
20 7
20 8
20 9
20 10
20 11
20 12
20 13
20 14
20 18
20 19
20 20
20 22
20 23
20 24
20 27
20 31
20 35
20 36
20 37
20 40
20 42
20 43
20 44
20 47
20 48
20 49
21 0
21 1
21 4
21 7
21 8
21 9
21 10
21 11
21 12
21 13
21 14
21 15
21 16
21 18
21 19
21 20
21 21
21 22
21 23
21 24
21 29
21 32
21 35
21 36
21 37
21 42
21 43
21 44
21 45
21 46
21 47
21 48
21 49
22 3
22 4
22 6
22 7
22 8
22 9
22 10
22 11
22 12
22 13
22 14
22 15
22 16
22 20
22 21
22 22
22 23
22 35
22 36
22 37
22 42
22 43
22 44
22 47
23 4
23 6
23 7
23 8
23 9
23 11
23 12
23 13
23 14
23 15
23 16
23 17
23 21
23 22
23 23
23 24
23 29
23 31
23 32
23 35
23 36
23 37
23 42
23 43
23 44
23 45
24 5
24 6
24 7
24 8
24 9
24 13
24 16
24 17
24 18
24 21
24 29
24 31
24 32
24 33
24 34
24 35
24 36
24 39
24 41
24 42
24 45
25 4
25 5
25 6
25 8
25 9
25 10
25 11
25 12
25 13
25 14
25 15
25 16
25 17
25 18
25 29
25 30
25 31
25 32
25 33
25 34
25 35
25 37
25 38
25 39
25 41
25 42
25 43
25 45
25 47
26 1
26 2
26 3
26 4
26 5
26 6
26 7
26 8
26 12
26 13
26 14
26 15
26 16
26 17
26 18
26 29
26 30
26 31
26 32
26 33
26 37
26 38
26 40
26 41
26 42
26 47
27 0
27 1
27 2
27 3
27 4
27 10
27 12
27 13
27 14
27 15
27 16
27 17
27 18
27 19
27 30
27 31
27 32
27 37
27 38
27 40
27 41
28 1
28 2
28 10
28 11
28 12
28 13
28 14
28 15
28 16
28 17
28 18
28 19
28 22
28 33
28 39
28 41
28 49
29 2
29 4
29 10
29 11
29 12
29 13
29 14
29 15
29 16
29 31
29 32
29 33
29 38
29 39
29 40
29 41
29 42
29 47
29 48
30 10
30 11
30 12
30 13
30 14
30 15
30 16
30 22
30 26
30 27
30 28
30 29
30 31
30 32
30 33
30 39
30 40
30 41
30 47
30 48
30 49
31 0
31 2
31 8
31 10
31 11
31 12
31 15
31 16
31 26
31 28
31 29
31 30
31 31
31 32
31 33
31 34
31 40
31 41
31 42
31 43
31 44
31 47
31 49
32 0
32 1
32 2
32 10
32 11
32 12
32 17
32 19
32 26
32 27
32 28
32 32
32 40
32 41
32 42
32 43
32 46
32 47
32 48
32 49
33 0
33 1
33 2
33 3
33 11
33 12
33 13
33 18
33 20
33 22
33 28
33 39
33 40
33 41
33 42
33 43
33 47
33 48
33 49
34 0
34 1
34 2
34 3
34 4
34 11
34 12
34 13
34 17
34 18
34 24
34 33
34 34
34 36
34 39
34 40
34 41
34 42
34 46
34 47
34 48
34 49
35 0
35 1
35 5
35 7
35 11
35 12
35 13
35 14
35 18
35 22
35 23
35 32
35 33
35 34
35 36
35 39
35 40
35 41
35 42
35 43
35 45
35 46
35 47
35 48
35 49
36 0
36 6
36 7
36 8
36 9
36 11
36 12
36 13
36 16
36 20
36 22
36 23
36 24
36 27
36 28
36 33
36 34
36 36
36 40
36 42
36 43
36 44
36 45
36 46
36 47
36 48
36 49
37 8
37 9
37 11
37 12
37 18
37 19
37 20
37 22
37 23
37 24
37 28
37 34
37 36
37 37
37 42
37 43
37 45
37 46
37 47
37 49
38 7
38 9
38 10
38 11
38 12
38 16
38 18
38 19
38 23
38 24
38 27
38 34
38 36
38 37
38 38
38 39
38 45
38 46
38 47
38 48
38 49
39 0
39 1
39 6
39 7
39 9
39 10
39 11
39 12
39 13
39 14
39 16
39 17
39 18
39 24
39 25
39 26
39 27
39 31
39 32
39 33
39 34
39 35
39 36
39 37
39 38
39 39
39 40
39 45
39 46
39 47
39 48
39 49
40 0
40 1
40 5
40 6
40 7
40 8
40 9
40 10
40 11
40 12
40 18
40 25
40 26
40 27
40 32
40 33
40 34
40 35
40 36
40 37
40 38
40 39
40 40
40 44
40 47
40 48
40 49
41 0
41 1
41 2
41 4
41 5
41 6
41 7
41 8
41 9
41 10
41 23
41 25
41 26
41 30
41 32
41 33
41 34
41 35
41 36
41 37
41 38
41 39
41 48
41 49
42 0
42 5
42 6
42 7
42 23
42 24
42 25
42 26
42 31
42 32
42 33
42 34
42 35
42 36
42 37
42 38
42 39
42 40
42 43
42 46
42 47
42 48
42 49
43 13
43 23
43 24
43 25
43 26
43 27
43 28
43 33
43 37
43 38
43 40
43 41
43 42
43 45
43 46
43 47
43 48
44 3
44 9
44 19
44 22
44 23
44 24
44 25
44 32
44 33
44 34
44 35
44 36
44 37
44 38
44 40
44 41
44 42
44 43
44 44
44 45
45 3
45 5
45 16
45 17
45 21
45 22
45 23
45 32
45 37
45 38
45 43
45 44
46 2
46 3
46 9
46 10
46 15
46 16
46 17
46 21
46 25
46 26
46 27
46 28
46 29
46 32
46 33
46 34
46 35
46 36
46 37
46 38
46 39
46 40
46 41
46 42
46 43
46 46
47 2
47 3
47 8
47 18
47 21
47 22
47 23
47 24
47 25
47 26
47 27
47 28
47 29
47 30
47 31
47 32
47 33
47 34
47 35
47 36
47 38
47 39
47 40
47 41
47 42
47 43
48 0
48 2
48 3
48 8
48 10
48 11
48 12
48 16
48 18
48 19
48 23
48 24
48 25
48 26
48 27
48 28
48 29
48 30
48 31
48 32
48 33
48 34
48 35
48 36
48 37
48 38
48 39
48 40
48 42
48 43
48 44
48 45
49 2
49 3
49 13
49 14
49 15
49 16
49 17
49 18
49 19
49 20
49 22
49 23
49 24
49 25
49 26
49 27
49 28
49 29
49 30
49 31
49 32
49 33
49 34
49 35
49 36
49 42
