5.5129 4.3396 4.5910 5.0536 4.2508 5.3676 5.1064 5.4509 4.5662 4.4311 3.4611 3.2322 4.7168 0.2214 2.7978 0.6308 0.4239 0.5509 4.7870 5.0631
5.5862 1.0341 3.4172 2.5551 3.5162 2.8525 3.4235 3.1399 3.4109 3.3902 3.7575 4.7291 4.1331 4.0519 3.7786 3.1638 2.3058 3.2320 3.3511 4.0594
3.0470 3.8321 3.7802 5.1049 3.6030 4.6860 4.1072 4.6348 2.7866 1.2543 1.8911 1.1701 2.9872 1.4715 4.0467 1.1873 1.6156 0.8268 3.0600 0.9411
2.5388 2.1769 2.9826 2.4751 3.4886 1.7288 2.5209 1.7633 2.8067 2.7995 2.1394 3.1098 3.6964 3.9571 3.9386 3.3434 3.9106 3.6813 3.1472 2.6457
2.9794 3.6591 2.1354 4.7795 4.0490 4.0589 3.0886 3.8959 3.4366 3.2345 1.9734 5.4343 4.1891 5.6200 5.8779 5.3940 4.2166 3.3556 2.5968 1.3467
3.1952 0.5552 1.8141 2.4978 3.1279 1.7628 3.4299 1.8971 2.9415 0.9094 2.0509 2.1762 3.2772 1.8408 1.9097 1.8079 3.2428 4.2678 3.8508 3.6945
3.4826 4.4783 4.2047 4.7890 4.0998 4.0217 3.2239 4.2439 3.4452 4.5030 3.2167 3.8306 3.2470 3.7616 3.2167 3.2154 2.7672 2.7189 3.5051 2.5419
3.9879 3.4455 4.0263 2.9625 3.7397 2.2431 2.8669 2.5955 2.8127 1.5062 2.5445 2.4279 3.2612 1.9692 2.2063 0.1177 0.8507 0.2802 5.7692 5.2027
5.4086 6.2428 5.6082 5.6931 4.6089 5.0644 4.2489 4.8916 3.9653 4.2288 3.7687 4.8616 4.0989 4.6711 2.8380 2.8474 5.7789 4.3685 5.7441 0.3323
5.8014 4.2083 4.9768 4.4713 4.9183 3.6728 4.0788 3.6428 3.4209 2.4208 3.6867 2.1319 4.3587 0.6617 2.7328 1.1870 6.1797 0.7160 5.9123 4.8561
5.7245 6.0093 0.1327 0.5716 6.0027 6.1798 4.6140 5.4128 5.0902 5.7719 4.2449 3.8184 3.7593 3.1133 3.5544 4.3089 5.0584 4.8965 5.8447 0.7888
0.0609 5.2650 5.7285 4.5938 4.6743 4.7587 4.8414 4.5211 3.7849 3.8142 3.7676 4.3418 3.7453 4.2704 3.1663 1.5512 5.0272 0.4466 0.0494 0.4080
5.9157 0.7528 0.1719 0.5968 6.2312 1.2357 5.6888 0.9573 4.7736 0.5077 2.4776 1.7929 2.8178 2.1050 2.8077 3.7361 4.2273 4.8979 5.9443 0.0853
5.6338 5.9989 6.0818 4.5496 5.7084 4.9111 4.9111 4.5770 4.0252 4.1579 2.6949 4.2598 2.9267 3.4414 3.2018 3.2099 3.5991 3.2077 5.5125 5.2752
0.6898 1.7794 1.2502 0.8402 0.6291 2.0785 4.5141 2.9516 2.9524 2.3116 2.3856 1.5403 2.5115 0.3336 5.6590 5.6922 3.7304 6.0767 5.8089 0.3163
5.3497 5.5027 5.7256 3.4726 0.1461 4.8624 4.5032 5.1068 4.7958 5.5373 3.7806 4.0563 3.5512 3.6554 4.7425 3.4863 2.9429 3.7607 4.6767 3.8732
5.0935 5.5092 6.2649 0.3675 1.0477 1.4713 3.3312 2.8460 3.8720 2.3008 3.2535 3.1482 3.5228 6.1878 4.1104 6.1381 5.5453 5.7496 4.8026 5.4909
5.1797 1.4849 5.3563 5.2743 5.1078 4.9269 4.5476 4.5347 3.8315 4.2712 4.1658 5.5680 4.6067 3.6242 3.8053 3.2568 4.5184 2.9466 4.1590 3.5761
5.9810 4.9977 4.9835 6.2651 5.9171 5.7537 4.8103 4.6330 4.4638 1.3276 3.2904 2.1968 5.3615 5.7348 4.9733 6.0884 4.7734 5.1215 4.9600 5.8114
0.5381 1.1108 4.0845 2.9502 3.0649 3.2858 4.4983 2.8573 3.4665 3.8330 3.0984 5.4166 5.3168 3.3834 3.4849 4.0810 4.6257 3.9261 5.8244 1.5288
