4.1958 3.9108 2.9559 3.4012 2.8820 4.1862 3.8879 4.6767 3.8866 4.5924 3.6586 2.5072 1.8917 1.8740 1.8333 1.5596 0.5720 4.7678 4.9572 4.3351
5.5269 0.3604 1.2730 0.3162 2.0519 0.3906 0.6628 3.9938 4.2447 2.8404 2.6706 0.1343 0.7200 6.1988 5.9350 3.7891 6.0662 0.5599 5.8645 0.0347
4.1979 3.3384 2.5402 3.3977 3.6369 3.4038 1.4703 1.3547 5.8436 0.6803 1.4981 2.0825 1.1142 2.5228 5.0043 1.1721 5.2117 4.1156 5.1739 3.5686
5.9293 6.2720 0.2752 5.2084 5.4243 5.6907 0.3136 4.9954 5.4173 4.2269 0.0098 5.6869 5.3731 5.3275 5.2654 5.0121 5.7588 0.1326 5.8268 5.9963
6.0738 2.5547 1.7025 2.1785 1.0992 1.7220 1.0172 1.4829 1.6017 1.2717 0.0650 1.6883 6.1960 1.0755 5.5335 4.9174 5.2784 4.0499 4.6551 5.9533
0.3471 0.8535 0.6509 0.0549 0.3644 5.1818 0.2692 5.1857 5.8546 5.7463 5.9750 5.0085 5.4433 5.2989 0.2007 1.9034 5.8923 0.4764 6.0866 0.9654
0.3111 6.1126 0.9475 0.4062 0.2692 0.7084 1.2124 0.9778 0.0863 0.6965 0.1048 1.0177 0.5483 2.1114 0.3734 5.8531 5.6505 4.9501 0.2130 5.3298
2.0402 2.0246 1.5591 1.2035 0.0594 2.3387 1.4904 3.2357 4.0442 4.8148 5.1829 5.5580 5.9072 6.2542 0.4418 1.2378 1.2164 1.7074 0.7073 2.0888
0.2158 6.0455 0.5543 5.9810 6.1930 6.1537 0.3784 0.8640 2.2480 2.5101 0.9220 1.6869 5.7945 4.4746 5.8026 4.5669 6.2248 5.5793 5.5955 6.0612
0.8342 2.2315 1.2017 1.4468 0.9743 1.9560 2.3530 2.8065 1.9356 0.1719 5.4073 5.5585 5.7240 0.0615 5.9929 0.7423 0.5633 6.1743 6.1932 6.2547
0.1478 0.1892 0.9375 5.1588 0.4620 5.9207 5.7223 0.0354 1.9962 4.2199 4.7144 4.8537 5.0062 4.4925 4.2307 3.9127 3.3134 3.0896 1.3232 1.8910
6.1577 0.5125 0.4483 1.1076 6.2217 4.8023 4.6849 3.7883 2.4094 3.9382 3.9847 3.4223 3.3952 2.1313 2.9988 2.4672 1.3823 0.0220 0.4285 0.4102
5.6039 4.5465 5.5348 4.8321 5.6443 0.3610 5.8109 0.8162 1.7132 0.8359 4.8501 5.6830 3.9037 3.2157 2.9442 2.8242 2.0028 3.7041 4.9876 5.1767
0.0899 1.1543 0.2088 5.7776 5.4771 5.8433 4.7722 3.4743 2.9453 3.6399 3.5460 4.0510 3.8478 4.8496 2.0713 1.4987 1.6737 1.3214 0.5822 1.1216
5.6547 5.2524 5.4774 2.9055 3.2454 2.4682 3.8508 2.7205 2.6431 1.6039 2.8767 2.1722 3.1737 2.0800 1.6466 2.7971 1.1829 5.5734 0.0780 6.0409
4.1176 4.9859 5.7314 5.5433 2.9912 5.7866 3.8609 5.1825 4.1938 4.2784 4.5544 5.1149 5.6468 4.4606 0.9400 1.1064 1.1785 2.3319 3.4348 2.7079
4.0094 3.2953 4.5570 3.7005 3.7562 3.2254 3.5986 2.5166 3.6547 1.5554 2.6366 2.2167 0.8784 1.2126 1.1259 2.1570 1.3488 5.4780 4.4324 5.5207
4.0097 4.9020 4.6077 6.2485 3.2838 4.7162 5.1762 5.5372 3.9314 4.0511 2.9630 6.0894 1.2680 5.2826 5.5296 5.8833 0.1662 2.9105 3.6446 3.2592
4.3919 4.7297 3.4024 3.6185 2.8701 2.8900 3.6089 4.5008 4.8649 0.7015 1.4599 1.7589 1.8896 1.5744 0.6657 0.8298 0.2341 5.2485 5.1436 4.9433
3.2899 2.3717 2.6910 2.0365 2.5656 1.7632 2.6029 2.8281 3.0316 3.0641 2.3739 1.3250 2.1144 2.9264 2.5826 2.8174 1.8484 1.2625 0.5783 1.9931
