2.6516 1.8091 1.9068 1.7908 2.3589 1.5574 0.9407 0.7591 6.2339 1.0386 0.4385 3.0282 3.1820 3.1106 3.7111 2.1428 3.3500 2.5938 2.8016 1.3569
3.8434 4.2881 2.6575 1.9137 1.7182 5.5969 6.2589 5.3194 6.1813 3.8096 5.5224 4.8369 4.7209 4.3472 3.9536 4.4297 3.4787 4.0552 3.4320 3.9936
2.7878 2.5129 2.9842 2.9878 1.6910 3.0976 4.3414 2.8559 0.2362 6.2315 5.9534 0.5763 5.8351 6.1056 5.4061 6.2311 1.9723 1.5526 2.8654 2.5269
5.4978 5.7009 2.9825 0.9685 0.9292 0.5768 5.7438 0.3376 0.1325 0.7516 5.8568 4.2833 4.7067 4.0517 5.1482 2.1455 1.5926 4.3106 5.1633 5.7577
4.9399 4.3163 3.4561 3.4450 3.5854 4.3285 4.9350 4.6026 6.0970 5.4242 5.3915 5.8644 5.7458 5.9417 5.9808 5.7915 1.0112 0.1764 6.0529 4.4530
1.9775 1.8286 1.1775 0.8700 0.1301 6.2322 6.0269 0.5762 5.6319 6.2211 0.6943 1.7161 1.6038 2.2997 0.2980 2.5663 1.8760 1.9633 1.2114 1.6963
5.8005 5.7451 5.2578 5.9223 6.2166 1.2417 5.3800 4.3222 4.6675 3.7195 5.9622 5.3924 5.7353 5.7562 6.0210 6.2108 0.7774 6.1067 0.1082 5.1136
6.2703 4.7414 4.0743 2.7050 3.1678 4.8948 5.8029 0.5630 5.8246 0.1684 0.2942 0.9457 0.4588 1.0582 0.4844 1.5599 1.2350 2.4322 0.4595 0.9261
5.5266 4.4532 4.0574 3.4661 2.7084 3.2537 5.7152 4.7774 5.2783 5.3746 5.4783 4.5036 5.6871 4.6677 5.9083 5.0177 6.2419 5.8738 6.0068 4.6358
5.5015 0.7229 0.6391 1.1833 2.5801 0.9046 0.2514 1.1013 0.4339 1.2423 1.9983 1.2521 0.5703 1.3542 1.1974 1.2789 0.5629 0.7253 0.0393 0.2519
5.0416 3.7944 0.9738 4.1948 3.2441 3.9300 5.2140 4.7908 4.3031 3.2179 1.5049 5.4820 1.5762 2.7779 2.5381 3.4965 1.6238 2.8243 2.6180 4.0617
5.7387 6.1123 5.9228 0.6731 1.4697 0.6240 5.8094 0.9413 4.6793 0.5969 2.0659 1.8131 1.5545 0.1576 1.5664 1.1041 1.1769 0.0557 0.9486 0.4311
4.0690 2.9512 4.5578 3.3363 2.8128 4.0259 4.9466 4.8339 4.3722 4.3557 3.0159 4.2195 2.6372 3.4811 2.0007 2.9331 2.2703 2.5801 2.4687 3.2054
3.5728 4.9254 5.1737 5.1409 2.7294 2.3505 3.9410 1.9839 2.9357 2.0479 2.8335 0.8331 2.1504 0.3679 1.2051 6.2701 0.6992 0.4919 1.3196 5.9724
1.8721 1.6074 2.6807 1.6012 3.0590 4.5745 3.8830 4.3269 4.2582 4.5527 3.3258 3.6242 3.4499 2.6206 1.9305 2.7363 2.5138 2.5733 1.4790 2.3838
4.1031 4.2282 2.9511 2.6460 2.4460 2.4368 2.2315 2.0792 3.8247 2.3559 2.4014 1.4652 3.5367 4.2469 3.7751 4.9924 3.7371 4.4246 3.5598 5.1576
3.4961 2.5479 2.3808 1.3533 3.2898 3.6966 4.2734 4.9619 4.6531 5.0132 3.7845 4.3332 4.2393 2.0379 3.3662 1.9447 2.8514 2.1806 2.0459 2.1719
3.7584 4.2478 2.9411 3.5208 3.1839 2.9924 3.1234 3.9064 3.7866 2.9658 3.5675 3.8272 3.9705 4.5318 4.3677 5.5517 3.8853 3.9915 3.0477 4.7858
2.2425 2.0682 2.4812 0.9887 2.4713 5.9634 2.7684 0.4641 0.5373 0.8152 0.4777 0.9832 2.8161 2.2791 4.0153 2.2186 2.5190 2.3970 2.4450 1.2443
3.5499 4.1118 2.7994 4.3410 2.6943 3.1249 3.2348 3.5365 5.3845 4.0142 5.3567 4.8897 4.2251 5.5641 4.2181 4.6319 3.6906 5.0100 2.5977 3.5527
