6.0088 1.1132 5.6284 1.8480 1.6695 1.6354 0.4514 0.2427 5.2733 1.5281 0.9050 2.8290 3.9837 3.7308 4.5370 4.1231 4.5986 3.3804 3.9578 6.0140
5.8926 5.1017 5.3524 4.9585 3.2982 4.3597 4.5981 4.8434 5.6247 5.2075 0.9306 1.0263 1.2594 0.8015 0.9023 1.4577 5.2605 5.7441 5.4180 5.8893
5.7287 6.2565 5.7928 1.8230 2.2375 1.3098 1.6464 2.0765 6.2411 1.3415 1.3803 1.8108 1.8924 2.2249 1.1090 4.3855 5.7938 5.7859 6.1968 0.6871
5.5709 4.4003 4.6155 4.9656 4.8865 4.6995 3.7082 4.4130 6.2584 0.2558 1.1510 0.8325 0.9272 0.3259 0.5940 1.2733 0.4214 0.5879 6.2470 4.0901
5.9824 5.5648 3.8653 3.1039 3.4557 1.9876 2.6234 0.3805 5.8961 5.4082 0.5504 3.7393 5.9096 4.7148 5.8332 5.3448 5.7968 4.9868 5.6153 0.3549
5.4074 2.5427 3.7430 5.1667 3.7110 4.7675 3.7723 3.3620 5.9568 1.4965 1.3661 0.4306 0.4277 1.3974 0.8540 1.8475 2.0604 1.9749 4.4235 3.9175
5.2262 5.5685 3.7111 2.7609 2.6289 1.6015 1.9088 1.1427 0.0714 0.0222 0.4341 1.8291 0.0563 1.3107 0.5425 5.3485 0.5264 0.1797 5.7632 5.9403
2.6445 3.4469 4.0751 3.9313 3.6614 3.3232 3.3656 3.9952 5.7336 5.7949 6.2720 5.7325 6.1511 4.9349 5.9242 1.6562 0.8405 1.7915 2.6178 2.3847
4.1447 5.7572 5.1543 5.2928 4.1470 6.0235 0.8168 0.7090 1.1606 1.3625 0.3001 1.0835 0.2113 6.0521 6.1894 4.8895 5.0010 4.5836 4.3201 4.6612
3.1153 2.7165 4.0489 3.0471 3.8693 2.3471 6.1210 0.1368 5.9368 5.7929 0.2797 5.6050 5.4982 3.5363 0.8886 1.7486 1.1450 1.6184 2.6638 1.7094
3.5396 4.3385 4.6297 4.9033 3.6492 5.0049 5.7263 4.8637 4.7503 3.8524 6.0384 5.3039 6.0366 0.3414 0.7533 5.6630 1.7496 4.2027 3.3140 4.2065
2.6226 1.7431 2.0498 2.4955 3.4859 1.9796 1.7713 1.6562 0.0606 0.2063 1.0237 1.4542 1.1344 1.3015 1.6329 1.4994 1.2569 1.3010 2.2102 1.2578
3.3442 3.7539 3.4599 3.7867 3.4107 3.4657 3.1284 3.3374 1.9821 3.2492 3.1017 3.3775 2.5747 4.4175 2.3861 3.9196 3.0823 3.7946 2.8038 4.2912
2.1281 1.4950 2.6317 1.7268 2.1315 1.5377 1.9268 1.1599 2.2524 1.7567 3.3052 0.6993 2.4649 1.9407 1.9531 1.5766 1.6735 1.9419 2.6716 1.4504
4.2997 4.4877 3.7195 3.8944 2.6187 3.0568 2.6284 3.2142 2.8062 4.1034 3.0470 2.7815 2.2556 3.7904 3.1965 4.4259 3.4031 3.7584 3.4808 3.2365
4.5113 5.7187 4.0801 1.1778 2.0163 1.7979 1.9556 0.7749 2.1385 1.5845 1.0695 0.2263 1.2068 0.9384 2.9718 3.0636 3.1832 5.1135 4.7354 6.2211
3.4740 2.5730 4.2398 3.7388 1.7016 3.0552 2.9347 4.3817 3.0098 3.8629 2.7653 2.7739 2.6737 3.0015 3.4335 1.2549 1.6787 1.7771 4.5662 3.5171
4.7235 5.4427 4.9661 0.7821 1.2210 2.2040 1.0994 2.0949 2.7912 1.7281 1.5656 0.4848 1.1150 1.5132 3.2356 5.2180 5.0246 5.1108 5.3724 5.4923
3.6796 3.2134 4.1309 3.8458 0.3708 0.1129 0.0462 6.2341 5.2948 5.7583 5.3891 4.2982 3.8153 3.8388 3.7356 4.0896 4.4679 2.4635 3.9616 2.8125
5.5361 4.9587 5.4058 5.9088 0.9223 5.9555 0.4982 3.5154 5.0079 5.7674 5.9663 5.8704 5.6757 0.9959 1.0771 0.4472 5.6474 5.9701 5.2613 4.8423
