3.9444 2.8815 3.3429 2.7567 4.5134 3.5413 4.0594 3.4294 3.0794 2.6358 5.8603 1.6602 6.0934 2.5064 3.4928 3.7894 5.0413 2.0018 5.9134 1.5324
4.8409 5.2354 4.6207 4.9677 4.7963 0.1602 0.3265 0.1067 0.8338 5.7941 5.8464 5.0473 4.8614 5.4270 4.7546 5.5171 5.5101 4.8636 5.5653 5.1565
3.1458 5.1787 4.5033 2.7709 4.3636 2.9793 2.3785 3.0072 1.9853 2.3636 2.7360 2.4395 3.2912 3.1922 4.3733 1.9630 0.8045 6.2719 0.2471 1.3364
3.2136 2.6744 4.0332 5.3023 5.8420 0.5687 2.3110 1.3281 1.8212 4.9121 4.1219 4.7820 4.1679 5.3929 4.4299 5.3072 1.4930 1.7799 1.6113 2.9692
3.3573 5.7367 4.6271 5.0469 4.6753 4.3049 3.0132 3.7237 3.0978 3.9209 3.9955 3.4227 3.4318 3.9103 4.6943 2.4249 2.0644 2.9161 2.7302 4.3474
3.2080 3.6206 2.3850 2.4387 2.4313 2.4474 1.6972 1.3553 2.8713 1.7008 0.7973 1.4107 1.3678 0.5394 5.2395 5.4880 0.4369 0.4555 2.2703 2.7127
2.8971 1.4735 1.1726 0.1630 1.2965 5.9751 4.6850 4.1328 3.5235 5.2995 5.8122 5.3380 1.8513 3.5797 4.3064 3.2551 2.5956 3.1891 3.3269 4.5159
2.9172 3.7448 2.7156 3.2185 1.9851 3.0685 1.7638 1.4251 2.6170 1.9587 0.8431 1.6698 1.4528 0.4169 0.1373 0.8649 1.3775 1.3956 2.5956 1.7153
3.1604 2.0937 2.1783 1.5924 1.8335 6.1496 0.4491 4.2460 4.0843 5.7390 0.1666 6.0667 0.2748 5.4050 0.4951 5.2127 6.0893 4.4527 4.1252 3.7334
5.3387 4.9247 4.6659 5.2237 1.9891 1.9624 1.3903 1.5605 3.0838 2.1283 1.9592 2.6566 1.7811 1.5219 1.3870 1.3933 0.0431 1.0279 5.6747 0.1691
6.1275 1.4412 0.1788 1.7184 1.8291 0.8929 1.3639 4.2952 3.7352 5.1407 1.2914 0.1831 1.5110 5.0442 0.5547 5.0806 5.9836 6.0230 5.4243 5.1111
6.1990 6.1007 0.1920 4.9423 2.7648 3.1372 2.9643 2.2792 3.4145 1.0686 0.6515 2.9930 2.0512 2.0301 1.0323 0.5247 0.6977 2.1907 1.6226 1.5000
0.6869 0.4103 1.0400 1.2369 2.1495 6.1426 0.2741 5.4237 4.7126 4.9417 5.1432 5.9619 1.7297 5.7976 0.3147 6.2561 1.5878 1.0947 1.3237 0.1714
2.9328 3.8229 2.6851 3.9569 2.6538 2.9831 1.4684 2.5581 3.6519 2.9680 3.5859 2.3312 2.6589 2.3441 2.2456 3.5993 3.4208 3.9240 3.0057 3.6376
2.3565 0.9353 1.8965 1.3528 1.7624 0.7477 1.6380 5.2837 4.3982 4.4705 3.6305 3.0775 2.6111 2.0890 2.1821 2.1172 2.2192 2.0963 2.4044 1.8225
3.7976 3.9984 2.9102 3.8025 2.5607 3.8656 1.9050 2.1904 1.3404 0.7515 2.8761 5.4650 4.4564 5.1491 3.7325 4.4128 2.7885 4.7744 4.7461 4.3043
3.0192 1.9636 2.2571 1.3124 2.1096 1.6576 2.3935 4.5008 5.4698 4.4276 3.4543 3.1570 3.7816 2.5325 3.5083 3.1356 2.8894 2.1527 4.0068 2.4145
3.5570 4.4097 3.6172 3.5836 3.0077 5.7755 1.9008 0.9534 6.0533 0.5328 4.3945 5.3523 4.3864 5.0707 5.0303 5.9793 5.9845 4.8626 5.0902 4.9667
2.9334 2.2246 2.8790 2.5348 2.9313 2.6463 2.8173 3.8212 5.0459 3.9240 3.9449 3.0571 3.6332 3.7252 4.9131 4.3633 5.3838 0.8168 6.0965 2.3595
4.8380 4.5924 4.2279 5.5977 4.6891 5.6315 4.9741 0.3115 5.6507 5.8680 5.5962 5.4260 5.6906 5.6747 5.0369 5.9039 6.0391 5.6605 5.6616 5.5890
