4.7130 3.3230 3.4894 3.9246 4.4184 5.6860 5.4037 6.0550 4.6476 5.6853 5.6498 0.6839 1.7089 1.4539 2.0100 1.9073 4.2888 4.0953 3.9314 3.6150
5.5989 6.1601 5.7436 5.8851 5.0796 4.5466 4.0223 3.3538 3.0296 3.8218 3.9930 3.6971 2.7671 3.8819 3.0618 4.4996 3.9760 6.0476 5.2237 5.8638
4.9665 5.4511 5.9147 0.2723 0.2210 0.3597 1.4141 0.3324 2.6140 1.6566 3.0696 1.7819 2.4179 2.1591 3.1644 2.7474 3.4191 3.1063 4.6453 4.2461
6.0052 0.1584 5.8409 3.5537 2.1133 3.4514 2.3337 3.4084 2.6207 4.0139 3.1459 4.8077 3.6503 4.5743 4.5854 5.1465 4.0531 5.9681 1.0515 0.8152
5.3536 4.2684 5.2522 5.6857 0.5532 0.5155 1.3324 0.8167 1.4757 1.3465 1.9660 1.6862 2.6366 1.7552 2.8331 2.1902 4.0356 4.1529 5.5882 4.4165
6.0376 5.6635 4.9664 3.6458 4.5798 3.5232 2.3161 2.5535 1.9030 3.9355 4.9543 5.1546 4.0331 4.5305 3.5371 5.5408 4.2283 0.5112 5.6717 5.9704
2.1098 2.7561 5.8683 0.3045 4.7372 5.9804 5.9509 6.1922 1.5549 0.9422 5.8403 2.8670 3.1947 2.7414 3.4330 2.9046 3.6638 3.2384 3.9711 2.1828
1.5768 6.2527 5.5054 3.5744 3.2447 2.8744 1.6760 2.9287 3.0016 4.1549 5.0054 5.9401 5.0850 5.5816 5.2448 5.6806 4.8918 5.4174 5.4806 5.5995
2.3145 2.7194 6.0843 0.3223 4.5895 5.5319 0.4852 5.5258 5.9321 0.5137 4.4704 4.1004 4.4870 3.0075 2.4252 2.3892 0.0248 2.4094 3.6508 2.9060
0.6146 6.2107 5.7195 3.6151 4.5107 2.8968 1.8742 2.7089 4.9495 4.4694 5.4849 6.1314 5.5139 4.9562 5.9644 5.6733 5.7410 5.4052 3.9037 5.9007
0.7356 1.9618 0.0024 5.9304 4.7469 5.1457 0.1372 6.1936 0.1718 1.0117 1.0055 0.6575 0.3147 1.3144 0.1862 2.8489 3.2487 2.3635 3.3258 2.1657
5.8165 4.8040 5.1826 4.8591 4.5449 2.8149 1.5380 2.6759 2.0947 2.9925 1.6128 3.7431 6.1890 0.6816 5.9978 0.0646 5.3272 5.3485 5.2881 5.3335
5.5095 6.2542 5.8308 0.8305 6.1665 0.2312 0.1871 5.9452 1.1823 6.1899 0.2031 0.3159 0.2530 4.9191 6.0623 2.8937 3.7380 3.4440 4.4053 3.4988
5.0569 3.5259 4.8879 4.0079 5.1171 3.8190 4.0365 3.3264 2.1084 1.8872 1.3243 2.6316 1.3683 1.9475 5.7373 0.1264 4.4767 5.6641 4.9364 5.4082
5.4026 0.5768 6.2112 0.7812 5.9145 0.0332 3.3911 0.3173 0.3454 5.7719 1.3225 5.2383 4.9739 5.0128 5.0968 3.5227 4.0418 3.2835 4.2622 4.3376
4.3644 4.1101 5.9356 4.9931 5.4639 3.1658 3.1156 3.4536 3.5691 2.6552 0.9035 6.1976 6.1847 0.8512 4.5201 0.7733 4.3120 4.9149 4.0004 5.1186
3.4107 2.3820 1.8078 2.4138 5.4268 5.7510 4.4756 4.2120 3.8012 5.2658 0.9406 2.5948 5.1809 4.2100 4.5239 3.7010 4.2193 2.6458 3.1432 2.9022
3.7320 5.1925 4.4693 5.2771 4.4852 2.9166 3.7432 3.0260 3.1254 2.0418 5.5499 5.0036 5.0807 1.0340 6.0824 5.9581 4.7540 5.1356 5.2274 5.2067
2.7491 2.1994 4.9771 3.7590 4.9141 4.9126 4.6279 5.6760 4.9004 5.8541 4.9745 6.2278 6.2336 5.6646 5.1206 3.3523 3.2266 2.6823 3.3212 2.3352
4.4015 5.3705 4.4148 6.1114 4.0599 2.5281 3.9024 3.4459 4.3801 4.0471 5.1674 3.6395 2.1465 2.5943 1.6683 0.5690 5.1120 5.8406 5.2644 5.6638
