1.5626 6.2781 0.4389 0.7217 1.2515 1.1104 0.7098 0.9501 5.9048 6.2615 5.4643 5.4283 5.0898 4.5935 2.9710 1.2764 1.7212 0.3808 1.4947 0.9168
1.0481 2.8580 2.2581 3.1918 2.7473 2.2276 5.9209 6.1028 5.2169 4.3842 4.5968 3.3855 3.2945 2.0693 2.5900 3.4682 2.6872 3.5817 2.0090 2.5997
1.5710 0.5981 1.3034 0.8591 2.7682 5.7149 5.0284 4.3143 5.1654 1.4356 4.8580 6.0785 4.3857 5.0233 3.0639 1.7593 1.9451 1.1284 1.9153 6.1294
3.4170 2.5994 3.4646 3.4314 3.7960 3.1490 5.6705 0.2332 4.5768 3.7219 4.2806 3.0713 4.1547 2.6446 3.9201 3.0983 2.1654 3.2210 2.6137 4.0316
4.5377 5.3581 4.5984 5.5513 4.6291 0.2051 5.8557 0.4605 5.4512 5.5564 4.6983 6.2655 5.1166 5.5272 4.7314 5.5126 2.9302 0.8784 2.5543 0.8215
4.1283 2.6009 4.4098 3.6624 4.3310 4.9868 4.4329 4.0416 4.4122 2.9443 3.6655 2.7271 3.5012 2.9891 3.3242 2.8597 3.7802 3.2332 3.6270 3.9651
4.9313 5.8686 5.7202 0.6193 4.8709 3.9684 4.3170 0.6537 5.0326 6.0987 4.9416 4.8381 4.1000 4.8652 4.2246 4.2409 4.5274 5.3524 3.8621 0.5469
4.6688 4.0676 4.5436 4.5232 4.8986 5.3002 4.8937 3.6194 4.5830 3.5739 4.2045 3.7536 3.9888 2.5630 2.3198 2.2042 4.1932 3.1991 3.7783 4.3780
5.4392 5.8095 4.7276 4.2478 4.6945 3.7951 4.5754 6.2165 5.2177 4.5207 5.1009 5.1259 5.3662 5.7817 0.3056 5.2953 4.6009 5.4866 4.8164 5.2281
5.4550 3.9985 4.8771 6.0645 5.1265 5.5368 4.3188 4.4542 5.6564 5.5449 6.2529 0.6866 0.0415 1.7032 0.7093 2.0660 3.0699 2.9388 3.9541 2.6412
4.7833 0.0039 5.2810 3.8925 5.3911 2.2181 4.3622 0.9592 0.0392 1.1111 0.0400 5.1487 6.0171 5.6597 6.0316 5.2996 5.0020 5.4018 4.6343 4.9973
4.4466 4.4634 4.9911 5.2542 5.9368 5.5528 4.4108 3.7516 5.2075 5.7034 0.4724 1.6043 0.3402 0.0676 0.2551 3.1433 4.3683 2.8091 3.5856 2.8633
4.7475 1.6629 2.5057 1.3083 1.3620 1.6112 2.7334 1.6970 0.2355 1.8398 0.9604 5.2985 4.6143 4.7062 5.3179 6.2734 5.1014 5.5676 4.2824 5.1074
4.5184 3.5989 3.1421 4.2200 2.8860 3.4192 3.6093 5.3449 6.1124 6.1481 1.2345 2.1360 2.1688 2.1116 3.6125 3.0010 3.8263 3.0860 3.8511 3.2407
4.9876 0.0219 2.3601 1.4408 1.8888 0.8209 2.1464 1.9724 5.9446 1.2204 0.5183 0.3764 0.4793 5.3147 4.7996 4.9841 5.1635 4.8398 4.9161 0.3060
3.6614 2.7976 3.4605 3.6386 2.8806 2.8123 2.2941 4.8482 6.2667 5.2292 1.4026 2.2369 1.7418 2.4421 4.0851 3.0641 3.3628 3.1092 4.5523 3.9743
4.5123 5.4225 4.7542 6.0628 1.7469 1.4207 1.7107 1.5525 1.0941 1.4464 1.6717 1.8285 1.3212 0.5738 5.8720 0.5787 1.2233 6.2578 5.9029 6.0310
2.9143 2.7684 4.0505 2.9187 2.2445 3.2502 2.1893 4.3341 6.1573 5.4773 6.2172 6.2367 0.1897 3.6817 3.0640 2.9362 1.7032 2.6700 2.8846 2.8773
1.3366 5.7512 6.0238 0.5715 1.1525 1.0285 1.3153 1.5896 0.5191 0.9881 5.9757 5.6247 0.1101 0.2747 1.6230 0.6537 1.6161 0.2410 1.5760 0.7538
1.6427 2.1895 0.2931 2.7928 2.4638 4.6805 5.0658 4.2435 6.0868 5.0400 6.1009 0.9025 0.0173 0.9827 3.3618 3.1535 2.3035 2.9904 2.2374 3.1411
