5.7961 5.7447 0.8113 5.3663 5.8328 5.1752 5.6882 4.3335 5.9250 3.1459 1.7332 2.8131 1.7852 2.6090 0.8483 6.1812 0.0441 5.0424 4.0469 4.6178
1.1510 1.9013 1.8480 2.1359 0.4467 1.5046 5.9587 0.5171 6.2505 0.4908 1.1039 0.2726 0.5750 5.5718 6.1715 2.3187 0.2553 0.8611 3.3561 1.6603
5.0982 5.2745 5.3663 5.8258 6.1001 5.7131 6.2140 4.6805 1.4566 3.4755 2.3562 3.2612 1.6958 2.2605 0.2428 5.5356 0.0342 5.0881 4.5564 5.2875
2.9980 2.5043 3.7213 2.6620 0.4663 1.6833 0.3853 1.4448 1.4826 0.7355 0.9250 0.4852 0.5105 5.9851 1.0237 1.4968 0.8646 1.3388 2.7882 2.1548
3.0944 0.0572 5.0097 6.0876 0.6968 6.1810 0.3759 5.0135 3.8005 3.3569 1.5919 1.6573 1.5274 2.9041 1.7925 3.2763 5.6570 5.0096 3.1000 3.1631
2.6055 4.8229 4.2572 3.5498 2.0315 2.5870 1.5427 2.4154 3.2694 0.9144 1.0849 0.9086 1.3680 0.4663 1.7916 0.1975 5.7600 1.0714 2.7993 1.6369
4.0409 2.9791 3.2767 0.5893 1.6807 6.0162 0.7819 6.0533 3.3887 3.4915 2.1836 3.0645 2.6375 3.3561 2.8573 3.7776 3.5909 3.6378 3.0136 4.2630
2.2527 0.1659 2.7762 4.3409 2.2986 3.1430 1.8414 2.5443 3.1949 1.7152 1.7814 2.0111 2.2821 1.6634 1.9557 2.3795 2.8716 2.3075 2.7343 2.0327
1.9302 3.4095 3.0062 2.2482 1.9978 5.8047 1.5121 5.3185 4.2226 4.5656 4.0166 5.1667 3.7160 4.4227 3.7670 5.0125 3.6049 5.4497 3.6585 5.9615
1.9313 1.5115 2.4144 2.4190 2.9562 2.6131 1.8486 2.3522 3.3456 2.0841 3.6775 2.5084 3.0014 1.5898 2.3213 1.9759 2.9858 2.1187 3.4257 2.3198
3.8206 4.2396 3.5891 4.5916 2.6785 1.2329 1.7978 1.5249 2.8784 3.6585 3.0281 4.2218 3.8447 3.6950 2.6268 3.5516 3.8871 4.3111 3.5328 3.8903
2.8442 2.3354 2.7695 1.8063 2.1617 2.9465 2.9214 2.8151 3.4082 0.8990 2.1119 1.6513 2.6464 1.2609 1.7401 0.8178 2.7108 2.1186 2.5517 1.9075
4.0494 4.0644 3.6333 4.4566 3.8974 4.9556 4.2576 3.9060 3.5350 3.5271 3.1024 4.3281 3.6676 4.4330 4.6108 3.3634 2.7885 3.8206 3.1173 4.4452
3.4974 2.7572 3.3667 2.1987 2.7232 3.0983 3.2569 2.8316 2.6871 1.5700 2.3283 1.7209 2.1089 0.9189 6.0613 0.8335 2.6578 2.1390 2.3812 2.0060
3.6075 4.5652 3.3526 4.6036 3.9695 4.6235 4.0764 4.4733 3.8498 3.6345 3.9176 3.9169 3.1561 4.9143 6.0872 4.9754 2.7225 3.9651 3.2238 4.2272
2.0058 1.5767 2.1799 1.7421 1.9932 1.6943 2.0762 1.3742 3.7893 5.3863 5.4808 5.5116 0.9154 5.9666 0.9673 1.0008 2.3582 1.5840 2.4806 2.1562
1.2079 0.7460 1.6188 4.8097 4.2888 4.1385 3.2734 4.3290 4.0591 1.9012 5.1133 1.8418 1.3361 2.3517 1.8843 3.5324 2.8804 4.6401 2.1717 5.7641
1.9409 2.4208 1.6630 1.8614 1.3840 1.4132 2.0385 1.9991 3.3817 4.2199 5.7802 5.7442 0.9962 6.0117 0.4305 1.1683 1.5379 1.6640 2.5440 2.9499
0.5034 5.9213 5.9704 5.0459 6.2365 4.2180 5.8314 5.6122 5.7248 5.6253 5.9175 0.2190 1.1545 1.6875 1.3769 4.7865 0.2551 4.2340 3.5401 5.6711
0.6289 1.3539 0.7023 1.5263 0.7393 1.1324 0.1883 1.6590 0.2722 0.5291 0.5703 0.8751 1.3197 0.0885 1.2915 1.6010 1.1270 1.6255 3.0766 2.4884
