5.5224 1.7592 1.7677 1.2056 2.3254 0.8966 1.6278 0.2107 1.2966 1.0731 1.9923 1.7584 3.3996 4.3049 3.2358 4.1368 3.4231 4.2174 4.3441 2.0607
5.3081 4.9482 2.8701 4.1224 3.1248 4.0603 3.0058 2.7876 2.3363 3.6645 2.7286 4.2141 3.7323 1.2111 2.1867 1.4754 2.8049 1.1820 4.6238 4.6695
0.1378 0.9938 2.4775 1.7647 2.0894 1.3347 1.5576 1.6292 1.8543 1.0292 1.8955 1.4524 2.6555 4.2826 3.5029 4.4216 3.9825 4.8704 5.2980 0.5739
5.7038 4.7395 3.2081 3.0849 2.4233 3.3911 3.0498 3.5948 2.0509 3.7287 3.0033 3.3400 2.0704 1.0439 3.0634 2.1291 2.8182 1.5978 0.1844 4.9333
0.2252 0.5156 0.2275 6.2544 0.8668 0.3710 1.4019 0.2828 1.1124 1.3035 1.2781 1.3085 2.0832 2.4103 3.1189 3.5419 3.2869 5.3699 0.4244 1.0698
6.2483 6.1182 0.8625 2.0245 2.1036 3.2292 2.2882 2.7123 1.9609 3.2919 1.0937 2.8285 2.6302 4.8952 2.6101 1.1620 2.7608 2.7290 1.0049 5.5272
2.1344 2.1598 1.7534 2.1487 1.7160 0.9227 1.6746 0.5106 1.2100 0.1824 0.8404 0.2012 2.0554 1.7249 2.3687 1.6135 1.9226 0.7969 0.8729 1.9651
2.7378 4.5487 2.9154 2.0421 2.6878 3.6360 2.5453 2.4583 1.7255 2.9511 3.8004 3.5616 2.3833 3.6921 3.1756 3.8462 3.1363 3.5065 3.2961 4.2764
1.7628 1.4034 1.6545 5.9895 3.2483 1.2035 1.8315 5.9437 0.8585 0.1519 5.3026 0.0366 0.2002 0.4562 1.5585 0.8317 1.7778 1.3551 1.5274 0.9484
2.7165 3.5037 3.1238 3.5471 3.2868 3.0351 2.2394 2.4333 3.6907 3.8859 4.3538 3.3808 0.8339 3.0202 2.7352 3.3561 2.2544 2.7964 3.0533 2.6152
2.7251 2.0001 2.8223 1.0808 1.1006 0.3364 0.5167 5.5927 4.7138 5.5051 5.3638 5.7210 0.4307 0.1632 1.3110 0.4963 1.5109 5.7515 2.1277 1.8241
3.7950 4.0926 2.1135 2.3683 1.9600 2.9365 1.6933 2.3586 2.7565 3.0124 1.3179 1.5058 0.3588 2.0055 1.7435 1.7276 1.5579 2.6704 2.6423 4.4014
1.4481 1.9001 2.1276 1.5901 1.5766 0.1649 0.0643 5.5602 2.0365 0.3549 0.7236 0.3334 5.9685 6.0807 0.5988 0.0388 1.7279 0.8563 2.3054 1.2559
1.1867 5.1037 1.5464 2.1898 1.3188 1.4372 0.7647 2.0351 1.3959 2.9432 1.2637 2.4979 2.8004 3.0213 1.8740 2.9372 2.5519 2.6329 2.3330 3.1616
1.1710 1.2726 1.2800 0.3239 6.2472 5.3193 0.1821 0.6958 1.5429 0.3121 0.8102 0.9155 1.4291 1.1046 1.9209 2.5352 2.5333 2.6552 1.7291 0.7667
1.0719 5.4804 0.0284 5.8494 0.4795 1.4123 1.2190 2.3384 1.7733 2.8813 2.5766 3.0597 2.5006 4.2889 1.9620 0.5239 1.3288 0.9890 1.0169 5.8470
1.4084 2.2174 1.1533 2.5121 0.7532 0.2912 1.2651 1.6150 1.6396 0.5970 1.6062 1.4237 2.4388 1.7289 2.1496 1.8456 1.8952 3.8836 2.1110 2.5824
0.7767 5.9063 1.2690 0.6524 1.4092 1.9637 1.8165 3.6717 2.3144 2.2669 2.2605 3.7002 2.7330 5.0110 1.2659 6.1686 2.0142 1.4598 0.7916 0.2853
2.3678 2.0067 1.9070 1.3224 1.5995 1.2938 2.3502 1.1055 1.8897 1.3337 2.0557 1.6548 2.1765 1.6125 1.8437 3.1009 2.2187 3.9344 2.8415 2.7725
4.7766 4.6998 2.1536 4.2531 2.7957 3.0067 2.5721 2.5486 3.2701 2.8202 1.7642 5.4400 3.1514 2.4629 2.2437 1.2520 2.3431 1.7866 4.1639 5.0740
