2.7509 2.1622 0.4936 1.0674 6.2810 2.4646 1.7022 2.2833 1.4720 3.5951 3.4327 3.8023 3.2939 4.0310 2.2430 5.4853 6.2517 0.4418 5.9580 3.4517
5.5134 6.1623 6.1883 4.9790 6.1982 6.1850 1.2008 0.4155 0.8861 0.4013 2.7985 1.8041 2.9096 1.9441 1.8891 2.0257 0.0545 5.7935 5.6853 5.7666
6.2500 0.6027 0.8985 0.8924 1.2411 2.5484 1.9509 2.4142 1.7744 3.3769 2.6123 4.6894 5.9728 5.3214 5.7826 5.0356 5.9428 1.1469 6.0058 1.2483
5.6177 6.0307 0.0357 5.8175 1.0623 0.6952 1.2863 0.6317 1.3064 1.0230 2.4977 0.8820 0.2345 2.3167 1.3480 1.3216 1.2449 0.2193 5.1116 5.5929
4.9945 4.2515 6.1090 3.0205 2.0759 2.3208 1.5843 2.8714 2.6979 3.5260 3.2874 3.9616 0.1872 6.0129 2.9851 3.2150 2.8352 4.5216 4.4592 3.9252
0.6047 0.8564 0.8613 0.0019 0.9059 0.6937 1.4057 0.7419 2.2410 1.0993 1.7283 1.6280 2.3248 2.9693 2.7753 1.0326 2.6091 1.5961 0.6136 0.7450
2.1030 3.6905 2.2693 3.0602 2.8980 3.1970 2.3175 3.9330 3.5266 3.5864 2.8556 4.7230 1.4178 1.3066 3.2996 3.4996 3.2457 4.7372 0.3539 5.2596
1.9905 2.1537 2.1082 0.8466 2.3138 1.6300 0.8036 1.3599 1.8363 1.1817 1.9632 1.6954 1.0633 2.9971 2.5970 2.0961 2.3966 1.5979 2.1921 1.8767
2.9392 3.6893 2.7191 4.1319 3.1406 3.3192 1.7629 3.0150 2.3830 3.2404 2.2733 3.8569 1.7684 1.2848 2.4363 4.4027 5.2661 5.2567 4.4668 3.1461
0.9974 1.9816 2.0335 1.6276 1.9676 1.3825 1.2233 0.3374 0.8105 0.4129 1.6297 1.6003 1.9665 1.5245 2.9501 1.4898 1.2175 1.8363 3.4132 0.8371
0.4045 5.6825 1.1895 0.2931 1.2839 3.9492 1.6782 3.2017 0.7195 4.5335 1.8668 3.7606 2.6614 3.7944 3.7225 4.2480 4.1028 3.5898 3.3034 5.8419
1.2994 1.7620 1.7306 2.7576 1.4743 1.0851 0.7035 0.7431 0.9182 1.9132 2.1317 1.7771 1.6039 1.6922 2.8859 2.8554 2.5944 2.3572 2.7100 2.3285
0.6444 6.1506 0.2926 1.2610 0.5864 3.0581 3.2876 3.5011 3.3397 4.3264 5.7868 4.9726 5.9253 4.4497 4.6666 5.2860 1.4377 5.4117 0.8188 0.0959
1.1359 1.6579 6.2795 5.9225 0.6519 0.2566 5.4181 5.9628 5.2501 0.3899 0.3365 0.8014 0.0954 0.7047 0.5219 1.4804 0.9619 1.4777 1.3724 1.6594
0.2345 5.6156 1.2000 1.5475 1.4254 2.3180 5.2357 3.6679 3.5288 4.1773 5.1339 4.9012 5.6845 4.7142 6.2408 5.6298 6.2423 5.6245 0.2438 6.2055
0.9931 2.3046 1.6982 0.2144 1.2496 0.0863 4.9746 0.6338 1.4164 1.8376 0.5898 1.2963 0.3210 1.1669 0.5242 1.2818 1.2288 1.7596 0.5960 2.3000
6.2241 0.7952 2.0308 2.7185 2.0680 3.1882 4.0144 3.6883 5.2581 5.3219 5.8061 4.5109 5.7834 4.6453 0.2779 5.4733 0.3278 5.8726 6.2241 0.2631
4.7287 4.5202 3.1738 5.2360 0.5755 0.0623 5.6000 6.1143 0.1878 1.7709 6.1503 0.9288 1.0934 1.2138 0.1614 1.5448 1.1016 1.4627 5.5883 5.1447
5.5257 1.7344 1.3664 1.8918 1.0280 3.8262 3.7453 3.8810 0.0284 5.4758 0.6825 5.4592 1.4923 3.0408 1.6582 5.8048 0.7130 0.3138 5.7381 0.0578
4.7429 5.2943 0.3938 5.5093 0.1860 1.2940 1.1659 0.9235 0.9788 1.5214 1.9630 1.4067 1.9183 0.7667 1.9775 2.2358 1.8518 3.7001 5.7997 5.6737
