1.0346 6.0047 0.1501 0.0648 1.0046 1.1499 0.5162 1.0396 0.4433 1.5584 5.1167 1.2746 2.2397 2.3467 3.6215 2.9630 1.8738 5.9805 0.4312 0.4253
2.0862 2.9596 1.7906 2.4511 1.1501 5.8459 0.0168 5.6797 5.9678 5.3672 3.7466 4.1544 3.3522 5.4570 4.8661 0.3258 0.7261 1.8825 3.1027 3.0718
2.5011 0.8313 2.0055 0.4700 1.1040 1.5748 0.3337 1.4782 1.1052 2.1953 3.9244 1.9458 3.2171 3.1042 4.6507 4.4769 3.1814 3.4988 3.3915 3.8669
1.9928 3.4164 3.2013 3.6592 2.7049 4.9246 5.5199 5.7299 6.1537 5.6897 3.8246 4.8013 3.6419 0.1996 5.0407 1.4885 3.1781 1.2781 1.0996 1.2407
2.5075 1.4666 2.4198 2.3957 2.3003 2.0227 1.8944 2.5810 1.9506 3.0962 2.4577 2.9861 3.0261 3.5622 4.3255 4.2646 3.6042 4.2477 4.1788 3.6768
3.3576 3.6847 3.7194 3.3876 2.3164 5.9734 1.0590 0.4651 1.9273 1.5947 1.4667 6.0856 0.7935 0.9702 1.6985 1.4673 2.3228 2.5086 3.9761 1.7605
2.2377 0.8997 1.2253 1.0986 1.1245 2.4590 1.6477 2.4182 0.5411 0.5192 1.2992 2.0890 1.9455 3.0609 2.3361 1.9851 1.7628 5.6448 4.6377 4.8495
1.8899 2.3280 1.7492 5.7407 0.5630 0.3608 0.9544 6.2553 6.0419 3.1742 1.7302 0.8511 1.5409 2.0511 2.3491 1.9874 1.8671 2.3355 3.1988 1.9898
0.5732 0.2347 0.7065 2.2829 0.8216 3.1744 1.7779 1.9604 0.3836 1.0045 1.9897 2.6202 1.7230 0.8275 1.1009 2.0384 1.6246 4.6968 4.3115 5.3964
1.2610 1.6448 1.1862 0.9287 0.3873 0.0916 0.1498 5.5670 0.2475 5.2629 3.3126 3.8597 3.8110 3.7043 2.2053 3.1891 2.5473 2.7999 2.5816 2.0435
5.9302 0.0774 0.4025 4.4380 3.3316 2.9651 2.9734 2.6209 1.1225 1.4213 2.1317 1.5142 2.7336 1.0308 2.1115 0.5930 2.7589 4.8798 3.2585 4.0976
0.1319 0.9530 0.8980 1.9060 2.3262 1.7342 2.7833 5.8901 3.4231 5.1116 3.7771 4.2512 2.0167 3.7282 2.7174 3.7801 2.7853 2.1365 2.6778 1.6506
0.2173 4.5996 5.6999 5.1237 3.5308 4.3748 2.5273 2.1419 2.1404 1.9662 1.8350 0.8649 2.0122 1.5611 2.1515 1.8488 3.2366 3.8138 2.9247 3.3528
0.6915 1.0822 0.0235 1.4210 1.5123 1.2820 2.3269 3.2810 2.9470 3.5526 3.1872 3.9757 3.0503 4.0027 2.6280 4.9801 2.7003 1.6005 1.9711 0.8245
0.2098 5.3178 5.8524 5.4268 6.2666 5.6122 1.8452 1.0444 1.6267 1.8436 2.6175 1.6076 2.4595 1.9333 2.7021 2.1687 2.6854 4.3634 3.5709 4.9540
1.5427 1.7035 0.6510 2.0836 6.2285 1.6507 2.0974 3.7909 2.3289 2.2679 2.3654 4.6075 3.5250 4.4655 3.8132 4.3918 3.4151 2.2089 2.7360 2.3749
1.3987 5.6630 6.2441 5.7504 4.7789 5.3536 0.8032 1.1742 1.7944 1.3558 1.7602 2.7165 2.4547 1.7774 2.8099 2.3177 2.9211 3.3828 1.8412 1.5286
2.1361 2.5139 1.0925 2.3021 1.2858 0.9851 0.9408 5.5640 0.5085 5.5401 0.4536 5.9161 2.0241 4.4517 3.0659 3.4479 3.0118 2.3742 2.5259 2.7993
0.8334 1.1484 0.5575 6.1194 1.5247 1.4131 0.5173 1.2483 0.9748 1.9230 2.5373 2.7356 2.1410 1.5467 2.3984 2.0830 2.8612 4.5857 1.7449 6.1811
1.6376 1.4539 0.8692 1.7130 1.0082 5.4333 5.9940 4.9913 5.0343 5.1694 4.7734 5.2337 2.7765 2.7953 2.4961 0.6175 1.9238 1.9454 1.9566 3.2253
