5.2956 2.7560 3.1642 3.0118 3.6162 3.8850 4.5895 4.1675 5.7623 5.1179 6.1436 5.0152 6.0144 4.6515 5.7968 0.5444 0.2964 1.9894 0.5397 2.3629
5.7856 5.1506 4.8361 5.6920 4.3345 5.7400 5.9830 0.4363 0.2377 1.5325 0.9191 1.7971 0.9980 1.6994 5.3678 4.9495 0.8807 5.5662 6.2676 5.7854
1.1163 1.6236 1.7600 2.4417 3.4799 2.9237 0.7050 1.0747 0.1567 5.9638 0.4477 5.3785 5.9969 5.6155 0.2497 0.1344 0.7248 1.8577 0.7725 2.0219
5.7842 5.3229 0.1107 5.6044 3.8294 0.2853 6.0986 5.1363 5.0847 3.1489 2.2761 2.0875 0.1890 1.5906 0.0874 6.0888 5.7079 5.1368 5.6349 5.8618
1.3793 1.3950 1.6799 2.2201 3.2249 3.0501 5.0994 6.1097 5.3966 6.2786 2.5705 5.2728 5.9079 5.0498 5.8089 2.0760 0.3534 0.9334 0.6777 1.7189
4.7984 4.7208 4.5495 5.2388 3.0315 5.7126 4.9532 4.3157 5.4689 4.7646 2.5996 1.6952 0.0488 1.4049 5.9418 5.8052 0.2349 4.9747 4.9387 4.7450
0.0406 2.3173 2.9741 2.6048 3.1757 2.5702 2.6559 1.3464 1.2054 1.7212 1.3625 6.1354 6.1364 5.3200 5.8196 4.9784 0.0937 1.2641 0.4843 0.8401
5.2556 4.9615 4.0808 4.8613 4.7733 5.0403 3.4648 5.2784 0.7540 5.6154 0.3778 1.0580 6.2249 1.4326 0.5259 0.9229 6.2337 5.3077 5.8527 5.2747
0.8327 2.7682 2.4597 2.4906 2.2308 2.6638 1.2680 1.6093 0.6703 1.8029 1.3973 3.2448 5.9060 4.7156 4.5591 3.9239 4.5329 1.0799 0.6101 1.1573
0.3848 6.2628 0.3566 0.2806 1.3777 5.9756 0.5873 5.2209 6.0385 6.2628 6.0615 6.2828 5.8793 0.2409 5.3917 6.1004 5.2096 4.9591 5.4902 4.8353
1.1581 2.7185 1.8169 2.5003 1.2973 1.3783 1.6361 1.9775 1.2339 2.3854 5.0416 3.8951 4.6384 4.6411 4.3857 3.5831 4.2010 3.7282 5.9433 1.7883
0.6518 0.4055 0.9729 0.2491 0.7708 6.0431 0.9990 0.6025 0.1212 0.7913 6.2332 0.1324 4.9670 5.5633 3.8497 1.0886 4.9352 6.2702 6.1539 0.5955
6.0749 5.2713 0.7203 1.7469 1.5538 1.3546 0.5014 4.8516 5.4575 4.5370 5.6275 2.9314 1.5026 2.4571 3.1603 4.0087 5.7120 4.4653 4.9731 4.5076
0.4952 1.2483 0.4981 0.1184 1.4778 1.5368 1.1922 0.9415 5.6807 0.9911 5.7576 0.2100 2.1046 0.7794 1.5026 1.2870 1.0267 1.3327 0.5376 1.2042
6.2007 4.9862 4.8095 3.3581 3.1948 4.2613 4.8871 4.7559 5.9533 5.4527 5.6161 2.9246 3.0082 3.7247 6.1348 5.5707 0.3507 6.2478 0.5151 5.6009
5.7878 0.4552 0.0839 0.7022 2.4425 2.0323 2.1898 1.3999 0.0581 1.0418 6.0010 0.7318 1.2366 0.2509 0.4672 0.9899 0.7745 2.3568 0.8346 0.7179
4.3998 3.4473 4.5783 3.2819 3.3540 4.8765 4.9307 4.5563 5.0292 4.7388 4.9245 4.4422 4.3681 4.0972 5.5409 4.5183 0.0562 6.1406 0.7801 3.7745
5.5871 5.7330 0.0250 0.1725 6.1980 0.1516 5.7637 0.8687 6.1309 1.3654 5.5776 0.5770 5.7231 0.8805 0.3147 1.7015 0.2610 0.9674 6.2127 5.9863
4.8344 3.2483 3.8269 3.5318 5.0604 4.0519 5.1259 4.9154 5.7668 5.5095 5.5379 5.1988 6.1797 3.9799 6.2460 5.3766 5.9213 4.7286 6.2767 5.3362
5.4887 5.7513 5.0946 5.8485 5.3580 6.0419 4.8536 1.2678 0.7146 1.5036 0.2594 1.8420 0.3552 0.7245 6.2563 5.0117 6.0590 6.2224 6.2368 5.1263
