0.0287 0.4400 6.0031 0.3992 5.3981 0.0220 5.7281 0.7869 1.5653 0.8743 2.3122 3.2934 2.0666 2.7832 1.7513 2.2207 0.8004 1.4182 0.1414 0.8170
4.9135 4.6582 4.4333 4.4291 4.1881 3.9142 4.1115 4.1052 3.1503 3.2395 2.2695 0.7007 1.1369 0.1075 0.2792 5.8250 6.1928 5.3328 5.1395 4.8844
3.6691 2.5171 3.1813 2.2396 3.0846 1.8120 2.7610 1.8389 2.2650 1.3772 2.3093 2.7565 1.8430 2.5269 1.4481 1.9902 1.3227 2.1473 3.5377 2.8028
4.1021 5.1536 3.8363 4.6233 3.5048 4.3427 3.4173 4.0592 3.0132 3.7018 2.2304 0.5591 1.2541 0.4368 0.7564 5.9856 0.3481 5.3721 4.0046 4.9279
3.0620 2.9194 2.7305 1.9581 2.6476 1.7739 2.5998 1.5993 2.2444 1.4960 2.4076 2.3906 2.4306 2.6630 2.5266 2.1974 1.2858 2.4883 2.9972 2.5254
2.9086 1.7434 2.8575 4.1006 3.1590 3.9959 3.0887 3.9734 2.8813 3.7692 3.2855 4.3034 3.7167 4.5608 3.9993 5.1843 0.4237 5.1407 3.8064 4.7011
2.6809 3.8248 2.8152 1.4211 2.2621 1.5125 2.0145 1.6926 2.3974 1.6684 2.5236 2.1253 3.1996 2.2689 3.0895 2.3852 1.7357 2.3882 2.5000 2.5206
1.9628 1.5983 2.6832 3.5431 2.7120 3.9349 2.9453 4.1339 3.3133 4.2289 3.3867 4.3051 3.6425 4.6303 3.6935 5.9996 1.1249 0.7369 1.6795 1.1947
2.7388 3.7064 2.5941 1.1668 2.0395 1.1624 2.2610 1.6262 2.4660 2.0031 2.9480 1.9447 2.1866 2.4027 2.7167 2.7246 2.1565 3.1460 2.6720 3.6292
2.2806 1.5548 2.4018 3.6539 2.7627 3.6802 2.9585 3.7603 3.2461 4.3800 3.7709 4.6071 2.1661 0.8193 1.5498 0.7200 1.6086 0.7568 1.7087 1.3643
2.5345 3.6294 2.3108 1.0566 2.2985 1.3965 2.2754 1.6459 2.6929 1.9155 2.6428 2.1602 2.4008 3.0966 2.4267 3.1653 2.4979 3.1685 2.4676 3.1154
1.4282 1.7266 2.3967 3.2873 2.9396 3.6647 3.3150 3.8872 3.2690 4.5459 3.7722 4.7760 2.9342 1.4350 2.3573 1.0812 1.8412 0.8242 1.3363 0.3954
1.2908 0.3182 0.7176 0.6138 0.8628 0.9729 2.4762 1.9020 2.8843 1.9272 3.2882 2.5481 2.9669 2.9838 2.8731 3.2702 2.9884 3.1351 1.7020 2.5196
0.8797 3.5379 4.9542 4.2851 5.0917 3.8793 3.8425 3.5882 3.7666 4.3643 4.1410 5.2019 3.9319 5.4707 5.0571 5.9663 5.6630 0.1914 0.4108 0.8451
0.0906 6.2429 5.5774 0.0701 5.6818 6.0919 4.8483 5.7976 4.2856 4.4960 3.6068 3.3469 3.3269 3.7647 3.9428 3.6110 4.8979 4.3324 5.6719 6.0532
5.3471 4.3231 4.6962 3.9986 4.5367 3.5250 4.2728 2.9549 3.4150 2.0240 2.7787 1.5092 2.2723 0.7479 0.2927 5.9795 6.0478 0.3814 5.7040 4.4342
5.9750 0.2668 5.4386 6.2076 5.3595 5.7959 4.9059 5.4436 3.9485 4.6245 3.4345 3.7598 2.9563 3.0574 1.8724 2.0804 5.9446 5.0196 5.8156 0.5726
5.2093 4.4040 4.9248 4.0286 4.5373 3.8736 4.4227 3.4433 2.8602 2.8488 2.3378 1.5260 2.0360 0.6676 1.0291 5.7561 6.0727 5.9236 5.8268 4.5954
5.7382 0.2268 5.9804 0.1835 5.5319 6.1842 5.7247 0.1258 1.5813 1.1803 2.1125 3.1486 2.2526 3.1776 1.8453 1.8868 0.5447 1.4575 0.0806 0.8996
5.4081 4.2469 4.8482 4.0513 4.8657 3.8745 4.6092 3.4345 2.6281 3.2459 1.9983 0.7592 1.7315 0.6082 0.9417 5.7344 6.1889 5.3208 5.8163 4.7773
