2.9686 1.5088 6.1176 0.1997 5.6701 3.8164 4.9035 4.1186 5.2033 5.2158 5.3105 5.3430 5.3473 5.4015 5.6179 5.9485 0.0644 1.5587 2.9917 2.1703
4.5909 4.4605 5.3920 4.7026 5.6995 0.0525 5.7892 0.4512 5.9300 0.5574 6.0867 0.8822 0.3449 1.2149 0.1560 0.9474 6.2627 5.0123 4.8362 4.4919
5.8221 0.4228 5.9850 5.1421 5.3805 4.4341 4.9914 4.2143 5.3714 4.4052 5.3842 5.0623 5.7990 5.1903 5.7750 4.8944 0.0822 0.7410 6.2219 0.5953
5.3947 4.6748 5.8867 0.5748 0.1023 0.4663 5.9953 0.5846 5.8272 0.5547 0.1869 1.2655 0.5187 1.5651 0.0584 6.0670 6.0040 5.0143 5.8831 4.6062
0.2220 0.0871 6.1292 4.6899 5.4491 4.5176 5.3131 4.5411 5.2106 4.7096 5.9498 5.3883 6.2435 5.3734 0.0694 1.0916 0.3148 1.0221 0.3074 0.2266
1.1023 1.8752 0.4965 0.3031 0.4092 0.3437 6.1030 0.5452 6.0491 0.8207 0.3999 1.4027 0.3939 0.9243 6.0492 5.0819 5.7682 4.7093 0.6178 2.0743
0.5902 6.0284 1.0109 2.4411 1.8813 3.1469 5.2649 4.5204 5.5652 4.9419 5.6246 4.8721 5.6715 4.7102 5.8775 0.6240 6.1802 1.0010 0.6892 0.0274
1.5785 2.2111 1.1703 0.0132 0.7948 0.1613 0.1796 1.0794 0.4292 1.2288 0.0879 1.0108 6.2217 0.5423 5.6604 4.6353 4.6106 3.7504 1.7038 2.4643
0.8091 0.0135 1.1404 2.3942 1.4300 2.2504 0.0767 4.9894 5.9482 5.3542 5.1672 4.8308 4.8682 4.8681 5.2832 0.0885 5.5281 0.2054 1.1190 0.0738
1.6757 2.1434 1.4050 1.1237 0.7604 5.8600 0.1181 1.1900 0.7762 2.5387 4.0828 2.9159 3.5237 2.9348 4.1790 3.1878 4.0244 3.2291 1.8587 2.6367
0.9972 6.0906 0.4085 5.6890 0.2745 1.1802 6.0923 5.7299 5.9395 5.9733 5.1346 5.4923 4.3276 5.4905 4.5531 5.1466 4.7464 5.8371 0.7898 6.2052
1.8566 1.7432 1.0758 1.6365 0.4359 5.0570 5.6057 4.4307 4.8942 3.7146 4.5788 3.2060 4.0249 3.2182 3.6894 2.7348 3.6599 2.1820 2.1743 2.4250
3.8063 4.8738 0.2491 5.3512 0.3093 1.0909 0.2566 0.6678 5.8076 0.1092 5.0153 5.8530 5.0446 5.6174 4.9207 5.4009 4.0571 4.6515 3.3804 4.2009
2.8971 1.4203 1.0831 0.5296 0.3802 5.5191 6.1833 4.7965 5.4380 4.3721 4.7319 3.6395 4.2275 3.4876 3.9055 2.7879 3.3661 2.1089 2.6212 1.7134
3.4398 3.2392 2.0136 2.8696 1.1708 1.4968 0.2731 1.0637 6.1844 0.3934 5.5574 6.0538 5.4997 6.0574 4.5664 5.1949 3.7235 4.0418 3.0373 3.7673
5.0103 6.0459 1.2026 0.1501 0.3796 5.0390 5.5850 4.8796 5.2552 4.2522 4.8107 4.1172 4.6292 3.8596 4.1467 2.9164 2.5785 1.5222 1.8177 0.5344
3.1022 2.6065 2.3499 1.9544 0.7412 1.4350 0.2624 0.8089 5.9409 0.2153 5.4364 6.0999 5.3024 5.8240 5.3705 0.0511 1.8816 3.0853 2.2427 2.8215
4.4822 4.9148 3.9881 4.8699 5.9119 5.1101 5.8851 4.8478 5.4590 4.2146 4.7734 3.8027 4.5717 3.9147 4.5004 3.3911 1.3841 0.4519 1.3289 5.6910
3.4106 2.7204 3.3108 1.6686 0.3841 0.9846 0.1093 0.9094 6.2586 0.0758 5.4523 6.2071 5.5704 0.1439 5.8044 0.6682 1.0302 1.9621 1.9251 2.5052
4.0737 4.5782 4.4766 4.5608 5.4851 5.7428 5.7065 5.3884 5.2592 3.7867 4.5703 3.5747 4.6042 4.0972 4.9510 4.2915 5.4325 4.7616 3.6733 4.8777
