3.8875 2.7145 3.1509 2.2194 3.1558 2.3599 3.0282 3.9202 6.0393 0.7602 0.8192 1.3985 1.0716 0.8519 1.0515 2.6996 1.9729 2.6452 2.0683 3.2245
4.8932 5.5049 4.1716 4.1562 3.2194 3.7807 2.6285 1.8194 0.8186 5.8597 0.4073 5.9999 1.5200 2.5221 1.5195 0.4578 1.2988 0.2001 1.3086 0.4350
3.9317 3.2015 2.9152 1.4521 2.0867 1.1468 1.8383 0.6219 1.0722 2.0677 1.6159 2.3129 1.5425 0.7775 1.6443 1.7495 2.5293 2.5930 2.5286 3.9688
2.9124 2.0143 3.0719 3.3886 2.5611 3.3473 2.2244 2.7106 1.3298 0.5568 1.2860 0.9417 1.7349 3.3243 2.7284 3.9803 3.1759 3.8498 2.8036 2.0056
3.7147 4.1913 3.6955 6.0988 1.0573 0.4750 1.1024 0.2154 1.4729 2.9244 2.3905 3.0231 1.8891 1.2359 1.7858 1.4014 2.5502 1.4318 3.0835 4.1708
2.8672 2.1599 3.0850 2.6210 2.4036 1.9260 1.9738 2.0689 1.8842 0.8525 1.7659 0.9923 1.6945 3.3464 2.7211 3.7295 3.0030 3.8348 3.3720 1.9605
3.9431 4.7007 3.7902 4.2694 3.2116 4.0144 3.1556 3.9071 2.8270 3.5388 2.6838 3.3418 2.0499 1.1394 1.9307 1.0798 1.9813 1.4062 3.3936 4.5632
3.0686 2.0889 2.7565 1.6153 2.5020 1.7013 2.4698 1.6253 2.2662 1.1696 1.8454 0.7001 1.8116 3.2497 2.7283 3.5055 2.6828 3.7260 3.3273 2.3718
3.9506 4.5539 3.3912 3.6784 2.9329 3.6451 3.4286 3.2122 3.0345 2.7678 2.4693 2.0773 1.7374 0.9350 1.8326 1.0408 1.8847 0.3919 3.8889 4.8442
3.2012 2.4944 2.9310 1.4788 1.7283 0.3229 4.2824 5.2398 4.3030 5.1572 3.6023 4.1027 2.5525 3.2848 2.6562 3.5050 2.3120 3.3525 3.7350 2.6397
4.1673 4.0872 3.9694 3.4781 2.4606 3.2854 3.9078 2.7722 3.4930 2.6291 2.8233 1.7998 2.0176 0.9109 1.7142 0.8135 1.8798 0.1546 4.9146 5.2335
4.5500 6.0181 5.0298 0.1152 1.1289 6.1230 4.6272 5.3775 4.4205 5.0379 3.5498 4.4157 3.0689 3.5340 2.5167 3.1064 2.3530 3.0940 3.9334 3.1491
4.5435 3.4452 3.9634 3.0076 2.0415 2.8658 4.0071 2.9517 3.7521 2.4920 2.4429 2.2233 2.0914 1.1013 1.8419 0.6910 1.1739 0.1830 5.1453 5.4247
4.4295 5.6353 5.0360 5.9963 0.6774 5.8777 4.6483 5.1666 4.5022 5.7970 1.7223 0.6547 2.4829 2.6252 2.9025 2.9038 2.9348 2.9678 3.9256 3.3713
4.4146 3.4024 4.2394 2.9535 1.6762 2.6028 3.3145 2.5491 3.5335 2.5727 2.7223 2.9316 3.6399 4.7400 3.9063 5.1633 4.3752 4.5344 4.6963 4.6661
5.2048 5.6564 5.1312 6.0636 0.7602 5.7758 4.0579 4.8271 4.1395 3.9005 3.8932 4.9428 3.7367 2.6901 3.4273 2.7797 4.1439 0.4183 5.1972 5.9844
4.1021 3.3438 3.8080 2.5934 2.4638 2.5686 3.2638 2.9032 4.1736 5.8093 4.0886 2.8991 4.1966 5.0715 4.5139 4.6530 4.5248 3.8996 4.4881 3.4855
4.8920 5.5851 4.4353 5.0559 4.1106 5.1583 4.1795 5.2202 4.5025 3.4826 4.4449 4.4982 4.6145 3.8170 4.9875 6.0986 5.5967 0.2250 5.4810 6.1692
4.3518 3.0312 3.8938 2.5817 3.0963 2.2220 3.4102 3.1406 4.7250 6.0593 5.6412 0.2602 5.8816 0.3314 5.5066 4.1406 5.0957 4.3517 4.8713 3.7723
5.1736 5.4605 4.4109 4.7330 4.0537 4.7814 4.1499 5.3010 4.9177 4.3131 5.2019 4.5500 5.4359 4.7785 5.8634 0.3032 0.8055 0.5780 0.5836 0.3352
