6.2501 5.9375 0.5515 6.0929 0.8415 5.9104 4.4110 5.6199 6.1523 5.4487 5.6513 4.7702 3.5792 4.1916 3.5874 5.0638 6.1668 5.1019 5.8789 5.3328
0.6053 1.5104 1.0575 2.5601 2.1313 2.9447 2.9985 2.8146 2.2866 2.3833 2.5996 1.7624 2.8411 2.0975 2.9115 1.7344 0.6125 1.1904 0.0954 0.9234
5.6362 5.5489 6.1860 0.6362 1.6779 1.2418 2.0716 1.0881 2.0802 2.1506 2.6431 3.1107 3.6593 4.4095 4.1694 5.1353 5.4679 4.6477 5.1083 4.2694
5.6874 0.2181 5.3053 4.5878 3.9632 4.1148 2.9851 3.7455 2.9625 4.0558 3.9570 4.8200 3.9064 2.8099 3.6254 3.1949 5.2444 0.4377 6.1468 0.0624
4.9748 3.8369 4.1340 2.7986 3.0957 1.8214 2.4474 1.3582 2.4375 1.9744 3.0566 2.9193 3.9913 5.2807 4.5408 5.6422 5.0319 5.0605 5.0086 4.2314
5.5528 6.1479 5.0829 5.4141 3.9931 4.3836 3.2887 3.6772 3.2822 4.5896 4.3069 5.0225 3.9589 2.9292 3.7459 3.3257 4.1961 3.5927 4.6290 0.2886
4.2151 3.8997 3.9960 3.3968 2.9870 1.6787 1.7671 1.0298 2.2895 2.3059 3.4763 2.7185 4.0213 4.2642 4.5402 5.5975 4.7422 5.1541 4.4949 4.1946
3.1797 2.0618 3.1753 1.9076 2.5157 3.5943 2.5758 3.3126 2.2208 5.7422 4.6856 5.4330 5.2724 5.8452 4.6996 3.2768 4.1703 2.8261 3.5233 2.3716
3.8114 4.6225 4.1860 5.0815 1.6201 0.8500 1.3401 0.6284 1.4888 3.0625 3.9556 3.4998 4.4878 4.1177 5.0631 5.1465 4.8886 4.8132 4.0077 4.6543
2.9759 2.3537 2.8629 2.2046 1.5570 2.5753 1.6128 1.9697 0.8052 0.5942 5.5314 5.9041 5.4524 0.5317 6.1177 0.7317 0.0642 1.7351 3.3131 2.2808
4.1053 4.7513 4.1759 5.3010 0.1123 5.8066 0.3616 5.6517 5.9853 4.5415 4.9738 4.0495 4.8568 4.5231 5.4568 4.7920 5.7293 4.8639 4.1419 4.9925
3.2513 2.4243 3.2653 2.0419 0.9844 2.1640 0.9929 1.7602 0.4738 0.6471 6.1302 0.5420 6.0271 0.4999 6.1436 0.8784 0.4709 1.7198 2.9332 2.2965
4.1124 5.1748 4.3412 5.0889 0.0690 5.7274 0.2349 5.4866 5.7856 5.0577 5.6152 4.6548 4.7377 4.5987 4.8835 4.9350 5.9183 4.9495 3.9332 4.7056
3.6280 2.8765 3.3641 2.2238 0.8070 1.5444 0.9081 1.4915 0.3423 0.9062 0.2764 1.9173 3.2900 2.3467 3.1051 1.8518 0.8349 1.6804 1.8972 2.2958
5.1598 5.2578 4.8852 5.0689 6.2580 5.1565 6.0089 5.2289 5.7938 4.8918 5.6125 4.9459 4.2715 4.8098 4.3179 5.0333 5.9638 5.5825 6.2230 5.2467
0.0714 0.1223 6.1977 0.2273 0.4964 1.1566 0.4851 1.2918 0.3281 1.0726 0.1177 2.0718 3.2755 2.4500 3.4550 2.0163 0.4550 1.4511 0.4913 1.2205
0.2904 1.6286 0.5896 1.5952 0.1865 5.3014 5.8757 5.1520 5.9270 4.9828 5.5045 4.7078 3.9777 4.8677 4.1856 5.0773 5.7879 5.2995 6.1076 5.3644
0.2598 5.9673 0.0938 5.3954 0.3210 1.5245 0.4502 1.5103 0.5852 1.2669 0.6793 1.3685 2.6958 2.1607 3.4271 2.0359 0.8069 1.2708 0.5685 1.2987
6.2688 0.3684 0.6135 0.6951 0.7883 6.0570 6.1581 5.7298 6.1962 5.2884 6.1446 4.5576 3.4826 4.5710 4.0447 5.1442 5.9809 5.0389 5.8890 5.3465
0.8406 2.2202 1.2334 2.5481 1.7797 2.8276 3.0320 2.7373 0.6811 1.2172 0.3346 1.3745 2.3444 2.0048 2.7990 1.9640 0.6169 1.1326 0.5874 1.2905
