2.3543 0.9393 0.1827 1.3195 0.2694 1.2898 0.7248 1.9141 1.4167 2.1382 1.8798 2.9269 3.0619 3.0649 2.7483 2.4249 2.6271 1.8218 2.3211 1.7603
3.2805 4.0670 5.3366 5.1411 5.9200 5.3641 0.2695 5.9586 0.7061 0.1303 1.1895 0.6039 1.9663 1.1602 2.0102 0.9582 2.1836 3.0365 2.8701 3.8736
2.1406 0.8885 6.1830 0.8982 0.4020 1.2855 1.4799 1.8949 1.9799 2.2144 2.3191 3.4407 2.9445 3.9813 2.5591 3.2285 2.2287 0.7479 2.2836 1.3130
3.2316 3.9006 4.9119 4.3884 5.6857 4.5454 3.3020 4.3549 3.1819 3.8527 2.5517 1.1177 1.7541 1.3804 1.9777 1.1215 2.1620 2.7338 2.5152 3.5756
1.6717 0.5544 5.7163 0.4330 0.1674 1.4446 2.6017 1.5494 2.1488 1.7640 2.5481 3.5233 2.8038 3.4714 2.5535 3.1268 2.0655 0.7279 1.5805 0.8763
3.4465 3.3611 4.5728 4.3536 5.0994 3.9412 4.1363 3.8370 2.8348 3.4773 2.6182 1.5277 2.2802 1.2984 1.8901 0.8214 1.8163 2.9387 2.0865 3.3791
5.0733 6.0237 5.3943 6.2304 5.5614 6.1349 5.1629 0.6498 1.9875 1.2380 2.5614 3.8736 2.9667 3.4637 2.9169 3.2683 1.5940 0.6101 1.2573 0.1033
4.2891 3.6364 4.7706 3.8067 4.8097 3.5022 3.5267 3.4761 2.7764 3.4071 2.4620 1.4565 2.1145 1.1104 1.9497 1.0094 1.6894 2.5784 2.3107 3.2324
5.3205 6.1264 5.3036 6.2419 5.5999 0.2815 2.0304 1.3222 1.7838 1.2085 2.5074 2.7289 2.9238 3.1333 2.1861 2.3239 1.4553 0.2964 1.0613 6.2802
4.2766 3.5776 4.3854 3.4949 4.4793 3.3844 2.8841 3.3423 2.6505 3.8621 3.2601 4.8553 3.7977 6.0541 0.8933 0.1781 1.1610 2.5089 1.5414 2.9445
5.0931 6.0839 5.1424 5.7323 5.3729 0.1424 0.4465 0.7794 1.5409 2.0554 2.9191 2.3279 3.0250 2.6169 2.3540 2.2891 1.6978 6.2559 0.5711 6.1154
4.3990 3.6960 4.5591 3.8637 4.8403 4.2342 5.5377 4.7169 6.0057 5.2096 4.2663 4.9340 4.1805 5.2714 3.6969 4.5614 2.2550 2.4668 1.5210 2.9877
5.5277 6.0393 5.5137 0.2012 5.7141 0.3659 6.1948 0.8184 0.1385 1.8620 3.1809 2.6769 3.2716 2.5560 2.9585 1.6633 1.1009 0.6827 0.4278 0.0846
5.1284 4.2811 4.8971 4.1640 5.0444 4.5030 5.4323 4.7490 5.7569 4.8325 4.8626 5.0001 3.9154 4.9415 3.8797 4.6985 6.0588 5.0208 5.8597 4.4711
6.2090 0.5836 5.9401 0.1856 5.5427 0.4526 6.2559 0.9717 0.2555 0.8405 6.2612 2.3654 3.2704 2.6266 3.1405 1.6916 0.5419 1.1662 0.3474 0.8556
5.3833 4.7887 5.4062 4.3867 4.9885 4.2363 5.5932 5.1545 5.8966 5.0641 5.7517 5.2438 4.0491 4.7628 4.0513 4.9809 5.7450 5.0761 5.9790 5.0527
6.0308 0.8884 0.0296 0.6883 0.0755 0.8218 0.0400 0.9792 0.5025 1.6006 0.9476 2.2801 3.0448 2.2786 3.2878 2.0874 0.3838 1.1415 0.4142 0.9207
5.0417 4.7016 4.7207 4.8662 5.2167 5.3368 5.7367 5.4690 0.0591 5.7594 0.4499 5.4283 3.9645 4.8948 4.3993 5.3405 5.8707 5.3372 6.0451 4.7669
2.6564 2.3533 3.6245 2.7775 4.0686 3.1486 6.0018 2.0089 1.2936 1.7854 1.3254 2.2400 2.9482 2.4359 3.4857 2.5157 2.8612 1.8381 1.7367 1.6925
3.1410 4.3461 4.7294 4.9551 5.3631 5.4282 5.6150 5.4691 0.5991 6.0719 0.5913 5.5739 3.9106 4.9568 4.0273 4.9187 3.5451 3.9200 3.0735 3.8116
