2.3997 1.7452 2.7152 2.1475 3.7352 3.4618 4.7315 3.8827 4.7505 3.4735 2.5936 3.0910 2.5647 3.3015 2.7294 3.4252 2.4168 1.6011 2.1300 1.3064
3.2570 3.8488 4.2841 4.4043 4.6294 5.7180 5.3083 6.1455 5.5979 0.2193 1.7085 1.1308 1.9271 1.1947 1.8598 0.9225 2.6929 4.2040 3.2393 3.7408
0.2806 0.2144 5.3987 6.0556 4.6831 4.6585 4.6254 3.8607 4.5677 3.3142 3.0123 3.5445 2.7681 3.8200 2.8530 3.0134 2.6326 1.7540 2.2712 1.2052
5.7816 4.3511 5.0337 3.6800 3.5923 2.9545 4.5434 5.8881 5.1432 6.2530 3.3900 1.0069 2.1220 1.4098 2.6681 3.9646 3.4111 4.0578 3.1773 4.5868
0.8717 0.5426 6.1107 5.8580 4.3472 5.2884 4.3553 4.0631 3.9955 3.9978 3.4519 3.8917 2.9840 3.9267 2.9315 1.9063 2.3141 1.4968 2.0416 1.0506
2.6358 3.1938 2.4090 2.3373 2.9834 3.1307 3.0686 2.8025 2.7118 2.4477 2.3999 2.1945 1.8355 2.0431 3.0396 2.8017 3.2039 3.2939 2.7881 3.3442
1.7644 1.2128 2.3097 3.1991 2.6991 1.2777 2.2609 0.8158 1.3855 0.3905 1.3606 0.2013 0.8570 5.3202 3.9808 4.9564 3.9265 0.0239 1.5881 1.1567
2.3153 3.3377 2.0514 0.6199 2.4722 3.6564 2.6440 3.0667 2.6321 3.1052 1.7625 2.7446 2.0303 2.6657 2.7952 3.0141 2.7864 3.1500 2.5218 3.4219
1.7155 1.2220 2.0303 2.5141 1.8335 2.0144 1.8811 0.7217 1.3400 0.6410 1.2935 0.5649 1.2521 0.6340 1.7253 0.8559 1.7418 1.0535 1.9725 0.8339
2.4970 3.1570 1.9178 0.2362 1.0952 6.0996 1.7197 2.9161 2.3477 2.9409 2.1287 3.1788 2.1690 3.1406 2.7061 3.3709 2.4648 3.2303 2.5566 3.2366
1.8566 0.7571 2.0409 2.2579 2.0662 1.9538 2.0004 0.9784 1.6562 0.8572 1.5437 0.7258 1.2961 0.8081 1.6350 1.0355 1.6461 0.8689 1.6406 1.0654
2.6204 3.5855 2.9791 3.7199 2.6486 3.4552 2.7143 3.7257 2.7341 3.4350 2.4156 3.1450 2.2281 3.2389 2.2811 3.2848 2.4027 3.1167 2.3210 3.3570
1.8861 1.2548 2.3521 1.2800 2.1717 1.2322 1.8069 0.6869 1.4941 0.9886 1.3775 0.7337 1.9218 1.0725 1.8153 0.9107 1.6503 0.5956 1.7378 0.9142
2.9200 3.6239 3.1256 3.6824 2.6933 3.2476 2.3801 3.2622 2.6995 3.4482 2.7475 3.3023 2.7735 3.6476 2.9408 3.5232 2.5261 3.1461 2.3916 3.0745
2.2081 1.6231 2.2366 1.4329 2.1743 1.3846 1.9110 0.9302 1.9580 1.1629 1.9771 1.2794 2.1290 1.3272 2.0433 1.1959 1.7658 1.1541 2.0538 1.0162
2.8267 3.6521 3.0445 3.8652 3.0899 3.7326 2.4016 3.5122 2.5949 3.5806 2.7509 3.7497 3.0750 3.5846 2.7261 3.6724 3.1024 3.7219 2.7770 3.7010
2.1181 1.2563 2.3179 1.6562 2.3043 1.5157 1.0743 1.0967 1.2817 1.4216 2.4292 1.6061 2.3146 1.5057 2.2353 1.3505 2.0837 1.2742 1.9512 1.3002
3.0474 3.8129 3.2636 3.9662 3.3173 4.7773 6.2016 5.5099 0.2965 5.0294 3.3064 4.1513 3.1562 3.9278 3.4069 3.9692 3.0263 3.7483 2.9975 3.8433
2.5574 1.7274 2.5409 2.0072 2.6707 1.6597 0.7475 1.4643 0.9594 2.0621 2.3406 2.1192 2.4795 2.3578 2.0978 2.1398 2.2125 1.1836 2.2364 1.4534
3.2344 4.1667 3.4831 4.3663 3.9122 5.4805 5.5709 5.7952 6.2719 0.1761 1.4961 0.8155 1.8745 0.5661 1.4306 1.0502 2.4443 3.7074 2.8710 3.6368
