5.7256 4.3464 3.4165 4.1742 3.0365 1.9381 2.8557 2.0649 2.7375 2.0502 2.1917 2.8183 2.0600 3.0797 2.4547 3.3389 2.2205 3.9224 5.0581 4.2160
0.9298 1.2682 2.5136 1.7150 3.3155 4.3128 3.5552 4.3844 3.4836 4.3194 2.1363 0.7024 1.4158 0.7299 1.6149 1.0217 1.5296 0.3741 0.1933 0.3328
2.7877 4.1231 3.1484 4.0333 3.1995 2.9719 2.9411 2.2495 2.8139 1.6802 2.4483 2.3569 2.4814 2.4257 1.6690 2.5617 1.7589 2.6340 3.1458 2.7022
3.1144 1.6055 2.3235 1.4547 2.2594 1.2948 3.1843 3.9576 3.6137 3.9787 3.4062 4.5374 3.8471 5.2072 0.8345 0.0201 1.0817 5.5691 3.5608 4.4615
3.1255 3.8512 2.8754 3.9313 2.6568 3.4960 2.8869 1.5361 2.5427 1.6402 2.6030 2.0285 3.1814 2.0978 1.1365 2.1105 2.0637 2.0257 2.8681 2.2742
2.8809 1.5608 2.0669 1.2409 2.1991 1.4398 2.7756 3.7467 2.9514 3.4392 2.7574 4.1617 4.4240 4.8808 5.6849 4.9169 3.1778 4.1109 3.4287 4.2467
2.9010 3.8822 3.1640 3.7975 2.8944 3.7834 2.5189 1.2073 1.7018 0.7744 1.7458 0.8896 6.0681 0.7333 0.6991 1.4923 2.4346 1.8903 2.6086 1.6185
3.0298 1.7108 2.3906 1.7117 2.2382 1.7713 2.6121 3.3984 2.2739 2.8849 2.3595 3.9574 4.8737 4.3150 5.5553 4.5407 3.4958 3.9760 3.0118 4.1662
3.2734 4.1791 3.3398 4.0410 3.3198 4.0651 2.7341 0.9902 1.3953 0.5636 0.6724 0.1774 5.8526 0.6061 0.0545 1.4379 2.5480 1.6301 2.5506 1.8620
3.1976 2.2539 3.0138 1.9272 2.7559 2.1393 3.2186 3.2094 3.2550 3.2229 3.8075 3.7782 4.7224 4.3111 5.3965 4.9364 3.4086 4.2165 3.3218 4.1216
3.0191 4.1362 3.5628 4.6500 3.8149 4.8025 4.2868 5.5211 4.3970 5.4729 4.8358 5.8349 5.8081 0.7060 0.1824 1.7112 2.7764 1.6612 2.8080 1.6421
2.6908 2.4446 3.1184 2.3074 3.4817 2.5738 3.6831 3.0307 4.0704 3.0573 4.0420 3.4662 4.5855 4.9275 5.0836 5.1842 4.1358 3.9332 3.8997 3.4717
1.3703 5.3881 4.2016 4.9804 4.2475 5.1870 4.6017 5.3181 4.6735 4.9567 4.9470 4.5334 4.3543 3.2798 4.2494 3.3801 4.1667 5.9314 5.1802 0.1154
2.4386 2.5048 3.2709 2.7556 3.5816 2.8083 3.8482 3.0805 4.5106 0.3508 5.8990 0.4405 5.3842 6.2010 5.1837 5.6521 4.5071 3.5963 4.0985 3.0345
4.7882 5.3651 4.2883 5.0949 4.5984 5.4189 4.6940 5.8378 4.7757 4.2596 5.2446 4.3602 4.2578 4.2702 4.2372 4.0902 4.3016 5.4052 4.6254 5.3509
3.6007 2.7410 3.4239 2.7668 3.5636 3.8153 3.5892 3.8676 5.0892 0.4727 0.0375 1.0497 2.6244 1.7995 2.4785 1.7191 2.8176 2.6991 3.7606 3.0912
5.0200 5.0371 4.0019 4.6635 3.4272 1.8458 2.6455 1.0546 5.5914 4.6140 5.5101 4.3367 3.1218 3.8322 3.1087 4.0652 3.4149 4.4562 4.5711 5.1443
0.2650 1.7145 2.8651 2.0310 3.5693 4.2784 3.5845 4.4512 5.8895 6.2026 0.3933 0.7942 2.3770 1.5659 2.3120 1.6040 2.4612 1.0845 0.0334 0.9177
5.5288 4.7998 3.5212 4.3716 3.2254 1.9330 2.5258 1.4794 6.2462 1.3983 1.2718 2.8745 2.5018 3.3677 2.9864 3.8366 3.2635 4.2035 5.5067 4.5414
0.1904 1.2769 2.5492 1.8300 3.1907 4.1770 3.6628 4.9454 5.0593 5.4553 0.6721 0.3622 1.5682 0.8188 1.7547 1.0591 1.6631 0.8879 6.2369 0.6856
