2.5217 1.5550 2.0483 0.9981 0.8531 0.5517 0.6171 1.9254 1.0442 1.9494 2.1671 1.9702 2.2271 3.6604 2.8570 3.6093 3.0010 1.9318 2.7553 1.8112
3.2561 4.0296 2.7810 4.0053 5.9492 5.2752 0.0417 5.8247 0.5278 5.9975 0.7576 0.0390 1.5101 1.0774 1.8273 0.7926 3.3947 4.2711 3.4356 4.1688
2.5196 1.6493 1.3751 1.0410 0.3204 1.3671 1.1455 2.1481 1.4961 2.3856 1.9766 2.5177 1.9109 3.0708 3.2248 3.3508 3.3872 2.2173 2.8770 2.1382
3.9877 4.9810 6.1132 5.3226 5.9363 5.5040 0.2561 6.0767 0.6203 6.0710 0.8745 0.2300 1.0243 0.1645 5.0281 5.9964 4.2571 4.5226 3.8960 4.5579
2.9667 1.5918 0.8855 1.5061 1.0522 1.5609 1.0267 1.9723 1.4795 2.4124 1.7372 2.4019 1.5816 3.6158 4.4258 3.3226 3.1989 3.1898 3.2306 3.1997
3.0314 3.9716 5.7161 5.1277 6.0184 5.3973 0.2159 6.0815 0.6326 6.1577 0.7618 6.1696 0.5150 0.7207 6.1444 0.6909 2.2770 1.7801 2.5177 1.6384
3.1140 0.7507 0.2794 0.2922 0.2110 1.4680 1.0522 2.3837 1.2132 2.2371 1.7238 2.2474 0.3673 5.0688 5.7209 4.1903 3.2907 4.2906 3.4983 4.1759
3.5562 3.1333 1.4268 2.3267 0.4174 0.3425 0.1761 0.2902 0.5143 0.4179 0.5290 0.5893 0.6740 1.0558 0.4605 1.0578 1.3094 1.9202 3.0276 2.6069
5.1740 6.2543 6.0563 6.1789 6.2193 5.0688 5.5454 4.7228 5.7374 4.7366 5.8409 4.8757 5.6475 5.0719 6.2827 5.4646 0.0297 5.3189 4.7889 5.4662
4.3149 3.9514 4.7016 4.4706 6.0188 0.9405 0.1949 1.1287 0.3186 1.1150 0.3619 1.0233 0.0794 1.3654 0.2318 1.3450 0.7921 2.2130 3.8114 3.4592
5.6673 0.0678 5.6892 0.2726 5.9630 4.9494 5.5780 5.1881 6.0435 5.1436 5.8002 5.1179 6.0182 5.3912 6.0102 5.0364 5.7088 6.0328 5.3862 0.0185
4.9496 4.1522 4.9460 4.1162 5.7835 1.0483 0.4270 1.5285 0.7014 1.4626 0.3852 1.2206 0.4898 1.5853 0.9832 1.3071 5.4178 4.0674 4.8844 4.0177
5.9677 0.3013 5.3163 0.0131 5.5710 4.9245 5.9889 5.2885 6.2462 5.5478 6.2178 5.8584 0.1636 5.8830 0.2709 5.3562 5.2913 6.1948 5.8089 0.0658
4.8140 3.9297 4.6006 3.8546 5.5466 1.0819 0.6604 1.6127 0.9273 1.6279 1.2774 2.0212 1.5332 2.0017 1.4235 2.7758 4.0331 3.5324 4.4589 4.1470
5.1935 6.0880 4.9884 5.3898 5.6340 4.8387 0.0575 5.3310 0.1020 5.6851 0.5097 0.0211 0.4921 5.7982 0.5326 5.7770 5.0721 5.9505 4.9821 6.1604
3.8444 3.8686 4.2532 2.3394 0.9254 1.4754 0.5968 1.4695 0.8048 2.0633 1.6059 2.6503 1.4485 1.6361 1.9223 2.7039 3.5372 3.6493 3.9719 3.7810
2.5815 1.3787 4.3003 5.1544 0.0723 5.5201 6.2752 5.5208 0.3920 6.2209 1.0852 0.6075 1.8006 3.9807 3.0499 4.3498 3.2526 2.1335 2.8971 1.6957
3.1562 4.0391 3.3010 2.4040 1.3519 1.9731 1.0571 1.3777 1.4554 2.7195 2.4375 3.0371 2.2559 1.5726 2.2501 1.9681 2.9470 4.1396 3.5021 4.0352
2.5061 1.5886 1.9988 0.1832 0.7086 0.0949 1.0591 2.2844 1.2660 1.0104 1.8185 1.2223 2.5275 3.7512 2.9462 3.8295 3.0695 1.9179 2.7461 1.8875
3.0896 3.6784 2.5629 3.1175 1.4847 2.4479 1.1202 6.0810 0.6245 4.4492 3.0370 3.7364 2.2048 1.1647 2.3171 1.5712 2.7150 4.1144 3.3429 4.1284
