4.7280 5.5845 4.9556 5.8077 4.5828 4.6053 4.4775 4.2332 4.2294 4.4010 3.6184 4.1978 3.3389 4.1756 3.5309 4.5700 3.8994 4.9401 4.2445 5.3025
3.8965 3.0684 4.0146 3.2924 3.8448 2.8378 3.3768 2.2216 3.0316 1.9207 2.8994 1.9860 2.8693 1.8112 3.0982 1.8554 2.9609 1.9904 3.4861 2.8711
4.5395 5.5079 4.8316 5.7279 4.5905 5.1161 4.1782 4.7815 3.9295 4.5135 3.8107 4.6209 4.0166 4.4887 3.9086 3.7604 3.6038 3.7414 3.9767 5.2333
3.8356 3.1121 3.8591 3.0278 3.9282 2.8266 3.4808 2.6160 3.3165 2.7203 3.2321 2.5349 3.3245 2.4998 3.9070 5.2479 4.3882 5.4533 4.2354 3.0161
4.5269 5.4441 4.5481 5.4646 4.4064 4.9042 3.9870 5.0168 4.2431 5.1411 3.9994 4.8577 4.3778 5.0201 3.7892 2.6107 3.7993 2.8763 4.1005 5.3496
4.0551 3.2550 3.5964 3.7388 3.3392 2.6346 3.3477 2.7053 3.7034 2.9657 3.5897 2.9205 3.8974 2.9262 4.0389 4.5037 4.8538 4.7261 4.2526 3.4835
4.7795 0.1595 2.8390 1.9127 3.0004 4.6076 4.1155 4.9897 4.2775 5.3785 5.3222 5.3840 5.2664 5.3941 5.4885 0.0611 5.6670 0.2912 5.3302 6.2415
3.7026 3.5207 3.0165 4.1278 3.0018 2.9128 2.9430 2.4538 3.2589 1.8072 0.8087 1.6224 0.9771 1.3964 6.0919 3.7626 4.3057 4.6306 4.4859 4.3111
3.0033 1.6040 2.4030 1.6481 1.8724 0.8556 1.8712 5.0143 4.4468 5.3995 0.0390 5.6929 0.2841 5.6606 6.2366 0.3606 2.9429 2.1929 3.1645 2.2393
3.7135 4.1940 3.1118 4.1202 2.8327 3.4990 2.3630 2.4430 3.5028 2.5244 1.3581 1.9982 1.2255 2.0537 1.7519 3.0533 3.0421 4.5229 3.9813 4.7848
3.2565 2.2244 2.6135 1.7059 2.2103 1.1654 2.3638 5.3366 4.2144 5.5092 0.3303 5.8624 0.5532 0.1338 0.9551 0.7006 2.5613 2.0250 3.1647 2.5288
3.8245 4.4660 3.3906 4.0465 3.1056 3.1078 2.7633 2.6250 3.1489 2.2440 2.0759 2.2104 1.5169 2.4597 1.7175 3.0991 2.6762 4.4388 3.7929 4.6397
3.1625 2.1642 2.7248 1.9693 3.2634 4.4415 3.9021 4.6371 3.7648 4.5557 3.3171 5.1297 0.8947 0.4443 1.1524 0.9009 2.2045 1.8549 3.0541 2.3284
3.8557 4.3711 3.4542 3.2471 3.1628 2.0353 3.1283 2.2026 3.1666 2.2335 2.9023 2.0590 2.1529 2.4410 2.2328 3.3816 2.7948 4.2306 3.5250 4.2278
3.1399 2.0433 3.7073 4.7665 3.8602 4.5117 3.9254 4.7296 3.8171 4.6569 3.8771 4.3301 3.3717 4.0444 2.1924 1.3698 2.2003 1.6257 2.6100 1.6366
3.6304 4.6879 3.6864 2.6743 3.1792 2.1631 3.1758 2.3765 3.1985 2.1383 3.0765 1.8388 2.6762 1.9454 2.5365 3.4856 3.1379 3.7922 3.2498 3.8186
2.9210 2.2413 3.7665 4.8521 4.2533 4.0499 4.2729 4.3208 4.3233 4.2082 3.5338 4.3212 3.4672 3.9335 2.6148 1.1304 1.8625 1.3105 2.0069 1.5742
3.8262 3.8730 4.0650 3.1528 4.4114 5.8657 4.8969 6.1270 5.5051 1.1079 2.4191 1.7446 2.3640 1.4907 2.2104 3.1419 2.2516 3.6258 2.8288 3.4523
5.0439 5.6408 4.8160 5.5744 4.5474 3.5245 4.2645 3.6356 4.9565 4.1835 3.4781 4.0504 3.1296 3.9855 2.6902 0.5368 1.5752 1.0116 2.0076 0.2209
4.2573 3.5400 4.2766 3.4150 4.5778 5.7386 5.2078 0.3265 5.3776 1.0965 2.0741 1.7053 2.4921 1.7467 2.5261 2.6028 2.5830 2.8605 3.2797 3.3795
