4.8812 5.6030 4.6471 5.3795 4.2959 4.8154 3.8198 4.4710 2.2669 3.0099 2.1922 2.8047 2.2220 3.2666 3.7962 3.0866 4.1226 5.3196 4.6839 5.5652
4.1201 3.2033 3.7465 3.0391 3.7426 2.8602 3.1011 2.3365 1.6199 0.5038 1.1778 0.4075 1.2731 0.3623 4.8348 5.5282 4.2663 3.2965 4.0664 3.3157
5.2920 5.4896 4.5614 5.5786 4.8011 5.6728 4.9675 6.2070 0.9460 2.3532 1.8146 2.9103 2.5591 3.6272 4.0423 3.9870 4.0329 4.9260 5.2674 5.4318
0.2172 2.5155 4.1689 3.1545 4.0813 3.6345 4.7576 4.2598 0.0814 6.2328 0.8599 0.5831 1.6969 1.5831 2.7729 1.8459 2.7421 1.8344 0.6835 1.2043
5.8840 5.4603 5.4334 5.2996 5.2605 5.3380 5.7377 0.7621 0.6888 2.1014 1.5209 2.7002 2.2109 4.4099 4.0420 4.4446 3.8325 4.8599 5.5920 4.8818
5.9774 0.5906 6.1573 0.4480 6.1414 0.3899 5.6084 5.8128 0.4057 6.1267 0.5334 0.2029 1.5187 2.1910 3.0505 2.4219 3.1036 1.5057 5.9892 0.6092
5.2381 4.9011 5.0550 4.1971 5.2130 4.3265 5.0982 3.0649 1.8584 2.3646 1.5596 2.0676 1.4775 5.8831 4.3210 4.8281 3.9375 4.4581 5.0992 4.4689
5.8692 0.7607 6.0377 0.2822 5.7941 0.3075 5.8257 0.4740 1.2825 0.2071 1.1101 0.3198 1.3534 2.6266 3.5988 2.6543 2.8934 1.2432 5.8286 0.4755
4.9662 4.4760 5.2219 4.1081 5.0574 4.2730 5.0000 3.2401 1.9935 2.5732 1.7923 2.7734 1.4156 6.1023 4.7700 5.2908 4.0910 4.2363 4.2341 4.4005
6.1595 0.2895 5.8732 0.5158 5.8499 0.3821 5.7732 0.1197 1.1085 0.2085 1.0077 0.1419 1.9659 2.8287 4.1150 2.9954 3.6960 1.9998 2.5128 0.9147
3.8372 4.2623 4.3800 4.5286 4.7865 4.6200 4.7533 3.5435 3.2238 2.7700 2.5487 2.4348 2.4160 0.0733 4.8496 5.2203 4.1435 4.2367 3.5106 3.9437
3.0458 2.4020 3.3178 2.4490 3.8917 3.4481 4.3694 4.3996 4.2731 4.4022 4.1715 4.2293 4.0794 3.4258 4.1190 3.3727 3.5146 2.1346 2.9426 1.9797
3.9929 4.8187 4.0530 5.0514 4.6319 5.9341 5.1898 0.2222 5.8832 0.4452 6.0661 0.4978 4.9563 6.1388 4.8013 5.8715 4.0421 4.4629 3.8541 4.4297
3.3627 2.5920 3.3818 2.6219 4.1730 3.5429 4.9462 4.3678 5.4482 4.8412 5.6784 4.6211 4.3722 4.0378 3.7254 3.6635 3.2222 1.9894 2.8551 2.3356
4.3961 4.5889 4.6617 5.2191 5.4277 5.5999 5.7990 0.7062 0.1139 0.9464 0.4497 1.7128 2.9969 1.8729 2.6035 1.9896 3.2766 4.2437 3.7018 4.6218
0.1670 0.7586 0.2039 1.2057 0.3896 1.0704 0.1139 5.4750 6.0625 5.3536 0.0692 4.8994 3.9941 4.5748 3.5077 4.2719 3.3924 2.0386 2.6181 1.5257
5.4703 4.8556 5.6594 5.1427 5.7688 5.2356 0.3007 1.8207 1.0800 1.8384 1.3363 2.2741 2.4299 2.6432 2.8140 3.3342 3.3547 4.5771 3.9860 4.7046
0.0614 1.0373 6.0688 1.2478 0.2504 1.2535 0.9280 0.3009 1.0936 0.3407 1.1279 0.5812 1.5427 1.0028 1.9937 1.3062 2.5028 2.3094 3.2794 1.7124
5.2043 5.4546 5.2170 5.2046 5.0032 4.6934 2.7729 3.1899 2.2223 2.7625 2.1657 2.8611 2.2582 3.1371 2.8605 3.2460 3.5985 4.8371 4.2975 5.1789
4.0768 3.2122 4.3891 3.2376 3.9239 2.3527 2.7287 1.5427 1.6523 0.5549 1.0302 0.4320 1.2933 6.0879 4.2613 5.2917 3.9204 3.0441 3.7534 2.9747
