2.3670 1.4329 6.1431 0.4839 5.8056 0.5911 5.9085 0.5781 1.6808 0.6003 3.3307 4.7149 3.8993 4.7450 2.3790 1.5885 2.0063 1.0660 1.8956 1.4581
3.1425 4.2867 5.2322 4.1421 4.9541 4.1987 5.2267 3.8704 2.5945 3.2163 2.7641 2.8099 2.8598 3.0816 2.6352 3.9051 3.0560 3.3340 3.1320 3.7341
2.1840 0.9119 5.7744 0.3078 5.7079 0.0695 0.3921 0.7520 1.7907 0.8502 1.8384 0.9113 1.8792 1.1507 2.3823 1.9356 3.1438 3.7121 3.2269 1.4193
3.2468 3.5463 4.4918 3.9063 4.8290 3.1328 1.6493 3.1411 2.3940 3.3709 2.5707 3.5280 2.8323 3.8873 3.0409 4.1547 3.2256 1.7663 3.0186 3.3292
5.0744 5.4253 5.6105 5.9630 5.9588 6.0574 0.8365 0.3831 1.8003 0.8415 1.7531 1.0660 2.0138 1.5590 2.6232 2.3787 3.4604 3.8330 4.1214 4.7613
6.0359 0.6015 0.0414 1.1573 0.4787 1.5445 1.0479 2.3636 2.7142 2.9090 3.1569 3.1403 3.3930 3.7185 3.9125 5.0364 4.7926 5.8418 5.2785 0.2847
5.2104 4.4697 5.6783 4.7297 5.8785 5.3865 6.0827 5.2832 4.0441 4.8962 4.3683 5.2810 4.6370 5.4602 3.9283 2.8670 3.8487 3.3718 4.3871 3.9978
5.7152 0.6463 6.0445 0.6109 0.0281 0.6367 0.4716 1.5644 3.4992 2.6894 3.7245 2.8461 3.5553 3.1541 4.0414 5.2441 4.4120 5.4276 4.9892 6.0292
4.7900 4.3848 5.2306 4.5141 5.2374 4.4707 5.5198 4.5455 4.8511 4.9811 5.0697 5.0639 4.5402 5.2267 3.4394 2.3881 3.5034 2.8039 4.0051 3.5717
5.2329 6.1790 5.6766 0.2199 5.9081 0.1610 5.9716 0.1922 0.6191 0.6805 0.5244 1.7295 2.0105 2.9017 3.1765 4.6928 4.2517 5.0960 4.7628 5.8602
4.6045 3.7767 4.6923 3.6522 4.6673 3.7444 4.4783 3.1646 1.3879 2.1512 0.6384 5.8729 0.9362 0.6397 1.9618 1.7330 2.7505 2.3806 3.6644 3.3770
5.2602 5.7637 5.8267 6.1922 5.2202 5.8722 5.3533 0.1753 0.6558 6.0922 0.8213 1.4802 1.5841 3.1587 2.4995 3.9177 3.4784 4.5248 4.0346 5.1889
0.7831 1.5817 0.6619 3.2928 4.2804 3.3651 4.1267 3.1202 1.6222 2.7021 1.4779 2.6111 1.6919 0.4935 1.6329 1.1254 2.0573 1.6645 2.4826 1.7692
5.9962 5.5947 6.2446 5.8234 4.9866 5.7136 5.3068 0.0457 0.2592 0.2836 0.4711 0.8186 1.4408 2.3946 2.1793 3.4256 2.8006 3.9481 3.2078 4.7718
0.9785 1.5930 0.8587 2.3615 3.9491 3.2743 4.4138 3.9689 5.4553 4.5775 5.8359 5.1440 0.3683 6.1231 1.0141 0.9459 1.7283 1.4196 2.4052 1.6244
0.5074 6.0042 0.1506 5.4233 4.1729 5.3227 4.7915 0.0779 6.1534 0.8429 0.3238 1.2065 1.3871 1.7662 1.6770 2.2336 2.4111 3.7877 3.2185 4.7984
1.5250 1.6228 1.0152 2.5071 3.5526 2.9403 4.1190 4.4690 4.5382 4.8418 4.8362 4.4671 3.1666 3.9401 2.9662 3.6770 2.3805 1.4820 2.2587 1.2686
3.0093 4.7332 6.1320 5.3444 4.6979 5.6718 4.3592 2.6652 3.3591 2.4340 3.4657 2.0643 2.8440 1.6057 2.1944 1.2627 2.7139 3.9523 3.1620 3.7932
2.0335 1.5260 0.3734 1.8258 3.9514 3.1741 4.4057 5.2550 4.4096 4.7607 4.0088 4.6233 3.6765 3.8611 2.9378 2.9410 2.3124 1.3800 2.0596 1.5131
3.2641 4.5642 5.4692 4.8570 5.0566 4.6886 4.6164 3.6874 3.3292 3.0316 2.9974 2.2337 2.9185 1.9147 2.4380 3.4189 3.0061 3.3811 2.6400 3.6963
