2.500000000000000000e-01 2.500000000000000000e-01 7.720000000000000000e+02
2.500000000000000000e-01 7.500000000000000000e-01 1.700000000000000000e+01
2.500000000000000000e-01 1.000000000000000000e+00 6.000000000000000000e+00
2.500000000000000000e-01 1.138889999999999958e+00 3.000000000000000000e+00
5.000000000000000000e-01 0.000000000000000000e+00 5.200000000000000000e+01
5.000000000000000000e-01 5.000000000000000000e-01 1.000000000000000000e+01
5.000000000000000000e-01 7.500000000000000000e-01 1.000000000000000000e+00
1.000000000000000000e+00 2.500000000000000000e-01 5.000000000000000000e+00
1.000000000000000000e+00 3.888900000000000134e-01 8.000000000000000000e+00
1.250000000000000000e+00 0.000000000000000000e+00 6.000000000000000000e+00
1.250000000000000000e+00 1.388900000000000134e-01 1.000000000000000000e+01
1.250000000000000000e+00 3.125000000000000000e-01 5.000000000000000000e+00
1.250000000000000000e+00 1.250000000000000000e+00 1.000000000000000000e+00
1.250000000000000000e+00 6.402350000000000207e+00 1.000000000000000000e+00
2.000000000000000000e+00 5.000000000000000000e-01 4.000000000000000000e+00
2.000000000000000000e+00 1.125000000000000000e+00 1.000000000000000000e+00
2.250000000000000000e+00 2.500000000000000000e-01 8.000000000000000000e+00
2.250000000000000000e+00 8.750000000000000000e-01 1.000000000000000000e+00
2.250000000000000000e+00 1.066330000000000000e+00 1.000000000000000000e+00
2.250000000000000000e+00 1.475000000000000000e+01 1.000000000000000000e+00
2.500000000000000000e+00 0.000000000000000000e+00 6.000000000000000000e+00
2.500000000000000000e+00 2.777800000000000269e-01 1.000000000000000000e+00
2.500000000000000000e+00 1.111110000000000042e+00 2.000000000000000000e+00
2.500000000000000000e+00 7.606810000000000294e+00 1.000000000000000000e+00
3.250000000000000000e+00 6.633000000000000007e-02 4.000000000000000000e+00
3.250000000000000000e+00 3.611099999999999866e-01 1.000000000000000000e+00
3.250000000000000000e+00 8.125000000000000000e-01 2.000000000000000000e+00
3.250000000000000000e+00 3.250000000000000000e+00 1.000000000000000000e+00
4.000000000000000000e+00 6.250000000000000000e-02 9.000000000000000000e+00
4.000000000000000000e+00 4.199999999999999845e-01 2.000000000000000000e+00
4.000000000000000000e+00 5.661199999999999566e-01 1.000000000000000000e+00
4.000000000000000000e+00 2.500000000000000000e+00 1.000000000000000000e+00
4.000000000000000000e+00 8.580000000000000071e+00 1.000000000000000000e+00
4.000000000000000000e+00 1.104847999999999963e+01 1.000000000000000000e+00
4.250000000000000000e+00 0.000000000000000000e+00 1.000000000000000000e+00
4.250000000000000000e+00 1.700000000000000122e-01 1.000000000000000000e+00
4.250000000000000000e+00 4.722199999999999731e-01 1.000000000000000000e+00
4.250000000000000000e+00 1.062500000000000000e+00 1.000000000000000000e+00
4.250000000000000000e+00 1.091272000000000020e+01 1.000000000000000000e+00
4.500000000000000000e+00 2.222200000000000009e-01 4.000000000000000000e+00
4.500000000000000000e+00 4.944440000000000168e+00 1.000000000000000000e+00
5.000000000000000000e+00 5.555600000000000538e-01 1.000000000000000000e+00
5.000000000000000000e+00 5.185950000000000060e+00 1.000000000000000000e+00
6.500000000000000000e+00 0.000000000000000000e+00 2.000000000000000000e+00
6.500000000000000000e+00 2.600000000000000089e-01 1.000000000000000000e+00
6.500000000000000000e+00 7.222199999999999731e-01 1.000000000000000000e+00
6.500000000000000000e+00 3.606809999999999850e+00 1.000000000000000000e+00
7.250000000000000000e+00 1.132800000000000057e-01 2.000000000000000000e+00
7.250000000000000000e+00 2.899999999999999800e-01 1.000000000000000000e+00
7.250000000000000000e+00 1.331630000000000091e+00 1.000000000000000000e+00
8.500000000000000000e+00 3.400000000000000244e-01 2.000000000000000000e+00
8.500000000000000000e+00 5.020410000000000039e+00 1.000000000000000000e+00
8.500000000000000000e+00 5.440000000000000391e+00 1.000000000000000000e+00
1.025000000000000000e+01 4.099999999999999756e-01 1.000000000000000000e+00
1.125000000000000000e+01 3.857999999999999763e-01 1.000000000000000000e+00
1.250000000000000000e+01 0.000000000000000000e+00 1.000000000000000000e+00
1.250000000000000000e+01 7.395999999999999797e-02 1.000000000000000000e+00
1.250000000000000000e+01 7.812500000000000000e-01 1.000000000000000000e+00
1.250000000000000000e+01 1.147839999999999971e+00 1.000000000000000000e+00
2.000000000000000000e+01 9.183700000000000196e-01 1.000000000000000000e+00
2.050000000000000000e+01 2.677599999999999980e-01 1.000000000000000000e+00
3.025000000000000000e+01 3.242890000000000050e+00 1.000000000000000000e+00
3.050000000000000000e+01 2.520700000000000163e-01 1.000000000000000000e+00
