3.7356 4.1631 4.7176 5.2756 5.5600 6.0193 4.6171 4.7242 5.7677 5.6246 4.9847 5.3418 0.8224 3.2006 2.2048 3.7381 5.8314 0.1725 2.0794 4.8944
3.8224 3.9886 4.7720 5.4706 4.4800 5.2335 4.6734 4.7403 5.2086 4.9471 5.9427 5.1084 4.5873 4.6178 2.5413 2.2734 1.2505 2.7784 2.5084 4.2710
4.3331 4.1941 4.7139 5.4599 5.3288 5.7026 5.2569 4.9532 5.3608 4.9438 5.3127 4.9779 5.6748 4.7552 4.1140 1.5793 1.1698 2.3180 0.7821 4.9420
3.8430 5.1234 4.5024 3.6415 0.2797 5.7878 3.9776 4.4091 2.5787 3.2497 5.3271 5.4681 5.0414 5.3314 3.3541 3.9405 4.1591 3.4402 2.1085 3.2607
4.4227 5.6066 5.5878 2.0197 2.3063 1.9983 1.9684 1.5683 1.9750 5.9167 5.4461 4.8747 5.0686 5.2930 4.7547 4.8802 4.8475 2.2934 2.3220 3.4666
4.5576 4.1752 5.2735 1.9996 1.6467 0.8395 1.3225 0.8308 2.0694 6.2742 1.8048 1.0287 5.3352 0.0512 4.7647 4.7541 4.0961 2.9225 2.4957 1.9491
4.5883 5.4589 5.0605 1.3808 0.7171 0.8558 1.6798 1.6674 0.2865 0.8688 0.5831 0.0569 6.2042 6.0027 3.8106 4.3915 4.1283 6.0031 5.1585 5.1770
4.0650 3.6979 3.5378 3.4556 1.5974 1.7133 1.7633 2.8245 0.8158 1.2986 1.0139 5.6092 5.6759 5.7927 5.8453 3.2900 4.9503 5.8095 5.5781 0.1441
3.8890 3.9473 3.2784 2.6239 1.9541 1.4107 2.1738 2.3490 1.6501 1.5403 4.1320 4.8203 5.7716 5.5302 4.8133 2.0824 4.3998 5.1214 4.0373 2.4842
3.6192 3.5276 2.9281 2.0497 1.8480 1.8279 0.6263 2.6701 1.0703 0.7409 0.2231 4.7390 5.3869 5.8282 3.6574 2.6052 2.9210 4.7043 0.5105 6.1569
4.0731 2.3292 1.6627 1.4667 1.6158 1.4343 1.0531 4.5441 0.0726 5.5415 0.7676 0.3444 5.4770 6.0085 6.2707 4.6367 5.7913 5.9441 5.7308 5.1654
4.2807 4.6819 4.6063 0.0260 6.0298 1.7259 1.2831 3.4940 1.3339 1.3494 0.4200 6.0592 4.8064 5.7188 5.3364 5.1595 5.9961 0.4018 0.0408 3.2647
2.6220 3.1200 3.6613 0.4791 5.4532 4.8785 2.8720 3.3251 2.3448 2.0787 5.2014 5.1148 5.4037 5.9732 5.3335 4.7738 5.6274 1.5487 2.1602 2.3775
5.5521 4.6296 4.2628 5.8387 5.2237 0.2483 5.8608 1.1959 3.1419 0.2305 6.2396 6.0168 5.8180 0.3317 5.8731 5.8364 0.1280 3.8120 2.7227 3.1015
5.0968 0.6972 6.2323 0.2343 0.6067 5.6208 0.6929 5.2495 3.2229 0.4255 0.8626 0.7322 0.8284 5.4615 6.1110 0.0596 1.3767 3.1495 2.7478 2.6828
0.1585 5.4629 5.0792 1.7777 1.1528 2.0577 0.1972 5.4703 5.1428 4.3798 1.5246 1.1517 0.4546 0.9993 6.0694 0.6005 2.0817 2.5492 3.0553 3.9626
1.4822 0.4387 0.2089 1.3070 1.7150 5.1374 4.8962 4.7142 4.1791 0.4880 0.4808 0.9286 1.1816 0.1272 3.2198 1.8502 3.0104 3.8684 2.6691 1.8178
1.6693 1.5801 1.7035 2.4467 4.1603 3.0833 4.7644 3.5630 4.7313 5.8510 0.0245 5.5445 5.5129 5.5491 5.4086 4.4591 3.2691 0.9840 1.8490 1.2843
2.3466 1.2531 0.4891 5.8377 5.1442 4.8480 5.1788 0.3260 5.8347 1.1879 6.0374 5.8828 5.1745 3.7625 2.5364 3.4297 4.6920 6.1848 5.8444 0.4030
5.4063 0.7106 6.1424 6.0309 0.3175 0.2078 5.3105 5.8218 0.4413 0.2515 0.0221 5.9794 5.3358 3.5036 2.4078 3.6576 5.0904 3.2623 2.0668 0.6536
