3.4513 2.2200 2.6467 3.9444 4.6773 3.8800 2.7179 1.9600 2.1961 2.8782 3.7544 4.3134 3.5572 3.7426 4.8745 4.3137 0.7035 6.0729 0.0297 2.2785
5.3852 2.0587 2.2220 2.3939 4.6124 3.5719 2.9537 1.4306 3.0442 2.7611 4.5699 3.7671 3.8321 4.6147 4.7875 4.3386 0.4680 6.1690 0.0021 4.8526
6.1637 5.5221 1.1563 2.3805 3.0743 2.9855 1.1765 1.0657 2.7366 3.8231 4.2567 5.2416 5.7915 5.1383 5.4362 5.2326 6.1562 5.6933 1.0413 3.8522
5.5743 4.1858 5.8942 2.0718 2.4014 2.6686 6.2632 1.2462 2.4771 2.8892 0.0592 5.8723 5.7478 0.0591 5.2572 4.5341 5.1231 0.4984 5.2057 0.0016
6.0367 1.0310 6.1575 2.8825 2.4952 2.3915 1.6785 1.1461 3.1646 4.1957 5.7086 5.3156 1.1649 0.1993 4.8642 4.9728 4.5959 5.6420 6.1365 6.1286
5.8357 1.4718 0.7348 3.4739 1.3628 1.6653 6.1822 6.2306 0.1715 0.6642 0.3609 1.2047 1.4192 0.7266 0.4182 5.5458 4.9694 4.5996 0.1869 5.9888
5.2668 3.1647 4.9258 3.6749 3.0933 6.1748 0.3741 0.0666 1.0332 5.8084 0.1625 0.2111 5.5557 5.9166 6.0256 5.4147 4.4126 4.3187 4.9706 3.9911
4.6336 4.4285 5.0937 5.1322 3.1408 4.8319 4.3413 6.0545 0.6884 5.0734 5.0074 5.3201 5.2887 5.4977 3.4997 3.4012 4.5311 4.8987 5.0714 5.3387
3.9794 4.2790 4.8921 5.0118 3.2781 5.2613 5.0366 0.3645 1.0851 4.0595 5.6858 0.8017 5.8777 5.1634 3.5875 3.6407 3.7825 4.6165 0.0698 4.7304
5.4932 5.5230 5.3286 3.7782 2.5475 2.9083 0.2128 0.9539 1.0494 1.5427 1.0616 5.6820 5.3405 4.3973 3.5119 3.3333 3.3283 3.6865 5.0173 5.9323
5.4103 4.9601 4.4105 3.8677 3.3871 2.7576 1.6037 1.6856 6.2066 0.9316 0.1636 3.8363 3.6897 4.2522 2.6657 2.3564 2.8396 4.8405 4.2965 5.5107
5.1236 4.7353 3.1865 4.1347 3.2312 3.1066 1.1499 2.4590 4.6901 4.8154 2.6451 4.1203 3.4926 3.5154 2.3638 1.9946 2.5776 4.3438 3.4361 5.9642
4.9534 5.1100 4.7037 5.4273 0.7598 1.1419 2.6148 0.8833 6.0518 0.4026 6.2517 3.6581 3.6388 4.1117 4.1117 4.4368 4.0243 4.3322 0.4526 5.6495
5.3162 5.6221 4.8460 5.9338 0.1197 0.1983 5.6082 1.0070 0.5885 0.6980 1.1768 4.8277 3.1763 5.2853 4.2723 3.9426 3.1085 3.5196 5.2600 5.5822
5.0313 4.9623 4.5232 6.1111 0.5280 0.3841 4.8230 1.5860 1.5182 0.3722 5.9987 1.3031 3.8231 4.7273 3.1397 4.2031 3.5069 3.7952 0.5064 6.1394
5.9111 5.7083 0.0587 0.4554 1.4720 1.5932 4.0370 1.9590 0.8082 0.1078 5.0602 0.5653 4.4207 3.6116 2.0787 2.6688 3.2675 4.4948 5.4069 5.0869
4.2494 4.5550 5.8742 5.9814 0.3824 0.3039 6.0551 0.2564 2.3011 1.1546 4.9903 4.6943 4.2744 3.6614 2.7095 3.7591 4.0685 4.7756 5.5375 5.0509
1.7950 6.2618 0.3173 5.9055 0.4567 5.9383 5.4765 5.3137 2.3766 2.4554 3.7992 4.4715 4.1169 2.8884 2.1106 3.2751 3.1981 5.3417 5.7557 3.9222
2.9443 1.3767 4.5083 5.4525 5.7807 5.5987 5.2626 5.8355 1.9472 2.4761 3.5631 4.1204 3.2116 2.9860 3.0669 3.3859 4.4993 4.7064 6.0756 4.1468
3.6413 3.1786 1.1406 5.9022 4.6991 4.1416 5.5510 2.3831 2.6045 3.0873 2.8872 3.9037 3.4282 2.8799 3.6000 3.7055 4.6513 5.7157 5.5681 3.5650
