3.5424 4.5756 5.3442 3.8086 2.6310 2.7074 2.8737 3.0686 2.1895 2.2032 2.2770 1.3500 2.5224 3.4664 3.0045 3.9936 4.1924 2.4763 2.8206 3.5086
3.7228 3.3990 4.1987 4.2755 3.7738 3.5111 3.1707 2.7239 0.7701 2.9353 2.9371 2.2745 1.7000 2.4115 1.5275 3.5543 3.7320 3.2066 3.3294 3.3615
3.1759 3.5400 4.3431 4.7005 5.1994 0.4422 2.1331 1.8399 0.6059 0.8448 1.0253 3.1328 2.5128 1.5652 2.4520 2.5849 4.7018 3.8150 2.7735 2.4987
4.5262 3.9664 3.8100 5.2634 5.8309 5.8229 1.4554 2.1213 0.9008 2.4391 2.1035 3.6103 3.4466 3.0964 3.0118 3.5492 5.1996 4.2954 4.5919 3.6470
5.0481 4.9388 3.4109 0.4769 4.0922 3.4616 3.4085 3.5806 2.5221 2.1215 2.9584 3.9422 2.4856 2.9285 2.0159 3.8620 3.1592 3.8705 3.5341 3.1621
4.2878 4.4219 2.7498 4.7081 3.7727 3.2253 2.3005 4.2269 4.7245 3.2762 4.3114 4.0355 4.2525 2.3000 4.5742 5.8898 5.2731 4.7145 4.6150 3.5943
3.8999 3.8530 3.7716 4.6125 3.7598 4.2485 3.8949 3.7208 4.3592 5.1133 4.4502 5.5419 4.1393 4.8912 5.1173 5.3542 4.8560 5.3292 5.3956 4.7906
3.3382 4.6380 5.8765 5.0025 4.5053 4.8385 3.1691 3.3252 4.8895 4.5246 4.0991 5.2405 5.6780 5.4834 5.9372 0.1867 1.2020 5.4980 4.3114 5.8729
5.2424 4.8472 4.8173 5.0763 3.1899 2.9195 2.9691 2.2008 4.1354 4.4557 4.7883 5.1407 5.8026 4.8699 5.9952 0.4653 5.5167 5.4491 4.8316 4.4174
5.3841 4.8448 5.7487 5.5443 5.4745 5.7164 1.3144 2.0703 5.0493 3.8532 3.6860 5.7425 0.2823 6.2471 0.6593 0.1244 5.9233 6.0654 5.8797 3.8501
4.1863 4.9506 5.2995 6.1713 5.3388 5.9451 4.6491 5.1866 4.3559 4.2416 3.0606 2.7772 3.0593 3.8120 1.5482 3.4710 3.3745 4.1998 5.0126 4.5832
5.4856 4.3323 5.1616 4.9243 4.7065 0.3789 1.0851 6.0195 0.0286 3.9204 4.5957 3.6525 3.6418 2.8266 3.7914 3.0268 2.5651 3.4453 4.4896 6.1007
5.0609 5.0301 5.9205 0.8947 0.5000 0.2995 0.0926 0.4795 5.2732 4.9777 0.1788 5.7175 0.1069 2.7198 4.7282 5.8257 4.3487 6.2102 5.7100 0.0726
5.6662 4.1291 4.6012 6.0468 0.1190 5.6533 6.2430 5.4892 4.0001 5.3265 6.1165 6.1994 5.2778 4.4795 3.2397 3.6177 5.2323 4.8162 4.7747 4.6841
3.2812 2.2424 5.9660 0.5241 0.9568 5.5731 6.1102 5.5033 4.2268 4.6224 4.6803 3.3379 4.1897 4.0203 4.0550 3.7037 3.1196 1.1093 4.3174 3.6451
2.6273 2.8015 1.6038 5.1402 6.0018 5.6181 0.3006 0.4743 5.8629 0.1987 2.5195 2.9460 0.5537 4.3554 3.4451 3.5156 3.6641 1.6878 3.2437 2.8613
2.7153 1.8485 1.5389 5.6048 4.5074 5.4171 0.2844 0.3063 0.3398 4.6395 3.3453 3.5816 1.0124 4.1719 3.8064 2.7285 2.6541 2.6815 2.9541 2.8240
2.9086 3.8236 5.3024 0.6167 5.5489 0.9959 1.1492 1.7515 1.3658 2.9543 2.3679 2.6610 1.8808 4.4246 3.0683 2.1190 1.1175 1.2774 1.3896 2.7792
2.2510 3.7964 4.8288 5.5556 5.3248 0.0994 1.0622 1.9427 0.9928 2.2115 2.2864 1.9881 2.3061 3.5823 2.6551 3.2729 3.2516 1.5965 2.1718 3.3903
3.0968 4.0425 3.7905 4.7790 2.2262 3.3437 1.8664 1.7733 1.9756 1.4035 2.5932 3.2136 3.1911 3.5030 3.0777 2.7704 2.4165 1.6825 2.4537 3.7002
