4.9751 6.0852 0.2207 1.9830 1.8942 1.4406 0.5791 5.8078 5.7826 5.7669 5.8671 1.3008 0.0649 6.2001 5.1917 4.1343 3.8014 4.0171 4.0484 4.8966
4.5198 5.3395 5.2453 3.4396 2.3995 2.4204 3.8396 5.4488 5.6181 5.5928 5.4878 5.8547 5.7172 4.7597 4.8114 3.4729 5.3480 4.6020 4.0622 4.3912
4.9521 5.4922 4.8936 3.3824 3.2086 2.5287 2.7591 1.4974 6.0733 5.0868 5.6965 0.4791 1.4640 6.0513 4.9094 4.3173 4.5717 5.2480 2.3704 4.9474
5.0682 5.7924 4.9183 4.6324 4.7342 3.8657 2.9448 5.8280 5.9602 5.6835 0.3789 0.4611 0.8282 1.6401 0.3100 5.5456 5.1004 0.2885 0.9216 5.5432
4.8959 3.0601 4.3902 5.1379 3.5163 3.1709 3.9406 5.7360 6.1379 1.4763 0.4706 4.7925 5.9534 0.3204 0.3683 5.8384 6.1845 5.0840 4.9331 5.4069
5.6108 3.5371 4.5726 1.9551 2.7425 4.7207 4.7162 4.7230 5.7869 0.7410 0.3304 5.1976 5.4837 0.1537 6.0182 5.9584 0.2597 5.0747 4.7667 4.0858
3.6122 3.1977 2.0730 2.7769 5.8901 5.2471 5.5646 5.4284 4.9935 0.6133 6.1557 4.7062 5.0044 5.4152 5.1672 5.7149 5.2661 4.8186 4.3498 3.9348
3.1171 4.4086 2.9331 3.6797 3.1447 3.7170 5.1211 4.5168 4.4378 3.9045 5.6543 5.8425 5.5041 6.0175 5.3658 5.5886 5.4795 5.2243 4.3975 3.7124
3.3125 3.4373 3.3006 4.1042 3.6245 3.0356 5.0380 5.2965 5.0829 2.5341 3.2981 5.8124 5.4244 5.2974 0.8746 3.5388 3.4342 4.3486 3.9883 3.8081
3.0977 3.1458 3.2888 2.2322 3.1296 3.4791 5.4962 5.1008 1.4507 2.5091 2.3570 1.8084 0.3829 0.0056 3.2730 3.1694 3.1843 4.5987 4.4754 3.0881
3.4197 1.8909 2.4296 1.7451 1.6321 3.8192 2.7690 2.5325 1.5743 2.1439 1.3696 0.3481 0.0984 0.4260 3.1433 2.6395 1.8813 4.6548 4.0525 3.9755
2.0897 1.2431 1.9798 2.4639 2.6084 1.9700 3.0229 2.4965 0.2226 0.2393 0.3635 0.9875 6.2694 5.3675 2.0599 2.5778 2.7248 3.1321 3.1679 2.4279
0.6472 0.5717 4.3893 2.0314 2.7788 2.3167 2.5394 2.5204 0.3401 1.0807 1.1267 1.4145 5.3325 4.8178 3.2089 3.4618 3.5772 2.1953 2.5982 2.2177
6.2561 0.1317 1.8744 2.5449 2.0321 1.7384 2.0497 1.1496 5.8368 0.0715 0.0186 1.2270 6.2303 0.5314 6.2306 2.4718 2.3115 1.3063 5.0553 3.9562
0.2848 0.3351 1.0550 0.3577 2.0948 2.5795 1.4593 0.0043 1.1037 0.0665 4.0450 4.7294 5.3630 5.2523 0.9537 1.5324 1.9684 0.7779 5.6852 0.6641
1.6357 0.3936 1.2364 6.0831 4.0842 1.1992 1.4763 5.9764 0.9619 1.3446 2.4456 4.8506 4.1400 2.9445 1.3541 5.4650 5.9403 0.8276 0.0705 0.6821
1.3271 0.4670 0.2317 0.7657 6.2300 5.7182 6.1765 0.7423 0.1162 1.1170 4.3453 4.4282 5.0369 4.0792 4.3209 4.4142 5.5107 5.7733 6.2826 0.6598
0.3658 5.9760 0.4644 1.3692 0.6844 5.9293 0.2869 0.8098 1.2431 1.1474 5.8365 4.8102 4.7725 4.6971 5.1562 5.5687 0.0773 5.6337 6.1666 0.2117
1.0761 0.4739 0.5438 1.9340 0.8689 0.5006 1.6734 0.9473 1.1448 1.3529 5.8217 4.7424 5.8040 5.1630 5.6190 5.4068 6.1041 6.1959 0.1756 1.4236
6.1224 1.5280 0.8641 1.4720 1.3058 0.5501 1.0920 0.3781 0.0481 5.6655 0.8699 6.2321 0.5289 6.2310 5.8434 4.6157 3.2911 4.9932 3.6077 4.8913
