5.5721 6.0625 1.7945 0.1639 0.7387 1.0000 2.6858 5.3945 4.5567 2.6534 3.5948 3.1336 2.6894 3.8400 5.1948 3.8925 4.4710 5.3586 4.9595 6.1679
1.0149 1.3803 0.9565 6.0076 5.5596 1.4402 2.6170 3.1331 0.2835 3.4335 3.3706 1.6370 0.5412 2.7093 0.0860 3.9065 4.2459 4.6800 2.9072 0.0406
0.8866 1.1451 1.2591 0.2129 0.1905 3.1744 4.0417 2.7317 1.0636 2.9123 3.0480 1.8021 1.0912 6.2452 0.8836 0.6943 6.1706 6.1797 5.7903 6.0325
1.4915 1.2113 1.0718 0.7774 1.3888 2.6329 1.5390 2.7045 1.3771 2.7776 3.3867 2.4872 1.6790 0.9790 1.3660 1.2245 0.8230 5.8440 0.6082 1.2197
1.4360 0.8150 2.3098 2.2517 2.0252 1.4625 2.6870 4.3445 3.8832 2.3014 2.4967 1.0555 0.4361 0.7331 0.5722 6.0332 6.0298 1.2727 0.3278 5.9648
1.6378 1.7230 1.9143 3.3507 3.0102 2.7793 2.4445 3.3372 1.9496 1.5484 1.4213 2.1376 0.5398 5.9471 6.1752 5.4875 6.0320 0.8834 0.1327 6.1965
4.5155 5.4995 4.6236 3.8262 2.8465 3.3879 3.5151 5.6956 1.4829 2.5240 1.6731 4.2498 1.0784 6.1529 5.8446 5.6951 5.0086 5.8970 5.5848 4.9475
4.3535 4.7421 4.6004 4.2503 3.2949 3.3534 3.9335 4.9350 3.8025 2.5052 1.9779 1.6936 0.8315 1.3306 0.0116 5.7141 6.1865 5.8542 5.3564 5.3263
5.2641 5.8304 5.4457 3.0173 4.4548 3.3173 3.4537 3.6351 2.1471 1.8611 1.8804 2.0184 1.3135 1.1625 5.7500 5.6110 6.0245 4.6588 1.5790 5.1296
4.1717 0.2090 5.9445 4.3757 4.5497 3.2354 1.9462 2.0163 1.7643 2.8159 2.4176 2.1436 1.9063 1.8024 0.8621 0.7432 0.5988 0.2415 1.0365 1.5931
4.9994 0.1971 3.9181 4.2544 3.8900 3.3388 5.4244 2.2047 0.6436 5.7214 1.1380 2.1101 1.0808 2.6940 1.7993 1.6636 0.3147 0.9707 0.4900 0.6782
4.6641 5.5800 4.6713 4.3641 4.4911 3.1443 4.3075 5.4557 0.6963 0.6256 0.4603 2.0260 1.5528 1.7584 2.1767 0.9841 1.1544 5.2695 5.4377 5.7382
1.3659 1.8482 3.5911 4.1162 3.5514 4.8432 4.3147 5.5024 6.1183 5.4594 0.8837 1.0348 1.6602 2.7731 1.8061 1.8006 0.9905 0.1924 0.1043 0.0942
3.4177 2.3806 3.3133 4.8494 4.1950 3.7293 2.1135 5.4807 5.5234 5.4191 5.2617 0.0652 0.5519 1.0469 1.6254 1.5174 1.1793 1.6824 0.4980 1.4752
5.6278 1.7112 2.8347 4.7130 5.3102 2.3081 4.8126 4.1755 4.9436 4.8734 4.5626 2.0116 1.2764 0.1453 1.4557 0.4879 1.7387 1.2138 1.5957 0.0730
1.3035 0.1315 0.7906 0.9555 0.6446 1.2147 5.2371 3.9818 4.8317 4.7079 0.7640 0.8487 0.3642 0.6543 1.1813 1.8441 0.2804 1.1009 2.7845 1.4027
1.7523 0.5500 0.9057 2.0668 1.3439 0.9495 0.1337 1.2507 5.1014 5.1401 4.5973 1.9063 1.3421 4.1572 0.8000 0.6802 0.2288 0.3424 2.3665 3.4714
1.6142 1.5108 1.3110 1.4013 1.0560 6.2612 5.4710 0.4441 0.0673 5.7516 5.9336 1.1922 0.7271 0.4836 1.1727 0.2341 0.7766 0.8134 2.2225 2.8807
0.9394 1.7697 0.8253 0.9307 0.4544 1.5524 0.0038 5.5614 0.2657 4.2414 0.8674 4.8091 6.1949 5.0514 1.5522 1.9704 1.3418 0.8988 0.9751 4.6296
0.8814 0.8358 2.1937 0.0389 5.9856 1.7097 0.2648 5.5060 0.0463 2.5862 2.5697 4.0819 4.4315 3.7531 2.7454 3.5449 0.7247 0.1045 5.9263 0.0609
