3.3540 2.6208 4.1688 4.0505 2.9864 4.8521 2.3345 2.5728 4.0689 3.5863 1.6524 3.8111 3.7916 3.7472 4.0125 3.6565 4.5521 5.3883 5.4048 2.8199
2.7897 2.5356 3.2660 3.7401 3.8518 4.3537 2.0379 3.3332 3.6528 4.8404 4.2760 3.7981 4.1649 4.3374 4.3034 4.8707 1.1647 4.1088 3.9003 1.8423
3.0059 2.2363 3.4187 4.0935 3.7791 3.5810 5.2798 4.1164 4.1285 1.4216 2.5741 5.2003 5.0691 4.8286 4.6335 4.0896 4.1612 4.6968 5.0705 4.6285
2.8012 2.5686 2.4287 2.7971 4.6062 4.2474 4.5849 5.4720 5.7177 5.9011 0.3571 5.0833 4.1123 3.2063 6.0392 5.0011 2.7385 3.0520 2.3496 2.5843
2.9601 1.7895 2.1696 5.9700 0.6511 2.8705 4.0247 3.6822 5.9441 5.2750 4.7740 4.8850 6.1403 0.6130 0.7541 5.9648 1.6640 2.5590 2.0822 2.3915
3.7009 2.8053 0.6873 0.9676 0.5074 2.6955 2.9510 3.5882 5.9683 5.3148 5.7204 4.1660 2.4204 5.5793 5.0048 2.2847 2.1239 1.4632 2.0988 3.7539
5.6162 5.1263 5.4528 2.1865 1.3371 1.3118 1.9705 2.5677 5.4181 5.8386 2.4394 4.2743 4.6362 5.7357 5.7784 0.7027 1.8230 1.4446 1.8279 1.1329
1.5091 1.8672 1.7641 2.2367 1.7916 2.2019 1.8208 0.8180 0.4707 0.0818 2.3433 2.7441 1.8823 5.5947 4.6233 0.9738 0.6837 0.6055 0.3313 0.2737
1.8661 3.6875 2.6612 1.8603 1.8652 1.7992 1.3242 1.3910 1.8643 3.0157 2.8046 1.3472 0.5291 0.3243 1.1459 1.7777 1.1722 0.3945 0.4415 0.5395
2.1290 2.9828 3.8708 1.2717 0.3386 0.9803 1.2859 1.1267 1.3789 3.5586 3.1568 5.4652 5.8333 1.7464 0.9504 5.9779 0.0076 0.3003 1.9514 2.4413
0.8942 1.7310 3.6860 5.7841 0.9916 2.1979 3.5014 6.0894 0.1773 2.6294 2.5269 6.2270 5.5092 0.2500 1.4749 5.3979 5.5362 5.2836 3.8752 2.5577
1.4816 3.1660 3.2451 0.4296 0.8122 1.7984 1.5191 0.7882 0.5453 1.9868 3.6207 5.7728 5.2479 4.6478 4.6995 4.1212 5.1493 3.0035 2.4666 3.5627
3.6886 3.6618 3.7535 0.0851 6.2592 0.7592 0.4996 6.2531 1.8067 1.2670 1.0152 1.4402 0.0835 5.8560 4.7340 5.2442 4.7551 1.8858 2.3592 3.7927
2.6319 2.0663 4.1696 2.8974 3.6722 2.7892 2.1326 0.4759 0.5093 3.0009 1.8643 1.4590 0.2711 6.0623 4.5573 4.5304 1.3951 1.2185 2.3955 2.0910
2.8371 2.7178 3.3129 2.7638 3.7429 1.8729 1.5966 1.4391 1.1931 3.1724 4.7723 6.2355 4.6714 5.7473 5.5262 5.0791 1.3102 2.4651 1.8707 3.2235
3.2789 2.3643 2.7892 5.2179 3.2054 3.0074 2.9025 0.7293 5.6840 4.9042 5.2924 5.8323 6.1073 5.5041 4.8990 6.1790 2.1037 1.8845 2.3889 3.0534
1.5383 3.1399 4.0793 3.9785 4.1706 3.7330 4.7464 4.9009 0.7912 4.5212 5.1613 5.3149 1.0204 0.8820 0.5579 1.0852 2.2663 1.8666 1.9245 2.4304
2.7234 3.9147 3.9180 3.2417 3.5868 3.3104 4.8897 4.6457 0.2217 0.2184 0.6507 3.8868 4.2718 5.6141 0.3040 1.7555 0.9088 1.8433 1.2724 2.5759
2.5109 3.9880 2.5138 2.3520 3.0164 3.3717 4.9227 4.5637 5.5319 5.1388 1.1433 4.1867 4.1739 5.2654 5.4694 6.0969 5.7656 5.0096 2.7826 2.5754
2.9628 3.3985 3.1389 3.1266 3.3594 2.6807 3.1665 4.1469 4.5270 3.4452 5.4685 4.6059 3.7910 4.9795 4.2155 4.2308 0.0095 5.3362 3.4761 2.7654
