1.1254 4.1008 3.5223 4.0471 3.3792 4.3278 0.5425 3.1021 0.4245 4.8338 4.6048 4.3416 4.3518 2.9976 4.0183 4.1176 3.0744 2.0156 2.8289 2.2162
2.4293 5.6278 4.0703 4.9232 3.6104 5.4218 1.2189 1.9604 0.6197 4.6464 4.2587 5.2446 0.2435 0.5964 2.3640 3.1620 2.1976 1.8192 1.5529 0.5665
1.8748 2.2707 4.8004 5.9108 5.5734 5.1263 5.4554 4.3611 0.4714 4.7033 4.6077 5.2512 2.5740 2.4965 1.6351 1.9459 1.7739 2.0711 2.6935 1.0981
1.6572 1.1979 5.9689 5.8436 5.2396 5.8106 5.5414 5.6615 1.1700 4.3345 4.1930 1.1939 2.4276 2.7208 2.0229 1.9029 3.5268 1.9432 1.2322 1.5660
0.4470 0.4545 0.4133 5.6734 5.4358 0.0144 6.2561 5.9668 6.1933 5.6023 1.0000 0.8653 1.7321 1.8486 3.5138 1.5919 2.4282 2.1430 1.8097 1.7014
1.1921 0.0338 6.0574 0.1135 0.8465 0.5680 0.3063 0.4791 0.5708 6.2806 1.0821 0.8858 1.8982 1.9140 4.1279 0.9878 2.4562 0.7917 1.3522 1.6874
1.6059 0.1420 1.0353 6.1956 0.2688 0.1142 0.1847 0.3698 3.4286 2.1305 2.5848 0.8697 2.5789 1.3601 1.7516 1.7372 1.0102 0.2095 1.7584 2.5877
1.2951 2.3288 6.1381 0.3832 0.6195 4.6091 4.9276 0.3470 5.9538 5.1048 5.8985 0.6742 4.6310 3.8277 1.1343 2.6600 3.8915 1.3118 2.1005 1.3287
2.1061 2.4501 6.1462 6.1620 1.7664 0.1794 5.0181 6.2025 4.6831 6.0410 5.9959 0.0151 4.0167 3.8550 2.0014 2.5013 1.5815 1.3747 5.9992 1.9062
1.7524 5.9762 1.0721 1.9607 0.6909 0.5772 1.3746 0.6777 5.3214 5.5942 1.0137 1.8311 2.0146 3.4339 1.4480 1.7774 2.0080 2.2469 0.0598 2.4738
2.1140 5.8149 1.1364 2.1742 0.8008 1.9044 1.2539 0.2227 5.1918 0.4635 1.6868 3.9693 3.3748 3.2907 3.4923 2.6684 2.0757 2.7430 1.2461 2.0632
3.2053 1.2826 1.4312 2.6382 2.9040 3.3214 2.6539 2.6682 2.6831 3.7566 2.8908 3.5404 3.1991 2.1947 1.3218 4.0119 3.0663 4.1597 3.8593 3.0796
2.3418 2.1953 1.6308 2.5219 2.9874 3.3838 3.0911 2.6389 2.4922 2.7139 3.1622 3.8375 2.8777 2.1914 3.2211 3.4944 4.2990 3.3622 4.4763 2.3856
1.9817 1.1774 1.0153 1.7463 1.9271 3.3404 3.0969 2.9009 2.8173 3.3021 3.4299 3.5202 2.5383 2.9576 3.5455 3.9820 4.2505 2.0835 2.6084 2.4558
1.5508 1.5215 1.0021 1.6331 2.4509 2.0859 3.2049 3.5512 3.1490 2.8188 3.5523 3.6954 4.0664 3.3970 3.9809 4.5398 3.9817 1.7093 2.1251 2.4783
5.5535 0.6028 1.8519 0.9049 2.6177 1.5772 1.9755 3.0638 2.6107 3.6933 3.1322 4.0632 3.6370 3.5295 3.7643 2.2675 3.1377 1.1780 2.7308 1.2854
3.9153 4.2520 0.0959 1.7253 3.3381 5.9866 5.7174 3.0129 1.8129 2.2358 0.8771 3.5235 4.2895 3.6775 3.7658 3.4161 3.5998 5.2085 3.4921 3.6822
3.0913 2.9271 2.3674 1.0444 0.4182 0.0358 0.4226 3.4961 2.7564 3.0818 5.9645 3.2874 5.0773 4.1751 4.7764 4.2259 4.3790 4.2379 3.3618 2.0645
3.7440 3.2006 3.3313 4.5842 4.4522 0.0599 5.4302 2.1432 2.8145 3.1310 1.0982 3.5553 5.1042 3.9066 3.8218 3.1021 4.1184 3.9105 3.4318 3.0257
2.3744 3.8815 2.9684 3.3127 3.8565 4.2000 4.8741 3.6622 2.9041 3.2750 3.2728 3.8924 4.3022 2.9890 4.3467 2.6196 3.2419 3.8570 3.5221 2.7907
