3.6179 4.4677 2.0015 0.8558 1.4032 0.8755 5.9071 1.6529 1.4563 1.9013 1.3368 2.3480 2.6897 2.3937 3.8014 3.2202 3.7658 2.9939 3.3231 2.7783
3.2824 4.6603 0.3659 1.1576 1.5008 5.7274 0.0024 2.3795 1.9148 1.6893 2.5363 3.5908 2.9498 2.2698 3.3581 3.3175 2.8303 5.4743 2.4327 2.7376
4.6525 0.6602 5.0269 0.7339 0.1924 1.0477 0.8293 1.0502 1.7732 3.7459 5.1304 3.9981 3.6239 3.4096 3.2910 3.8733 3.6361 3.3966 3.7378 4.7698
0.0413 0.2975 0.5383 0.0635 5.1008 0.4283 0.9261 1.2357 1.3784 2.8490 4.1016 3.6526 4.4214 4.1434 4.8518 4.7671 4.7436 4.6693 2.6798 1.9392
6.1647 6.0684 0.6470 0.0131 5.4082 0.0663 1.2180 1.3748 0.8072 2.1147 1.4346 0.9884 5.2104 5.1486 5.2892 3.9218 4.0867 4.7753 1.4123 3.2043
6.0519 5.6251 6.2170 0.5020 6.2391 6.0817 0.9259 0.8558 0.9824 2.1640 2.0322 0.5039 5.8143 6.0198 1.8160 3.0232 4.0902 5.3338 3.8020 5.9409
2.6055 3.3152 5.1197 4.0976 0.6488 5.5728 0.7352 1.0785 1.5899 0.6820 0.9605 6.1586 0.7352 0.6707 4.6519 4.2085 4.8304 5.6402 3.4643 3.1877
2.5424 4.3904 4.5368 5.5056 0.5755 5.9697 0.3326 0.8331 1.4967 1.1057 1.6486 1.4273 0.5519 0.1303 0.6293 5.1745 4.9664 4.4038 2.1430 3.1233
3.6521 4.4818 6.2107 5.4900 2.9264 2.1865 0.4594 1.2032 1.0761 1.1390 1.6660 0.5283 0.5221 6.0687 1.0914 5.0045 5.8646 0.8151 1.5331 2.3115
3.4320 3.2546 4.3696 3.7386 4.0456 1.5214 1.4899 0.9784 0.8887 0.1774 0.5844 1.4854 1.8378 5.5529 0.3993 5.8077 0.3026 2.2598 1.4414 3.1156
4.5569 3.0010 3.0164 2.5735 2.1925 2.7450 1.4166 0.6427 0.9533 1.3028 1.8424 0.5556 0.7921 0.5638 5.9346 5.3635 1.3053 3.1328 4.0209 3.7439
3.4884 3.8194 3.1055 3.5031 2.5496 1.6179 1.6421 4.7346 4.6854 1.0459 0.3689 1.4138 0.7530 0.5305 5.6355 4.8308 2.5807 2.6581 3.1514 3.4840
2.2795 2.7280 3.2486 3.0811 2.5050 0.9411 5.0237 5.2314 4.8513 5.5826 5.0811 0.9028 6.1703 5.5520 5.5332 4.3044 4.0546 2.6676 3.4715 3.2326
2.6829 2.3759 2.3464 3.1461 3.7686 1.8510 4.0268 5.4969 4.8434 5.1842 5.8057 5.5738 0.3325 5.4682 4.8490 6.2254 1.3960 1.5945 3.3103 3.2719
1.8590 1.4024 1.3044 2.2288 2.0394 1.2764 2.4580 3.2734 4.3534 2.0380 2.2072 1.4252 0.3876 5.6188 4.8859 5.5745 1.3405 2.0091 3.8488 2.0308
1.9221 2.2143 2.9253 1.7281 0.7230 0.1217 0.3975 3.6555 3.0166 1.9254 2.5010 1.5607 0.0416 3.2578 3.3596 5.4952 2.0722 2.3738 2.8079 2.6375
1.1344 2.4946 3.1654 2.6087 1.1025 0.0424 5.2134 4.4032 2.9362 2.0726 2.4566 3.7037 3.7858 4.0338 4.6453 4.1710 2.0848 1.5746 4.2170 2.3130
1.2330 1.8644 1.4908 1.2369 1.3891 1.8037 3.1569 4.0376 2.9073 2.9647 3.1305 3.8331 3.1595 3.5138 3.9543 4.7266 2.2322 2.6733 3.2652 2.6276
0.9335 1.7556 1.3896 2.0446 1.5744 1.7901 4.3164 4.2266 2.5447 1.6788 2.3450 2.5647 4.0121 4.0970 4.3015 4.5601 4.6662 4.6893 2.8972 0.1883
3.3028 3.0572 1.4935 0.7735 0.6894 0.1999 2.6872 3.1984 3.6205 0.8934 3.3806 3.3074 2.6978 2.5812 2.5126 3.6992 4.1625 4.3808 3.7642 2.7447
