5.7370 3.3369 3.5914 5.4829 5.0488 4.6676 3.9693 5.1084 3.0803 1.9907 2.3758 1.3366 4.2931 2.5963 1.1981 6.0600 2.3108 0.7303 2.1638 2.2280
5.9763 0.8545 1.3459 0.3045 0.7151 1.1844 2.1645 3.0600 2.5948 3.7139 3.6293 3.7081 3.1064 0.5476 0.3889 2.8827 3.0034 4.6182 1.9391 3.5653
4.9251 4.7593 4.8229 3.7698 0.4236 3.8537 2.3595 1.9218 0.7822 1.2641 2.1645 1.7945 4.0800 2.8622 1.4696 1.3409 1.7516 1.3177 1.9877 6.1611
3.1334 2.1234 4.8754 4.1276 4.9701 5.2624 5.7374 0.3955 0.0974 6.2636 6.0225 6.0307 4.8249 0.4757 5.4678 6.1861 0.8441 5.2382 1.2934 2.5422
5.9018 0.6294 5.6079 0.4678 5.5704 0.9017 6.2529 4.8704 3.8924 3.3511 5.1334 0.0974 0.0634 2.0246 0.8290 0.9008 1.4443 2.2894 2.1942 6.0650
5.5567 0.0754 4.3987 4.3260 5.3499 4.2026 5.1760 2.1246 1.9391 6.1875 0.6186 5.6102 6.2248 5.9989 0.7101 1.9674 1.0534 0.9335 1.3392 4.0735
5.7009 5.2815 0.2195 5.3421 5.9566 5.1052 5.3678 5.1637 5.4807 3.0307 2.6112 2.0847 1.4690 2.6789 1.3313 6.2010 4.5760 4.1969 5.5770 4.3332
6.1867 5.6862 5.7304 5.7111 0.0389 1.2294 4.9069 2.7358 2.1892 5.9581 0.2804 1.0552 1.4883 3.6292 3.1996 2.2336 2.9638 1.0357 6.2469 5.9687
3.7669 3.9744 1.9430 2.0295 2.7556 5.9141 5.0267 0.0753 5.6006 1.5032 2.2096 0.7883 1.8713 2.0861 2.8854 5.6302 6.2120 3.8745 4.7357 2.9452
6.1233 6.0382 5.9585 3.4777 4.6132 4.0786 2.9127 2.2097 0.0352 4.2495 2.2266 2.3635 2.0542 4.6908 1.2498 1.2998 0.9648 5.8368 5.3337 0.5920
0.5284 1.1393 0.1354 5.6138 6.2697 0.8225 3.4061 5.1923 0.3417 0.3302 4.4846 3.3568 1.8431 0.2098 6.2212 3.6960 2.4929 2.4691 1.0438 1.9370
1.8668 1.7283 2.0981 1.5041 1.6379 3.8960 1.4532 2.2319 3.0874 1.5613 1.7666 0.2047 0.2320 5.0034 3.8813 5.4690 4.2594 5.9353 0.0647 5.6038
0.9452 5.1714 2.3375 4.0743 2.1830 1.3624 1.6033 5.7064 5.2389 5.2470 0.0811 6.0343 6.0269 1.2774 2.4480 1.6670 4.5870 0.1426 5.6272 1.1310
5.9706 1.3485 1.6442 1.0428 2.3049 4.6311 2.6799 2.5270 0.3689 0.9237 5.5924 4.0501 1.9599 3.5338 3.0168 4.0997 4.6672 3.8131 4.9722 6.2808
6.0100 4.4373 3.4420 2.9980 1.9555 2.1473 1.0148 1.5281 0.6441 5.8512 0.4173 0.1939 2.7615 0.6106 3.0326 4.9485 4.1109 3.8895 2.4061 2.0122
5.9735 0.5545 0.0049 6.2746 6.1960 6.2054 0.7680 0.0653 0.9722 2.3182 2.2652 2.0033 3.2495 3.5473 3.1092 4.1999 4.4020 4.3486 1.2343 6.0068
0.1541 0.5879 4.0141 1.8944 1.4544 1.4553 0.7068 2.6061 1.0420 0.5939 3.9844 4.4134 4.0753 4.1772 4.1089 2.4292 3.6130 1.4875 1.9935 2.7726
0.1327 3.5177 2.2201 1.7517 5.4142 4.6108 4.4748 5.8476 5.4682 3.4493 3.2065 1.3159 1.9084 1.3348 2.6435 6.1051 2.4237 3.2584 3.5871 3.5238
4.5940 6.0493 5.1076 3.0032 4.9535 5.0093 4.8321 6.1276 4.8889 5.0669 5.5101 2.2945 5.0212 4.6471 4.0003 1.2604 0.9868 1.1417 2.0798 2.6623
5.7615 4.1844 5.6639 4.8512 4.1688 3.2713 4.2855 2.1182 1.1713 0.7195 0.1400 6.0257 0.6295 0.8296 2.8726 2.7096 1.8931 3.1770 3.3343 5.2751
