0.2369 1.1052 3.5092 4.8596 5.3775 0.6124 2.4243 3.5276 4.6560 4.7788 3.9823 1.6965 1.9807 1.1370 1.1389 0.4308 2.0647 3.3148 3.3452 1.7506
4.6253 4.3505 3.5684 2.2539 5.4140 1.7927 1.7260 0.3437 4.8657 5.5823 5.0159 5.4392 1.9892 3.7397 6.1903 0.4673 2.1646 1.1637 5.7981 4.9780
3.5554 4.0929 4.3884 4.1933 5.5820 0.0099 3.8304 3.7714 3.2991 2.3208 5.4932 1.6984 1.4554 0.2579 5.9239 3.5948 3.3073 5.7005 0.4467 5.3659
4.3161 3.6885 1.7536 0.5264 1.3222 2.0034 0.1825 6.1726 5.1117 5.2788 4.8290 4.7175 1.6331 4.4007 0.7230 1.9237 3.4425 5.9381 0.0391 6.1757
2.3604 1.3908 0.7030 0.5178 1.5279 4.1751 0.0579 4.6336 5.7168 0.5302 0.0111 0.2206 0.6325 0.6328 1.1317 4.6076 4.5476 2.8711 2.0374 1.7476
0.6052 5.4884 0.2953 6.2367 2.2924 3.5244 1.0433 2.5396 3.1274 4.0262 5.0365 3.9834 5.9109 4.1750 2.3825 1.3947 5.2595 4.9834 6.2679 2.4723
5.3881 4.2767 4.3840 3.6359 2.8025 1.9207 0.5181 4.7043 3.7732 4.7873 5.5698 6.2454 0.8149 1.7024 3.6162 3.6488 4.4046 5.9478 0.3272 5.7759
4.3854 4.5377 4.3970 3.8512 1.9675 2.2386 0.5942 1.2644 1.9486 1.0915 1.3733 1.0831 0.5408 0.1615 0.5200 0.4119 4.9271 5.2955 6.0648 4.4476
5.3690 4.8575 3.9347 4.3494 0.2203 6.1837 0.7702 4.8809 1.1875 2.0343 0.9309 1.9721 3.0550 2.9814 4.7213 5.8346 3.7877 2.8725 4.1110 1.0476
4.1263 2.3924 3.5172 3.0312 1.5849 0.4519 6.0873 5.7803 1.2428 2.0848 1.7195 2.8046 0.6374 0.2609 4.0492 3.5670 1.3248 3.4038 4.9494 5.4256
4.5156 4.9620 4.7629 2.5877 2.4159 3.4121 4.2639 2.9971 2.6021 4.5974 2.4264 5.9310 6.1592 5.9099 5.8163 0.4567 5.0080 0.0709 5.0273 1.6827
4.6675 0.6658 0.9147 1.0494 0.8429 0.2306 1.5219 0.1204 1.3438 2.2712 2.8074 2.8692 1.8066 1.7232 4.0749 3.1728 4.7028 4.1789 3.4862 3.3031
3.4007 2.7612 1.3302 5.6169 6.1460 2.6052 1.7355 3.3811 1.6856 3.0803 5.7070 5.9058 5.9823 3.4886 5.3087 5.9779 6.1471 5.1119 4.6895 4.8088
2.2105 1.1773 1.4309 0.9475 5.7412 5.8820 1.2291 2.2340 6.2428 0.7608 3.9484 0.8151 5.9750 6.0785 6.2607 0.5859 1.4400 1.7619 0.9634 0.8723
1.5692 4.5677 0.6389 4.7425 5.4186 0.6056 0.7143 0.2715 5.9105 0.1710 4.7801 1.5357 0.8878 4.5510 1.2595 0.1669 6.0239 4.7120 6.0913 6.0037
0.6408 0.8404 5.9341 4.8585 4.8504 5.2430 0.6811 3.6587 0.2525 3.4168 4.6344 5.3937 0.3198 0.7020 0.7594 1.8461 5.9976 0.3464 0.0791 1.5275
0.7302 5.6318 0.6742 1.6407 3.8592 2.7749 1.8391 0.6349 4.6009 5.4728 2.6481 4.2122 4.5208 3.3049 3.4892 5.1442 4.1835 4.1585 5.0843 6.0122
2.3969 1.6914 6.0357 5.4525 1.9168 2.2302 2.8944 3.7003 2.9791 1.9885 4.1471 6.0990 4.5788 4.8275 3.0203 2.5911 2.8733 3.5624 2.8654 4.0921
1.3245 2.1029 3.5239 2.5501 1.0774 4.3542 3.1155 3.3252 3.9177 4.3515 3.4333 4.4058 3.6568 2.9917 3.0811 2.4171 1.7103 0.5747 2.1534 0.9936
5.7578 5.2629 5.4955 0.4052 1.8265 3.6896 3.3997 3.4979 4.7304 1.6568 2.5651 0.1847 6.1330 3.7365 3.2792 4.7250 3.2195 2.6979 2.3008 4.8043
