3.0079 6.1403 0.1230 5.6253 1.8582 2.0292 3.4570 2.3940 1.6353 0.5719 5.5051 5.2585 5.6692 5.3093 1.4234 0.4959 2.7627 2.1601 1.8624 1.8126
6.2372 5.1575 5.8954 0.8437 0.7420 0.7860 3.6465 5.5253 0.8660 3.1681 3.4784 2.0597 3.5172 5.3844 4.7762 3.2932 3.7253 5.0917 0.1674 4.8573
0.7887 1.4132 0.4577 0.3448 0.1212 0.0896 1.0732 1.3151 0.1692 0.0036 1.1372 5.8928 3.0736 2.1125 0.3300 5.4575 5.4608 2.1646 5.8535 0.9241
5.1685 6.1541 0.0582 0.5284 5.4346 3.4697 3.6105 2.1147 0.6960 1.5965 5.5926 5.5472 2.7397 2.3979 2.5329 4.6544 2.5343 4.1756 3.5119 3.5767
5.4766 4.6396 5.1675 3.0164 4.6623 4.6101 4.8227 5.8719 1.0563 4.5559 4.8453 1.9016 2.4460 1.2485 1.3890 1.2183 0.3837 5.8926 4.7211 0.0761
5.3957 5.5446 0.1498 5.5361 0.9395 0.8801 1.3469 0.6288 5.7494 2.4507 5.5407 5.3263 2.3051 6.1659 1.4676 1.8210 0.1226 4.0624 3.9577 4.9238
5.8235 4.0222 5.6602 3.7008 4.9545 3.7674 6.1053 4.9991 0.0296 4.4356 6.0860 1.7318 1.6366 2.6706 1.1500 0.0579 1.0570 1.7492 4.0398 3.5736
1.7384 0.2092 6.1835 2.5736 3.8706 1.1018 1.4182 0.7193 1.2778 0.0139 6.0373 1.0160 1.7501 0.2527 0.0265 0.5553 0.2416 4.9508 6.0345 0.1869
1.5351 4.1938 0.2082 0.5248 5.4191 3.8619 3.4707 2.2488 5.4432 3.6060 5.5802 4.3441 3.3086 1.5946 1.5688 0.7525 0.2493 1.2488 1.3547 3.4079
0.4344 1.4285 1.1878 1.1742 4.5604 5.4583 3.8963 4.3066 0.9465 0.8727 1.0831 1.7099 3.3635 3.3739 2.5397 5.0692 0.8648 4.7267 4.1626 5.9726
1.8526 1.6231 3.8216 3.7347 4.6847 3.4323 4.7669 1.3880 0.5421 2.3008 1.3948 0.2912 4.8867 5.6236 0.6208 1.2880 1.4057 0.4536 4.7700 0.7506
1.5484 5.2102 3.9899 1.7112 0.5633 0.0538 5.2398 4.4952 3.6173 4.9356 4.0826 5.8957 5.3039 3.1471 4.7867 1.2139 2.3636 3.1350 3.7579 3.7758
2.1015 1.0582 5.4860 5.6994 1.8491 2.9687 5.5643 0.3854 1.7474 2.5448 2.4526 2.3906 5.7898 0.2666 0.2071 4.0819 5.5995 2.6465 2.9890 1.2728
2.6815 3.6200 4.7712 2.0870 0.7323 4.8960 5.5737 3.9516 3.1101 1.7064 2.6760 0.1308 5.5601 0.6429 0.2382 5.4884 6.0726 4.5808 4.2406 3.7911
0.7773 3.3821 6.0503 4.6601 5.9929 0.2793 0.4222 5.9975 1.9275 3.4560 4.2343 3.3648 1.1411 0.8661 6.2716 0.5370 0.7780 0.5713 2.1699 1.2449
5.6036 0.0145 0.3189 0.2984 1.5440 3.4056 4.2878 1.1926 2.3782 5.9408 4.8139 0.4052 1.3865 0.9468 5.0098 4.1045 4.0524 0.6715 1.5611 5.2182
3.6787 2.9837 1.1008 1.6041 1.5036 5.3690 5.0658 5.1700 3.6022 4.0268 4.0622 2.6229 2.1163 3.2277 5.2301 0.3928 5.8846 3.8257 2.5414 2.7136
4.4451 5.4180 3.9113 4.3506 2.1274 0.6999 5.9258 1.4688 1.7997 1.1411 5.5461 5.3702 1.0633 0.9818 5.6394 3.9418 4.0246 4.0327 5.4025 4.0586
3.3963 0.6730 2.1492 0.7347 1.7293 1.8397 3.8375 5.2693 5.2562 5.7121 5.2233 5.7930 5.9696 5.8927 4.9371 0.4730 4.8261 1.0864 0.7540 2.3125
3.1807 2.7788 2.6110 3.1106 3.1707 4.4539 4.3086 6.2573 1.5154 2.8406 3.2557 3.4498 0.8763 2.4715 3.0180 4.0196 4.7276 5.5395 5.6073 5.2201
