4.5377 0.5814 4.0240 4.3730 4.6790 5.1485 5.5676 5.0035 4.4585 3.7517 2.0458 0.5857 1.2064 5.1646 4.0179 4.7318 4.7284 4.0037 4.0636 3.5003
5.0175 4.4276 5.2257 6.1907 5.1357 1.5545 0.5073 0.1202 5.5572 0.0334 4.7125 3.3118 3.5098 3.7518 3.5021 0.5498 4.3167 4.2747 0.5134 6.1135
4.4659 5.3269 5.2716 5.9891 2.7126 5.7167 0.6994 1.6277 3.0162 4.9641 4.6430 1.1265 2.7071 4.8019 4.0055 1.3171 4.4610 6.0844 1.0874 3.0713
3.6638 1.9497 3.7844 2.1147 4.1721 0.8397 2.5868 3.5120 2.3272 3.2945 4.4189 3.9202 3.2582 0.6253 1.2388 5.4765 3.0534 3.5302 1.2619 1.1421
3.2882 4.3688 5.1324 4.7494 3.7675 3.3461 4.4715 4.4510 4.0030 4.4089 3.3955 4.6433 3.6094 3.3825 1.6153 2.1018 4.3560 1.1351 1.6634 3.8812
1.7887 2.7831 2.6973 1.9385 2.2813 0.5483 4.9330 1.7840 1.7721 2.4035 2.4795 1.9385 3.3775 4.6976 3.2758 3.9017 3.8428 5.3415 3.2786 1.9166
4.5252 4.8743 5.2829 4.9853 5.2621 2.7009 3.1418 2.5531 3.4992 5.0900 4.7459 5.6212 3.9453 3.0386 3.6377 0.6044 4.1177 4.4377 2.3682 5.0231
4.9135 5.9822 5.3160 6.2398 5.1561 5.1092 3.5919 2.3762 3.7566 3.8036 4.5151 1.7542 2.5110 3.6136 2.5748 3.0789 5.6162 5.6450 1.3872 1.1887
3.3647 5.9101 4.3050 2.8497 2.5925 2.8384 4.4433 4.9404 4.6177 5.9415 5.5441 0.5489 5.9659 0.6276 5.3097 6.2342 0.5087 2.6434 1.7846 4.2349
2.1349 2.8915 2.3356 4.4150 4.9178 0.6403 3.5370 2.1686 4.6696 6.1718 5.9093 0.8915 5.7550 5.7359 5.6810 4.8227 0.9237 5.6912 1.7706 1.7496
5.0589 2.5912 2.7854 0.3502 0.4597 5.3030 3.0147 2.4321 3.2845 4.2184 4.5117 4.6361 4.5322 4.3971 1.3945 1.3492 1.6994 1.6281 3.9226 4.8805
5.4363 5.5517 4.9247 3.7456 1.0213 1.4697 3.2180 4.3439 3.3405 1.8798 6.0439 5.4407 5.7228 1.6273 0.5398 4.7960 4.7348 3.7469 4.1781 5.8337
0.4516 2.2847 4.2827 6.1170 0.9138 4.1342 2.9992 2.2584 0.5275 0.6656 0.0534 0.0411 0.0901 6.2358 0.2187 4.8991 4.4344 4.8621 5.7696 0.3085
4.0749 3.9847 3.7685 1.4653 2.3855 0.5177 3.5296 4.0560 5.2757 4.2514 2.4719 2.4062 4.2884 4.3001 5.5159 1.3209 0.1958 0.9324 0.8597 5.6380
4.9819 5.3350 4.2338 2.9344 3.4199 4.4440 4.4467 0.8050 6.0359 5.7149 0.3527 5.5499 5.9179 6.0942 5.0800 5.4203 0.4583 2.2049 2.2356 2.4493
4.9675 5.0315 5.4658 5.8558 4.6670 6.0422 1.7144 2.9741 5.8276 5.6690 1.2843 2.1546 4.9138 4.0661 5.1691 3.8675 5.1569 3.7922 3.6148 4.6554
3.1611 3.4861 4.5037 3.3397 5.0701 5.4295 0.1829 5.1477 4.3818 2.8833 3.1153 3.6434 5.1323 5.0764 5.4303 0.3620 0.3797 0.8239 3.5207 2.8496
3.9272 5.0111 5.4972 4.7202 5.1657 3.4145 0.8636 3.6297 4.1687 4.1433 3.3990 0.7903 1.8067 5.6910 4.7019 4.9868 4.6542 3.6401 3.1093 1.0082
4.4035 0.3292 1.9115 2.3829 5.2846 5.3872 0.1578 4.2013 0.0303 0.7928 3.9347 5.3846 2.1886 5.5998 5.5374 4.5189 4.8311 4.1840 4.7774 3.9249
5.4361 4.4725 3.9918 4.3691 5.5047 0.0030 0.5255 1.3473 3.2806 1.8555 2.3612 3.6061 2.5803 3.7410 4.4864 4.4828 4.9155 4.2221 4.1305 6.0702
