0.8343 5.7112 3.6489 4.6052 4.8914 4.7164 5.0961 4.0134 4.5968 4.7745 3.0170 0.4102 4.6515 0.5351 1.2965 2.3566 1.5856 2.0679 3.2818 1.4390
1.4833 1.4488 4.1904 4.1566 4.4045 1.7803 3.1272 3.1858 3.5383 1.0830 2.1259 1.5490 2.1658 2.7256 1.9670 2.6536 2.6909 4.1114 4.7897 0.0484
2.5324 4.5261 4.4012 5.4230 4.8364 4.3082 4.4056 4.4023 4.3345 4.0949 3.1047 4.5869 0.1230 5.9977 0.8991 0.6558 5.2077 5.2286 3.9496 3.8936
2.1662 2.8560 6.1456 2.5971 4.3859 1.2463 4.6973 3.2059 5.5574 5.3103 3.3162 1.0674 6.0980 5.9230 1.0214 5.3579 5.3548 1.3001 2.9469 5.8979
2.8033 1.4297 2.6875 3.8977 2.9474 3.6618 3.5005 2.3817 2.8359 2.0730 4.3897 4.7234 4.7438 4.0922 1.0536 1.8688 2.5573 0.7396 2.0864 2.0135
3.0548 5.3720 3.8283 1.8192 1.6178 1.9071 2.2119 2.6247 2.7051 0.7119 0.3311 0.7709 1.6592 0.7590 1.8842 2.5088 2.3270 2.5145 2.0223 4.6115
1.6025 2.8960 3.5286 4.6235 0.8564 5.6475 5.9395 4.8362 4.8469 4.4480 1.3752 3.5049 2.6636 2.6108 3.6482 2.8296 2.5455 3.6693 3.5810 2.6041
1.7961 1.9017 2.6215 3.8697 0.0153 5.9921 6.2327 1.0550 0.8457 1.6950 1.4388 1.7975 1.7030 4.6996 3.9981 5.4843 1.6601 0.4943 4.8637 5.8141
2.6668 1.5152 1.7445 2.0464 0.2574 2.1417 6.2130 3.8874 1.1190 0.8900 2.2366 3.3187 1.6200 2.3068 4.3388 3.9259 4.0882 4.1275 2.9776 2.1251
6.2384 4.1365 1.6142 0.3973 0.7440 5.4940 5.9259 0.5794 1.0988 2.2680 0.5933 0.1563 6.1665 4.6001 5.6371 3.7784 3.4429 2.4344 3.6859 0.5047
5.4631 1.6129 1.6611 0.2397 0.9357 1.6738 4.4188 1.1341 4.8270 0.7157 0.7876 2.5225 0.1227 0.5471 1.1790 5.9113 5.8947 5.8472 5.0463 4.4859
6.0552 5.5107 5.4738 3.8501 1.2289 5.1961 3.8819 4.2048 4.5657 5.4497 6.2585 5.6156 6.1133 2.6715 5.4206 3.1590 4.7193 2.4396 1.5948 0.6863
5.0725 2.9706 1.1727 0.9857 1.1833 1.7928 3.1912 1.7291 3.2678 4.6972 5.2031 0.8029 5.2908 0.1307 5.5774 3.5066 5.0716 4.4875 5.2283 5.2210
5.4200 5.6139 0.4941 5.2307 0.6076 0.7568 2.5459 3.4170 3.8811 5.7596 5.5089 1.5444 0.8617 3.8889 4.5161 0.2301 0.2632 1.5902 1.8601 2.3029
5.0488 3.2532 0.5052 4.2474 2.5079 2.0836 2.1552 6.2461 5.0586 4.5862 5.0884 4.8092 1.7405 1.8627 2.9442 2.9574 1.4939 3.6533 2.8401 5.4409
1.0382 0.1128 3.3930 0.4267 2.7116 3.1065 2.0473 3.1990 5.3598 5.3576 4.0625 1.7139 1.0157 1.7512 1.6239 0.0280 4.0762 3.7740 1.8568 1.5379
5.5414 3.1938 1.6119 2.3887 4.4815 5.1858 3.3806 0.4591 0.3688 2.9333 2.7355 4.4979 2.1099 0.4641 1.7883 2.9335 5.1861 4.3328 3.2187 4.9838
5.6191 0.3324 1.0935 0.8577 2.7311 3.2624 3.6164 5.4669 0.1338 2.1933 2.4128 1.8855 2.5926 4.8241 1.1241 1.2946 0.5428 5.2296 0.1584 0.3420
5.5662 3.6611 4.0687 5.7257 0.8117 0.1530 5.9444 0.5847 0.0680 5.3005 1.2019 3.7906 1.7052 0.7329 1.4731 3.4229 5.9449 2.1708 5.1364 6.2622
3.5143 3.4829 1.1897 2.2507 1.7638 1.6226 6.2514 0.2745 4.4339 0.1267 4.7686 4.1921 2.5008 2.3550 5.4912 5.8554 5.5597 5.4708 5.7434 1.5524
