4.5698 2.8905 2.7274 0.1955 0.3891 1.9931 3.1772 3.1598 4.6341 5.6308 2.5685 1.8502 1.2625 1.1056 0.0542 4.5037 2.2246 1.5903 0.6611 2.8105
1.2812 3.7977 3.2671 3.4654 0.0703 3.3380 1.9033 0.5131 4.7467 3.7328 2.8485 4.4767 3.0921 3.3314 2.1284 1.5618 3.5629 4.5407 4.9343 0.4756
0.2683 4.2457 3.1185 4.1325 0.6073 0.3153 2.5390 2.9239 4.1785 0.3379 3.4925 1.8463 2.6016 1.0136 1.2133 4.7789 5.3133 4.7830 3.2495 3.7387
6.0468 3.2751 3.0193 2.5295 2.3282 2.3909 3.8168 4.7601 4.4550 4.0716 3.6590 4.2886 2.6201 2.9499 5.6680 1.0694 2.7504 2.1509 3.1898 3.1058
4.7911 4.9955 3.4670 3.2820 3.1194 4.4488 3.8330 2.9313 3.2139 2.5194 4.5158 4.1078 1.3842 5.9254 5.1415 4.7504 3.8330 3.7381 3.2113 5.7852
5.8684 1.7205 5.4736 1.4344 0.2807 2.6527 4.0013 3.7016 0.0230 6.0112 1.2606 2.5923 4.5593 0.2179 0.1509 2.0896 3.6131 4.8508 3.6829 4.2201
0.0532 5.8164 2.4463 3.5889 0.7521 0.6014 1.7275 0.7109 0.3020 1.8133 0.5248 5.1161 5.1076 0.8070 1.3782 3.3490 3.8695 3.0875 1.9646 6.0153
0.8218 1.1985 0.7810 0.0429 0.6266 2.7396 3.1577 1.7484 0.5632 0.2172 6.1290 3.9364 5.8256 4.9611 5.1699 5.0162 3.7723 4.0983 2.8460 2.2906
4.0512 5.2081 4.1244 4.2066 5.4148 2.9546 2.7230 3.9996 1.9868 2.5605 0.1964 2.6010 5.7801 0.9513 1.4655 2.8743 2.2079 2.1695 4.7010 3.9595
4.3126 1.7412 4.9790 2.2246 1.6947 0.9435 0.9965 3.5382 3.6429 3.4329 0.4643 5.4414 5.2724 4.8330 1.9516 0.2686 2.5948 4.9083 4.9245 5.5218
2.7868 1.8402 0.1015 1.2328 0.8945 1.4608 2.7410 3.8522 4.3211 1.6484 0.4000 5.8145 6.1247 4.2741 3.7316 3.1040 3.3561 1.7070 1.2570 0.9896
5.5022 4.8382 5.2320 5.4097 0.3628 0.5025 2.3586 1.4747 1.4060 1.7381 0.7527 1.0245 0.7341 2.1726 1.3577 1.7637 4.2933 5.0469 0.1494 5.0355
2.3185 1.4760 5.6877 2.9407 1.8101 5.1022 4.4942 4.7538 2.4920 2.9816 1.8541 4.1381 2.0967 5.1015 5.5053 4.6974 2.5811 0.8681 0.8253 2.1051
5.3781 4.8463 5.0467 3.1186 0.3376 5.4321 4.8556 5.2950 2.0841 5.3376 1.2469 6.2097 1.2825 3.4075 3.3712 4.1074 3.2780 2.7869 3.6120 4.0219
4.6369 0.0177 6.2469 3.0637 1.2409 2.1747 3.7151 2.9902 3.6600 2.4061 2.1658 6.0131 0.9167 0.1594 4.1567 0.0904 5.8198 5.5241 3.2902 4.7081
3.9915 4.4230 5.8927 5.7958 5.2995 5.3219 5.9254 5.2898 5.0956 6.1531 3.1629 2.6695 2.4427 2.3884 3.4600 4.1955 1.6801 1.5223 1.6836 3.1406
2.5366 5.6538 6.2123 0.6068 6.2079 0.4762 4.4367 4.2002 4.8191 4.4760 4.5503 3.9875 3.2121 0.4316 0.5418 1.3617 2.1395 2.1989 1.6331 3.6908
4.0959 3.6387 5.5357 3.4474 5.4698 4.1259 3.5543 5.6336 4.9063 5.5148 5.2376 4.2686 2.9016 2.7555 5.1107 4.2734 4.7495 5.6972 1.6530 1.4850
5.0430 0.1846 6.2644 5.9562 1.6712 0.0709 5.6456 4.4178 4.4931 1.7268 3.5607 2.1829 4.1449 6.0666 5.8772 1.4540 4.1394 2.7727 1.4227 0.5673
4.8252 5.5118 1.5129 2.8398 0.6179 0.9658 1.7534 0.0016 4.1032 3.3132 2.0007 5.6426 4.4588 3.6835 5.6372 5.4563 5.3985 5.5754 0.4916 4.2361
