5.0191 4.4467 3.2633 0.2245 1.1300 1.0658 0.2156 5.8195 5.9007 3.5204 4.3234 0.0608 0.9798 5.6988 3.9298 2.1533 3.0004 5.1054 2.0819 6.0962
1.2812 0.4970 4.1737 4.0210 0.1739 0.5872 0.1058 0.3929 0.0553 0.1250 4.4106 4.2398 3.9818 2.9693 2.5017 0.5851 0.5248 0.5665 2.4654 2.0897
5.5840 5.6677 5.5597 0.2277 0.4263 1.0616 2.4816 1.9120 6.2668 4.0090 4.6276 3.3187 3.3704 4.1509 2.1053 0.5018 0.1827 3.6623 4.5916 4.0197
4.4459 3.3787 5.1408 1.7457 1.9020 3.2600 2.8078 4.9922 6.0959 4.7185 4.3191 1.7055 2.0064 0.7606 1.8453 0.9098 5.2303 6.1316 0.8246 0.9575
3.1721 4.8961 4.0675 5.0532 4.0227 4.7521 2.7866 1.2172 6.1917 2.0117 5.3801 5.5857 3.6210 2.1975 2.3189 4.0260 3.7707 2.5194 0.4494 2.8682
0.3652 2.2165 4.0881 3.3765 3.8270 3.9256 3.3380 4.0597 6.2474 4.9704 4.7406 1.9941 0.9155 1.2374 3.4047 3.4417 5.1635 0.6965 1.3126 0.4830
1.0179 1.9594 5.0406 1.5668 2.0278 2.5236 3.7378 5.2223 0.3622 1.9805 0.5658 1.1815 0.6487 1.1842 2.3462 5.3871 5.6151 3.9594 5.5679 4.2057
1.0164 5.9486 5.4128 3.0574 2.9415 3.0747 3.7880 3.8364 4.4831 3.9174 3.7492 3.5536 2.3259 2.2803 1.5026 1.4498 5.9673 0.4800 0.6486 0.8487
2.8898 6.1485 5.8459 5.6313 4.5251 4.6876 4.7714 5.7365 5.4426 0.2459 3.7877 2.0617 2.8665 0.2464 2.1966 1.5823 5.8595 4.4997 4.8119 3.1509
2.3524 2.7180 1.7211 0.2287 6.1347 1.5603 5.4898 4.1641 3.8962 2.6764 2.2045 4.7186 0.0365 1.7698 2.3556 0.4293 4.7001 2.4526 2.5833 1.0675
5.8420 6.1521 0.9564 0.2805 5.4238 4.6481 5.6426 0.9474 4.9704 5.5042 1.0281 1.2123 3.2503 0.4641 0.7013 3.4537 4.0130 4.5368 5.0339 5.9381
5.5312 5.4589 3.7972 4.1271 4.0467 1.7459 5.2497 4.0463 5.2367 0.9996 1.4972 2.6958 3.2367 1.1394 0.4935 5.8601 3.5244 4.5371 0.3832 0.4506
2.7400 1.5254 3.6301 2.0251 2.9001 0.7583 2.7832 2.5627 5.7451 5.7330 3.3060 5.7417 4.4841 4.7426 3.8928 2.7044 2.6006 1.2556 1.1638 1.0638
3.2810 4.9721 3.6343 2.6055 2.8296 4.4187 3.2003 4.6967 5.7017 3.4825 1.8766 2.9353 4.1803 3.9520 4.5477 3.9367 2.3718 0.5334 5.4731 6.2289
4.0407 2.7387 2.7411 4.3759 2.8529 1.7886 2.9539 1.4603 0.5052 2.2734 1.4882 0.9382 4.4007 3.2450 3.6780 2.7830 2.1221 5.2454 5.8482 5.2797
1.6660 0.6974 2.2226 2.3393 1.8529 3.3217 5.8924 5.0512 5.6673 4.8223 2.1258 3.6273 3.6644 2.8320 2.5430 0.3421 2.4948 2.6026 1.5973 1.6582
2.1316 3.5448 1.7277 5.3470 0.9409 5.0562 0.3909 0.7737 0.8092 0.4215 0.2991 5.3386 4.0762 4.5355 2.4775 3.9660 2.4897 1.6738 2.1920 2.0062
0.4138 6.0808 2.3104 2.7405 1.0476 0.6475 1.0610 1.4282 1.8987 6.2802 5.2325 2.6774 2.2747 1.5294 2.5284 0.1011 3.3505 0.5655 0.2407 6.2700
4.1590 3.1543 2.5465 6.1036 5.6549 0.5503 0.9883 4.2445 4.2822 3.1412 2.2506 0.5173 3.0673 3.9197 2.7271 2.7513 2.7371 4.6775 5.1996 3.4748
0.8161 1.4872 2.2202 2.5394 1.0785 4.8162 6.2713 6.2476 5.5407 0.6806 4.4069 2.9012 2.6064 2.0184 3.3333 4.3901 3.4767 3.7538 2.8368 1.8055
