5.9081 0.6579 3.1846 3.3947 2.8492 3.4377 3.7503 3.0067 2.6664 2.3942 3.1282 3.4767 2.5957 2.9533 2.4080 0.0982 5.9140 5.5283 4.3338 5.4358
5.5873 6.0070 2.8773 5.6440 4.7103 0.4606 3.0933 1.5404 2.4684 4.0060 2.6111 3.2236 3.2357 3.7906 3.9175 2.3880 2.4601 5.0983 5.9174 1.1439
3.1146 2.2267 1.7857 2.7540 4.2450 4.5738 3.8482 4.4053 0.7584 1.0045 1.7655 0.6728 1.2371 0.8953 4.7605 0.3336 2.0174 2.3337 1.0977 2.2363
4.0210 5.5605 3.0200 0.5668 5.9400 1.2658 4.1917 0.6370 6.1205 3.3473 3.4930 4.6727 3.9415 2.6893 3.7221 3.1439 2.8493 4.5157 1.2864 1.0152
2.5601 2.2764 0.8376 3.6422 4.2601 3.1640 3.5326 5.2093 0.0955 5.7550 3.7645 2.5630 2.3575 2.5433 1.5737 2.7653 2.5621 2.8065 3.7903 4.1793
2.4974 0.4551 0.4945 0.2923 5.7973 0.5381 1.9744 2.3339 2.1113 1.9726 2.6585 2.1138 2.7416 0.0931 2.0258 1.0144 1.5871 6.2706 5.1204 1.2782
3.7026 3.0999 0.8440 2.1434 1.5073 2.0611 3.2505 3.0757 1.9048 3.1412 1.8044 4.2478 4.3046 3.9636 3.1179 3.5328 2.1157 3.0193 4.9999 4.0250
4.7442 0.4519 0.5065 5.4293 4.9914 3.7248 3.8179 5.6276 5.7595 5.4485 1.9287 3.9564 4.4275 6.0896 1.8657 1.6491 3.2548 5.5496 4.7357 5.5426
2.3275 1.4608 0.0712 2.4554 2.9400 2.9297 3.1276 1.9448 1.4746 1.3393 0.5854 2.0430 3.1046 2.3705 3.7114 4.2474 3.2059 2.6581 3.9191 5.4184
2.5894 2.9471 5.3128 5.4969 4.7715 0.1341 5.1188 5.5190 2.3308 2.8453 6.0490 3.4829 2.4606 4.7821 4.7067 4.3550 5.7028 5.3175 5.1859 3.3380
2.0742 3.9922 5.6243 3.9571 4.8697 3.6857 3.2438 3.9027 2.9181 1.0555 1.4447 1.4009 1.1630 2.5130 3.6414 2.8017 2.2297 2.3391 4.9062 4.1845
1.0889 1.0487 0.7297 0.8598 2.9524 1.1506 2.3658 2.1803 0.9283 2.4154 1.0743 5.4625 4.8944 4.6298 2.9044 5.8792 5.7598 5.8474 5.4248 1.3425
4.1067 3.3030 2.6641 2.9909 3.5041 3.2602 2.2884 4.6911 4.8137 4.9927 0.0286 6.2330 2.7182 2.6543 2.6959 2.3901 3.1019 4.6308 3.9061 2.7697
3.7493 1.2157 2.9181 0.2773 6.0967 5.4510 2.4846 4.5167 4.3525 2.1841 3.4556 4.0520 4.5347 3.9037 3.4036 0.5139 3.2984 0.8211 2.4508 4.2004
5.0987 5.7344 3.8324 0.6605 0.7929 1.9682 3.6891 2.3413 5.0752 5.2007 3.8129 2.7051 0.7240 0.6243 4.9549 2.0123 3.3656 2.7540 6.1441 5.7684
1.2933 1.5954 3.1639 4.6781 5.2478 5.3453 5.7127 4.1985 4.9393 2.8273 3.4185 4.2716 5.3828 5.6629 6.1307 4.7545 0.3171 5.9039 5.8754 3.9702
0.5050 2.8921 5.9312 5.3015 6.2197 1.0853 0.8091 6.0327 5.3928 0.3049 1.3503 5.9697 4.8651 5.4830 5.1346 1.1198 1.0598 3.0890 0.5614 0.8971
5.3917 4.9680 5.5426 2.5679 1.3804 0.9676 6.0720 5.6038 5.6967 5.5549 0.8456 1.6930 0.5740 1.8652 4.3751 3.8095 5.7805 0.5841 0.4597 5.4422
4.6031 0.9022 4.7302 1.2259 2.2441 5.8211 0.1820 3.1324 3.4404 2.6246 0.0833 5.6956 5.5555 4.3749 4.4752 6.1875 0.1588 5.3587 5.9981 0.7510
5.2184 4.7842 3.9564 4.6823 3.3909 5.3626 5.8084 5.0442 4.8132 5.6715 4.8778 5.3109 6.1418 0.8353 2.4950 2.9872 2.8680 2.5029 2.8074 3.7470
