0.0364 4.6432 4.3786 2.5091 2.0378 2.7780 0.4092 1.5443 3.9469 2.3324 4.1017 5.2756 3.1522 1.7312 1.0353 3.7050 3.3549 5.4065 6.0711 0.4477
0.6275 1.3878 4.4821 0.0268 6.1235 5.0683 4.4081 4.3230 4.0427 5.1393 5.1669 0.8484 2.4127 0.2698 2.0371 5.7908 4.1403 4.4641 3.2153 3.5785
0.1048 1.3973 4.3671 4.5484 5.3054 1.7184 1.2184 0.0567 4.1667 3.8911 5.1385 3.1407 2.5587 3.2080 1.9500 1.5333 5.0140 4.5801 4.4367 5.7162
6.2270 4.3747 4.1817 4.2778 4.6497 4.5771 2.1824 3.0076 2.0996 0.6198 4.8532 0.7473 0.9070 0.0671 0.0853 0.0923 1.2072 0.4272 5.5388 5.0279
0.0024 1.4683 3.2527 5.4835 4.7137 0.4037 2.8032 1.0003 2.0489 4.0284 0.9967 4.3439 0.7617 1.1507 2.1560 3.0014 1.2409 3.2203 4.0461 6.1739
4.9582 5.0242 3.4002 2.2724 4.0645 3.3412 3.2328 3.6608 2.5752 2.0279 2.5735 1.7343 0.4565 5.6204 4.8760 3.3268 0.8547 0.6938 2.4843 4.5786
2.1300 1.7116 4.9439 4.5409 4.8778 5.9608 4.8527 5.1643 6.1506 0.4588 1.5700 0.1114 2.7310 0.5338 5.9057 4.8046 2.1918 0.2864 0.0050 0.1121
5.2665 0.1480 5.9381 0.0476 4.7218 4.4954 3.9570 4.5562 4.1766 3.3546 2.1521 3.1921 3.6524 4.4083 4.5540 2.0482 3.1699 4.6359 4.7284 4.4703
4.4023 3.3055 6.1089 3.6916 6.0367 1.9237 1.7611 1.7726 5.9778 0.1452 0.9306 2.7155 4.7027 3.0200 4.2916 0.5074 3.6468 2.1110 3.7105 2.6074
0.9370 0.4371 5.8751 6.1205 4.5027 4.3590 1.8009 3.5115 1.5946 1.5797 2.7297 2.6873 5.0112 5.2592 4.5258 4.8854 4.3510 0.8560 1.7960 1.3733
0.7710 3.9353 3.8643 2.7912 3.1822 2.8601 2.2097 4.6298 3.3472 4.6664 4.7372 6.2595 5.5074 6.2550 5.8166 3.2525 3.7020 3.6462 2.6788 3.5281
0.9513 1.7580 1.5456 1.8007 5.0330 5.9601 0.4683 4.5909 3.3921 3.5288 5.4207 1.3479 0.0216 4.7255 5.3021 0.0506 1.5893 2.4991 2.3482 1.0901
1.8562 1.1699 0.9498 4.8683 5.5585 3.1065 2.0549 1.3303 1.7673 0.5252 6.1021 3.6787 5.7563 0.5298 1.0652 5.7473 0.1506 6.0482 2.9113 2.2243
1.4417 1.0904 0.4294 0.7561 0.0527 1.5985 2.0066 5.0394 1.3466 5.7324 4.9137 5.5198 4.9746 2.2801 1.9091 2.4788 2.4528 3.3583 3.6834 1.8141
3.9231 4.9557 6.0353 0.8407 0.0729 3.4114 1.4700 2.5352 3.8425 4.3075 4.6606 3.8926 5.1097 6.1939 5.7877 5.1221 1.8620 6.2030 3.5894 4.7690
3.6018 3.7931 0.0650 5.9656 1.1950 0.3351 2.7183 3.1993 3.0508 3.1642 4.7058 0.2810 5.5857 6.0869 0.5765 1.3870 1.9870 3.0384 1.8892 2.1927
4.2124 2.3047 6.2264 1.2162 1.1981 2.7728 2.7834 3.0468 1.9807 2.9353 3.3059 2.8642 4.9470 2.7951 6.0319 4.5594 1.4256 2.0463 2.6125 5.5963
4.7177 4.7000 5.7555 5.6000 5.5715 0.2416 2.3017 6.2616 5.3319 2.9069 3.9322 5.2230 1.5528 0.7536 1.3654 1.6301 0.5738 5.6497 1.8724 4.5893
4.1140 3.9330 4.9347 2.1157 2.1276 3.9713 3.5756 3.2685 4.2667 4.5429 4.8195 3.3827 2.4271 2.5494 5.0026 3.6193 3.6108 2.1015 1.1978 0.6128
3.6190 1.2240 5.0990 5.0221 1.3462 1.3847 0.4046 5.7591 5.3635 5.5795 5.2006 3.3388 2.7736 3.5463 1.6140 1.3552 1.5071 3.2048 3.3377 4.2199
