3.6985 2.0821 6.1223 4.9951 5.4518 2.0070 0.3776 0.9388 0.9851 6.2694 2.0535 1.9109 5.3696 6.0097 5.3306 5.5059 3.1065 0.0517 0.2072 0.4938
2.8156 5.2343 5.2000 1.7064 4.6082 5.9828 0.6382 1.3733 2.1716 2.9038 1.8206 5.5172 5.3559 5.5350 1.1170 3.5047 2.8389 1.8488 1.2769 4.0779
2.7387 2.8782 3.9791 4.8921 4.5273 1.2810 1.5033 5.4414 4.5034 0.9040 1.1883 1.7397 1.8411 1.5301 5.7138 1.2889 1.4598 1.1000 1.2244 2.6134
5.1175 6.1597 5.4858 1.1019 5.8490 2.3134 2.1843 4.4219 3.6323 3.7313 2.5650 2.6057 4.1109 4.7859 5.3296 3.3593 6.0940 0.7502 6.1267 5.8628
3.8464 3.8648 5.8880 3.8335 2.4048 3.8392 3.5513 3.6958 3.6338 1.0519 0.0392 0.2471 4.4816 4.9329 5.3462 0.2761 5.6015 4.7557 5.4870 4.2971
5.4298 0.7880 1.4530 1.4428 1.3776 0.8399 2.9656 2.2588 4.5713 2.5435 6.0470 5.5381 0.0249 0.9008 3.2589 2.7421 3.7478 1.8360 0.2328 0.4776
5.7392 5.8956 1.2818 5.5044 4.3941 2.9882 4.0718 4.2734 3.8261 5.7306 5.4102 3.8170 3.3947 2.9275 2.4015 4.0079 5.1092 4.4271 0.1860 4.8134
0.9293 3.4831 1.4700 1.4931 0.1297 6.0159 5.4273 0.7028 0.1821 4.6683 5.8266 0.7178 0.3703 4.9711 4.0410 5.7013 6.1447 1.0051 1.0113 0.5701
0.4626 0.3348 0.7777 1.2541 0.3347 3.3008 5.2914 4.8965 4.5927 2.3213 5.4138 5.5769 1.1709 4.1367 3.7008 2.4565 4.4923 4.0084 3.8483 2.1241
1.9124 3.6933 4.7622 4.1444 6.1965 0.4105 4.9809 5.3899 5.4029 6.1107 4.7596 0.7342 5.6066 4.3110 3.9495 5.8466 0.9939 0.5309 3.8567 5.2975
2.0005 1.9395 1.9053 3.0905 4.2787 6.2737 5.5015 5.1913 3.9608 3.7271 3.5327 4.5416 5.1809 5.3184 4.9816 4.7202 2.6854 4.0342 3.8169 1.7706
0.1960 0.3453 0.3279 0.3357 5.4589 4.0234 4.9131 2.0483 2.6934 4.6468 3.1067 5.0900 5.9841 2.8095 3.1220 5.0183 3.1946 6.1015 2.4469 5.2859
4.9144 3.9910 2.0923 2.8627 2.1394 0.1611 4.3481 4.4097 2.4659 2.6924 4.3797 4.0298 3.3996 3.3501 3.3277 4.0552 2.2860 0.8931 1.9317 3.2451
5.1837 0.4814 3.0040 0.4747 1.1686 2.0562 1.6206 0.8576 1.7644 3.7991 3.8545 3.8755 5.1868 0.5695 1.4032 0.7922 2.6462 4.7379 0.3024 4.8484
5.0236 4.1599 3.9172 2.5419 3.6485 6.1640 1.8854 2.6712 1.7063 1.2427 1.9194 1.4275 2.6614 3.5956 2.1352 3.1740 3.0658 1.1598 0.4167 1.6284
4.8976 1.3926 5.9111 6.2122 3.8017 3.2376 2.2221 1.8908 1.6555 4.3398 2.1962 1.2334 0.3161 4.6196 1.7460 0.5322 4.7204 4.1826 0.0054 0.2085
5.9399 4.5813 5.4449 5.0037 3.3129 0.7995 1.1173 3.6030 1.9536 1.4773 1.7508 4.1440 0.2990 5.9202 0.3080 5.7375 0.4258 1.4902 0.5747 4.6470
6.1053 5.3328 5.8745 2.2773 3.6104 3.5443 2.5830 1.5986 1.0130 1.8963 0.8848 0.8473 0.5176 2.1881 1.6530 3.2705 4.9272 5.4623 0.0112 0.7040
6.0501 4.5198 5.3650 5.3087 2.8547 3.8953 2.3964 2.3457 2.3026 0.3956 1.9889 5.2545 1.8823 0.2889 1.7525 0.7319 0.3133 1.2439 0.9161 5.6408
2.0343 0.9606 5.6942 1.5185 1.7631 1.0450 1.0297 4.1990 2.8811 2.5902 2.3682 0.3463 0.6088 3.2225 2.7790 2.2806 3.2796 3.3626 5.8389 1.9399
