4.2779 4.4747 3.6931 4.6150 4.9899 3.6779 4.5444 4.7459 4.5196 4.9813 4.7095 2.0550 6.0569 5.5868 3.6451 3.1955 4.0261 1.2355 0.0213 6.1897
3.4356 6.0908 0.5139 0.7779 5.8061 0.0668 1.1697 3.0616 5.4921 0.4182 0.2821 0.1457 0.7577 2.8025 0.2542 6.0993 2.5887 2.8646 4.5837 3.5275
2.1065 1.9196 0.9408 3.6873 5.0952 3.3702 2.7212 3.4172 4.9450 4.1088 4.8902 1.6964 6.0477 0.6411 1.8680 1.5150 2.4782 5.3642 5.1179 0.0009
2.4494 0.3954 2.1393 5.5394 5.0824 2.5876 3.4843 2.9644 3.9067 4.5327 4.3348 3.8595 5.3726 3.8460 3.7380 3.1042 1.4066 1.5839 4.0790 3.3460
5.0681 4.5317 2.8992 4.7519 4.7414 0.4500 2.8479 5.1997 5.1487 2.8858 2.5911 0.0902 0.8711 1.4768 1.9570 1.3955 0.2973 4.8235 3.6754 2.5761
2.5735 1.6908 2.3104 2.1249 2.5988 3.2748 2.2107 4.0376 4.1688 4.2057 2.5467 3.5257 2.9917 3.8864 2.6742 3.6979 5.1023 1.1138 5.3451 5.5593
0.6747 3.9390 4.0567 2.5975 1.7058 0.1985 5.2970 5.8653 3.5427 3.7023 3.0204 2.0100 3.9728 2.1977 1.4859 2.7588 1.8572 3.1038 5.7856 2.9096
0.7422 0.5668 4.3940 4.6491 1.1157 0.7782 6.1574 0.9161 5.5135 5.1427 5.1793 5.6725 2.8483 4.2057 3.5305 0.8614 2.3239 0.0301 5.8683 1.1709
5.8030 3.9219 4.7719 0.2392 1.0705 0.8341 0.2836 5.6666 5.1700 2.8282 4.7101 2.6789 2.2432 1.0228 3.1635 2.7872 0.7725 1.0008 6.1725 1.3813
5.5053 4.5388 3.7598 2.7744 1.1206 2.3462 0.7506 1.6732 0.9286 0.3760 5.6414 1.6847 0.0414 0.1537 4.0640 6.1800 3.2200 3.1180 6.1410 5.4389
2.3099 1.9689 3.3298 2.5782 5.6986 3.2671 1.2073 5.2579 0.0187 1.0188 4.2045 4.6088 5.0470 3.2428 2.7504 2.6370 2.9241 5.8760 0.6817 2.8423
2.4113 1.8045 2.2058 0.1446 5.6057 2.3418 1.2693 0.8789 0.8425 3.0701 3.5460 3.2805 4.4150 4.5687 4.6023 5.1644 0.6449 5.7843 0.4615 0.9714
4.2291 4.2492 3.2658 3.8465 1.9556 4.1905 1.6678 2.9129 3.2011 3.7795 3.4799 1.4873 0.5638 0.9738 1.4669 2.0808 2.0348 1.7482 2.6582 3.4571
6.1326 1.4374 2.5435 2.8641 2.2586 0.5950 6.0706 1.4736 1.6654 0.4602 0.9583 6.1998 1.2895 4.6722 2.7886 4.0135 2.1575 4.7228 3.9277 3.5139
2.1979 2.4221 3.6082 5.9113 4.9548 2.9618 1.5833 2.8240 3.4756 5.0954 6.2302 0.2699 1.5416 2.4730 2.7258 2.1518 1.9619 0.8372 0.3166 0.3031
2.2743 1.0796 0.2272 2.5117 5.5032 2.5837 0.2879 3.9279 4.7525 2.0419 0.4088 2.4151 3.5746 4.9284 5.4353 0.2790 0.4772 5.0273 0.9796 3.3750
3.6330 2.5080 0.3194 0.1998 3.6866 4.7501 5.3913 5.0769 5.2017 5.5350 5.0729 4.9344 5.0639 4.3711 6.2505 4.9911 3.9535 2.2145 3.4269 3.5387
3.3680 0.2682 1.5194 2.1453 2.1237 2.4496 3.5226 3.5948 3.7854 3.8648 5.0563 3.9253 4.7491 6.2492 0.5961 0.7857 4.2761 4.1019 3.4278 3.4604
3.0400 4.2882 4.6695 0.1034 5.9839 4.2606 4.6574 0.5890 3.8192 1.3854 4.6268 5.7121 4.7178 4.8989 1.2350 4.8279 4.5233 0.0498 2.7911 2.5384
3.0352 2.9712 3.1292 3.4184 4.7412 6.0897 4.5640 0.0015 4.4707 2.5789 5.3317 4.7899 4.3957 2.0627 2.9078 3.2494 2.5079 3.2812 1.6722 1.9768
