5.8983 0.7276 6.1449 3.9770 2.9170 2.9362 2.6699 3.8792 3.6599 2.4882 3.7517 4.6755 3.6449 5.9742 5.6327 5.3568 0.3043 5.9693 3.5535 5.7802
5.7135 5.3211 4.2433 0.6622 2.4661 6.2701 2.8059 0.3001 4.8117 4.1413 4.2185 5.4321 5.0391 3.9189 5.9748 6.0982 5.1423 6.0137 6.0155 1.0568
5.5252 3.2501 4.7671 5.7680 0.5242 0.5585 4.3386 2.2508 2.3680 2.3818 4.2473 0.4677 5.7682 0.2235 1.1137 3.6449 4.2789 3.6438 2.1631 3.6339
3.5767 4.6789 4.4196 2.8676 4.1981 2.2478 3.1840 2.6220 4.3049 5.1269 5.7123 2.8481 1.8989 3.0353 0.8144 0.6267 5.9464 0.3671 0.9578 5.0423
5.6279 5.7303 2.7405 0.5559 0.3877 6.0420 4.2535 5.0949 4.9807 0.5431 6.1730 5.0194 5.9884 0.7658 6.1585 4.8848 4.6919 4.3054 5.2702 1.3504
1.0409 1.8895 2.4931 2.6953 0.6176 2.5323 3.6708 3.3593 0.7896 1.9982 4.7318 1.4771 6.0174 5.4399 4.8831 3.1246 4.8139 0.4822 5.4394 0.2987
1.5099 0.1742 0.7797 5.7241 2.0645 0.7951 5.9674 0.4548 0.5068 3.2567 3.7698 3.0128 1.4413 4.2121 6.1127 5.4680 5.8658 0.7023 5.0659 2.8170
1.1346 2.8785 3.2276 2.5185 2.7335 5.3244 5.1358 4.3098 6.2472 0.4732 6.2676 0.4938 1.5701 1.1389 0.8924 1.8674 0.2424 2.6509 2.6995 1.3390
4.1237 3.3103 3.7952 3.3062 2.9151 2.0659 0.0827 0.5548 0.0941 6.1188 6.1863 3.5200 2.4184 3.4293 3.2763 3.6006 0.0757 0.6302 4.9061 3.7695
4.1103 1.9049 3.6302 0.6763 0.7173 5.7161 0.6163 5.2916 5.2416 4.0266 5.4901 5.5811 0.8030 0.5754 0.8927 0.4985 0.5310 0.7383 6.0782 0.8393
3.7985 4.1033 3.8233 4.8462 5.4866 0.1023 6.2452 1.2981 0.0275 5.6030 6.2822 0.4538 1.4823 2.7983 1.8399 1.4148 3.0171 3.4979 6.0888 3.0451
5.2040 0.7424 1.1785 0.7448 6.1665 5.6528 0.2181 1.5221 5.1619 0.0414 5.4435 4.2605 5.6634 5.3249 3.3978 3.1530 2.6347 0.9761 5.9694 0.7859
3.3065 2.5888 1.1492 1.5687 3.5407 3.2170 1.7209 4.8659 4.2282 4.5089 3.9916 3.4635 4.2700 2.1246 3.1824 0.6508 0.6783 2.3886 2.9989 3.1937
3.1351 0.8597 2.0982 3.0410 2.7329 2.5435 0.2700 5.9196 3.9967 4.4612 3.7087 6.2537 5.7857 5.5570 4.2145 3.9268 0.3879 1.9810 2.0666 3.3393
2.6972 4.0233 3.3269 3.2074 2.9879 1.9883 0.1348 1.9404 3.4330 4.2337 3.2011 3.6375 3.8050 2.8363 0.8459 5.6160 1.3278 5.7655 3.3678 2.6130
2.3096 2.1730 3.7450 5.4886 5.9087 4.6875 4.4427 3.0168 2.5538 5.6578 1.9318 1.6153 4.5449 5.4982 1.8437 2.1255 1.4201 2.3847 3.6447 4.5340
1.8204 5.3358 2.3319 1.6570 5.8247 4.7154 4.0870 5.8722 2.3493 2.9623 1.9068 2.5950 1.6832 2.2429 5.2489 0.1389 2.7570 2.0096 3.2470 2.7766
2.8082 1.0908 6.2448 0.3697 5.8326 0.1264 5.4029 0.7405 0.6874 0.1616 1.6732 2.0748 0.6789 5.7442 5.6686 4.4036 3.5100 6.2037 1.4707 0.3192
3.5944 4.0296 4.9555 6.0150 4.8290 5.8944 5.5144 4.3405 1.8875 3.1895 1.3180 1.9007 0.5152 0.3853 0.0120 3.4085 2.3924 2.3440 1.8143 2.5690
0.8752 1.2643 0.8304 1.4902 3.3567 2.7896 2.2921 2.2006 0.4132 5.0882 2.4355 5.6839 5.3344 4.8469 0.6304 0.8930 2.2788 2.9268 2.5366 4.4170
