1.0781 2.4610 2.4949 3.9058 3.9190 0.8613 2.1610 2.8946 4.4909 6.2334 0.3345 4.2082 5.5563 4.9401 3.7116 2.7261 2.2638 3.2822 1.1940 2.0338
5.6439 5.6608 0.3728 2.9220 2.4905 3.1680 0.9403 0.0644 5.3961 5.3880 0.2694 5.1167 5.3246 5.2564 4.6137 5.9205 5.5991 0.5948 0.9923 0.8087
6.1484 2.7199 0.2377 1.4429 2.1021 5.4842 0.1453 5.0791 4.8983 5.3439 5.6128 3.7958 4.7922 5.6493 4.8364 5.2963 5.6467 2.9965 3.3862 2.7795
5.8264 5.3908 3.7353 5.6688 1.2374 2.4920 2.0349 3.1137 2.8015 1.8896 0.6877 1.9508 6.1281 6.1218 5.5445 0.6985 5.1120 4.8821 5.5031 6.0011
0.7602 2.8363 3.0094 2.7262 0.5196 0.7896 1.3351 0.5030 1.6244 5.8486 5.9363 4.9139 3.2091 3.3508 4.9760 4.8399 5.4070 5.2764 5.9316 5.8769
4.2652 2.9153 3.0512 1.7595 1.1801 0.9731 1.5602 3.0202 0.6552 0.5393 0.7512 2.7587 3.5281 4.4518 6.0860 5.1032 3.9265 5.5931 1.0847 1.9643
3.7403 6.0446 5.1870 4.3022 1.3612 2.2491 6.1245 5.0874 4.0384 3.6153 0.4799 4.8686 5.7913 1.9324 0.5827 1.2768 1.0055 2.4237 1.8657 3.1288
4.3439 4.5278 6.0431 0.2340 1.5764 4.5700 4.5389 4.3825 4.4420 3.7395 0.6990 0.9450 2.2119 4.9350 5.2638 5.3919 0.9524 0.0926 0.9539 5.1338
4.5693 0.6098 5.6439 0.4327 2.1581 2.2130 2.0374 1.5812 2.5604 3.4771 4.8854 4.3014 2.4375 3.0697 4.9938 0.1525 0.8558 1.0294 0.9179 5.3837
1.8513 2.6042 1.1861 2.0323 2.4108 3.7213 3.7888 5.1606 2.2509 2.8199 0.0577 0.0109 5.8580 5.4731 4.6490 2.7350 3.1252 2.3141 5.6832 1.6323
0.8051 5.9577 0.5850 0.4406 2.8785 5.6259 5.0814 3.0296 0.6691 4.8238 5.3948 4.4448 4.6698 5.4437 5.9275 3.9206 4.9998 5.3313 5.9541 5.5034
1.7149 2.2715 3.9870 3.6237 3.3488 4.7441 5.6017 5.5420 6.2576 6.1604 5.2973 0.2969 5.0846 4.4887 6.2380 0.0538 5.4673 1.1489 1.1815 2.2500
3.5008 3.6561 4.9100 3.0262 1.6498 5.3950 0.1022 1.5148 0.3091 2.3622 2.5372 2.9154 5.6312 1.6197 4.0984 4.1110 3.6508 4.5970 3.8231 4.5086
5.5104 6.0204 6.0775 6.1581 4.2668 3.2602 2.7313 0.5112 5.8098 0.1345 0.4371 0.3700 6.1870 3.6700 3.3454 1.8977 3.6647 4.9149 3.5870 1.0185
4.0725 1.4800 0.6183 5.8431 4.5720 4.9615 1.9751 5.9801 6.0143 5.9387 5.9156 3.2057 0.1379 0.2997 5.7784 5.6721 4.4057 2.0142 2.1537 3.6567
5.5015 0.0571 2.0175 3.1013 4.1851 2.1164 3.3718 2.5670 1.0920 0.9083 2.1168 5.5058 1.7710 2.8543 5.2346 5.1937 3.2147 4.2509 2.8097 5.7877
5.1610 2.1353 1.3801 5.1693 4.4368 5.9856 0.2451 5.9886 0.0885 2.8658 2.4982 2.6624 0.1226 0.6118 1.2926 2.8228 2.4102 2.5656 3.7781 2.9175
5.4627 5.0996 0.0356 1.9800 1.4496 1.8430 2.2757 1.5945 0.5223 6.0537 1.2282 0.3681 5.5928 0.9768 0.5710 4.4901 3.1025 3.8238 5.1191 5.5136
4.9743 6.2727 1.0985 1.8201 0.7201 6.2241 2.0260 6.0239 1.4332 5.4330 5.5025 3.8056 5.1010 3.2540 0.5804 5.7203 2.3556 2.0739 3.2463 3.6538
4.4094 4.1202 2.6390 5.7620 5.3175 4.2108 0.7386 1.7632 1.2508 1.7778 5.9832 0.4759 6.2550 6.2384 4.4155 4.6875 1.6097 6.1028 2.2115 0.3437
