3.7574 4.7485 2.4347 1.2083 0.8630 1.7418 1.2390 1.4558 5.3427 6.2408 2.0741 5.7989 5.0436 1.1108 0.6388 3.5095 4.6090 4.1096 3.5721 3.8630
4.6836 3.8814 5.1919 3.6912 5.3717 5.7867 0.1605 3.9954 4.7920 2.7042 1.6478 1.1271 4.8846 4.9203 3.0235 0.7442 1.4912 2.1040 3.0027 5.5230
1.7369 1.6231 0.4668 0.9154 1.0138 0.8805 0.6467 0.3188 5.4803 0.7444 1.5749 2.8638 3.7580 2.0838 2.2499 1.8230 4.7915 5.9908 2.1317 2.9973
0.8357 1.6489 0.3376 4.4052 3.0446 4.6995 4.9893 5.1109 5.5595 5.6232 3.2941 4.2460 4.6908 5.6129 5.3469 5.6219 4.2357 3.5475 2.4849 0.2915
5.8341 6.1063 0.1807 2.9290 3.9242 3.7589 4.1399 4.2077 5.2436 3.3972 3.1837 2.2380 5.4480 0.0277 5.8565 1.5675 1.2979 0.3072 0.8441 4.6818
0.5645 2.4945 5.5785 1.2624 2.0255 2.1988 4.2568 3.8687 4.3569 5.4163 5.0433 5.1934 4.6682 4.3779 4.6126 3.7879 1.2655 1.2448 1.8228 2.0694
6.1634 5.3308 4.5489 4.7880 5.3039 0.2370 4.2483 3.7175 4.0832 3.3259 3.9537 3.4274 6.0143 0.8334 6.2603 0.9584 0.9884 6.0483 0.3030 5.8003
5.8035 4.7837 4.1487 4.6945 5.2920 4.4758 4.3492 2.0089 3.3517 2.6427 3.1595 3.6149 5.4180 3.8932 3.9870 2.5955 1.1725 2.8687 4.8173 0.4956
0.5009 6.1489 5.1252 4.2719 0.0989 0.9199 5.3420 0.0161 4.5225 2.4285 3.8313 5.1375 4.5019 5.2194 4.5394 5.4491 5.3772 5.4822 4.9854 5.2768
2.2583 1.6907 2.2331 5.7700 5.3607 5.1256 5.9484 5.8518 4.2114 4.7348 5.3016 2.0046 2.2059 1.8990 3.2420 1.7388 2.5144 2.5322 3.7617 2.2498
3.3140 3.3844 1.7160 2.5638 6.0722 3.0114 5.9802 1.0914 3.0026 2.8516 6.2283 4.0231 3.8756 4.5656 0.4798 5.0721 3.1397 5.6038 4.9894 3.8988
3.4012 1.7318 1.7938 1.1305 6.0356 5.9161 0.3893 3.8148 5.6369 5.5145 5.5722 0.5022 0.2250 5.8913 1.0535 4.4440 2.8882 2.8927 3.6652 5.3491
3.0289 3.9275 1.9190 1.8886 0.0633 2.9312 0.3481 0.6791 6.2556 4.3688 5.0914 2.4640 0.2869 1.2058 1.2604 3.1905 1.5918 5.8964 3.6615 4.2653
4.2200 4.6265 4.7140 6.0515 6.2749 3.2106 4.6970 3.8850 0.0505 1.6935 5.2338 5.9478 5.4610 3.0461 2.4520 1.1832 3.2739 2.0775 3.1157 1.8499
5.7713 2.4773 1.3539 1.7042 0.2561 0.0698 5.6399 0.4620 5.6622 5.9006 0.2604 3.3966 4.2719 1.9841 3.4940 4.2190 3.6475 3.6407 4.7705 4.3732
6.1752 5.7178 5.3761 3.6314 3.7371 3.2788 1.4824 2.4856 1.5902 0.1092 6.1085 5.4904 4.7977 5.3120 2.9372 1.5465 1.9607 1.2586 0.8683 6.1196
1.5460 2.0599 1.5968 0.1245 4.1097 5.1224 3.5969 3.9218 4.2575 3.4646 0.6385 2.0633 0.6572 2.8140 2.6375 2.6384 1.5593 2.6241 1.7669 0.8936
1.5705 2.1463 1.3749 2.6203 5.3240 6.0619 4.9798 6.2569 5.9266 6.0825 5.6549 1.7675 1.7313 0.8629 0.1839 0.7331 1.6447 0.5318 0.0581 3.3968
1.2980 4.0735 2.6144 0.0634 0.2078 2.9099 3.3976 3.7865 5.3306 4.6721 5.8624 5.7447 1.7627 0.8273 4.6715 4.1527 4.5189 5.7733 6.0398 0.7582
1.8247 2.2683 2.6909 5.1718 5.9899 5.1511 3.8888 6.1806 4.4427 3.7204 2.4369 3.0360 2.4364 5.5269 5.6406 2.0481 3.1669 0.5730 0.1372 0.7786
