2.4645 1.5424 1.3732 1.1183 4.4917 6.2235 4.9718 6.2778 1.0899 6.1532 6.0863 1.2926 0.7062 4.2336 5.6941 0.1677 6.1515 1.0890 1.3193 3.2219
3.0277 1.3939 0.0654 2.0376 2.9875 0.5899 6.1176 0.3537 0.4128 0.8682 0.6531 1.6058 0.4509 4.0987 5.9107 0.0983 0.3466 0.6445 2.8301 3.6222
2.1348 2.0972 0.9271 1.4073 1.8453 2.3988 0.2693 0.8363 1.3991 0.6379 0.5724 0.7337 1.9588 3.3343 5.4692 0.1051 0.5281 1.2755 0.9646 2.1297
3.6683 2.9592 0.6109 0.0137 4.1084 3.9623 1.1126 0.4710 0.2255 0.5590 0.3621 0.3445 0.6645 0.2675 6.1185 0.1000 0.2539 0.5361 4.7943 3.7637
3.5717 4.6331 5.3248 5.1119 4.8796 6.1876 1.1043 5.9995 5.9930 1.0213 0.9189 1.1706 1.5783 0.1141 0.0400 0.9661 0.1131 0.4457 1.9983 3.1306
3.8366 4.6361 5.4541 3.7713 4.5451 0.0282 0.7275 0.2884 1.1127 0.5243 0.0608 0.6332 2.6617 1.2624 0.2483 0.5573 0.5527 0.6541 2.1894 3.9077
5.0395 4.2122 4.8293 4.4760 5.5038 6.2138 0.7945 0.2134 1.4069 0.6185 2.4849 2.2853 2.1317 2.1637 1.6226 0.5905 0.3340 1.1009 2.3088 3.3298
5.0477 4.6334 6.0113 5.4568 5.3791 5.4664 5.6613 5.5218 0.2039 1.5030 2.1776 1.7410 2.4956 1.9450 1.0702 0.2912 0.7884 2.4172 2.8170 4.1725
3.3493 4.7233 5.9438 5.5794 0.1658 5.3189 5.6131 5.5270 5.7526 5.5701 2.9401 3.7943 0.8926 0.9546 1.5263 1.5698 1.0477 1.3964 3.2952 3.2469
5.3548 5.9113 0.4518 6.2182 6.2304 0.6126 5.9635 5.9747 6.1556 3.8891 3.9024 3.7223 1.5213 0.8867 1.7655 2.2181 1.8972 2.3598 2.2173 3.4491
0.6406 5.8463 5.6701 0.0571 0.6697 5.9738 0.2173 0.1350 6.0955 5.6598 4.4290 2.7661 1.6494 2.2169 3.0574 2.8713 2.1770 2.3265 1.8591 1.8191
6.2075 6.0438 5.2061 5.0993 5.9578 5.3489 0.0431 0.5115 0.5591 1.3187 1.8348 1.6709 2.0000 1.7593 2.8933 2.3556 3.4353 5.3617 0.9121 6.2168
6.1128 6.0741 4.9442 4.7901 5.1773 5.1231 0.1269 0.8065 0.4650 1.4222 2.0262 1.2015 2.1022 2.8336 2.8163 2.7692 3.3096 5.6165 0.8074 6.1547
5.1794 5.0130 6.1761 4.9395 5.2828 5.5881 5.7594 0.7779 5.9623 6.1047 0.3863 2.1433 1.1516 4.8455 3.3277 3.8141 5.7298 5.9482 0.8887 5.4684
4.8899 4.9985 4.6807 4.9015 5.5047 4.1816 6.0891 0.5555 0.3693 0.3079 0.0778 1.7501 0.6514 0.5902 4.3600 4.5793 4.2323 0.3188 5.0970 5.3338
4.4787 4.2785 4.4083 4.3774 4.1345 4.6675 5.1037 0.0488 5.5096 5.9754 0.1634 1.2877 0.9218 6.2319 5.6430 5.1565 4.7812 3.9274 5.4823 3.9033
4.3825 3.8813 4.7511 4.0942 4.7731 3.4835 5.3730 4.9962 5.2520 0.0500 1.0171 0.1921 1.1491 0.4501 4.7665 4.6235 3.7284 4.1838 4.2058 4.1987
3.8446 2.8624 3.5654 3.8552 4.3345 5.5140 6.0010 6.1801 5.3994 0.6532 1.3287 1.2270 0.6582 0.3607 5.1732 4.8586 4.0020 4.9906 3.7408 4.3369
3.0872 2.9382 3.9257 3.3181 3.9918 4.4999 5.3662 5.6500 5.5755 0.2439 0.2497 1.9675 1.6293 0.4395 5.5810 0.1658 2.9782 4.4429 4.7807 4.9416
2.8594 2.2080 1.8989 2.6307 4.7352 5.1821 5.7695 5.3638 0.4489 5.2214 0.8468 1.4981 0.4668 0.1786 5.9498 5.6430 0.5656 0.3025 0.0732 4.7120
