1.8445 1.6634 1.8034 2.8864 2.0064 0.3362 0.4881 0.5372 6.0028 6.0541 1.1574 2.7608 1.9131 1.6166 0.8872 0.5799 1.4021 0.9032 0.7146 1.3553
2.5087 2.2462 1.6883 1.1260 0.7709 0.2768 0.3511 0.9462 0.6453 1.4052 1.5204 2.2833 2.4349 0.8637 0.8714 0.5833 1.2128 1.4206 0.9993 1.4634
2.7430 2.3714 1.9390 1.7423 0.5968 0.4165 1.6149 0.6361 0.9394 1.1746 1.9444 2.9328 2.5816 1.4236 0.5943 0.9699 0.8293 1.5048 1.7546 1.7501
2.2330 2.4744 1.7386 2.3488 3.9951 5.9855 1.9362 0.4041 0.8024 0.9244 2.0474 2.6450 2.5818 1.0760 1.5771 2.0901 1.0157 1.2135 0.8811 1.5064
2.5843 2.3441 1.7588 2.1186 2.5825 3.3093 2.1660 1.8913 1.3724 1.2965 2.5227 3.3881 3.2384 3.1224 3.1255 2.4591 0.9443 1.7403 1.3157 1.4059
3.1538 2.2138 1.7209 2.7896 2.4160 2.1033 2.0683 2.5959 1.3036 1.1666 2.8461 3.3432 2.0941 3.3258 4.4605 2.5723 2.2534 2.2443 1.0765 2.4450
1.8875 2.7627 3.0215 2.7760 3.8323 2.9819 1.8497 1.0876 0.8061 0.7008 6.2650 2.6358 4.3445 3.7431 3.6647 1.6316 2.0031 1.9731 1.3465 1.4099
2.3120 2.1187 3.5556 2.1810 3.6634 1.3203 1.7209 1.1691 1.2161 5.8744 0.2451 3.3800 4.1038 4.6693 3.4322 1.8300 2.6986 1.0740 2.1322 1.3825
1.7369 0.5819 1.4981 2.2218 1.9690 2.1173 1.3112 0.9568 1.2581 0.4438 0.0508 4.1300 4.6385 5.0034 3.6543 3.6453 3.0769 1.6562 1.5618 0.9421
5.8587 0.2858 0.2863 1.3124 0.5379 0.1758 6.0744 0.8729 1.1012 0.4236 5.1693 3.9337 4.5040 3.9956 3.3287 4.6486 1.4407 1.9182 1.8286 1.0371
1.3084 1.1020 1.1469 0.5875 0.5650 1.5075 0.3745 0.7885 2.9122 4.5043 4.7585 0.9944 3.7309 5.3850 5.0137 4.3919 2.4722 2.2945 2.1780 1.9932
1.8271 1.2609 0.5339 0.6452 2.3007 1.1879 0.4289 0.4257 6.2403 4.8496 5.1497 5.3302 4.6506 4.6453 5.1444 2.8045 2.5653 2.3517 1.7511 2.3995
0.4367 0.4738 0.7257 1.0239 2.9258 0.0041 5.8676 6.1894 5.2063 5.8559 5.6593 4.6088 3.7695 4.4806 3.8652 2.3769 1.9101 2.2482 2.7846 2.8858
1.2774 1.2706 1.7133 1.5765 5.8966 5.7087 5.9506 0.6438 6.1111 5.8788 4.9806 2.3013 2.6877 3.7684 3.0705 3.3408 3.5649 2.3129 2.5237 3.2796
2.3063 1.4592 0.3038 0.4282 6.2592 0.4653 1.9195 2.0358 0.8333 1.1065 1.0373 2.2752 2.4703 3.1121 2.7875 3.3175 2.8605 2.1237 2.8237 2.5436
2.8398 3.0880 2.0634 1.8806 2.1253 1.1689 1.8309 2.7724 3.7766 0.4566 0.3515 2.1938 2.4797 2.7404 2.0354 1.7069 2.7309 1.9008 2.9000 3.2892
2.5634 2.7974 5.7501 0.9672 0.7458 0.6538 1.9577 1.5292 2.7457 1.0036 1.2494 2.0922 2.3901 2.5918 2.5834 2.4851 2.0661 3.2605 3.4515 1.8598
2.7601 3.0921 3.2687 1.3748 5.3878 4.8531 1.8453 1.8961 1.6827 0.6630 1.1142 2.2701 1.5575 2.4416 2.7832 1.9845 2.5267 2.0288 1.3902 2.3213
2.5932 2.1016 2.8242 1.9482 2.2898 1.0029 1.4361 1.5900 1.7467 0.4974 1.3728 2.6792 3.5269 4.2209 3.3301 3.5915 2.3896 1.8101 1.5169 1.9188
1.5427 1.1073 1.8663 2.0059 1.9408 0.2045 1.4014 0.9971 0.6590 0.4429 1.3761 2.2038 1.9930 2.1793 2.0788 3.8529 2.3600 1.1082 1.1104 1.4649
