2.7215 1.5731 0.7420 2.1375 2.1046 2.6026 2.7032 3.3054 3.3157 2.2063 2.4794 2.2837 0.8682 0.2633 5.5925 4.3225 4.2482 2.7911 2.0838 3.5680
3.2782 3.1442 1.6882 2.2710 2.2057 3.9598 2.5952 3.7905 3.3121 1.5972 1.6118 1.4085 1.0844 5.8430 5.3614 3.3276 2.5165 2.1147 3.5552 3.8031
3.9627 3.6531 1.5021 0.7710 3.6996 3.4593 2.7524 2.0423 2.5142 2.3787 2.4962 0.3027 5.9700 5.4724 4.7590 3.7196 3.2080 2.4674 3.5933 4.1465
4.1688 5.2360 0.4255 5.8889 3.6361 4.0595 3.5120 3.9458 2.4580 2.2070 1.4127 0.7642 0.3183 0.3000 3.7447 4.2577 3.9659 3.7082 3.4965 3.3453
1.2526 0.3166 0.8697 4.7809 5.8784 4.7616 4.4539 3.9042 3.0489 3.0021 1.9277 1.2458 1.9604 2.7325 3.6339 5.0055 5.9330 3.0942 3.1849 4.6292
5.2914 5.0690 0.3770 5.1481 0.4836 6.2290 4.3029 2.7263 2.5002 2.3874 2.5782 2.6268 4.2315 2.5294 3.4112 5.4622 1.2346 4.4867 4.1218 4.6460
4.5061 0.1237 0.2361 0.7677 1.0245 0.6087 0.4108 2.5986 2.8632 3.0376 2.9806 3.0102 3.8211 3.2321 3.9894 4.6760 3.4342 3.6773 3.7820 4.2761
5.0780 6.2667 6.0341 0.6538 1.1730 0.2550 0.7119 1.8928 2.6983 2.4267 3.2878 3.5758 3.3450 2.8592 2.8966 4.7186 4.7295 4.4331 3.8649 5.1539
3.5348 0.8926 1.4098 1.1572 1.0279 0.1599 0.6870 1.2104 1.8409 2.4289 4.0423 4.4412 5.2066 4.5553 3.2209 4.2705 4.9941 5.0499 4.5661 4.8379
5.8348 5.4668 0.2645 5.6139 6.1160 6.1923 0.8706 1.3190 2.2657 3.4740 4.8627 4.8672 4.7027 3.8948 4.2910 4.1732 4.8151 4.5043 5.4681 0.2305
5.5207 0.5435 0.4545 6.1703 0.0080 0.5978 6.2336 1.2939 2.5415 3.4800 2.9313 3.1847 2.8806 2.6951 3.3886 4.1270 5.4560 6.1641 5.7040 0.3434
5.3436 6.2021 0.8668 0.0993 6.0393 6.2415 6.2426 2.0209 2.9148 3.8103 3.4233 4.2461 3.9611 4.7723 4.8970 4.3660 4.5127 5.1408 5.5253 0.2534
6.2204 5.9643 1.5046 1.2627 1.6367 0.0596 5.3331 2.7981 3.2836 3.6691 4.1810 4.3124 4.1984 4.3045 4.8667 4.2947 4.6591 3.6142 6.1240 0.4278
0.1852 6.1566 1.3226 1.2783 2.7996 3.0163 3.7376 3.4611 4.1652 4.8912 3.9583 3.8492 3.4736 2.3429 2.5773 2.9953 3.6004 2.8820 5.8719 0.3661
5.1015 4.3396 2.2195 2.8721 3.5349 3.8178 4.4197 4.5389 4.3300 4.6247 5.6785 4.7778 2.1297 2.3165 3.1003 2.5877 3.1102 3.2082 4.8269 5.1905
5.3942 4.2173 3.7785 3.0362 2.3600 3.4685 4.0247 4.9382 4.5128 5.0117 5.7016 5.8200 1.8270 2.4977 2.7870 2.2535 2.2941 2.6218 3.2592 4.8292
4.2737 3.7845 3.7010 2.8739 1.9567 2.7420 3.4866 4.5668 4.5162 4.9174 4.9907 5.7120 1.8703 2.3895 2.5314 2.6829 2.4305 2.7775 4.3081 4.1369
4.5674 2.1905 2.3573 1.8950 2.1206 3.0384 1.9893 4.8592 5.9578 5.8827 0.8272 6.1360 1.2517 2.1884 5.3283 0.5583 1.1231 2.7305 4.2646 3.4990
3.7777 3.9954 5.0149 4.0124 0.9683 2.5090 3.1087 2.8633 2.1915 1.4274 0.7557 1.1606 1.0289 1.5718 5.5224 5.2246 5.8185 2.6697 3.6890 3.5373
2.8708 0.9302 5.7802 2.6644 1.9240 3.1435 2.8458 3.1324 3.3427 1.6343 0.8959 1.6428 0.8755 4.1790 5.9279 4.8508 5.4520 2.4384 2.8329 3.2609
