0.2576 3.7009 4.0623 3.2600 5.2854 6.2653 0.8145 0.7140 0.7934 6.1962 1.8337 2.9107 3.4363 2.8284 3.6371 2.0269 3.3012 1.5348 0.4488 0.2299
0.0072 3.9680 4.4470 4.3608 1.7293 0.7925 5.3447 5.6753 0.4080 0.3477 4.0987 3.8456 3.5314 1.3515 3.8969 6.0866 4.9409 5.4903 5.5513 4.9111
5.8369 4.3966 4.7382 4.7899 0.5486 1.0487 0.4319 0.4865 6.0876 6.2641 5.3326 5.0621 5.1495 4.3036 4.7963 4.7857 3.7777 3.9461 5.2536 5.7169
5.0448 5.5233 5.5801 4.9263 1.0035 0.3032 5.9672 0.5142 6.0141 4.6949 5.6881 5.3370 5.4134 5.4069 4.6876 4.3584 3.6626 3.5406 5.8483 5.2236
5.1117 5.7481 0.2656 2.0828 0.5188 0.7631 5.6389 1.2406 1.2081 0.1412 0.6111 5.5078 5.4303 5.9577 4.1606 5.0329 4.5232 5.0066 4.9742 4.6057
4.5125 6.2487 5.4325 0.2824 1.3902 0.2026 5.1343 5.8506 0.1789 1.0247 0.2547 0.9491 6.2799 0.5168 5.4746 5.4737 4.9873 5.3746 3.8695 5.2687
6.0685 6.0909 0.6354 0.7100 6.1465 5.6470 5.8616 6.1713 0.6927 0.3568 6.1887 5.9618 0.2431 0.7695 0.6909 4.1260 6.0320 6.0124 5.5668 6.1517
0.9739 0.1435 5.5068 5.0744 5.4721 5.7609 0.3589 0.3838 0.8114 0.2483 5.7336 5.2282 5.9330 0.1609 1.7966 2.5070 2.8090 6.2802 5.9048 0.2726
0.9353 1.3046 1.4181 6.1717 5.4617 0.0641 6.2568 6.0981 0.7859 5.3438 5.8494 5.2373 5.5034 5.9512 0.1245 2.1279 1.9476 0.3365 1.4699 1.2986
0.5608 2.4190 1.5477 6.2492 5.9538 4.8321 5.2148 6.2562 1.3116 2.1850 1.8935 2.4379 0.8045 0.9221 1.0935 2.3315 1.6413 1.5209 1.9154 0.3857
5.5574 5.8792 0.3978 5.7806 6.2393 6.0484 5.5676 1.0746 0.8681 1.7927 1.5161 2.7255 1.3370 1.0958 1.0736 1.0790 1.5573 2.1958 1.9950 5.6032
5.9961 6.1489 0.2467 0.3861 6.0625 0.5374 0.5248 0.9453 1.7432 1.9256 2.2450 2.3779 1.9372 2.5042 1.9570 3.3408 2.8885 6.0041 6.0073 5.5340
0.4935 5.3513 0.8695 0.3331 1.0515 1.4505 0.5337 0.0546 5.3222 3.5340 3.3290 2.5871 2.5809 2.3840 2.6712 3.3009 2.4110 5.6241 6.1962 0.0469
4.8242 0.2343 0.1559 0.9747 0.4599 0.7072 5.8073 5.6733 4.2229 3.4402 3.4126 3.9271 3.6153 4.7941 2.6011 3.5985 4.1732 0.2385 0.7898 5.2046
4.0263 0.3245 0.7384 0.2856 1.1668 0.6794 5.0906 4.8334 5.8843 4.0239 4.3760 3.7971 4.1957 4.3798 3.7833 4.1115 4.3851 5.4497 5.3395 5.0375
6.1316 5.9548 5.5279 0.8245 0.3229 5.5087 5.6748 5.1050 4.3345 4.4772 5.6224 2.9452 3.8855 2.2266 1.8733 3.3308 4.0265 4.5387 4.8995 5.3507
5.4879 6.1190 0.3253 6.1462 5.5114 0.2970 0.4208 4.1511 4.0059 0.2350 0.9417 2.9536 3.6915 3.6569 3.2052 2.1986 2.8504 2.9947 4.2820 4.9644
5.6866 5.2606 5.5045 4.2194 3.4464 2.4095 0.4060 0.6437 5.6448 1.8101 1.7974 2.3310 3.4908 3.8940 3.0255 2.1820 1.1810 3.0690 5.0001 5.3709
4.9730 4.9866 5.3264 4.4213 3.3403 6.1972 0.7353 0.5108 1.1762 1.6567 1.1822 1.8965 3.3030 2.9643 2.5384 3.5846 0.2957 2.3479 1.6612 5.1538
6.0762 4.0450 3.4701 3.6924 5.2668 5.5983 0.3014 0.4550 1.5844 2.5000 1.7923 2.4060 4.0689 2.5746 3.0273 3.2430 1.8975 1.1851 1.1350 0.3176
