4.2114 2.5573 1.3148 0.9227 0.8340 6.0706 0.2770 6.0066 6.2326 5.7789 5.7526 6.2607 5.0839 5.0528 5.5259 5.1193 5.0386 5.3132 5.0776 4.2361
4.5269 3.4970 3.2863 0.3822 0.5580 6.0915 0.4996 0.7981 0.6745 5.9006 5.5404 0.6303 0.4961 5.4929 0.0600 6.0236 5.5649 5.6128 5.4662 4.2944
5.3029 5.6569 1.1546 1.1381 1.1398 0.8117 0.1952 1.6589 1.8092 6.0777 0.7899 0.1157 0.8602 5.9697 6.1475 5.9954 5.2019 4.5660 5.0829 3.4457
5.1913 0.2781 1.2599 1.9458 0.9905 0.6805 0.3216 6.2604 0.4387 0.4260 0.5390 1.0004 0.5451 6.0477 5.7894 0.0200 4.8020 4.4289 3.7587 4.8475
4.7359 6.0953 5.7197 1.2243 0.8804 1.3265 0.1618 0.9302 0.1387 0.7080 1.6366 1.2720 0.4772 5.9940 5.8443 5.5928 5.1864 4.6220 4.6861 4.2785
5.5138 0.2484 1.4137 0.9144 1.2555 1.1226 0.7750 0.0134 0.1936 0.9159 2.3037 1.5869 1.2875 0.8345 0.2597 5.1639 6.0878 5.8536 4.2389 5.5523
5.6499 0.6019 1.4654 0.5378 0.4059 0.9901 0.6009 0.2882 1.0373 1.3504 1.9402 1.1116 2.1952 0.6593 1.0811 5.7550 5.8785 4.8163 4.8486 5.7567
4.7892 0.2441 0.0015 0.9703 6.0268 0.8593 1.6806 2.0550 1.2061 1.3722 1.3541 1.6787 2.3334 2.3311 4.2289 5.7174 0.6534 1.5956 4.9645 4.9056
3.7661 5.6432 1.5254 1.1487 5.8779 0.3348 0.9617 2.0778 2.8674 1.8468 2.7700 2.0884 3.7333 4.4100 3.3920 3.9506 4.2089 0.0538 4.5701 4.6845
6.1058 1.2849 0.6967 0.6562 0.2263 0.5247 1.0488 1.9097 2.0751 4.2592 4.1206 3.8443 3.7067 4.9392 5.7704 4.9918 1.7910 5.8295 0.5592 6.1381
0.1884 1.0360 0.5944 1.5604 0.7086 5.8433 0.2344 6.1496 0.2802 5.6672 2.3740 4.9977 3.7032 4.6533 4.1831 4.4575 3.2777 0.5343 5.7813 0.6503
0.3019 0.3018 0.8206 0.7594 0.0062 6.0243 5.3183 5.0852 5.3620 4.6034 3.7235 4.6876 5.2624 4.5540 4.2600 5.3103 5.0798 0.2177 6.0997 0.4122
0.0598 6.2115 0.0776 0.9046 2.0448 2.9520 4.0948 4.6332 4.9786 5.0881 4.9319 3.7913 5.8745 4.6655 4.8234 0.1028 4.9454 5.7529 5.0663 6.0232
0.0929 5.7932 0.3150 0.6904 1.6869 1.5329 3.8118 5.4793 5.4810 5.3010 5.4044 3.6360 0.9036 4.8349 5.7356 5.4749 5.3818 5.3766 5.4506 0.0966
0.2396 6.1738 6.2815 0.1528 1.6004 1.5351 0.9092 2.5951 0.6610 1.2589 1.0098 0.9713 1.5683 0.7595 1.9377 0.3898 5.4032 0.4870 0.0469 0.9366
5.5192 0.8144 0.8481 0.0104 2.0871 1.7201 0.9567 0.6986 1.1870 0.0206 0.6107 1.1657 5.7708 5.2144 5.0159 5.6409 5.7581 4.8725 0.3131 5.8532
0.3311 0.4404 6.0005 0.4939 1.7671 1.9219 4.5931 5.7975 6.2334 6.1887 5.9247 0.1608 5.0015 4.9963 6.1716 5.7574 5.8853 4.7872 4.7737 5.5539
0.2225 0.7979 0.7052 0.6220 2.4351 3.0282 3.4952 5.4374 6.0668 6.0942 6.0628 6.1440 4.8386 5.4882 5.7228 0.2119 4.6684 5.5087 5.3494 5.8665
0.3707 0.6326 0.7696 2.2704 3.8562 3.5184 2.7429 0.2110 0.1367 5.1289 5.9315 5.7740 5.6866 5.5363 5.4071 6.1310 5.4327 3.8037 5.5155 5.9707
5.5168 1.1536 0.4837 0.5493 6.0306 6.1181 1.4521 6.1994 6.2294 5.8639 5.0841 5.2180 5.2493 6.1130 0.0637 6.0289 5.6257 5.8048 0.2177 4.1852
