2.5881 1.0747 2.5288 2.3377 1.1884 1.2816 1.8632 1.0843 1.4143 5.3777 5.9061 5.3293 0.3711 5.9309 0.9188 1.0013 1.8183 1.1208 2.9241 2.9075
1.2398 0.4478 0.6233 0.0213 5.7099 1.0059 2.6903 3.4488 0.5618 4.7467 5.6285 5.4522 6.0382 6.2258 0.7741 1.2754 0.9493 0.7404 5.9973 1.3813
0.6709 6.0148 0.7320 0.9243 1.3607 2.2765 0.6741 1.8573 0.8268 4.8601 5.7930 0.0689 1.0309 0.5384 0.2453 0.2379 0.1310 0.1461 0.8986 1.5736
1.0340 1.8974 0.2645 0.3835 0.8562 2.8322 3.2853 1.3457 4.3733 4.8528 4.6127 5.6583 6.2199 1.5875 1.2071 5.8063 6.1250 5.9051 0.0561 0.5592
0.7560 0.1945 0.2630 6.2559 0.5198 2.8239 3.8480 2.1810 3.1414 2.5815 0.0011 6.0895 0.1747 1.7510 1.9212 1.1637 0.7223 0.5015 0.0717 1.5084
1.4479 0.3791 0.7501 1.3733 0.4196 5.3943 4.0310 2.8272 3.3506 2.3406 1.4159 5.8587 0.9823 1.2917 2.9731 1.0833 4.7380 0.5339 0.3552 0.8079
1.2070 0.8926 0.4401 1.5893 1.4106 2.4727 3.8906 2.8760 2.5100 3.2426 2.3563 1.6332 1.3697 1.5339 3.0533 4.3433 0.0942 1.5102 6.1368 1.0329
1.0616 0.1072 0.6650 0.2657 0.5054 3.3708 3.3418 2.9042 2.8454 3.4620 3.1586 3.8462 2.6035 1.2903 2.8911 1.8453 1.1074 0.4488 0.3702 0.5718
1.4040 1.4247 1.3726 0.2746 0.9837 0.6910 3.0703 2.7551 3.1629 3.6958 4.0462 4.3286 5.2450 0.5803 1.0766 1.8050 1.8073 0.6446 6.0868 1.2949
0.9750 0.3297 1.0741 2.5729 1.3493 1.1453 1.2050 3.3190 2.5882 3.3874 3.2678 3.7480 0.1399 0.1744 0.3828 0.5844 5.5099 0.5249 0.6249 0.8972
1.2974 1.2599 1.2213 1.9299 3.1188 2.1281 3.3957 1.9421 2.3722 3.5379 3.9024 3.8177 0.4952 0.5337 0.5115 5.8960 5.0917 0.7016 0.6105 0.6369
1.2966 0.6514 0.1732 4.6888 3.2556 2.0566 2.8843 2.8837 3.3054 3.7084 0.4876 1.1636 0.9796 5.8790 0.5444 5.6823 0.7476 0.0615 0.4552 0.5008
1.0210 6.2121 1.8193 3.1931 2.6291 1.8388 1.9713 2.5203 3.7487 3.7322 2.8025 3.4294 1.9329 2.5433 1.8292 0.9145 0.6966 1.0522 0.3453 1.3034
0.9056 0.7751 2.3291 2.8838 1.2262 1.0964 1.6679 6.1031 5.0431 3.7129 2.6357 2.2316 2.6139 1.8664 2.8368 1.5074 0.1969 0.6533 0.5395 0.9601
1.1585 2.2593 2.6095 2.0269 0.2559 1.5608 1.5842 1.6922 6.1661 2.4870 2.1078 1.5980 3.5177 3.0050 2.7214 1.5283 0.0974 5.6758 0.7984 0.5379
2.7014 2.1987 1.9476 1.8434 2.4860 2.1695 1.4476 3.2365 3.4722 2.9711 3.2874 2.3269 3.2550 2.3527 1.8494 0.0582 5.5922 5.8516 2.3613 2.1976
2.2999 1.0915 0.9782 1.3812 2.8415 2.8482 2.1053 2.4429 3.2190 3.9435 3.5796 3.5520 3.5271 3.9507 3.6340 4.5532 5.1443 4.7159 2.0816 1.8417
2.3825 2.1232 1.1358 2.0338 1.4887 1.6300 1.6394 2.3570 3.3672 4.5889 4.7263 4.2423 3.6379 4.5337 3.7240 4.0151 4.9623 2.6573 2.8519 1.8330
2.6689 1.7699 2.3604 2.0515 1.8525 1.3257 2.3980 3.1313 4.6035 5.4990 0.3437 5.1712 3.1981 5.2299 6.2219 5.8085 0.2574 1.6118 2.7444 2.5459
3.2822 2.3169 2.1469 1.5552 0.3028 1.1894 1.7834 1.0631 2.0787 5.9191 5.4650 6.0577 5.6041 4.3219 6.2239 1.5919 2.1172 2.0597 2.5718 2.3863
