1.6065 0.6944 5.5356 6.2092 0.3092 6.1686 0.5323 0.0968 4.6468 5.4961 3.4069 3.5995 2.3257 1.9379 3.9042 3.6320 3.5255 2.4922 1.5385 1.6397
1.0471 0.4469 0.7481 0.3574 5.7984 5.1010 5.3203 4.0795 3.9439 4.3651 3.8898 3.8823 3.2380 3.4694 3.7140 4.3670 3.0002 3.9924 1.8842 1.7501
0.6896 1.2175 5.9751 5.9583 4.7084 4.9385 3.9511 3.9286 3.2958 3.4672 4.0651 4.2249 4.1322 4.0459 4.6054 5.0798 4.2346 4.0593 1.0702 0.6769
1.5555 2.2197 1.9447 0.6361 4.9926 4.7045 4.0184 3.4021 4.2673 4.4690 4.2528 3.7201 2.9732 2.8448 4.1088 5.4799 5.2967 4.0080 3.9824 3.3659
2.2171 2.1638 2.6104 2.4292 1.8219 3.0727 3.7220 2.6849 3.2983 4.5976 4.4036 3.3551 3.4992 2.9258 2.7245 3.3972 3.4831 3.1520 4.1010 2.7096
2.5997 1.7253 2.5820 2.7684 2.6989 2.9033 3.8591 2.7014 2.6884 3.3527 4.1055 3.5959 2.9555 3.9124 3.6745 3.0825 3.3041 3.4350 4.5994 4.1032
0.0672 0.6636 2.2865 2.4376 3.2754 2.9743 2.4897 3.1919 2.9904 3.1781 2.8110 0.1232 1.0731 1.7751 3.5210 2.2631 1.3464 0.6002 5.6291 1.3585
1.4325 0.5821 2.5116 2.3932 1.2762 2.8278 2.0478 1.9005 2.7426 2.9444 3.2383 0.6006 1.2615 0.8110 4.4008 3.2739 3.2279 5.1104 5.5877 1.0373
6.0870 4.0093 2.8128 2.5695 6.1261 5.5075 2.8335 1.9539 2.0708 2.5227 3.1414 1.9232 0.7777 1.5380 2.0223 2.1364 3.9124 5.9375 0.4385 0.7348
5.4013 3.8210 3.0124 2.7272 4.0234 6.0331 0.5833 1.8455 2.5157 1.7454 1.9792 1.6794 0.8100 1.4446 1.8943 1.9717 4.1856 4.8038 0.1697 5.8375
4.4268 4.7344 4.6213 4.9171 5.3012 5.1801 5.3321 0.5782 0.7512 0.6406 0.2801 1.5902 2.6096 3.2269 2.1184 2.3581 3.5122 4.3872 4.6147 5.1933
4.3549 4.1596 3.6929 4.8205 3.9305 4.0846 4.0981 0.3000 0.4420 0.5798 0.1925 1.4685 1.8844 3.1803 1.9362 1.9786 2.7637 3.1443 5.4707 4.5333
4.4990 3.6190 4.3072 4.9302 4.0345 3.9282 4.0337 6.1251 0.7672 0.1718 6.1138 1.3667 2.3648 2.3226 1.5002 2.1344 2.6637 3.8344 3.5260 4.9123
4.5507 5.3209 4.4945 5.4056 4.4271 4.1250 4.5444 3.5899 0.1267 5.0359 5.9563 1.4424 2.7060 2.7078 2.6320 2.4056 2.9199 3.7573 4.0167 4.1427
3.5080 0.0583 4.6350 5.4660 4.1714 4.0370 3.0360 3.5636 5.7350 0.4195 1.6303 1.1778 2.5070 2.4046 3.1923 2.0955 2.6779 2.9773 2.6127 2.8841
3.8586 1.9030 4.1468 5.0864 4.6438 4.4260 3.5913 3.8568 3.1655 1.0800 1.8282 1.0036 2.1602 3.4860 1.6368 1.2082 2.4998 2.5072 3.1582 2.2039
3.4601 6.1450 5.4512 0.0982 5.9423 4.2453 2.8526 1.9012 3.1240 1.9714 3.6067 2.9829 3.1679 2.0585 1.9907 1.1847 0.9251 2.6000 3.0563 2.4984
4.7677 4.8545 5.4683 5.2822 6.0051 3.1780 2.1856 2.2271 3.1615 2.3400 3.2704 3.1009 2.4313 2.1991 1.8110 2.1746 2.5646 2.2772 2.0633 2.8642
1.8455 2.5362 0.9497 1.1608 0.3452 0.3405 2.3047 3.2985 3.5396 3.0757 3.3876 3.1155 3.7502 2.0469 2.4433 2.5136 1.6158 1.6907 2.0487 2.2493
2.3826 2.0521 0.1823 1.3933 5.8298 0.2982 4.8821 1.4004 3.2193 1.5252 2.2965 2.8414 2.4452 2.8643 1.6384 3.9362 2.2481 2.6997 2.5305 1.4319
