1.0752 0.6532 6.0208 5.8205 6.1078 5.0510 5.8332 5.1169 2.6278 2.8791 1.9803 2.7757 3.6432 3.8698 4.5167 4.5804 0.1152 0.9487 0.7778 1.7263
0.1984 0.3756 0.3402 0.1280 4.6931 4.4060 3.3632 3.9348 4.2112 2.9114 3.3803 3.8057 5.2842 4.3364 4.5263 4.8631 5.5725 1.3955 0.0222 5.2912
5.9701 0.6547 0.8449 5.1325 4.2993 3.9474 4.2391 3.8517 4.1613 3.5301 3.8547 2.1830 2.8607 4.9393 5.8049 0.1196 0.3847 6.2794 0.4228 5.2052
5.0658 5.7593 6.1651 5.1102 3.1548 3.1765 3.2803 3.7259 4.5641 4.1157 4.2084 3.1483 2.7116 3.2950 5.3996 6.2417 5.8121 6.2704 0.8388 5.1603
5.4122 5.8485 5.7111 4.1699 4.0251 4.0764 2.5320 2.7857 3.7545 3.9545 3.6071 3.3100 3.7015 2.6697 5.4766 1.3541 5.8850 0.2648 1.4228 6.1562
5.8848 4.7304 4.3799 3.6779 3.4907 3.1962 3.3490 3.4385 3.6015 3.0770 3.4655 3.3196 4.0697 2.8559 2.1293 1.7406 1.4645 5.8615 5.3173 4.9667
5.5121 5.3231 5.1726 5.3601 5.4663 3.5018 2.7533 2.5271 3.3976 4.1103 3.6351 3.5764 3.1356 3.0432 2.2705 2.7440 1.7990 0.5715 0.3097 4.4754
5.3435 4.7288 4.9396 4.4524 3.2317 3.0999 2.1778 2.1598 2.7136 3.3647 3.3600 3.9418 2.2804 2.4002 2.8350 3.7641 1.7602 0.9006 5.5861 6.1199
6.2628 5.6781 5.6872 5.4537 2.3535 3.1056 3.3409 3.2007 2.6825 3.9039 3.6855 2.6954 2.8831 2.2327 1.8837 6.1258 1.2115 1.0362 2.1155 0.0570
0.9880 0.1618 2.0730 1.0097 2.1955 2.2275 2.8747 3.2899 2.0914 2.8199 3.7244 4.2977 2.8874 3.8970 3.3731 2.6372 2.2630 1.6074 0.4555 1.4510
0.7349 1.6064 1.6412 1.3960 1.4925 2.3479 2.9089 2.3562 2.3654 2.7965 2.6297 3.6367 3.2940 3.1675 3.9374 2.6169 2.4862 2.4541 2.5719 0.6706
0.4505 1.0801 6.1585 2.1926 1.6615 2.9609 1.7983 2.4756 1.1798 1.5889 2.4587 3.1676 3.5660 0.6871 2.6937 2.6310 2.8647 2.8031 1.9491 1.2619
0.7702 0.6138 2.2350 3.0378 1.2418 2.7721 2.2615 2.2029 1.8246 0.5692 1.4838 2.9706 2.8879 3.3516 3.0093 2.3203 1.8844 1.7512 2.4391 1.7162
0.1848 6.1306 5.8055 1.9069 2.1454 1.3557 2.5840 2.7017 1.8458 0.0092 5.6702 5.8812 0.3775 1.8329 2.9011 1.2108 1.4064 1.8828 0.3706 0.0420
0.6694 0.2916 0.0142 0.8907 1.8497 0.6096 0.3426 1.7449 1.8524 2.4690 4.1004 5.7652 6.2795 0.4520 2.9936 2.2275 2.2383 1.9412 1.3675 0.7782
1.0851 5.6370 5.8631 1.3178 0.7133 6.1369 0.4166 1.8045 1.4420 1.0322 5.2667 5.4997 6.2712 1.2381 5.9417 1.8731 1.7547 2.3405 0.8821 0.4545
4.7278 6.2016 0.1962 1.5551 0.1165 6.1704 0.4720 0.5059 1.1674 0.4350 5.6578 5.1020 5.3807 4.7220 5.7758 0.1777 0.2913 0.2992 6.0750 5.8478
6.0988 5.4665 6.2623 0.9696 0.4139 5.9848 4.6249 0.7479 0.5663 1.2015 5.9495 4.6630 5.0545 4.4895 5.4296 5.6804 5.1531 5.0045 5.6909 5.0145
0.8342 0.9645 6.1475 0.0565 0.2968 5.2281 5.1189 6.0560 0.2977 1.7312 1.3646 0.7108 1.0397 5.7438 0.7316 4.7191 5.8467 0.1039 4.5030 4.9922
1.7275 1.3299 0.3282 5.8516 5.6850 4.6629 5.4687 0.3050 1.2619 1.7927 1.4144 4.8818 4.5468 4.7454 4.0300 4.5479 6.0827 5.6156 3.0758 0.0542
