4.1132 4.6810 0.8275 5.5461 5.8770 4.9093 4.2895 3.8112 5.6926 2.4822 2.8236 4.0889 3.0336 2.5050 2.5688 2.8431 0.2772 5.3652 1.0829 2.3150
1.7442 1.2091 0.7368 6.0977 0.0695 6.0717 4.6907 4.5366 5.1277 3.7650 4.3875 4.3027 3.3618 3.1155 2.4605 2.1840 1.0972 4.8450 3.3720 3.4626
2.8403 1.1938 6.1622 5.6977 3.3123 4.8606 5.8060 5.8295 5.8226 5.4609 4.3042 5.1079 2.0727 1.1594 1.6125 2.3714 6.2589 5.0006 4.5379 3.0091
3.7627 5.4334 0.4747 0.2949 4.3643 3.9282 5.6375 5.0783 5.3606 6.1084 3.1316 6.1141 0.6782 1.0771 1.8717 2.2101 0.2064 4.4876 4.1525 4.2397
5.3902 5.8045 5.9730 0.2250 4.7161 4.8225 5.8074 5.8974 6.1981 5.0104 5.0156 0.7559 2.0523 0.5738 1.6844 1.2925 6.1063 4.8378 5.5875 0.2741
4.9733 0.1639 5.8631 3.6689 4.6896 4.0786 5.6288 2.6845 0.5427 5.9717 6.0085 0.0107 0.4624 0.5316 0.2472 1.3683 3.0245 4.5660 5.3643 5.8580
5.8811 5.3589 4.3249 3.5904 3.8047 4.5584 4.2902 3.4182 5.0637 1.5854 5.8755 5.8683 0.1323 0.3294 1.2853 1.3328 1.1136 0.3767 5.8228 0.7607
6.0865 4.9988 4.9352 3.2277 3.5893 3.8533 3.4797 3.0996 6.2473 1.1727 6.0434 0.1508 1.4721 2.7199 0.4539 1.8791 1.2839 0.7929 0.1238 6.1002
5.0150 5.2025 5.5703 0.5885 4.6950 3.0633 2.7818 3.0861 4.7788 0.5470 1.0428 0.9831 1.1846 2.7079 2.9032 2.1253 1.2253 0.5086 0.9305 0.8037
5.1102 5.4987 5.1402 5.9202 4.7269 2.2609 2.9084 2.6668 0.2273 1.0537 1.5768 2.1780 0.3632 1.9049 1.2206 0.6400 6.0746 0.7137 1.0135 1.8895
2.9382 3.9669 5.7148 0.3006 0.3039 2.1232 2.8587 3.2921 0.6508 1.5736 0.1718 2.1151 0.9034 1.4947 0.8594 2.1295 1.8318 1.7505 1.1328 2.1542
2.0502 5.1586 0.1712 6.2634 0.5767 2.4146 2.2396 2.1486 1.1936 2.1408 2.1574 2.1981 1.9342 1.4043 1.7671 1.5905 1.5000 1.9312 3.1725 3.0138
1.9007 6.0875 5.1974 0.1383 0.3371 1.0331 1.7360 0.2155 0.2249 1.4905 1.7115 1.4125 1.8834 1.1998 1.7868 2.3071 1.9641 2.3420 3.3819 2.1762
1.8477 0.4362 6.2188 1.0276 5.7721 0.9657 1.7911 6.2523 2.5317 1.9052 1.5556 1.1356 3.0037 3.0039 2.0300 3.6822 2.9879 3.4223 4.6708 1.9592
0.7906 0.4164 6.1712 6.2383 5.6342 5.4658 5.3608 3.6049 2.5890 2.5277 2.9644 1.6053 0.7945 0.0305 0.4389 5.8116 4.8145 4.7738 3.6817 0.9918
5.1106 0.1111 5.5922 5.3471 5.0798 5.0232 4.8089 4.0863 2.9882 2.4634 3.2321 3.2441 1.2159 0.3655 5.6821 5.0433 5.3738 5.0406 4.1465 1.7554
6.2510 0.3829 0.2326 4.7410 4.8460 4.7699 4.5430 3.4126 3.8018 3.0478 3.5182 3.8744 3.0968 4.3820 4.8095 4.4523 0.2790 5.4601 4.5922 5.4134
5.7768 5.3468 5.5899 5.7000 3.9696 3.9544 3.7159 3.3256 3.5219 2.8116 3.1963 2.8754 3.1891 3.3277 4.3707 4.5315 1.1254 5.5221 5.1686 4.9157
5.4943 6.1126 5.3757 5.7344 4.0906 4.7775 5.4985 3.8143 4.0468 3.1976 3.0112 2.5242 3.7220 3.6229 2.6059 2.6691 2.1268 1.5350 5.7969 5.5593
4.3898 4.7019 6.2650 6.1932 4.4387 4.8138 4.2426 3.6993 3.5069 2.9546 3.0671 2.8631 3.2364 2.5746 2.7578 2.3228 0.7162 6.1642 5.1017 4.5064
