2.8635 2.4977 0.9386 2.3210 1.8903 0.7961 5.8819 0.8552 6.2107 0.1882 0.4801 1.1487 5.9106 5.6688 0.2798 5.0868 3.9750 3.8554 3.4037 3.4040
2.4023 2.6018 2.1839 2.1264 2.5292 1.2437 1.0162 0.6249 0.4635 1.5842 1.5365 2.7160 0.0771 5.5522 0.8915 5.9743 3.6666 3.5531 3.9232 4.0185
3.0608 1.9665 1.3428 1.9493 2.2923 2.1319 1.4146 1.3322 0.6984 0.8718 1.5727 1.5721 6.2533 5.4177 2.7873 1.0173 0.9638 1.0628 2.2099 3.6288
2.0095 2.3896 2.0539 1.0470 1.9632 2.8065 2.0778 0.0230 0.6246 0.9225 1.1826 1.3866 1.0380 5.0010 3.3493 4.7289 4.1192 5.2595 3.5605 3.3794
1.9493 2.9982 3.3016 3.8074 3.7740 2.8171 0.9087 6.1916 6.1585 0.2692 0.4908 0.8318 1.1526 4.0242 3.7712 4.9185 2.0756 2.0926 3.8503 3.0939
2.9783 3.7531 4.2496 3.5404 4.6928 4.5638 4.4599 5.1951 3.6585 1.8500 2.0595 0.0138 6.0198 5.6818 3.4023 3.7422 2.0759 2.3136 2.3788 3.1952
1.5596 2.2941 5.4273 4.9418 5.2561 4.4142 5.4469 5.6190 4.5557 3.4507 2.9100 1.0479 1.9521 0.9796 1.8762 2.6724 1.9474 1.9949 1.5339 1.7209
0.8410 0.8725 0.2747 5.4866 5.2311 5.6667 4.8576 5.5878 2.3006 1.9018 2.9090 1.4884 1.4227 1.7587 1.3940 1.0866 1.5914 1.2251 1.8991 2.4649
1.2542 0.1205 1.4817 5.1787 5.7397 5.3101 4.0658 5.2719 5.4341 4.8434 2.7119 1.8511 1.6148 1.3164 0.8468 0.7571 1.4972 0.6048 1.0746 1.5801
0.7931 0.7230 0.9008 5.6251 0.4205 5.4124 4.3239 3.9888 3.8381 3.4636 3.6586 4.3145 2.9320 6.0131 0.1906 0.8160 1.2376 2.0624 0.7804 0.8160
0.2612 0.9847 1.6553 2.2848 1.7456 3.8822 3.3274 3.0080 2.9417 2.4104 2.8381 3.3012 4.4412 0.2187 0.5931 0.6755 1.0914 1.0530 1.2757 1.0540
1.5654 5.4123 4.8028 3.8938 3.5906 2.7534 3.5764 3.3288 2.2194 2.1596 2.9559 4.8044 4.7116 6.2434 0.1670 1.8862 0.6601 0.6253 1.9159 1.1401
0.9286 5.5954 4.7672 4.2217 3.6470 4.1305 3.7162 3.0406 3.7833 0.9644 2.3393 3.4867 5.2179 5.8261 5.9248 5.4671 0.0684 0.9916 1.5791 0.8588
0.9285 0.4308 0.0505 5.5001 5.8750 4.6679 3.5246 3.3569 2.8879 2.0999 2.4626 3.5256 4.0611 3.9697 4.6029 5.1803 5.7636 1.4484 1.8862 1.1080
0.9069 0.4176 0.7389 1.0677 5.9545 6.0440 3.1001 3.3868 2.7352 2.6866 2.4676 1.5136 2.8895 3.8099 4.5832 5.1496 4.8926 3.6911 2.4902 1.5818
2.0094 1.8717 2.2006 1.7654 0.4462 1.5825 3.4546 3.0111 2.4796 3.3040 3.2392 3.4827 3.2746 2.4304 5.0164 5.9053 6.0626 0.7115 1.3896 2.8582
2.6996 1.7663 1.5714 2.2411 2.7964 3.8945 3.6868 3.1994 2.5706 1.2968 1.1980 0.1955 5.4971 3.5595 3.7231 5.3618 4.6223 5.8820 5.6531 5.3270
2.5706 1.8507 1.3675 2.5509 3.8639 5.4215 3.9369 3.7882 1.8222 0.5736 0.4701 0.3406 0.4245 1.5493 4.7276 5.5255 5.0835 5.3397 4.5073 4.6136
2.8351 1.3109 1.7600 2.2379 2.6567 2.4459 0.6009 0.6872 1.5839 1.8815 1.0660 0.8563 1.6507 2.4967 5.0071 2.5321 3.1782 0.2009 5.2616 4.1980
2.9024 1.1025 0.9394 1.3031 1.0927 0.8444 0.3234 1.2270 0.6764 0.8181 2.0886 1.5948 1.4771 2.7990 0.1843 5.3471 4.7608 4.0884 3.7359 2.9764
