3.2358 2.6095 3.5131 3.5109 3.7270 3.6616 2.9658 3.7591 3.2036 2.6576 2.7081 2.8680 0.5115 2.3563 1.7346 3.8078 2.4486 2.1248 1.6895 2.8186
2.6630 2.9932 2.6701 2.0892 3.5288 3.6286 3.4220 2.2754 2.8506 2.6258 2.6797 2.6245 3.2293 2.5948 1.8102 3.2688 3.2894 3.1645 3.6330 2.2165
3.1252 4.2983 3.9486 3.4975 3.7849 3.7289 3.4747 3.0661 3.0311 2.8149 1.8829 2.8029 3.3854 2.7047 3.1882 3.3040 2.2425 3.6881 3.3098 2.5063
2.2711 1.8986 3.7627 3.3713 3.0146 3.0349 2.9319 2.0488 3.1019 2.6560 3.3381 3.8161 1.7990 3.2920 3.8259 4.7407 3.4336 4.1339 4.5157 2.8154
2.3903 2.6743 2.6954 3.0162 3.4544 2.1440 1.2710 1.9686 2.5812 2.4333 3.0991 2.3191 2.1983 3.0098 3.3519 3.9232 4.2855 4.0420 5.5869 3.1382
2.0959 2.5693 2.0230 1.5815 2.0938 2.2667 1.5927 1.0063 6.0440 0.2698 0.0987 0.9564 0.9559 5.8857 0.3546 5.4993 6.2103 4.3883 4.5619 4.6552
2.7924 1.0604 1.7974 1.2923 1.5989 1.4460 1.0097 0.8289 1.3520 0.9071 0.7833 0.1565 6.1000 6.0905 0.7421 5.9737 5.0083 4.2732 5.6403 3.7314
0.2745 1.3594 1.4305 1.7005 2.0984 1.2549 0.1939 6.1688 0.9242 0.9374 1.1649 1.1270 0.6560 5.6024 0.5217 0.4412 5.3666 5.3599 0.1099 1.8928
0.3182 1.1823 2.2236 0.9423 1.6498 0.5119 0.0327 0.3134 5.0819 1.0310 0.7519 1.4579 2.8969 4.6804 0.1193 0.5737 4.0267 3.9933 1.6281 0.9925
0.6165 0.2548 1.0280 1.2409 1.2594 0.7005 0.4174 1.5782 3.6765 1.2576 1.6759 2.2052 2.3874 3.6148 4.3762 4.7758 2.9404 3.2995 2.3433 1.1409
0.6673 0.3339 1.6563 0.6184 0.2919 0.4656 1.1955 0.4860 1.9282 1.9787 2.0118 2.0816 3.1371 4.4068 4.3303 3.8945 3.3160 4.4151 3.1933 2.1234
4.6775 1.3249 1.3304 2.1127 0.9017 4.2845 3.6476 2.4970 2.0370 0.9366 1.8219 1.7908 4.6203 2.9595 3.6412 4.4559 2.3995 3.4917 3.0739 4.8393
4.9279 1.0592 1.3891 1.5526 1.0872 5.4832 4.8673 3.9451 3.8848 2.5135 1.8094 4.0180 4.9930 4.1233 3.5556 4.1726 3.9341 4.1946 4.1245 5.5954
4.1888 5.2519 5.3575 5.7682 5.7619 5.6194 5.8010 3.4854 3.1204 3.6540 2.7962 3.5381 4.3474 4.9562 3.9172 2.8874 3.1418 3.5298 4.1176 4.6193
5.1925 5.1424 4.6754 5.7093 4.5625 5.5600 4.3664 3.2324 3.4130 4.5556 4.5199 4.3773 2.7317 3.8290 3.9728 3.0715 3.7215 4.0729 4.3067 4.2469
4.7003 5.3526 0.6602 3.2307 4.6785 4.1761 4.2376 3.9368 3.7990 4.5971 3.7019 3.0409 2.6735 2.2943 2.5571 3.2586 2.6550 2.2038 4.3730 3.8041
5.1221 5.4163 4.1364 3.4014 3.6922 3.1557 3.3922 3.2612 2.6060 3.7743 2.6933 3.0492 2.7291 3.2027 3.5922 3.2117 6.0243 1.4417 0.5380 4.8674
0.0167 5.2099 4.3650 3.6682 3.4078 3.4129 2.1598 2.8687 2.8022 3.0879 2.6699 1.6390 2.6296 3.0796 3.4711 3.1608 1.2963 1.0264 1.0760 1.7664
4.3983 4.8433 6.1704 4.4926 4.2439 2.2086 2.2794 2.8312 3.5777 3.4651 3.7969 2.3670 3.1601 3.5151 3.3683 2.7526 2.3773 6.1148 0.4537 0.8568
5.0714 4.8256 5.1740 3.4868 3.0121 3.7008 2.8803 3.3084 3.1070 3.7927 3.5523 2.7764 2.4661 2.1403 1.9160 2.2133 2.5003 1.9355 2.1474 0.8652
