1.4099 1.3084 0.6632 1.2686 2.2540 0.4740 1.5608 1.2893 1.6303 1.4228 0.6924 0.2778 6.0299 0.5965 0.6127 0.7684 1.1836 1.5824 1.9809 2.5746
1.5077 1.6978 5.9298 1.6219 1.0451 6.2830 0.1136 6.0311 6.0787 5.8969 0.2518 1.0733 6.2284 0.2235 0.5937 1.4790 2.2177 1.6798 1.4282 1.6040
2.1486 2.8775 0.4882 1.4096 4.9246 6.0199 5.2687 5.8497 5.3709 0.0836 1.2462 0.1142 0.1723 6.1678 0.1304 5.8944 2.4730 1.6411 1.6760 2.1548
5.7289 1.2279 0.6056 5.4776 5.6590 4.1049 4.7068 4.2854 4.8010 5.8175 6.1849 0.7323 6.0057 6.0298 6.0908 6.1826 6.2384 1.6233 1.8587 1.0796
1.4265 5.9323 0.6378 0.2329 0.2857 0.7401 5.6665 5.6751 6.2798 0.5972 1.3503 1.3578 0.7579 6.0236 5.5465 0.4123 6.0786 1.0542 1.5177 1.4046
5.9849 6.0478 0.2896 1.1602 0.7428 0.3902 0.8360 1.4921 1.0553 1.9038 1.2976 0.6991 0.8615 0.3585 5.2171 6.2029 0.1278 1.8131 1.4375 0.2448
5.1043 0.2690 0.5802 0.4166 0.1990 4.9073 1.9366 1.9878 1.0936 1.6463 1.8414 3.6498 4.2195 5.5797 5.3713 5.9140 5.3112 5.9997 5.7709 0.0285
5.5508 5.8205 4.9238 0.2361 0.1141 4.0381 2.7169 2.7872 1.5702 1.9611 2.7616 3.7264 4.0972 5.8693 5.5526 4.7029 5.2035 5.6866 0.5515 5.5921
5.8216 0.1826 4.8256 5.9485 0.7818 2.6555 3.3098 1.9974 1.7567 1.9020 2.7484 2.3711 3.9206 4.7361 4.5280 4.2420 5.2681 5.8802 1.0185 6.0220
0.3799 1.0974 0.1047 0.7596 1.2064 2.6202 3.6109 2.8894 2.9284 1.8763 1.7509 2.2860 3.2689 3.4054 4.3675 5.0378 5.9112 0.4584 0.3502 0.3550
1.4420 1.0514 0.1164 1.1022 1.3985 2.6900 3.7817 3.6852 3.7122 2.4258 0.9085 3.4096 4.2165 2.6926 3.4848 4.5808 5.3167 6.1953 0.2132 0.4558
0.0974 1.3825 1.5920 2.0023 0.6371 2.1054 3.1657 2.8389 2.8711 2.8563 1.5390 3.4763 5.3617 3.9626 3.1003 5.0363 6.1452 0.4926 0.0183 5.8751
5.4512 2.0149 2.4866 2.2363 0.9105 1.9076 1.2955 1.2789 2.0639 1.9084 2.3882 4.0456 4.3176 3.6343 3.2975 0.4157 0.0235 0.8663 5.7111 4.7266
4.2802 3.7257 3.2410 2.8803 1.6383 1.6442 1.4139 0.8052 0.7984 2.1220 3.3428 3.0153 3.4796 4.8547 4.5315 5.7904 5.1611 6.2718 5.4724 3.8307
4.3210 4.1160 3.6432 3.1813 0.8400 2.2522 2.1187 1.6570 1.0334 1.3941 1.9769 1.5995 0.6793 6.1724 6.0034 5.9588 0.0046 5.9496 4.9392 4.8811
3.2848 2.5523 3.0701 2.5842 2.4199 3.1266 3.0561 2.4580 1.3219 1.2713 1.1828 0.7438 0.7936 1.0729 0.9565 0.4016 0.5712 5.6196 0.1864 4.3522
3.1113 4.2115 3.9452 2.4933 3.5981 2.6592 2.3636 2.8997 2.3286 1.9168 1.9144 0.8209 1.1843 0.9823 0.0118 0.5946 5.9825 4.5852 4.5483 3.7764
2.8981 3.1272 3.5984 2.7164 1.9990 1.3157 1.6309 1.1313 1.2441 0.0283 0.5640 1.1141 1.4043 0.5342 5.8999 0.0670 5.6331 4.1479 3.7070 3.7321
3.4293 3.4543 2.3384 2.3284 2.1143 1.4797 1.5542 1.5996 6.1170 0.3610 0.7412 6.1708 0.2892 0.9535 0.3940 0.4101 0.7947 3.4179 4.3440 3.4978
2.9831 2.8018 2.4355 2.5718 1.9955 1.0781 1.3913 1.3269 1.5126 1.2959 0.2976 6.2063 6.2354 6.1305 0.7129 0.2768 1.0980 1.8757 1.8761 3.1834
