4.8508 4.6745 5.2986 5.8219 1.2364 0.6174 0.4323 0.8660 0.8453 1.1339 1.1334 1.1757 1.9580 1.0042 3.2168 3.8178 4.1669 4.2036 5.2806 4.8784
5.2838 5.2611 5.6263 6.1349 0.5270 6.1256 5.7807 0.2208 1.1067 0.7044 1.3235 1.1755 2.5468 2.6866 3.6818 4.2003 3.0968 4.1068 4.2224 5.1265
0.0233 0.2216 5.9437 0.8913 0.6410 5.5107 0.0227 1.0996 5.9944 1.2471 0.6847 1.8887 2.2083 2.4730 2.3760 3.2341 3.3581 3.7482 4.4074 4.5717
5.3692 0.0667 1.4383 0.4002 0.4902 5.5682 4.6680 5.5965 4.9663 5.5747 2.6025 1.9429 2.2613 2.8268 1.8118 1.9931 2.3068 2.6983 5.7073 5.8086
5.5765 6.0570 1.3079 0.1274 0.2834 5.6651 5.0143 5.1160 4.5364 4.7537 3.4295 1.0222 2.6729 2.5061 2.3335 2.1531 1.9812 6.1260 5.8843 0.3818
1.5216 0.5404 2.1018 5.3198 6.1968 2.2103 5.7246 5.1854 3.7332 4.0653 2.3913 2.0962 3.7811 3.5901 1.7708 2.1395 1.6964 0.9176 0.7346 0.5892
3.4932 1.9003 1.8292 5.7644 2.1086 2.6452 1.5396 3.9058 4.5592 4.1804 2.0598 3.2159 3.8037 3.4164 2.1071 1.4374 1.0197 0.5188 1.2168 1.3938
2.1555 1.9961 1.5050 1.6807 1.5511 1.8490 2.4080 5.7011 3.9022 4.5825 3.4069 3.1016 3.5449 3.5091 2.0579 2.4280 1.3545 1.5417 1.4783 1.0487
2.0323 1.8916 1.5011 2.4650 1.7343 2.3514 4.0140 4.4322 2.9703 4.3716 4.0172 3.8963 3.6283 2.6646 2.2331 1.8512 1.1064 1.3221 0.2837 1.5705
1.8958 1.6802 1.3867 2.0285 1.2398 1.8557 2.8044 3.5606 3.7052 3.4870 2.5176 3.2019 3.5105 1.5679 1.8212 0.0061 0.4962 2.5093 1.3735 2.1378
2.8411 0.3619 1.7395 2.1772 1.7775 1.9257 1.8216 2.0333 3.1682 3.3829 3.5963 2.9641 3.6900 2.9888 3.1445 4.0799 5.8596 1.0486 1.8261 0.2796
2.0917 1.3164 2.3228 1.9840 1.4973 1.5816 3.4493 2.9329 2.6372 3.4002 3.0473 3.4125 2.1307 1.7302 2.3758 2.6764 4.6262 3.2003 1.4897 2.8475
1.8963 1.6710 2.5778 2.5466 2.5226 2.5360 1.8250 1.2108 3.2965 4.3131 2.2913 2.0433 1.8124 0.2825 2.5139 3.5314 2.2310 1.6095 2.5080 2.5981
2.8518 0.4545 1.3011 2.3949 3.5146 3.4804 2.7459 2.1534 2.6420 2.8662 2.4340 2.1690 1.7662 4.6043 4.7913 3.5834 1.7156 0.5261 1.1458 3.4904
4.6024 4.5416 3.8625 3.9196 3.0959 3.7449 2.4150 2.6806 2.0766 2.7296 1.9896 1.3831 1.9619 2.4914 1.5723 1.7810 0.7759 1.2270 1.2697 4.1700
0.5899 5.2021 3.8587 4.6462 3.9848 3.4376 3.1400 2.6533 2.9962 1.8834 1.6970 0.7225 1.0724 1.3800 1.5117 2.7864 2.3949 1.3060 0.6841 0.0489
5.0870 4.3447 0.5853 3.0363 3.1603 3.1079 2.4467 2.2859 3.7833 1.1610 2.1809 1.0297 1.0721 1.1615 1.4522 3.7460 2.7440 0.2268 1.1100 5.8343
0.3128 5.5699 6.1496 3.6888 2.9168 1.7961 2.1480 0.7605 2.1685 2.1710 1.9354 2.7533 2.7300 1.6110 0.5958 3.0946 4.8456 5.9155 0.5290 0.7153
0.1307 5.8771 4.1604 4.2861 1.2735 1.0858 0.6401 1.5964 1.1846 2.9021 2.6279 2.3069 2.3055 2.6104 1.6640 3.1189 3.4954 4.4212 6.1921 0.3171
5.0834 5.9741 5.3905 4.5472 1.2897 1.5335 0.8346 0.8124 0.2688 6.0930 2.4688 2.3860 0.6578 0.9077 2.4540 4.1089 3.5112 3.2514 0.8910 5.7992
