4.0917 2.7180 4.7664 5.5002 4.9664 5.6207 5.9180 4.9997 4.2699 4.5621 0.2292 5.6551 5.5231 5.4534 0.1401 5.1833 4.4678 4.4055 3.5379 3.2500
3.4944 2.9527 5.0616 5.8063 6.1585 5.4683 5.8964 5.4002 4.4566 4.2615 0.0391 5.2659 5.1446 5.4828 5.9624 5.6277 5.1313 4.8714 3.4480 2.6375
2.2004 0.7180 4.6432 5.0799 5.5015 5.9778 5.3592 5.6670 5.1938 4.8834 0.7087 5.4064 5.1222 5.4123 5.0458 5.0624 3.7966 3.3721 3.9106 2.9907
1.2214 5.8398 4.8084 0.4849 5.8070 0.0963 5.2641 5.3146 5.8368 5.9415 0.3841 5.3980 5.9080 0.2076 3.6403 2.8685 3.1325 3.4345 3.5012 2.8189
2.0582 0.2068 0.2465 1.0646 6.0528 0.1474 5.7001 0.4024 0.2962 5.3291 0.3888 0.3844 0.5409 1.3697 3.3349 3.1019 2.2199 2.5123 3.6538 2.1851
1.1037 6.0234 5.7365 0.0045 0.1671 0.0043 0.2589 0.6284 0.9422 2.2118 1.9479 1.3063 1.5211 1.6021 3.0743 3.3867 3.0708 2.6066 2.1402 2.0890
2.0273 0.1557 0.5861 1.1065 0.6813 0.6692 0.0387 0.5132 0.5149 1.8744 2.7750 1.7411 2.1838 1.9038 2.2995 2.9135 3.2509 1.7153 2.4976 2.2193
3.1241 0.3156 0.9920 1.6448 6.1798 1.1422 0.7117 0.4935 0.8720 1.8123 1.5892 0.3424 2.3063 2.0717 2.7654 3.1526 3.7011 2.5159 2.6435 2.5356
1.1955 2.0539 1.4972 1.0521 1.5704 1.0832 0.8753 0.0832 0.4373 1.6628 1.5588 1.2162 1.2135 2.6946 2.3313 2.8004 3.5568 4.4361 3.3851 3.1835
3.5440 1.4753 0.5841 0.7250 1.0777 0.7092 1.2270 0.7191 0.9667 2.1023 2.2350 2.5097 5.0224 3.3002 1.9425 2.9809 3.0162 3.8612 3.4733 3.5343
4.1552 2.2708 0.5865 1.4788 1.1193 1.1959 0.6113 0.5505 0.6871 1.2706 6.2345 3.8755 4.5682 4.7387 3.9946 1.7714 2.7189 2.2948 3.5606 3.8884
1.8997 0.2686 1.5140 1.9596 1.3718 2.7515 2.6094 1.9330 3.0327 1.4902 2.0055 2.8952 3.9526 0.4029 3.2255 2.7950 3.9266 2.4119 0.9246 1.9241
2.5721 0.4232 1.4041 6.1243 0.3124 0.8400 2.8726 3.0936 2.9205 1.6846 2.4043 1.7735 3.3067 0.6706 1.8813 2.5749 3.3631 2.8984 2.2654 2.5961
5.0173 4.8891 1.5634 0.2511 1.5594 2.5134 2.3520 1.6662 3.1141 4.7199 2.9385 3.1590 3.9825 2.8009 2.5414 3.1717 3.0621 2.7550 4.0378 3.4275
4.3736 3.6846 0.7538 2.7910 2.7082 1.8710 2.2741 1.9764 3.1492 2.8429 3.6893 4.0571 3.2841 2.8810 3.5606 3.4593 3.9841 1.6797 4.8421 5.1705
3.8503 2.9449 2.6355 2.8645 2.0339 3.3131 3.2265 3.0254 1.4326 2.7326 3.4149 4.4128 3.7303 2.9784 3.9714 3.7542 4.2039 4.3003 5.2467 4.4439
3.2490 4.0884 3.9184 3.8665 3.4308 3.7127 1.5052 2.9811 0.4142 2.6205 3.2594 4.2085 4.2253 2.0068 3.0779 5.1659 4.8242 3.6284 5.4942 5.1935
3.0199 4.7237 4.9216 4.8967 3.6419 3.9008 3.2289 5.0537 3.7147 3.2991 3.2635 4.1913 4.6431 5.7705 0.6223 0.3790 4.9402 4.8608 5.1920 4.0305
2.3493 6.1277 0.4483 0.3158 5.0716 4.5398 4.4354 5.0383 4.1665 4.5762 3.9327 4.2385 5.1623 5.3076 4.9434 5.1708 5.4138 4.1658 4.7384 3.7579
2.9479 1.9338 0.0872 0.0343 3.6369 5.2416 3.7716 4.0357 4.0608 5.8083 0.7483 4.8759 5.8828 5.9092 4.7007 5.8113 5.1179 3.6349 4.2420 4.0698
