4.7817 3.8036 4.0701 4.4047 4.1527 2.8118 1.0951 1.9613 1.6730 0.7814 5.9081 6.0292 5.2878 4.8584 5.5059 5.5468 4.6526 4.6700 4.5337 0.4912
4.5409 4.0059 4.1977 3.6838 0.3938 6.0305 0.5031 2.7808 3.8830 0.0538 4.9859 6.0703 5.3130 6.0660 5.7755 0.3745 5.3800 4.2950 5.0949 3.8289
4.4785 6.1854 5.7246 2.6819 1.2340 1.1459 2.4132 3.3723 2.3314 5.6207 4.7799 5.3614 4.9004 4.2084 4.7942 4.8979 5.9984 4.3914 4.9692 5.7042
5.5670 5.9721 6.1501 6.2075 4.4126 1.0257 3.5305 3.6788 6.0033 2.9696 5.2489 5.1758 5.5313 5.6847 4.5435 4.1423 5.5792 1.7156 5.8094 6.1254
0.6411 0.1623 6.2040 1.5757 3.1482 2.2848 3.4398 4.4580 3.0739 3.9684 5.8986 0.2476 0.3468 0.0111 0.5738 0.0734 6.2628 0.5374 0.8963 0.3688
1.6778 0.4200 5.9844 0.9906 2.8266 3.0580 2.3383 3.0829 2.8264 4.1812 1.7186 0.5291 1.9072 1.9300 1.8433 1.5741 0.9077 0.2673 6.2708 1.1297
2.1613 1.1538 0.1222 0.3364 1.1866 2.0773 0.7606 2.3877 2.4858 2.8683 1.2570 0.9866 1.0751 2.3265 1.5914 1.5545 2.3000 0.4634 1.5079 1.4639
1.3071 1.4193 1.4793 0.2923 0.9174 3.0265 1.1192 1.6836 0.3027 0.8012 2.0208 1.3759 1.2079 2.3281 1.5623 1.5538 3.4621 1.5101 0.8065 0.8457
1.0722 1.1137 2.2164 6.0678 0.1208 1.0908 1.5382 1.1485 1.2391 1.3620 1.7004 0.7592 1.1777 1.6420 2.2199 1.2363 4.4599 0.4358 0.5391 0.9763
0.6531 1.1763 1.4632 0.2681 6.1195 1.1792 0.7316 0.0348 6.2809 0.7663 0.9144 0.8496 1.2954 1.2423 1.7256 2.4973 2.1575 1.7380 0.9641 0.7051
1.1139 2.5187 1.9684 1.2111 5.8276 6.2188 0.1701 1.1475 0.9348 0.9292 0.4564 0.6347 0.6438 3.2181 2.2572 2.7447 2.4521 2.6767 1.8416 1.4028
1.7612 1.9730 1.9983 6.2088 0.4848 0.3058 5.7893 0.8744 0.6953 0.1728 0.1555 0.2933 0.4309 2.3359 2.3258 2.4106 2.4069 3.6090 2.6519 1.3297
1.8983 1.0822 2.6478 0.7318 0.0617 5.6698 5.6377 5.6961 5.9155 1.2520 0.3430 4.7322 6.1291 5.6838 0.4174 1.3048 1.9816 2.2527 2.1373 1.2647
1.7911 1.4388 3.2241 5.8758 5.1307 0.6763 4.5935 5.6955 5.8718 0.0457 0.5819 6.0296 5.1639 6.2133 0.9210 6.2584 6.1295 1.5803 0.2769 0.1253
1.6045 3.0444 3.0923 5.7278 5.8633 0.6882 4.2150 4.5594 4.7873 6.1437 5.8116 0.3130 5.8301 0.0759 5.8890 1.0568 1.1556 1.0592 0.0328 0.5819
3.0398 3.7278 4.6703 6.1022 0.4104 1.0445 1.2345 1.2337 0.4649 4.8275 5.4695 5.0280 5.5628 5.7875 6.1039 0.3613 0.5593 0.5512 0.9145 0.7205
4.0616 5.0333 4.6808 5.2780 2.8457 1.3072 1.6388 1.9139 1.8551 3.5682 5.3856 5.2026 5.7556 5.4861 4.4686 4.0368 5.0001 5.2557 0.0532 5.0293
4.5445 4.5271 4.5867 4.8858 1.7664 1.7379 1.2082 0.3839 2.1597 1.9184 5.9057 4.9626 4.5222 5.4606 5.0238 5.1201 5.1670 5.3678 5.7600 4.6736
5.2132 4.8875 5.1653 6.1618 3.4144 2.8525 1.7571 1.2565 2.5974 3.4457 5.8316 5.2057 5.7557 5.4170 5.4353 5.7340 5.4220 5.4765 4.4890 4.6553
4.6398 5.1163 4.6810 5.4867 5.3214 3.1529 3.7587 1.8210 2.1466 3.6372 5.1352 5.2019 4.2508 5.2334 5.2078 5.9166 5.6937 4.2832 4.4743 4.7302
