0 0
0 1
0 7
0 9
0 11
0 12
0 14
0 15
0 16
0 17
0 18
0 19
0 20
0 22
0 23
0 26
0 27
0 28
0 32
0 33
0 34
0 43
0 44
0 45
0 46
0 47
0 48
0 49
1 0
1 1
1 2
1 5
1 6
1 7
1 8
1 9
1 11
1 12
1 13
1 17
1 18
1 19
1 20
1 22
1 23
1 24
1 25
1 26
1 27
1 28
1 29
1 30
1 31
1 34
1 35
1 42
1 43
1 44
1 45
1 46
1 48
1 49
2 1
2 2
2 3
2 4
2 5
2 8
2 9
2 10
2 11
2 18
2 19
2 20
2 23
2 24
2 25
2 26
2 27
2 28
2 29
2 30
2 31
2 32
2 33
2 34
2 35
2 41
2 42
2 43
2 44
3 1
3 2
3 3
3 4
3 5
3 6
3 7
3 8
3 9
3 10
3 11
3 18
3 19
3 20
3 22
3 23
3 26
3 30
3 32
3 33
3 34
3 35
3 36
3 40
3 41
3 42
3 43
4 1
4 2
4 4
4 5
4 6
4 10
4 11
4 16
4 17
4 19
4 20
4 22
4 24
4 25
4 32
4 33
4 34
4 35
4 36
4 40
5 2
5 5
5 6
5 12
5 16
5 17
5 18
5 19
5 20
5 21
5 22
5 23
5 24
5 25
5 26
5 32
5 33
5 34
5 35
5 37
5 39
5 40
5 41
5 44
5 45
6 3
6 4
6 5
6 6
6 7
6 8
6 9
6 10
6 11
6 16
6 18
6 19
6 20
6 21
6 22
6 23
6 24
6 26
6 27
6 28
6 29
6 30
6 31
6 32
6 33
6 34
6 36
6 37
6 40
6 44
6 45
6 46
6 47
6 48
7 6
7 7
7 9
7 10
7 11
7 18
7 19
7 20
7 21
7 23
7 24
7 26
7 27
7 28
7 35
7 36
7 44
7 46
8 1
8 5
8 6
8 7
8 11
8 12
8 18
8 19
8 20
8 21
8 23
8 24
8 30
8 35
8 36
8 45
8 46
9 6
9 7
9 12
9 18
9 19
9 20
9 21
9 35
9 36
9 39
9 45
9 48
9 49
10 0
10 1
10 3
10 7
10 13
10 16
10 17
10 18
10 19
10 20
10 21
10 22
10 25
10 26
10 28
10 31
10 32
10 34
10 35
10 36
10 37
10 38
10 39
10 43
10 44
10 45
10 46
10 47
10 49
11 3
11 4
11 5
11 6
11 7
11 19
11 20
11 22
11 23
11 25
11 27
11 33
11 34
11 35
11 36
11 40
11 42
11 45
11 46
11 47
11 49
12 3
12 4
12 5
12 6
12 7
12 11
12 16
12 17
12 18
12 19
12 20
12 25
12 26
12 27
12 33
12 34
12 35
12 36
12 40
12 41
12 42
12 44
12 45
12 46
13 0
13 1
13 2
13 3
13 4
13 5
13 16
13 17
13 18
13 19
13 20
13 21
13 22
13 23
13 24
13 27
13 35
13 36
13 42
13 43
13 44
13 45
13 46
13 49
14 1
14 2
14 3
14 4
14 5
14 6
14 7
14 16
14 17
14 18
14 19
14 20
14 21
14 22
14 23
14 24
14 27
14 28
14 32
14 42
14 43
14 44
14 45
14 46
14 47
14 49
15 0
15 1
15 2
15 3
15 5
15 6
15 7
15 10
15 11
15 16
15 17
15 18
15 22
15 23
15 24
15 25
15 27
15 28
15 31
15 37
15 41
15 43
15 44
15 45
15 46
15 47
15 48
15 49
16 1
16 2
16 6
16 7
16 8
16 9
16 10
16 16
16 17
16 18
16 20
16 22
16 23
16 24
16 25
16 40
16 41
16 42
16 43
16 44
16 45
16 46
16 48
16 49
17 1
17 2
17 3
17 4
17 5
17 6
17 7
17 8
17 10
17 11
17 20
17 21
17 23
17 24
17 25
17 40
17 41
17 42
17 43
17 44
17 45
17 46
17 47
17 48
17 49
18 1
18 2
18 4
18 5
18 6
18 7
18 9
18 10
18 15
18 20
18 22
18 23
18 24
18 25
18 33
18 34
18 40
18 42
18 43
18 44
18 45
18 46
18 47
18 48
18 49
19 0
19 1
19 4
19 7
19 8
19 10
19 13
19 16
19 21
19 22
19 23
19 24
19 25
19 31
19 36
19 42
19 43
19 44
19 45
19 46
19 47
19 48
19 49
20 0
20 1
20 7
20 8
20 9
20 10
20 16
20 21
20 22
20 23
20 24
20 26
20 27
20 34
20 42
20 43
20 44
20 45
20 46
20 47
20 48
20 49
21 0
21 5
21 8
21 9
21 10
21 11
21 16
21 20
21 21
21 22
21 23
21 27
21 28
21 40
21 41
21 42
21 43
21 44
21 45
21 46
21 47
21 48
21 49
22 0
22 5
22 10
22 11
22 12
22 14
22 21
22 22
22 23
22 24
22 25
22 26
22 27
22 28
22 40
22 41
22 42
22 43
22 44
22 45
22 46
22 47
22 48
22 49
23 0
23 4
23 11
23 21
23 23
23 24
23 25
23 26
23 27
23 28
23 35
23 40
23 41
23 44
23 45
23 46
23 47
23 48
23 49
24 0
24 2
24 3
24 4
24 5
24 6
24 11
24 12
24 23
24 24
24 25
24 26
24 27
24 28
24 35
24 40
24 44
24 45
24 46
24 47
24 48
24 49
25 2
25 3
25 4
25 5
25 6
25 7
25 8
25 9
25 10
25 11
25 12
25 13
25 14
25 23
25 25
25 26
25 27
25 28
25 29
25 34
25 35
25 36
25 37
25 39
25 40
25 44
25 45
25 46
25 47
25 48
25 49
26 2
26 5
26 6
26 7
26 8
26 9
26 10
26 11
26 12
26 13
26 14
26 15
26 22
26 23
26 24
26 25
26 26
26 27
26 28
26 29
26 31
26 33
26 34
26 35
26 36
26 39
26 40
26 45
26 46
26 47
26 48
27 5
27 6
27 7
27 8
27 10
27 12
27 13
27 14
27 15
27 22
27 24
27 25
27 26
27 27
27 29
27 31
27 32
27 33
27 34
27 35
27 36
27 37
27 38
27 41
28 4
28 5
28 6
28 7
28 8
28 12
28 13
28 14
28 15
28 17
28 24
28 25
28 28
28 29
28 30
28 31
28 32
28 34
28 35
28 37
28 38
29 0
29 1
29 4
29 5
29 12
29 13
29 14
29 15
29 24
29 25
29 27
29 28
29 30
29 31
29 32
29 34
29 35
29 36
29 37
29 38
29 47
30 1
30 4
30 5
30 18
30 19
30 25
30 26
30 27
30 28
30 30
30 31
30 32
30 33
30 36
30 37
31 4
31 5
31 19
31 24
31 25
31 26
31 27
31 31
31 39
31 41
31 42
31 44
31 45
31 46
31 49
32 2
32 3
32 4
32 5
32 6
32 20
32 21
32 22
32 24
32 25
32 26
32 27
32 28
32 40
32 41
32 42
32 43
32 44
32 45
32 46
32 47
32 48
32 49
33 0
33 1
33 4
33 6
33 8
33 23
33 24
33 27
33 28
33 29
33 35
33 42
33 43
33 44
33 45
33 47
33 48
33 49
34 0
34 1
34 2
34 3
34 4
34 6
34 7
34 15
34 16
34 17
34 18
34 19
34 20
34 21
34 22
34 23
34 24
34 27
34 31
34 36
34 43
34 44
34 45
34 47
34 48
34 49
35 0
35 1
35 2
35 3
35 4
35 5
35 6
35 16
35 17
35 18
35 19
35 20
35 21
35 22
35 23
35 25
35 26
35 27
35 29
35 30
35 31
35 35
35 36
35 41
35 42
35 43
35 44
35 45
35 46
35 47
35 48
35 49
36 0
36 1
36 2
36 3
36 4
36 5
36 6
36 7
36 9
36 10
36 12
36 16
36 18
36 19
36 20
36 23
36 24
36 25
36 26
36 28
36 29
36 30
36 31
36 33
36 35
36 42
36 43
36 44
36 45
36 46
36 47
36 49
37 0
37 5
37 6
37 7
37 8
37 9
37 15
37 16
37 17
37 18
37 19
37 20
37 21
37 23
37 24
37 25
37 28
37 29
37 30
37 32
37 33
37 34
37 35
37 36
37 38
37 39
37 42
37 43
37 44
37 45
37 46
37 47
38 3
38 5
38 6
38 8
38 9
38 10
38 15
38 16
38 17
38 18
38 20
38 21
38 22
38 23
38 24
38 25
38 26
38 27
38 28
38 30
38 32
38 33
38 34
38 35
38 36
38 37
38 38
38 39
38 46
39 0
39 2
39 4
39 5
39 6
39 7
39 8
39 9
39 10
39 15
39 16
39 18
39 22
39 23
39 24
39 26
39 27
39 28
39 29
39 30
39 32
39 33
39 34
39 35
39 36
39 37
39 38
39 39
39 40
39 42
40 4
40 5
40 6
40 7
40 8
40 21
40 22
40 23
40 24
40 25
40 26
40 27
40 28
40 29
40 31
40 33
40 34
40 35
40 36
40 37
40 38
40 39
40 40
41 3
41 4
41 5
41 6
41 7
41 12
41 16
41 17
41 21
41 22
41 23
41 24
41 25
41 29
41 30
41 31
41 32
41 33
41 34
41 35
41 36
41 37
41 38
41 39
41 40
41 44
41 45
42 2
42 3
42 5
42 6
42 7
42 10
42 12
42 13
42 15
42 16
42 22
42 23
42 24
42 25
42 29
42 30
42 31
42 32
42 33
42 34
42 35
42 40
42 41
42 42
42 43
42 44
43 1
43 2
43 3
43 4
43 12
43 13
43 15
43 16
43 21
43 22
43 23
43 24
43 25
43 26
43 29
43 31
43 35
43 41
43 42
43 43
44 2
44 3
44 15
44 16
44 22
44 23
44 24
44 25
44 26
44 27
44 28
44 31
44 32
44 33
44 39
44 40
44 41
44 42
44 43
44 44
44 45
44 46
44 47
44 48
45 0
45 1
45 10
45 14
45 15
45 23
45 24
45 25
45 26
45 27
45 31
45 32
45 33
45 38
45 39
45 40
45 41
45 42
45 43
45 44
45 45
45 48
45 49
46 0
46 1
46 10
46 12
46 14
46 15
46 16
46 17
46 18
46 19
46 20
46 23
46 24
46 25
46 26
46 27
46 29
46 31
46 32
46 33
46 34
46 35
46 36
46 40
46 41
46 42
46 43
46 44
46 45
46 46
46 47
46 48
46 49
47 0
47 1
47 2
47 3
47 7
47 9
47 10
47 11
47 12
47 13
47 15
47 16
47 17
47 18
47 19
47 20
47 23
47 24
47 25
47 26
47 27
47 29
47 32
47 35
47 36
47 37
47 38
47 39
47 40
47 42
47 43
47 44
47 45
47 46
47 47
47 48
47 49
48 0
48 3
48 9
48 12
48 13
48 14
48 15
48 16
48 17
48 18
48 19
48 20
48 21
48 22
48 23
48 24
48 36
48 37
48 40
48 41
48 42
48 43
48 44
48 46
48 47
48 48
49 0
49 1
49 9
49 13
49 14
49 15
49 16
49 17
49 18
49 19
49 20
49 21
49 22
49 23
49 32
49 33
49 37
49 38
49 40
49 41
49 42
49 43
49 44
49 45
49 46
49 47
49 48
49 49
