0 0
0 1
0 4
0 5
0 6
0 7
0 8
0 9
0 10
0 11
0 12
0 13
0 14
0 15
0 16
0 17
0 18
0 19
0 20
0 21
0 23
0 24
0 25
0 26
0 27
0 28
0 29
0 30
0 34
0 38
0 39
0 40
0 41
0 42
0 43
0 44
1 1
1 5
1 6
1 7
1 8
1 9
1 10
1 11
1 12
1 13
1 15
1 17
1 18
1 19
1 22
1 23
1 24
1 25
1 26
1 27
1 28
1 29
1 30
1 33
1 35
1 38
1 39
1 40
1 41
1 42
1 43
1 45
1 46
2 2
2 4
2 5
2 9
2 10
2 11
2 12
2 13
2 14
2 15
2 17
2 18
2 19
2 20
2 21
2 22
2 23
2 24
2 25
2 27
2 31
2 32
2 33
2 34
2 35
2 36
2 37
2 40
2 41
2 42
3 2
3 3
3 4
3 5
3 14
3 15
3 16
3 17
3 19
3 20
3 21
3 22
3 23
3 24
3 25
3 26
3 27
3 31
3 32
3 33
3 34
3 35
3 36
3 37
3 38
3 39
3 40
3 41
3 42
4 2
4 3
4 4
4 15
4 16
4 17
4 18
4 19
4 20
4 21
4 22
4 23
4 24
4 25
4 26
4 27
4 28
4 30
4 36
4 37
4 39
4 40
4 41
4 42
4 43
4 44
5 0
5 12
5 13
5 15
5 16
5 17
5 18
5 19
5 20
5 21
5 22
5 25
5 26
5 30
5 33
5 37
5 43
5 45
5 46
6 12
6 13
6 14
6 15
6 16
6 18
6 19
6 20
6 21
6 22
6 24
6 29
6 30
6 31
6 33
6 34
6 35
6 36
6 37
7 12
7 13
7 14
7 15
7 16
7 17
7 20
7 21
7 22
7 23
7 28
7 29
7 30
7 31
7 32
7 33
7 34
7 35
7 36
7 37
7 47
8 6
8 13
8 14
8 15
8 16
8 20
8 21
8 22
8 23
8 26
8 28
8 29
8 30
8 31
8 32
8 33
8 35
8 36
8 37
8 40
8 41
8 47
9 11
9 13
9 14
9 15
9 16
9 17
9 18
9 23
9 24
9 25
9 26
9 29
9 30
9 31
9 32
9 33
9 35
9 46
10 1
10 2
10 3
10 11
10 13
10 14
10 16
10 17
10 18
10 19
10 20
10 21
10 24
10 25
10 26
10 32
10 33
10 34
10 35
10 36
10 37
10 38
11 1
11 3
11 6
11 7
11 8
11 15
11 16
11 17
11 18
11 19
11 20
11 25
11 26
11 27
11 30
11 33
11 34
11 35
11 36
11 38
11 44
11 45
12 3
12 4
12 5
12 6
12 7
12 8
12 9
12 10
12 11
12 13
12 14
12 15
12 19
12 25
12 26
12 27
12 35
12 36
12 38
12 39
12 40
12 43
12 44
12 45
13 3
13 4
13 5
13 6
13 7
13 10
13 11
13 13
13 14
13 15
13 16
13 17
13 18
13 19
13 20
13 24
13 25
13 26
13 27
13 28
13 35
13 36
13 42
13 43
13 44
14 1
14 3
14 4
14 6
14 13
14 14
14 15
14 18
14 19
14 20
14 24
14 25
14 26
14 27
14 34
14 35
14 44
14 45
15 1
15 2
15 3
15 7
15 13
15 18
15 19
15 20
15 26
15 27
15 29
15 30
15 31
15 46
15 47
15 48
16 3
16 5
16 7
16 11
16 12
16 13
16 14
16 25
16 26
16 27
16 28
16 29
16 30
16 38
16 40
16 46
16 47
17 2
17 3
17 4
17 5
17 6
17 7
17 8
17 12
17 18
17 20
17 21
17 22
17 24
17 25
17 26
17 27
17 28
17 29
17 30
17 33
17 34
17 35
17 44
17 45
17 46
18 1
18 2
18 4
18 5
18 6
18 7
18 8
18 11
18 12
18 14
18 16
18 18
18 20
18 21
18 22
18 23
18 24
18 25
18 26
18 27
18 28
18 29
18 30
18 31
18 34
18 35
18 36
19 5
19 6
19 7
19 8
19 9
19 11
19 12
19 13
19 14
19 16
19 17
19 18
19 19
19 20
19 21
19 22
19 23
19 24
19 25
19 26
19 27
19 28
19 29
19 30
19 31
19 34
19 35
19 36
19 38
20 6
20 7
20 8
20 9
20 12
20 13
20 14
20 16
20 17
20 18
20 19
20 20
20 21
20 22
20 23
20 24
20 25
20 26
20 27
20 28
20 29
20 30
20 31
20 33
20 34
20 35
20 36
20 38
20 40
20 41
20 45
20 46
21 6
21 7
21 8
21 12
21 13
21 14
21 15
21 18
21 19
21 21
21 22
21 23
21 24
21 25
21 26
21 27
21 28
21 29
21 30
21 31
21 32
21 33
21 35
21 37
21 38
22 0
22 5
22 6
22 7
22 8
22 12
22 13
22 14
22 15
22 16
22 17
22 18
22 19
22 20
22 21
22 22
22 23
22 24
22 25
22 26
22 27
22 28
22 29
22 34
22 35
22 36
22 37
22 38
22 39
22 40
22 41
22 48
22 49
23 6
23 7
23 8
23 9
23 16
23 17
23 18
23 19
23 20
23 21
23 22
23 24
23 25
23 26
23 27
23 28
23 31
23 32
23 34
23 35
23 36
23 37
23 39
23 40
23 41
23 42
23 49
24 5
24 6
24 17
24 19
24 20
24 21
24 22
24 23
24 26
24 27
24 28
24 29
24 31
24 37
24 40
24 41
24 42
24 44
24 45
24 46
24 49
25 5
25 6
25 15
25 18
25 19
25 20
25 21
25 22
25 23
25 24
25 25
25 26
25 27
25 28
25 29
25 37
25 40
25 41
25 44
25 45
25 46
25 47
25 48
25 49
26 0
26 5
26 6
26 7
26 12
26 13
26 14
26 15
26 16
26 17
26 20
26 21
26 22
26 23
26 24
26 28
26 29
26 30
26 41
26 45
26 46
26 47
26 48
26 49
27 0
27 5
27 6
27 13
27 14
27 15
27 16
27 17
27 18
27 19
27 20
27 21
27 22
27 23
27 24
27 28
27 29
27 30
27 31
27 38
27 39
27 46
27 47
27 48
27 49
28 0
28 2
28 6
28 9
28 10
28 14
28 15
28 16
28 17
28 21
28 22
28 23
28 24
28 27
28 28
28 29
28 30
28 31
28 38
28 47
28 48
29 2
29 3
29 5
29 6
29 7
29 8
29 9
29 13
29 14
29 15
29 16
29 17
29 21
29 22
29 23
29 27
29 28
29 32
29 33
29 34
29 35
29 36
29 38
29 39
29 47
29 48
29 49
30 0
30 1
30 2
30 3
30 4
30 5
30 6
30 7
30 14
30 15
30 16
30 17
30 18
30 21
30 22
30 23
30 24
30 25
30 28
30 29
30 31
30 32
30 33
30 34
30 35
30 36
30 37
30 38
30 39
30 48
30 49
31 0
31 1
31 2
31 3
31 4
31 5
31 6
31 7
31 9
31 14
31 15
31 16
31 18
31 21
31 22
31 23
31 28
31 29
31 30
31 31
31 32
31 33
31 34
31 35
31 48
31 49
32 0
32 1
32 3
32 4
32 6
32 7
32 13
32 14
32 15
32 16
32 17
32 18
32 19
32 20
32 21
32 22
32 23
32 30
32 31
32 32
32 33
32 45
32 47
32 48
32 49
33 0
33 1
33 2
33 3
33 4
33 6
33 7
33 8
33 14
33 15
33 16
33 17
33 18
33 19
33 20
33 21
33 22
33 23
33 30
33 45
33 46
33 47
33 48
33 49
34 0
34 1
34 2
34 4
34 8
34 12
34 14
34 15
34 16
34 17
34 18
34 19
34 21
34 22
34 23
34 24
34 25
34 26
34 27
34 28
34 30
34 31
34 38
34 39
34 45
34 46
34 47
34 48
35 1
35 2
35 3
35 4
35 5
35 6
35 8
35 9
35 10
35 11
35 12
35 13
35 14
35 15
35 16
35 17
35 18
35 19
35 20
35 21
35 22
35 23
35 24
35 25
35 26
35 27
35 28
35 29
35 30
35 31
35 36
35 45
35 46
35 47
35 48
36 0
36 2
36 3
36 4
36 5
36 6
36 8
36 9
36 10
36 11
36 12
36 15
36 16
36 17
36 18
36 19
36 20
36 21
36 22
36 23
36 24
36 25
36 26
36 27
36 30
36 31
36 32
36 34
36 36
36 37
36 41
36 46
36 47
36 48
37 2
37 3
37 4
37 5
37 6
37 8
37 10
37 11
37 16
37 17
37 18
37 19
37 20
37 21
37 22
37 23
37 24
37 34
37 38
37 39
37 46
37 47
38 2
38 3
38 4
38 5
38 6
38 7
38 8
38 13
38 14
38 15
38 16
38 17
38 18
38 19
38 21
38 22
38 23
38 24
38 25
38 34
38 37
38 38
38 39
38 41
38 46
38 47
39 1
39 2
39 3
39 4
39 6
39 7
39 8
39 9
39 10
39 11
39 12
39 13
39 14
39 16
39 17
39 19
39 21
39 22
39 23
39 24
39 25
39 31
39 34
39 38
39 49
40 0
40 1
40 2
40 3
40 4
40 5
40 6
40 7
40 8
40 9
40 10
40 12
40 13
40 14
40 15
40 16
40 19
40 20
40 21
40 22
40 23
40 24
40 25
40 39
40 42
40 44
40 45
40 46
40 48
40 49
41 0
41 1
41 2
41 3
41 4
41 6
41 8
41 9
41 10
41 12
41 13
41 14
41 15
41 16
41 17
41 18
41 19
41 20
41 21
41 22
41 28
41 32
41 34
41 35
41 36
41 37
41 38
41 39
41 40
41 41
41 42
41 44
41 45
41 46
41 47
41 48
41 49
42 0
42 1
42 2
42 3
42 4
42 7
42 8
42 9
42 10
42 13
42 14
42 15
42 16
42 17
42 18
42 19
42 20
42 21
42 22
42 34
42 35
42 36
42 37
42 38
42 39
42 40
42 47
42 48
42 49
43 0
43 1
43 2
43 3
43 4
43 5
43 9
43 12
43 13
43 14
43 15
43 16
43 17
43 19
43 20
43 21
43 27
43 33
43 39
43 40
43 47
43 49
44 0
44 1
44 3
44 12
44 14
44 15
44 16
44 17
44 20
44 21
44 26
44 27
44 28
44 29
44 46
44 47
44 48
44 49
45 0
45 1
45 2
45 3
45 4
45 5
45 10
45 11
45 12
45 13
45 14
45 15
45 16
45 17
45 20
45 23
45 25
45 26
45 27
45 28
45 42
45 45
45 46
45 47
45 48
45 49
46 0
46 1
46 2
46 3
46 4
46 5
46 6
46 10
46 11
46 12
46 13
46 17
46 19
46 20
46 23
46 24
46 25
46 26
46 35
46 39
46 40
46 41
46 42
46 43
46 44
46 45
46 46
46 47
46 48
47 0
47 1
47 2
47 3
47 4
47 5
47 6
47 7
47 9
47 10
47 11
47 12
47 13
47 15
47 17
47 18
47 19
47 20
47 21
47 25
47 26
47 27
47 28
47 29
47 30
47 31
47 35
47 40
47 41
47 42
47 43
47 44
47 45
47 46
47 47
47 48
48 0
48 1
48 2
48 3
48 4
48 5
48 6
48 7
48 8
48 9
48 10
48 11
48 12
48 13
48 14
48 17
48 18
48 19
48 20
48 21
48 22
48 24
48 25
48 26
48 27
48 28
48 29
48 30
48 31
48 38
48 39
48 40
48 41
48 42
48 43
48 44
49 0
49 1
49 3
49 4
49 5
49 6
49 7
49 8
49 9
49 10
49 11
49 12
49 13
49 14
49 15
49 16
49 17
49 18
49 19
49 21
49 22
49 23
49 25
49 26
49 27
49 28
49 29
49 30
49 38
49 39
49 40
49 41
49 42
49 43
49 44
