0 1
0 2
0 3
0 4
0 5
0 6
0 7
0 8
0 15
0 24
0 25
0 27
0 29
0 34
0 35
0 36
0 37
0 38
0 39
0 40
0 41
1 1
1 2
1 3
1 4
1 5
1 6
1 7
1 27
1 35
1 36
1 37
1 38
1 39
1 40
1 41
2 0
2 2
2 3
2 4
2 5
2 6
2 7
2 14
2 15
2 26
2 27
2 28
2 29
2 35
2 36
2 37
2 38
2 39
2 40
2 41
2 42
2 44
2 45
2 46
3 0
3 1
3 2
3 3
3 4
3 5
3 6
3 7
3 8
3 14
3 15
3 21
3 22
3 28
3 29
3 30
3 31
3 38
3 39
3 40
3 41
3 42
3 45
3 46
3 47
4 0
4 1
4 2
4 5
4 6
4 7
4 8
4 12
4 13
4 14
4 15
4 16
4 17
4 22
4 23
4 28
4 30
4 32
4 34
4 37
4 38
4 39
4 40
4 42
4 44
4 45
4 46
4 47
4 48
4 49
5 0
5 1
5 2
5 5
5 6
5 12
5 21
5 23
5 32
5 33
5 34
5 36
5 37
5 38
5 39
5 40
5 42
5 43
5 44
5 45
5 46
5 47
5 48
5 49
6 0
6 1
6 2
6 9
6 10
6 11
6 12
6 13
6 21
6 32
6 33
6 34
6 36
6 37
6 38
6 39
6 42
6 43
6 44
6 45
6 46
6 47
6 48
6 49
7 0
7 1
7 2
7 3
7 10
7 12
7 13
7 32
7 33
7 34
7 35
7 37
7 38
7 40
7 41
7 42
7 43
7 44
7 45
7 47
8 1
8 9
8 10
8 11
8 12
8 13
8 41
8 42
8 43
8 47
8 48
8 49
9 4
9 6
9 7
9 9
9 10
9 11
9 12
9 13
9 14
9 22
9 30
9 32
9 41
9 42
9 43
9 45
9 49
10 0
10 2
10 3
10 4
10 6
10 15
10 16
10 18
10 19
10 22
10 30
10 32
10 39
10 41
10 42
10 43
10 44
10 45
10 46
10 47
10 48
10 49
11 2
11 6
11 7
11 8
11 15
11 16
11 17
11 18
11 19
11 27
11 28
11 39
11 40
11 41
11 42
11 43
11 44
11 46
11 47
11 48
11 49
12 0
12 1
12 2
12 7
12 8
12 9
12 10
12 12
12 13
12 14
12 15
12 16
12 17
12 18
12 19
12 24
12 39
12 40
12 41
12 42
12 43
12 44
12 45
12 46
12 47
12 48
12 49
13 1
13 2
13 4
13 5
13 7
13 8
13 9
13 10
13 15
13 16
13 17
13 18
13 19
13 24
13 29
13 31
13 39
13 40
13 41
13 42
13 43
13 44
13 45
13 46
13 47
13 48
14 1
14 2
14 9
14 10
14 30
14 37
14 38
14 39
14 40
14 42
14 44
14 45
14 46
15 0
15 1
15 4
15 5
15 9
15 10
15 11
15 17
15 18
15 38
15 39
15 40
16 2
16 3
16 5
16 6
16 7
16 8
16 9
16 10
16 11
16 12
16 28
16 40
16 41
16 42
16 43
16 44
17 3
17 6
17 7
17 8
17 9
17 10
17 12
17 13
17 14
17 15
17 16
17 19
17 21
17 41
17 42
17 45
17 46
18 2
18 3
18 4
18 6
18 7
18 8
18 9
18 10
18 11
18 12
18 13
18 14
18 15
18 16
18 17
18 18
18 19
18 20
18 21
18 22
18 39
18 43
18 44
18 45
18 46
19 2
19 3
19 4
19 5
19 6
19 7
19 8
19 9
19 10
19 11
19 12
19 13
19 14
19 15
19 17
19 18
19 19
19 20
19 21
19 24
19 25
19 26
19 27
19 29
19 30
19 31
19 32
19 33
19 34
19 38
19 39
19 44
19 45
19 47
19 48
20 5
20 6
20 7
20 8
20 9
20 10
20 12
20 13
20 14
20 15
20 16
20 18
20 19
20 23
20 25
20 26
20 29
20 31
20 32
20 33
20 34
20 38
20 39
20 44
20 45
20 46
20 47
20 48
21 7
21 8
21 9
21 12
21 13
21 14
21 15
21 16
21 17
21 18
21 19
21 20
21 22
21 23
21 24
21 25
21 26
21 28
21 29
21 31
21 32
21 33
21 34
21 37
21 38
21 44
21 45
21 46
21 47
22 1
22 3
22 7
22 8
22 9
22 13
22 14
22 15
22 16
22 17
22 18
22 19
22 20
22 21
22 22
22 23
22 24
22 25
22 26
22 28
22 29
22 30
22 31
22 32
22 33
22 37
22 38
22 39
22 41
22 42
22 43
22 44
22 45
22 47
22 48
23 1
23 2
23 3
23 7
23 8
23 9
23 10
23 11
23 13
23 14
23 15
23 16
23 17
23 18
23 19
23 20
23 21
23 22
23 23
23 24
23 25
23 26
23 27
23 28
23 29
23 30
23 31
23 32
23 33
23 37
23 38
23 39
23 40
23 41
23 42
23 43
23 44
23 45
23 46
23 49
24 0
24 1
24 2
24 6
24 7
24 9
24 10
24 11
24 12
24 14
24 17
24 18
24 19
24 20
24 21
24 22
24 23
24 24
24 25
24 26
24 28
24 29
24 31
24 32
24 33
24 34
24 39
24 40
24 41
24 42
24 43
24 45
24 46
24 47
24 48
24 49
25 5
25 6
25 7
25 10
25 13
25 15
25 17
25 21
25 22
25 23
25 24
25 29
25 32
25 34
25 35
25 38
25 39
25 40
25 41
25 42
25 45
25 46
25 47
25 48
25 49
26 0
26 1
26 2
26 5
26 6
26 7
26 8
26 10
26 13
26 17
26 21
26 22
26 23
26 24
26 26
26 27
26 29
26 30
26 32
26 33
26 34
26 38
26 39
26 40
26 41
26 42
26 45
26 46
26 47
26 48
26 49
27 0
27 1
27 2
27 4
27 5
27 6
27 7
27 24
27 25
27 26
27 27
27 28
27 29
27 36
27 37
27 38
27 39
27 40
27 41
27 42
27 44
27 46
27 47
27 48
27 49
28 0
28 1
28 2
28 4
28 5
28 6
28 7
28 9
28 10
28 26
28 27
28 28
28 29
28 30
28 36
28 38
28 39
28 40
28 41
28 42
28 43
28 44
28 45
28 46
28 49
29 0
29 2
29 3
29 4
29 5
29 6
29 7
29 8
29 9
29 10
29 14
29 21
29 24
29 25
29 26
29 30
29 32
29 35
29 36
29 37
29 38
29 39
29 41
29 42
29 43
29 46
29 47
29 48
29 49
30 0
30 1
30 2
30 3
30 4
30 5
30 6
30 8
30 11
30 12
30 13
30 14
30 32
30 35
30 36
30 39
30 46
30 47
30 48
30 49
31 0
31 1
31 2
31 3
31 4
31 5
31 6
31 7
31 8
31 9
31 10
31 11
31 12
31 13
31 14
31 15
31 27
31 35
31 36
31 45
31 46
31 47
31 48
32 0
32 1
32 2
32 3
32 4
32 5
32 6
32 7
32 8
32 10
32 11
32 12
32 13
32 14
32 15
32 16
32 17
32 20
32 21
32 22
32 27
32 35
32 46
32 47
32 48
32 49
33 0
33 1
33 2
33 6
33 7
33 8
33 10
33 11
33 12
33 13
33 15
33 16
33 17
33 18
33 19
33 20
33 21
33 26
33 27
33 39
33 42
33 43
33 47
33 48
33 49
34 0
34 1
34 2
34 3
34 4
34 7
34 8
34 9
34 11
34 13
34 15
34 16
34 17
34 18
34 19
34 20
34 21
34 22
34 24
34 26
34 30
34 43
34 46
34 47
34 48
34 49
35 1
35 2
35 4
35 5
35 6
35 7
35 8
35 9
35 10
35 11
35 19
35 20
35 21
35 22
35 23
35 24
35 34
35 44
35 46
35 47
35 48
36 1
36 2
36 5
36 6
36 8
36 9
36 10
36 11
36 18
36 20
36 21
36 23
36 24
36 25
36 26
36 29
36 36
36 43
36 44
36 45
36 46
36 47
36 48
37 2
37 3
37 5
37 6
37 7
37 8
37 9
37 11
37 16
37 17
37 21
37 22
37 23
37 24
37 25
37 26
37 38
37 39
37 40
37 41
37 42
37 43
37 44
37 45
37 46
37 47
37 48
38 2
38 3
38 6
38 7
38 8
38 9
38 10
38 21
38 22
38 30
38 31
38 32
38 33
38 35
38 38
38 39
38 40
38 41
38 43
38 45
38 46
38 47
38 48
39 2
39 3
39 4
39 5
39 6
39 7
39 8
39 9
39 10
39 11
39 12
39 16
39 17
39 28
39 32
39 33
39 34
39 35
39 41
39 44
39 45
39 48
40 3
40 4
40 5
40 6
40 7
40 8
40 9
40 10
40 11
40 12
40 13
40 16
40 17
40 19
40 20
40 21
40 33
40 34
40 35
40 37
40 41
40 42
40 43
40 44
40 45
40 47
41 4
41 5
41 6
41 7
41 8
41 9
41 10
41 11
41 12
41 13
41 15
41 16
41 17
41 18
41 19
41 20
41 23
41 25
41 30
41 33
41 34
41 35
41 36
41 38
41 39
41 41
41 42
41 43
41 44
41 45
41 46
41 47
41 48
42 4
42 5
42 6
42 7
42 8
42 9
42 10
42 11
42 12
42 13
42 14
42 15
42 16
42 19
42 22
42 23
42 27
42 33
42 34
42 35
42 38
42 39
42 41
42 42
42 43
42 44
42 45
42 46
42 47
42 48
42 49
43 1
43 3
43 4
43 5
43 6
43 8
43 9
43 11
43 12
43 13
43 14
43 22
43 23
43 24
43 25
43 26
43 27
43 34
43 35
43 37
43 38
43 39
43 40
43 41
43 42
43 43
43 44
43 45
43 46
43 47
43 48
43 49
44 3
44 4
44 5
44 10
44 11
44 12
44 13
44 14
44 15
44 17
44 18
44 22
44 23
44 24
44 27
44 28
44 29
44 34
44 35
44 36
44 37
44 38
44 39
44 40
44 41
44 42
44 43
44 44
44 45
44 46
44 47
44 48
44 49
45 0
45 1
45 3
45 4
45 5
45 12
45 13
45 14
45 15
45 16
45 22
45 24
45 25
45 26
45 27
45 28
45 29
45 32
45 35
45 36
45 37
45 38
45 39
45 40
45 41
45 42
45 44
45 45
45 46
45 47
45 48
45 49
46 0
46 1
46 2
46 3
46 4
46 5
46 6
46 12
46 13
46 14
46 15
46 21
46 24
46 25
46 26
46 27
46 28
46 29
46 35
46 38
46 41
46 42
46 43
46 44
46 45
46 46
46 47
46 49
47 1
47 2
47 3
47 4
47 5
47 6
47 7
47 14
47 15
47 16
47 21
47 24
47 25
47 26
47 27
47 28
47 29
47 33
47 36
47 37
47 38
47 40
47 41
47 42
47 46
48 1
48 3
48 4
48 5
48 6
48 7
48 14
48 15
48 16
48 24
48 25
48 26
48 27
48 28
48 29
48 33
48 35
48 36
48 37
48 38
48 39
48 40
48 41
48 42
48 46
49 0
49 1
49 2
49 3
49 4
49 5
49 6
49 7
49 15
49 16
49 23
49 24
49 25
49 27
49 28
49 29
49 35
49 36
49 37
49 39
49 40
49 41
49 49
