0 0
0 1
0 2
0 3
0 4
0 7
0 8
0 19
0 29
0 30
0 31
0 32
0 38
0 39
0 40
0 41
0 42
0 44
0 45
0 46
0 47
0 48
1 1
1 2
1 3
1 4
1 23
1 24
1 25
1 29
1 30
1 38
1 39
1 40
1 41
1 42
1 47
1 48
2 0
2 3
2 7
2 10
2 23
2 24
2 25
2 29
2 30
2 38
2 39
2 46
2 47
2 48
3 0
3 21
3 23
3 24
3 25
3 28
3 29
3 32
3 38
3 39
3 47
3 48
3 49
4 0
4 7
4 10
4 21
4 22
4 36
4 38
4 47
4 48
5 0
5 1
5 2
5 3
5 5
5 14
5 21
5 22
5 23
5 24
5 36
5 37
5 38
5 49
6 0
6 1
6 2
6 3
6 4
6 5
6 6
6 7
6 8
6 9
6 11
6 21
6 22
6 23
6 24
6 25
6 26
6 27
6 37
6 38
6 39
6 43
7 0
7 1
7 3
7 4
7 5
7 6
7 7
7 8
7 9
7 14
7 16
7 17
7 18
7 19
7 21
7 23
7 24
7 25
7 26
7 29
7 30
7 31
7 38
7 39
7 43
7 46
8 0
8 1
8 2
8 3
8 4
8 5
8 6
8 7
8 8
8 9
8 11
8 17
8 18
8 21
8 22
8 23
8 24
8 25
8 26
8 27
8 28
8 29
8 30
8 31
8 32
8 33
8 34
8 36
8 37
8 38
8 39
8 43
8 44
8 45
8 46
9 0
9 1
9 2
9 3
9 5
9 6
9 7
9 9
9 11
9 12
9 21
9 22
9 23
9 24
9 25
9 26
9 27
9 28
9 29
9 30
9 31
9 32
9 33
9 34
9 38
9 39
9 42
9 43
9 44
9 46
9 47
9 48
9 49
10 0
10 1
10 2
10 3
10 4
10 5
10 6
10 9
10 10
10 11
10 12
10 18
10 19
10 20
10 21
10 22
10 24
10 25
10 27
10 28
10 29
10 30
10 31
10 32
10 33
10 34
10 35
10 36
10 42
10 43
10 44
10 45
10 46
10 47
10 48
10 49
11 0
11 1
11 2
11 3
11 4
11 5
11 6
11 7
11 9
11 10
11 12
11 13
11 16
11 20
11 21
11 22
11 23
11 24
11 25
11 26
11 27
11 28
11 29
11 30
11 31
11 32
11 33
11 35
11 36
11 42
11 43
11 44
11 45
11 46
11 48
11 49
12 0
12 1
12 2
12 3
12 4
12 5
12 6
12 7
12 8
12 9
12 10
12 11
12 12
12 13
12 19
12 20
12 21
12 22
12 23
12 24
12 27
12 28
12 29
12 30
12 31
12 32
12 33
12 34
12 35
12 36
12 37
12 43
12 44
12 45
12 46
12 48
12 49
13 0
13 1
13 2
13 7
13 8
13 9
13 12
13 13
13 16
13 17
13 20
13 21
13 23
13 24
13 25
13 26
13 27
13 28
13 29
13 30
13 31
13 32
13 33
13 34
13 35
13 36
13 37
13 41
13 42
13 43
13 44
13 45
13 46
13 49
14 0
14 2
14 3
14 7
14 8
14 9
14 13
14 15
14 17
14 18
14 21
14 23
14 24
14 25
14 26
14 27
14 28
14 29
14 30
14 31
14 32
14 33
14 34
14 35
14 36
14 37
14 40
14 41
14 42
14 43
14 44
14 46
14 49
15 0
15 7
15 8
15 9
15 10
15 15
15 16
15 17
15 18
15 21
15 22
15 23
15 25
15 28
15 29
15 30
15 31
15 32
15 33
15 34
15 35
15 36
15 37
15 38
15 39
15 40
15 41
15 42
15 43
15 45
15 46
15 47
15 48
15 49
16 1
16 2
16 3
16 6
16 7
16 8
16 9
16 10
16 14
16 15
16 22
16 23
16 24
16 28
16 29
16 30
16 32
16 33
16 34
16 35
16 37
16 38
16 39
16 40
16 43
16 47
16 48
16 49
17 0
17 1
17 2
17 3
17 6
17 7
17 8
17 9
17 10
17 23
17 24
17 25
17 26
17 27
17 28
17 29
17 30
17 31
17 32
17 33
17 35
17 39
17 40
17 42
17 43
17 44
17 45
17 46
17 48
17 49
18 4
18 5
18 6
18 7
18 8
18 9
18 10
18 15
18 21
18 26
18 28
18 29
18 30
18 31
18 34
18 35
18 39
18 40
18 42
18 43
18 44
18 45
18 46
18 47
18 48
18 49
19 0
19 1
19 3
19 4
19 5
19 6
19 7
19 8
19 9
19 10
19 11
19 12
19 16
19 17
19 26
19 27
19 28
19 29
19 30
19 31
19 33
19 34
19 35
19 36
19 39
19 40
19 41
19 42
19 43
19 44
19 45
19 48
19 49
20 0
20 1
20 3
20 4
20 5
20 6
20 7
20 8
20 9
20 10
20 11
20 12
20 13
20 17
20 27
20 28
20 30
20 31
20 32
20 33
20 34
20 35
20 36
20 39
20 40
20 43
20 44
20 47
20 48
20 49
21 0
21 1
21 3
21 4
21 5
21 6
21 7
21 8
21 11
21 12
21 20
21 21
21 30
21 31
21 32
21 33
21 34
21 38
21 41
21 42
21 43
21 46
21 47
21 48
21 49
22 0
22 1
22 2
22 3
22 4
22 6
22 7
22 8
22 9
22 11
22 12
22 13
22 16
22 17
22 18
22 20
22 21
22 22
22 25
22 29
22 30
22 31
22 34
22 38
22 39
22 40
22 41
22 42
22 43
22 46
22 47
22 48
22 49
23 0
23 1
23 2
23 3
23 4
23 6
23 7
23 8
23 9
23 10
23 11
23 12
23 13
23 14
23 15
23 16
23 17
23 18
23 19
23 23
23 25
23 30
23 31
23 32
23 33
23 40
23 43
23 44
23 46
23 47
23 48
23 49
24 0
24 1
24 2
24 3
24 4
24 6
24 7
24 8
24 9
24 10
24 11
24 12
24 13
24 14
24 16
24 17
24 18
24 19
24 23
24 28
24 30
24 31
24 32
24 33
24 34
24 46
24 47
24 48
24 49
25 0
25 2
25 5
25 6
25 7
25 8
25 9
25 10
25 11
25 12
25 13
25 14
25 15
25 16
25 17
25 18
25 19
25 23
25 25
25 26
25 27
25 28
25 29
25 30
25 31
25 32
25 33
25 34
25 35
25 44
25 45
25 46
25 47
25 48
25 49
26 0
26 1
26 2
26 3
26 4
26 5
26 6
26 8
26 11
26 12
26 13
26 14
26 15
26 16
26 17
26 18
26 19
26 22
26 23
26 24
26 25
26 26
26 27
26 28
26 29
26 30
26 31
26 32
26 33
26 34
26 35
26 36
26 37
26 44
26 45
26 46
27 0
27 1
27 2
27 3
27 4
27 5
27 6
27 7
27 9
27 10
27 11
27 12
27 13
27 15
27 16
27 17
27 18
27 19
27 20
27 23
27 24
27 25
27 26
27 27
27 28
27 29
27 30
27 31
27 32
27 44
27 47
28 1
28 6
28 7
28 8
28 9
28 11
28 12
28 13
28 14
28 15
28 16
28 17
28 18
28 19
28 27
28 28
28 29
28 31
28 32
28 44
28 45
28 47
28 49
29 3
29 4
29 5
29 6
29 7
29 8
29 9
29 11
29 12
29 13
29 15
29 16
29 17
29 18
29 19
29 20
29 21
29 28
29 29
29 30
29 31
29 32
29 47
29 48
29 49
30 0
30 2
30 3
30 4
30 5
30 6
30 7
30 8
30 9
30 13
30 14
30 15
30 16
30 19
30 20
30 21
30 22
30 25
30 26
30 27
30 28
30 29
30 30
30 31
30 32
30 33
30 34
30 37
30 40
30 41
30 42
30 43
30 46
30 47
30 48
30 49
31 0
31 1
31 2
31 3
31 4
31 5
31 6
31 7
31 8
31 9
31 13
31 14
31 15
31 16
31 21
31 22
31 26
31 27
31 28
31 29
31 30
31 31
31 32
31 33
31 34
31 35
31 36
31 37
31 38
31 39
31 40
31 41
31 44
31 45
31 46
31 47
31 48
31 49
32 1
32 4
32 5
32 7
32 21
32 27
32 28
32 29
32 30
32 31
32 32
32 33
32 35
32 36
32 37
32 38
32 39
32 40
32 41
32 42
32 43
32 44
32 45
32 46
32 47
32 48
32 49
33 0
33 2
33 3
33 4
33 5
33 6
33 8
33 21
33 28
33 29
33 30
33 31
33 32
33 34
33 35
33 36
33 37
33 38
33 39
33 40
33 41
33 42
33 43
33 44
33 45
33 46
33 47
33 48
33 49
34 0
34 1
34 2
34 3
34 4
34 5
34 6
34 7
34 12
34 18
34 19
34 21
34 22
34 29
34 30
34 31
34 34
34 35
34 37
34 38
34 39
34 41
34 42
34 44
34 45
34 46
34 47
34 48
34 49
35 0
35 2
35 3
35 6
35 12
35 19
35 21
35 22
35 27
35 28
35 29
35 30
35 31
35 34
35 35
35 39
35 40
35 41
35 42
35 44
35 45
35 46
35 47
35 48
35 49
36 0
36 1
36 2
36 3
36 26
36 27
36 29
36 30
36 33
36 35
36 36
36 37
36 39
36 40
36 41
36 42
36 43
36 44
36 45
36 46
36 47
37 0
37 1
37 2
37 10
37 27
37 28
37 29
37 30
37 31
37 35
37 36
37 37
37 38
37 39
37 40
37 41
37 42
37 43
37 44
37 45
37 46
37 47
37 48
37 49
38 0
38 1
38 2
38 7
38 10
38 26
38 27
38 28
38 29
38 31
38 34
38 35
38 36
38 37
38 38
38 39
38 40
38 41
38 42
38 43
38 44
38 45
38 46
38 47
38 48
38 49
39 0
39 1
39 2
39 7
39 8
39 15
39 20
39 21
39 26
39 27
39 28
39 29
39 31
39 35
39 36
39 37
39 38
39 39
39 40
39 41
39 42
39 44
39 45
39 46
39 47
39 48
40 0
40 1
40 2
40 3
40 10
40 18
40 19
40 20
40 21
40 26
40 27
40 28
40 29
40 30
40 31
40 35
40 36
40 37
40 38
40 40
40 41
40 44
40 45
40 46
40 47
40 48
40 49
41 0
41 8
41 9
41 10
41 14
41 15
41 19
41 20
41 21
41 22
41 23
41 26
41 27
41 28
41 29
41 30
41 31
41 32
41 33
41 34
41 35
41 37
41 38
41 39
41 40
41 41
41 43
41 44
41 45
41 46
41 47
41 48
41 49
42 10
42 12
42 13
42 14
42 15
42 20
42 21
42 22
42 23
42 25
42 26
42 27
42 28
42 29
42 30
42 31
42 32
42 33
42 34
42 35
42 37
42 38
42 39
42 40
42 41
42 43
42 44
42 45
42 47
42 48
42 49
43 0
43 3
43 4
43 10
43 12
43 13
43 15
43 20
43 22
43 23
43 27
43 28
43 29
43 30
43 32
43 33
43 34
43 35
43 36
43 37
43 38
43 39
43 40
43 41
43 43
43 44
43 45
43 46
43 47
43 48
43 49
44 0
44 1
44 3
44 4
44 5
44 6
44 10
44 11
44 12
44 13
44 14
44 15
44 22
44 23
44 24
44 25
44 26
44 27
44 28
44 30
44 31
44 32
44 33
44 35
44 36
44 37
44 38
44 39
44 40
44 41
44 43
44 44
44 45
44 46
44 47
44 48
44 49
45 0
45 1
45 3
45 4
45 5
45 6
45 10
45 11
45 12
45 13
45 14
45 17
45 18
45 21
45 22
45 23
45 24
45 26
45 27
45 32
45 33
45 36
45 37
45 39
45 40
45 41
45 42
45 43
45 44
45 45
45 48
45 49
46 0
46 1
46 2
46 3
46 4
46 5
46 6
46 7
46 9
46 10
46 11
46 12
46 13
46 14
46 16
46 17
46 18
46 23
46 25
46 26
46 27
46 30
46 36
46 37
46 38
46 39
46 40
46 41
46 43
46 44
46 45
46 46
46 47
46 48
46 49
47 0
47 3
47 4
47 5
47 6
47 7
47 8
47 9
47 10
47 11
47 13
47 14
47 15
47 16
47 34
47 35
47 36
47 37
47 38
47 39
47 40
47 41
47 45
47 46
47 47
47 48
47 49
48 0
48 1
48 2
48 8
48 11
48 23
48 28
48 30
48 34
48 36
48 37
48 38
48 39
48 41
48 42
48 44
48 45
48 46
48 47
48 48
48 49
49 1
49 2
49 3
49 4
49 7
49 8
49 36
49 37
49 39
49 40
49 41
49 42
