0 0
0 6
0 7
0 8
0 9
0 11
0 12
0 13
0 14
0 15
0 16
0 17
0 18
0 19
0 20
0 21
0 25
0 26
0 33
0 34
0 35
0 36
0 37
0 38
0 39
1 0
1 3
1 4
1 6
1 7
1 8
1 9
1 10
1 11
1 12
1 13
1 14
1 15
1 16
1 18
1 19
1 20
1 25
1 26
1 30
1 33
1 34
1 35
1 37
1 38
1 39
1 40
1 46
2 2
2 3
2 4
2 5
2 6
2 7
2 10
2 11
2 12
2 13
2 14
2 15
2 16
2 27
2 37
2 38
2 39
2 40
2 41
2 42
2 43
2 46
2 47
3 1
3 2
3 3
3 4
3 5
3 6
3 7
3 11
3 13
3 17
3 18
3 19
3 20
3 22
3 25
3 26
3 27
3 29
3 30
3 38
3 39
3 41
3 42
3 43
3 44
3 45
3 46
3 47
4 0
4 3
4 4
4 5
4 6
4 7
4 11
4 16
4 17
4 18
4 19
4 26
4 27
4 40
4 41
4 42
4 43
4 44
4 45
4 46
4 47
5 1
5 2
5 3
5 4
5 5
5 6
5 7
5 9
5 11
5 12
5 16
5 17
5 18
5 19
5 25
5 26
5 27
5 28
5 31
5 32
5 34
5 35
5 40
5 41
5 44
5 45
5 46
6 1
6 2
6 3
6 4
6 5
6 6
6 7
6 8
6 9
6 11
6 12
6 15
6 16
6 17
6 18
6 36
6 37
6 38
6 39
6 40
6 43
6 44
6 45
6 46
6 48
7 0
7 1
7 2
7 3
7 4
7 5
7 6
7 13
7 14
7 15
7 16
7 17
7 32
7 35
7 36
7 38
7 39
7 40
7 41
7 43
7 44
7 45
7 46
8 0
8 1
8 2
8 3
8 4
8 6
8 10
8 11
8 14
8 15
8 16
8 17
8 18
8 19
8 20
8 26
8 27
8 28
8 29
8 30
8 31
8 32
8 35
8 36
8 38
8 39
8 40
8 41
8 42
8 43
8 44
8 45
9 0
9 1
9 2
9 3
9 4
9 5
9 6
9 7
9 8
9 14
9 15
9 16
9 17
9 18
9 19
9 20
9 29
9 30
9 31
9 34
9 35
9 38
9 39
9 40
9 41
9 43
9 44
9 45
9 49
10 0
10 1
10 2
10 3
10 4
10 5
10 6
10 7
10 8
10 9
10 13
10 14
10 15
10 16
10 17
10 18
10 19
10 20
10 26
10 27
10 28
10 29
10 30
10 31
10 34
10 36
10 37
10 38
10 39
10 40
10 41
10 42
10 43
10 45
10 49
11 0
11 1
11 2
11 3
11 4
11 5
11 6
11 7
11 8
11 11
11 12
11 13
11 14
11 15
11 16
11 17
11 18
11 19
11 20
11 21
11 25
11 26
11 27
11 28
11 29
11 30
11 31
11 32
11 34
11 35
11 36
11 37
11 38
11 39
11 40
11 41
11 43
11 49
12 4
12 7
12 12
12 16
12 19
12 20
12 21
12 22
12 25
12 26
12 27
12 28
12 29
12 30
12 31
12 32
12 33
12 34
12 35
12 36
12 37
12 38
12 39
12 40
12 41
12 42
12 43
12 47
12 49
13 7
13 16
13 19
13 20
13 21
13 25
13 26
13 27
13 28
13 29
13 30
13 31
13 32
13 33
13 34
13 35
13 36
13 40
13 42
13 43
13 47
14 2
14 3
14 4
14 21
14 25
14 26
14 27
14 35
14 36
14 40
14 41
14 42
14 43
15 0
15 1
15 2
15 3
15 9
15 14
15 15
15 21
15 23
15 24
15 27
15 28
15 29
15 35
15 36
15 40
15 41
15 42
15 43
15 49
16 0
16 1
16 2
16 3
16 5
16 9
16 15
16 21
16 23
16 24
16 25
16 40
16 41
16 42
16 43
16 44
16 45
16 49
17 0
17 1
17 2
17 3
17 4
17 7
17 12
17 13
17 15
17 19
17 20
17 21
17 25
17 27
17 28
17 29
17 30
17 31
17 32
17 40
17 43
17 44
17 46
17 49
18 0
18 1
18 2
18 3
18 18
18 20
18 24
18 25
18 26
18 27
18 28
18 29
18 30
18 31
18 32
18 33
18 37
18 39
18 40
18 42
18 43
18 44
18 46
18 47
18 48
18 49
19 0
19 1
19 2
19 3
19 7
19 8
19 18
19 20
19 22
19 23
19 24
19 25
19 26
19 27
19 28
19 29
19 30
19 31
19 32
19 33
19 34
19 37
19 39
19 40
19 41
19 42
19 43
19 44
19 48
20 0
20 1
20 2
20 3
20 4
20 7
20 8
20 9
20 10
20 11
20 12
20 14
20 15
20 21
20 22
20 25
20 26
20 27
20 28
20 29
20 31
20 32
20 33
20 39
20 40
20 41
20 42
20 43
20 44
20 48
20 49
21 0
21 2
21 3
21 4
21 7
21 8
21 9
21 10
21 11
21 12
21 15
21 22
21 24
21 26
21 28
21 29
21 31
21 32
21 33
21 39
21 40
21 41
21 42
21 43
21 44
21 48
21 49
22 0
22 1
22 2
22 3
22 4
22 5
22 6
22 7
22 8
22 9
22 10
22 11
22 15
22 16
22 20
22 22
22 26
22 28
22 29
22 31
22 32
22 43
22 44
22 48
22 49
23 0
23 1
23 2
23 3
23 4
23 6
23 7
23 8
23 9
23 10
23 11
23 15
23 16
23 17
23 18
23 19
23 20
23 21
23 22
23 23
23 24
23 25
23 26
23 35
23 36
23 37
23 41
23 42
23 43
23 44
23 45
23 46
23 48
24 0
24 1
24 2
24 3
24 4
24 5
24 7
24 9
24 10
24 11
24 14
24 15
24 16
24 17
24 18
24 19
24 20
24 21
24 22
24 23
24 25
24 26
24 30
24 31
24 33
24 35
24 36
24 37
24 38
24 39
24 40
24 41
24 42
24 43
24 44
24 45
24 46
24 48
24 49
25 0
25 1
25 2
25 4
25 5
25 6
25 7
25 8
25 10
25 12
25 15
25 16
25 17
25 18
25 19
25 20
25 21
25 22
25 23
25 24
25 25
25 26
25 27
25 28
25 29
25 32
25 33
25 34
25 35
25 36
25 37
25 38
25 41
25 42
25 43
25 44
25 45
25 46
25 48
25 49
26 0
26 1
26 2
26 4
26 5
26 6
26 7
26 10
26 14
26 15
26 16
26 17
26 19
26 22
26 23
26 24
26 28
26 29
26 30
26 34
26 35
26 36
26 37
26 38
26 39
26 41
26 42
26 43
26 44
26 45
26 46
26 47
26 48
26 49
27 4
27 5
27 8
27 9
27 10
27 11
27 12
27 13
27 14
27 15
27 16
27 17
27 18
27 19
27 22
27 23
27 24
27 25
27 26
27 27
27 29
27 30
27 31
27 35
27 36
27 37
27 38
27 39
27 40
27 41
27 42
27 43
27 44
27 45
27 46
27 47
27 49
28 0
28 1
28 9
28 10
28 11
28 12
28 13
28 14
28 15
28 16
28 17
28 18
28 19
28 22
28 23
28 24
28 25
28 30
28 31
28 32
28 33
28 36
28 37
28 38
28 39
28 40
28 41
28 42
28 44
28 45
28 46
28 47
28 49
29 0
29 1
29 2
29 7
29 12
29 13
29 14
29 15
29 16
29 17
29 20
29 21
29 22
29 23
29 24
29 25
29 30
29 31
29 34
29 36
29 37
29 39
29 40
29 41
29 42
29 47
29 48
29 49
30 3
30 5
30 7
30 10
30 11
30 12
30 13
30 14
30 15
30 21
30 22
30 23
30 24
30 25
30 27
30 30
30 31
30 32
30 33
30 39
30 40
30 41
30 46
30 47
30 48
31 2
31 3
31 5
31 6
31 7
31 8
31 9
31 10
31 13
31 14
31 15
31 18
31 19
31 20
31 21
31 22
31 23
31 24
31 25
31 26
31 27
31 28
31 31
31 32
31 33
31 39
31 41
31 42
31 45
31 47
31 48
31 49
32 2
32 3
32 4
32 5
32 6
32 7
32 8
32 9
32 10
32 11
32 15
32 16
32 17
32 18
32 20
32 22
32 23
32 27
32 28
32 30
32 31
32 32
32 34
32 37
32 38
32 39
32 43
32 44
32 45
32 47
33 4
33 5
33 6
33 7
33 8
33 9
33 15
33 16
33 18
33 19
33 20
33 21
33 22
33 27
33 28
33 29
33 30
33 31
33 32
33 36
33 37
33 38
33 44
33 45
33 46
33 47
34 3
34 4
34 5
34 15
34 17
34 18
34 19
34 20
34 21
34 22
34 27
34 30
34 31
34 36
34 38
34 44
34 45
34 46
34 47
35 2
35 5
35 6
35 15
35 16
35 17
35 18
35 19
35 20
35 21
35 22
35 27
35 28
35 30
35 31
35 36
35 45
35 46
36 2
36 3
36 4
36 5
36 7
36 8
36 14
36 15
36 16
36 17
36 18
36 19
36 20
36 24
36 25
36 26
36 29
36 30
36 31
36 35
36 39
36 43
36 44
37 2
37 3
37 4
37 5
37 6
37 7
37 8
37 16
37 17
37 18
37 19
37 21
37 22
37 23
37 24
37 25
37 29
37 30
37 31
37 33
37 35
37 39
37 40
37 42
37 44
37 46
38 1
38 2
38 3
38 4
38 5
38 6
38 7
38 8
38 10
38 15
38 16
38 17
38 18
38 22
38 23
38 24
38 25
38 28
38 29
38 30
38 31
38 32
38 33
38 38
38 39
38 40
38 45
38 46
38 47
39 1
39 2
39 3
39 5
39 6
39 7
39 8
39 10
39 14
39 15
39 16
39 17
39 19
39 20
39 22
39 23
39 25
39 27
39 28
39 29
39 30
39 31
39 32
39 33
39 34
39 36
39 37
39 38
39 39
39 43
39 44
39 45
39 48
40 1
40 5
40 11
40 12
40 14
40 15
40 16
40 17
40 18
40 19
40 20
40 22
40 24
40 27
40 29
40 30
40 31
40 32
40 33
40 34
40 35
40 36
40 37
40 38
40 39
40 44
40 45
40 49
41 4
41 5
41 6
41 10
41 14
41 15
41 16
41 17
41 18
41 19
41 20
41 22
41 24
41 25
41 26
41 27
41 28
41 29
41 30
41 31
41 32
41 33
41 34
41 35
41 36
41 37
41 44
41 45
41 49
42 4
42 10
42 15
42 16
42 17
42 18
42 19
42 20
42 21
42 22
42 24
42 25
42 27
42 28
42 29
42 30
42 31
42 32
42 33
42 34
42 35
42 36
42 37
42 38
42 39
43 4
43 5
43 7
43 10
43 11
43 15
43 16
43 17
43 18
43 19
43 20
43 21
43 22
43 23
43 24
43 25
43 28
43 29
43 34
43 36
43 37
43 42
43 48
44 5
44 8
44 9
44 10
44 11
44 14
44 15
44 16
44 17
44 19
44 20
44 22
44 23
44 24
44 25
44 30
44 31
44 32
44 34
44 37
44 38
44 39
44 41
44 42
44 43
44 46
44 47
45 1
45 5
45 7
45 11
45 17
45 18
45 19
45 20
45 21
45 22
45 23
45 24
45 25
45 37
45 38
45 39
45 40
45 41
45 45
45 47
46 1
46 4
46 6
46 7
46 10
46 11
46 12
46 14
46 17
46 18
46 20
46 21
46 22
46 23
46 24
46 25
46 30
46 31
46 33
46 36
46 37
46 39
46 40
46 41
46 45
46 47
47 6
47 7
47 8
47 9
47 10
47 11
47 12
47 14
47 15
47 16
47 17
47 18
47 23
47 24
47 25
47 30
47 31
47 36
47 37
47 46
48 6
48 7
48 8
48 9
48 10
48 11
48 12
48 13
48 15
48 16
48 17
48 18
48 20
48 33
48 34
48 35
48 36
48 37
48 39
48 46
49 1
49 6
49 7
49 8
49 9
49 10
49 11
49 12
49 13
49 14
49 15
49 16
49 17
49 18
49 21
49 25
49 31
49 33
49 34
49 35
49 36
49 37
