2.500000000000000000e-01 2.500000000000000000e-01 8.050000000000000000e+02
2.500000000000000000e-01 7.500000000000000000e-01 2.100000000000000000e+01
2.500000000000000000e-01 1.000000000000000000e+00 6.000000000000000000e+00
2.500000000000000000e-01 2.250000000000000000e+00 1.000000000000000000e+00
5.000000000000000000e-01 0.000000000000000000e+00 6.300000000000000000e+01
5.000000000000000000e-01 5.000000000000000000e-01 5.000000000000000000e+00
5.000000000000000000e-01 7.500000000000000000e-01 1.000000000000000000e+00
5.000000000000000000e-01 3.500000000000000000e+00 1.000000000000000000e+00
1.000000000000000000e+00 2.500000000000000000e-01 7.000000000000000000e+00
1.000000000000000000e+00 4.637760000000000105e+00 1.000000000000000000e+00
1.250000000000000000e+00 0.000000000000000000e+00 1.000000000000000000e+00
1.250000000000000000e+00 1.388900000000000134e-01 9.000000000000000000e+00
1.250000000000000000e+00 3.125000000000000000e-01 1.000000000000000000e+00
1.250000000000000000e+00 2.812500000000000000e+00 1.000000000000000000e+00
1.250000000000000000e+00 5.036979999999999791e+00 1.000000000000000000e+00
2.000000000000000000e+00 5.000000000000000000e-01 4.000000000000000000e+00
2.000000000000000000e+00 1.125000000000000000e+00 1.000000000000000000e+00
2.250000000000000000e+00 2.500000000000000000e-01 8.000000000000000000e+00
2.250000000000000000e+00 8.750000000000000000e-01 1.000000000000000000e+00
2.250000000000000000e+00 1.066330000000000000e+00 1.000000000000000000e+00
2.250000000000000000e+00 2.316120000000000179e+00 1.000000000000000000e+00
2.250000000000000000e+00 5.059689999999999799e+00 1.000000000000000000e+00
2.500000000000000000e+00 6.250000000000000000e-01 2.000000000000000000e+00
2.500000000000000000e+00 8.163300000000000001e-01 1.000000000000000000e+00
2.500000000000000000e+00 4.444440000000000168e+00 1.000000000000000000e+00
3.250000000000000000e+00 6.633000000000000007e-02 3.000000000000000000e+00
3.250000000000000000e+00 3.611099999999999866e-01 1.000000000000000000e+00
3.250000000000000000e+00 4.358019999999999783e+00 1.000000000000000000e+00
4.000000000000000000e+00 6.250000000000000000e-02 2.000000000000000000e+00
4.000000000000000000e+00 5.156199999999999672e-01 2.000000000000000000e+00
4.000000000000000000e+00 4.876730000000000231e+00 1.000000000000000000e+00
4.250000000000000000e+00 3.161200000000000121e-01 1.000000000000000000e+00
4.500000000000000000e+00 5.000000000000000000e-01 1.000000000000000000e+00
4.500000000000000000e+00 1.137760000000000105e+00 1.000000000000000000e+00
5.000000000000000000e+00 5.555600000000000538e-01 1.000000000000000000e+00
6.250000000000000000e+00 0.000000000000000000e+00 1.000000000000000000e+00
6.250000000000000000e+00 1.275499999999999967e-01 1.000000000000000000e+00
6.250000000000000000e+00 2.500000000000000000e-01 1.000000000000000000e+00
6.250000000000000000e+00 4.648800000000000154e-01 1.000000000000000000e+00
6.250000000000000000e+00 1.147960000000000091e+00 1.000000000000000000e+00
6.500000000000000000e+00 0.000000000000000000e+00 4.000000000000000000e+00
6.500000000000000000e+00 2.339999999999999858e+00 1.000000000000000000e+00
6.500000000000000000e+00 5.224730000000000096e+00 1.000000000000000000e+00
7.250000000000000000e+00 3.580200000000000049e-01 1.000000000000000000e+00
8.000000000000000000e+00 1.250000000000000000e-01 1.000000000000000000e+00
8.000000000000000000e+00 7.162720000000000198e+00 1.000000000000000000e+00
8.500000000000000000e+00 1.359999999999999964e+01 1.000000000000000000e+00
9.000000000000000000e+00 1.890619999999999967e+00 1.000000000000000000e+00
9.000000000000000000e+00 4.122840000000000060e+00 1.000000000000000000e+00
9.000000000000000000e+00 1.060744000000000042e+01 1.000000000000000000e+00
9.250000000000000000e+00 5.473000000000000087e-02 1.000000000000000000e+00
9.250000000000000000e+00 1.887800000000000034e-01 1.000000000000000000e+00
1.000000000000000000e+01 5.055399999999999894e-01 1.000000000000000000e+00
1.000000000000000000e+01 6.250000000000000000e-01 1.000000000000000000e+00
1.025000000000000000e+01 1.265400000000000136e-01 2.000000000000000000e+00
1.025000000000000000e+01 2.091800000000000048e-01 2.000000000000000000e+00
1.125000000000000000e+01 1.250000000000000000e+00 1.000000000000000000e+00
1.225000000000000000e+01 2.500000000000000000e-01 1.000000000000000000e+00
1.250000000000000000e+01 6.172800000000000509e-01 1.000000000000000000e+00
1.525000000000000000e+01 9.022999999999999909e-01 1.000000000000000000e+00
1.625000000000000000e+01 2.967500000000000138e-01 1.000000000000000000e+00
1.625000000000000000e+01 2.627549999999999830e+00 1.000000000000000000e+00
1.850000000000000000e+01 8.798999999999999877e-02 1.000000000000000000e+00
2.000000000000000000e+01 3.125000000000000000e-01 1.000000000000000000e+00
