2.500000000000000000e-01 2.500000000000000000e-01 8.600000000000000000e+02
2.500000000000000000e-01 7.500000000000000000e-01 1.000000000000000000e+01
2.500000000000000000e-01 1.000000000000000000e+00 6.000000000000000000e+00
2.500000000000000000e-01 1.138889999999999958e+00 2.000000000000000000e+00
2.500000000000000000e-01 1.312500000000000000e+00 1.000000000000000000e+00
2.500000000000000000e-01 2.250000000000000000e+00 3.000000000000000000e+00
2.500000000000000000e-01 2.527779999999999916e+00 1.000000000000000000e+00
5.000000000000000000e-01 0.000000000000000000e+00 8.100000000000000000e+01
5.000000000000000000e-01 5.000000000000000000e-01 8.000000000000000000e+00
5.000000000000000000e-01 2.277779999999999916e+00 1.000000000000000000e+00
1.000000000000000000e+00 2.500000000000000000e-01 1.000000000000000000e+01
1.000000000000000000e+00 3.888900000000000134e-01 1.000000000000000000e+00
1.000000000000000000e+00 5.625000000000000000e-01 3.000000000000000000e+00
1.000000000000000000e+00 1.500000000000000000e+00 1.000000000000000000e+00
1.000000000000000000e+00 2.125000000000000000e+00 1.000000000000000000e+00
1.250000000000000000e+00 0.000000000000000000e+00 3.000000000000000000e+00
1.250000000000000000e+00 1.388900000000000134e-01 7.000000000000000000e+00
1.250000000000000000e+00 3.125000000000000000e-01 2.000000000000000000e+00
1.250000000000000000e+00 1.250000000000000000e+00 4.000000000000000000e+00
2.000000000000000000e+00 5.000000000000000000e-01 1.000000000000000000e+00
2.000000000000000000e+00 7.777800000000000269e-01 1.000000000000000000e+00
2.000000000000000000e+00 4.714879999999999960e+00 1.000000000000000000e+00
2.250000000000000000e+00 2.500000000000000000e-01 1.400000000000000000e+01
2.250000000000000000e+00 5.277800000000000269e-01 2.000000000000000000e+00
2.250000000000000000e+00 8.750000000000000000e-01 1.000000000000000000e+00
2.250000000000000000e+00 1.129999999999999893e+00 1.000000000000000000e+00
2.250000000000000000e+00 1.361110000000000042e+00 1.000000000000000000e+00
2.250000000000000000e+00 2.169999999999999929e+00 1.000000000000000000e+00
2.500000000000000000e+00 0.000000000000000000e+00 1.100000000000000000e+01
2.500000000000000000e+00 6.250000000000000000e-01 2.000000000000000000e+00
2.500000000000000000e+00 8.163300000000000001e-01 1.000000000000000000e+00
2.500000000000000000e+00 6.938780000000000392e+00 1.000000000000000000e+00
3.250000000000000000e+00 6.633000000000000007e-02 5.000000000000000000e+00
3.250000000000000000e+00 3.611099999999999866e-01 1.000000000000000000e+00
4.000000000000000000e+00 6.250000000000000000e-02 2.000000000000000000e+00
4.000000000000000000e+00 4.199999999999999845e-01 1.000000000000000000e+00
4.000000000000000000e+00 5.282009999999999650e+00 1.000000000000000000e+00
4.000000000000000000e+00 9.939999999999999503e+00 1.000000000000000000e+00
4.000000000000000000e+00 1.258163000000000054e+01 1.000000000000000000e+00
4.250000000000000000e+00 2.656200000000000228e-01 1.000000000000000000e+00
4.250000000000000000e+00 3.161200000000000121e-01 1.000000000000000000e+00
4.250000000000000000e+00 1.387760000000000105e+00 1.000000000000000000e+00
4.250000000000000000e+00 8.250000000000000000e+00 1.000000000000000000e+00
4.250000000000000000e+00 9.141799999999999926e+00 1.000000000000000000e+00
4.500000000000000000e+00 3.555559999999999832e+00 1.000000000000000000e+00
5.000000000000000000e+00 3.125000000000000000e-01 1.000000000000000000e+00
5.000000000000000000e+00 2.222220000000000084e+00 1.000000000000000000e+00
6.250000000000000000e+00 3.697999999999999898e-02 1.000000000000000000e+00
6.250000000000000000e+00 1.275499999999999967e-01 2.000000000000000000e+00
6.250000000000000000e+00 2.500000000000000000e-01 2.000000000000000000e+00
6.250000000000000000e+00 3.906200000000000228e-01 1.000000000000000000e+00
6.250000000000000000e+00 6.944399999999999462e-01 1.000000000000000000e+00
6.250000000000000000e+00 9.722199999999999731e-01 1.000000000000000000e+00
6.250000000000000000e+00 1.059690000000000021e+00 1.000000000000000000e+00
6.250000000000000000e+00 2.331630000000000091e+00 1.000000000000000000e+00
6.250000000000000000e+00 2.331381999999999977e+01 1.000000000000000000e+00
6.500000000000000000e+00 2.148799999999999877e-01 1.000000000000000000e+00
6.500000000000000000e+00 1.040000000000000036e+00 1.000000000000000000e+00
6.500000000000000000e+00 3.359999999999999876e+00 1.000000000000000000e+00
7.250000000000000000e+00 1.132800000000000057e-01 1.000000000000000000e+00
7.250000000000000000e+00 2.899999999999999800e-01 2.000000000000000000e+00
7.250000000000000000e+00 1.159999999999999920e+00 1.000000000000000000e+00
8.000000000000000000e+00 5.555999999999999828e-02 1.000000000000000000e+00
8.000000000000000000e+00 5.000000000000000000e-01 1.000000000000000000e+00
9.000000000000000000e+00 1.948979999999999935e+00 1.000000000000000000e+00
9.250000000000000000e+00 3.200999999999999679e-02 1.000000000000000000e+00
9.250000000000000000e+00 2.569400000000000017e-01 1.000000000000000000e+00
1.000000000000000000e+01 2.777800000000000269e-01 1.000000000000000000e+00
1.125000000000000000e+01 3.857999999999999763e-01 1.000000000000000000e+00
1.225000000000000000e+01 1.141799999999999926e+00 1.000000000000000000e+00
1.225000000000000000e+01 1.344689999999999941e+00 1.000000000000000000e+00
1.250000000000000000e+01 0.000000000000000000e+00 1.000000000000000000e+00
1.325000000000000000e+01 1.418000000000000094e-01 1.000000000000000000e+00
1.525000000000000000e+01 1.134300000000000086e+00 1.000000000000000000e+00
