1.3841 0.4073 1.0033 0.0720 0.8901 0.5494 5.5309 0.2783 1.2413 2.4909 2.5000 2.8804 3.0973 3.2358 4.6708 3.3813 5.8371 0.7922 2.3321 0.9154
2.2166 3.1351 1.9797 2.7197 2.1026 3.1483 2.9780 2.3498 1.5556 6.1807 5.1988 5.4349 4.0274 4.7773 5.2001 0.0631 5.6616 3.8892 3.1947 2.7373
1.7414 0.7254 1.7982 0.6389 2.1832 2.1100 2.8726 2.9745 1.9090 3.1270 3.7313 2.8517 3.4089 2.2147 4.1372 3.5316 5.2346 0.2685 0.3956 0.8390
3.8449 4.0614 3.1846 2.8490 3.7245 4.8365 3.3020 0.3327 1.0330 6.1094 4.5948 5.1595 4.3231 5.1240 4.4582 5.6883 5.5209 4.0528 4.9547 3.9429
4.7871 4.9475 4.0798 4.6874 3.7702 3.6243 3.0771 3.1650 2.5656 3.3146 3.4761 3.3540 4.0740 2.9661 3.6796 1.8356 5.9187 0.2557 5.5248 5.6863
5.6258 1.2303 3.1271 2.6481 2.8195 1.7949 1.9751 0.1464 1.1851 0.3277 3.9495 4.8207 4.3710 5.9901 5.0294 4.8576 5.7224 4.7025 5.6767 0.5056
5.1302 3.9946 4.2172 4.0774 3.9782 3.7821 3.6640 2.8428 1.9233 3.1878 3.5534 2.9542 4.0973 3.4372 4.3075 1.0326 0.2542 0.8154 5.0268 4.2504
5.8104 5.8401 5.5777 6.1368 6.1957 5.8355 5.3068 5.2466 0.1686 6.1375 5.0372 5.8467 5.2238 6.1663 5.9750 5.1303 5.7423 4.4575 5.5771 5.6927
0.2582 1.2265 6.0902 0.5746 5.9643 1.1581 6.1736 1.7683 1.2304 2.6822 4.3619 3.6342 3.5742 3.1099 6.1215 1.7139 5.8435 0.8126 0.4233 1.0722
5.7042 5.2257 5.4662 5.2897 6.0239 5.2683 5.8959 5.2108 6.1557 5.4389 5.5697 5.8705 0.9468 0.0409 5.7589 5.6442 4.9615 4.9468 4.7644 5.1182
0.0018 1.4539 6.0550 1.8947 0.5402 0.8064 0.0847 0.8182 0.3722 0.9774 1.1830 2.2193 1.8724 3.7584 4.8568 3.9573 4.8300 2.6419 3.6789 1.3518
5.2983 5.0245 5.3915 5.0499 5.9233 4.4445 5.7127 5.0483 0.1525 5.9143 0.8333 0.1533 1.2153 0.5359 5.7142 5.9799 5.0225 5.5089 4.0664 5.0760
6.2124 0.9541 6.2822 1.2368 0.0028 0.8121 0.1078 1.2572 0.7013 1.6838 1.1582 2.8912 1.5414 3.0181 4.6011 3.7756 4.3814 2.9579 3.4163 2.2165
5.4845 4.5844 5.3760 4.2147 5.2344 4.4265 5.8818 4.9273 5.6485 5.4658 0.1147 6.1466 0.6710 5.8367 4.8884 5.2946 4.8255 5.5298 5.1604 5.2721
5.5682 0.6325 6.1911 0.7533 6.0906 0.8114 0.4138 1.2289 6.0760 1.2808 1.3781 2.8306 1.7864 3.0429 4.3691 3.5765 4.2278 3.7134 5.2522 5.5896
4.8161 4.4322 5.0128 4.5520 5.6269 4.9000 5.5667 4.6610 5.7839 4.9386 0.1960 5.9504 0.6237 6.0167 4.5057 5.6178 4.7600 6.0712 5.1040 4.1173
5.6504 0.2614 5.9512 0.7616 0.0934 0.9503 5.9216 0.6602 0.4111 2.0431 0.6589 2.2146 1.4929 2.9224 3.6756 3.0664 4.1266 3.8402 5.1268 6.0923
4.8515 4.3508 4.6323 4.4429 5.7425 4.5170 5.0209 4.6784 6.2506 5.3537 6.2726 6.2604 0.5645 5.7075 4.7475 5.8242 5.6105 5.9675 4.9488 4.5558
0.5160 0.5771 6.2715 0.2160 0.3032 0.1957 5.8599 0.5521 0.4294 1.1393 1.1608 1.6848 1.7756 2.5208 4.0157 3.8497 5.2926 4.8038 4.8434 1.0086
2.1542 2.7776 2.3273 2.7435 1.4039 3.7054 4.9329 4.2413 0.4387 5.8924 0.9103 0.0712 1.3965 0.0276 5.2065 5.7362 5.5626 4.2341 3.9070 3.6507
