1.3175 1.7813 0.5641 0.1710 0.2374 0.1168 1.3867 1.3523 1.9353 1.6356 2.1798 0.4083 1.5361 1.2969 2.1508 1.4682 1.8108 1.5431 2.3440 2.0820
0.2007 6.0639 1.0101 2.4887 0.9360 2.9325 1.0610 6.1315 2.5732 3.5523 2.5991 3.1497 2.5538 3.8237 2.8214 3.7149 2.5791 3.9449 3.6411 5.5967
0.7633 2.0406 0.7215 0.0162 1.1229 0.9128 1.3642 2.0467 2.0112 0.9063 1.8839 0.9218 1.1928 0.9785 2.2243 1.4526 1.3747 1.2195 2.5567 2.1273
0.5584 5.9542 0.6592 2.8613 2.2566 2.8405 2.1828 3.2514 2.7103 3.0425 2.2439 3.4538 2.0556 3.2767 2.6533 3.0055 2.7510 3.3254 2.4441 0.6273
0.7222 1.4598 0.5950 0.0354 1.6837 0.7818 1.7210 1.0386 1.9167 1.1120 1.7956 0.8138 1.3811 0.8084 1.7094 1.2592 1.8544 2.0361 2.3630 2.9752
0.7297 0.1102 0.6476 2.0797 2.1567 2.8345 2.6382 4.4331 2.0560 3.1588 2.2040 2.8473 1.7082 2.9024 1.1023 0.4851 1.3043 0.5441 1.1364 0.1878
1.2791 3.5620 4.7417 4.6313 3.7890 5.3999 1.5048 1.4238 1.2523 0.3588 1.2182 0.0836 0.8544 0.4710 1.2104 2.5547 2.0477 2.8967 1.7194 2.3268
0.8642 0.2814 5.3086 1.0146 3.2389 1.9074 2.2029 2.2206 1.9660 2.3840 1.7158 2.2753 1.0260 1.2412 0.8480 6.1832 1.1852 0.8131 1.0693 0.0553
3.8172 3.4581 4.3084 4.5819 4.4194 4.9301 5.3617 5.6693 0.3231 0.0625 0.9664 6.2212 0.0762 6.1347 0.8807 2.4750 1.5351 3.3135 1.8161 3.1292
4.1077 4.6163 3.8185 3.1413 3.5780 3.1360 3.9632 2.2171 1.2225 2.0060 1.2498 2.3822 0.6622 1.1901 0.3864 0.0795 0.1705 0.2175 1.0180 6.0702
2.9161 2.3626 2.5527 0.0133 5.0404 5.5888 4.9016 5.5971 0.1677 5.8594 0.5691 6.0612 6.2697 5.4326 5.2924 3.8290 4.2990 3.6303 3.8993 2.3776
3.4961 3.7996 2.9580 3.2917 3.5437 3.4195 3.5530 2.3459 2.6382 2.5923 0.8524 3.4445 3.4398 3.0579 5.4538 6.1768 5.1161 5.5395 4.3144 4.6888
2.6857 1.2092 1.4198 0.8279 1.4508 1.9411 3.2620 4.7579 4.7801 5.5858 6.2699 0.5133 5.7029 6.2144 5.0894 3.4826 4.2695 3.4138 3.2980 2.2323
4.2655 3.7406 2.8211 3.2612 2.3022 3.3937 3.5801 2.8477 3.4057 2.4924 1.9681 3.1870 4.9869 4.0995 4.9492 5.8599 5.2420 4.6396 4.7852 4.9537
5.7823 0.6482 1.0829 0.9480 1.9185 6.0557 5.0363 5.6930 5.2079 5.5427 6.2342 5.9225 0.0771 6.1793 6.0977 4.1101 5.1842 6.2657 5.2283 0.5967
5.3727 4.0937 2.0795 2.6960 2.0924 3.0850 3.6528 3.1715 2.1454 1.9837 1.4210 1.4997 0.8915 1.2497 6.0888 0.1167 4.9611 4.2198 4.6760 3.8639
5.7276 0.7203 1.1920 0.0901 0.6004 6.2664 6.1362 0.2679 1.2872 5.9690 0.2911 6.2614 0.2444 5.2341 5.7759 5.2869 5.1415 0.2486 5.9733 0.6054
4.9175 3.8818 1.3674 2.1039 1.1289 2.7587 2.1146 3.1687 2.3400 2.7741 1.4825 1.4586 1.5579 2.6649 1.4863 2.9932 3.6120 4.3347 4.9409 4.1109
0.7073 1.4776 1.3043 0.3668 0.3151 0.3347 1.0302 0.4515 1.8493 1.0536 2.0459 3.3401 1.4073 0.3346 1.1316 1.1753 2.3038 1.6333 1.6674 1.1760
0.0142 5.8679 0.3020 5.0447 5.5280 3.7004 2.4799 3.2484 2.8688 3.2455 2.0230 1.7084 1.6947 2.7069 2.0946 2.8238 2.5983 3.4105 2.5531 5.3219
