0.8395 0.1728 5.9960 5.6311 1.6785 2.9615 2.2476 2.4931 2.1066 0.1228 1.0653 1.7435 0.7409 1.6922 0.6631 1.6673 0.8920 1.5086 1.0943 1.9629
5.6321 4.6416 4.8627 2.2492 1.1241 1.6597 1.7484 2.2592 2.2128 2.6650 0.1592 5.4955 6.0890 5.5665 0.0442 5.5480 0.2610 5.3687 5.9626 5.0157
0.8080 1.8629 6.0070 0.1671 0.2033 6.1071 0.8930 0.2210 1.3038 0.2577 0.0358 1.5628 1.1673 1.9347 0.5323 1.5166 0.3507 0.8469 0.2255 1.7280
0.0507 5.4505 6.1091 0.2258 0.8294 1.9696 1.5467 2.3532 1.8361 2.1692 0.2639 4.9843 6.0602 5.4695 0.2467 5.7130 5.8108 5.0014 0.0880 5.2150
0.5771 6.0696 5.7884 5.8103 0.4977 5.6658 0.3088 5.7006 1.1221 0.2849 1.1571 1.1836 1.2623 0.7563 0.9987 1.6380 0.7887 1.0438 0.5771 1.6801
1.1466 2.1504 0.6610 1.6026 0.5466 1.3938 0.9459 2.0321 1.8496 2.4691 2.2172 3.0833 2.1382 3.8438 2.9020 4.1136 0.0587 5.3835 0.3479 6.1573
1.6636 5.5150 0.0897 5.8842 0.1532 5.8882 0.7408 0.2745 0.3491 0.5164 0.2641 0.2022 2.3300 1.9170 2.4743 1.3421 1.2946 1.2851 1.8537 1.7428
2.3745 2.1190 1.6017 2.3175 0.9267 1.8306 0.4094 5.3189 0.0264 4.4097 5.0907 4.0204 4.1491 4.3169 4.2057 3.8853 2.5757 3.3558 2.6333 3.3742
1.2481 0.1320 0.2893 5.9625 0.6188 0.3306 0.2884 1.4224 0.3998 0.2605 5.9760 6.1149 4.6933 0.3082 5.5136 0.6520 1.7726 1.0832 1.6433 0.5821
3.8509 3.6952 4.4596 3.3547 5.7490 4.9488 5.7418 5.5069 5.8566 4.9434 5.1457 3.6352 4.1576 3.9316 4.7993 2.8024 2.8715 2.6732 2.8483 2.8745
4.4012 5.4187 5.1046 5.6772 5.8961 1.0082 0.6578 1.5024 1.7343 2.1559 5.2211 0.0714 5.3781 6.1216 5.2083 5.9039 3.9714 4.6411 3.4161 4.9994
3.3478 2.5622 2.7067 1.1993 0.0679 4.8512 0.3257 4.4561 3.4867 4.7412 4.5901 4.7124 4.6888 4.6219 4.3066 4.1133 2.8246 2.2473 2.8940 2.3934
3.7102 4.1611 3.4822 4.1238 0.5146 1.4698 1.3087 2.0993 3.0059 2.6452 3.2554 2.2142 3.3261 2.7344 2.8889 2.3210 2.7902 3.8098 2.9547 4.4496
2.0918 1.1500 1.3123 0.8279 0.7677 5.9670 1.7366 4.2297 3.6310 4.2951 3.5629 4.8541 4.1402 4.5286 3.2134 5.8051 2.3593 0.8120 2.1285 1.3921
2.6219 2.9493 2.1416 3.1779 2.9341 2.8044 2.5234 1.5898 2.8714 2.2371 3.1813 2.1486 3.8732 3.1169 3.7134 2.3287 2.5328 3.5445 2.4864 4.0857
1.5494 0.8946 1.8591 0.2436 5.2701 5.3631 3.6383 4.2130 3.2483 4.7474 3.5147 4.4608 3.9959 4.6413 3.9122 4.2907 2.4576 1.1654 1.6320 0.9103
1.7642 3.8000 4.3793 3.7170 4.0768 3.3291 3.1740 2.7237 2.4470 1.5757 2.1727 1.8920 3.0762 1.7649 3.1125 2.5426 2.0167 2.8600 1.8053 2.1181
0.8953 0.9877 5.7656 6.2190 4.3324 0.6043 2.3017 1.1924 2.2593 3.3762 2.8786 4.1712 3.6307 3.9809 2.6334 0.2884 1.0438 0.7588 1.2882 5.8682
1.5908 4.7401 4.9184 3.8977 3.1786 3.6022 3.0352 3.3233 2.2058 0.8103 1.4265 1.9968 1.4129 1.5652 1.8742 2.9667 1.4346 2.0055 1.3508 2.0794
0.6030 0.9927 0.1479 1.8671 1.5764 1.3648 1.8796 1.1074 1.4045 1.9923 0.9620 6.1821 0.0771 5.8464 0.5498 6.2159 0.8230 0.1599 0.7308 6.1229
