6.1099 0.4138 0.0764 0.8239 0.3782 1.1070 0.5436 1.2992 0.9262 1.9244 1.8632 2.2374 1.6053 2.8223 2.2994 1.4726 1.4220 0.2184 0.8363 0.4545
5.0113 3.8650 5.0215 4.3556 5.9707 5.0394 0.1768 5.9039 0.8931 5.9436 0.6459 6.2723 0.6775 0.1763 0.8236 5.6465 0.8189 1.2648 1.8011 3.4444
5.5373 6.2464 5.6281 0.8297 0.8841 1.7782 0.9102 1.8317 1.4887 2.0348 1.4571 2.2027 1.2270 1.8575 1.2194 1.4902 0.5030 0.7102 0.5775 0.5966
5.4657 4.6300 5.6190 5.1229 0.4776 0.1393 0.3803 6.2329 0.7384 6.0911 0.3177 5.6050 0.2071 5.5718 5.8818 5.5124 6.2371 5.4025 5.8758 5.1601
6.1849 1.2218 0.5707 0.6789 1.1695 1.9656 1.1697 1.7673 2.0600 1.5830 0.8856 1.2721 0.4555 0.9442 0.3888 1.6507 0.6908 0.9551 0.1299 0.6400
4.3267 3.3750 2.5932 3.0374 1.7083 5.2056 5.4177 5.3328 5.4614 5.5451 5.7256 4.7528 6.2613 5.1138 5.5714 4.7761 0.6328 5.2728 5.2242 4.4606
5.7136 0.0588 1.9328 1.7197 2.4953 2.6466 3.6107 2.9005 4.5101 3.7023 5.9942 0.9353 0.5913 0.8642 0.1877 0.9935 0.8345 1.3539 0.5191 0.4180
3.4185 3.3188 2.7195 4.2466 3.5759 4.7276 5.0149 5.3633 5.0630 0.1309 5.7669 4.9287 5.5336 4.6635 5.8242 4.3403 4.1835 4.4150 3.6402 3.5707
2.1082 2.0038 2.2042 1.4315 2.6225 2.5426 4.1949 3.2968 4.1068 3.1424 5.7576 1.0710 0.4280 1.1823 0.4461 1.3177 2.5207 1.8224 2.3520 1.6662
3.3512 4.3920 4.0305 4.2317 3.4274 4.8497 4.3044 5.7589 5.4113 0.2607 5.3191 5.0797 4.3029 4.4791 4.1680 4.4081 3.3893 4.6807 3.1488 4.2202
2.4019 2.3847 2.9414 1.8953 2.6476 2.1886 3.0791 3.4661 4.0232 3.9587 4.5353 3.0740 3.9462 2.3665 2.9266 2.1036 2.9207 1.8172 2.2094 1.6605
3.4006 3.9964 3.2080 4.1243 3.7104 4.1122 3.3088 1.5903 2.8637 2.2568 4.2171 5.3259 4.1786 4.8699 3.7916 4.2601 3.1992 4.5846 2.9494 4.2098
2.8374 2.0250 2.7227 1.5712 2.1101 1.1056 3.5118 4.1664 3.9276 4.2969 3.7533 3.4799 2.9637 2.4014 2.7261 2.5433 2.9039 2.3920 2.3130 2.0968
2.6422 3.7513 3.1329 4.0395 2.3044 3.2720 2.8329 2.4222 2.8053 1.9884 2.6937 2.1516 2.6006 1.5575 2.5242 2.8671 2.3811 3.6176 2.7191 3.5151
1.5367 1.4345 3.0134 1.0613 1.5705 0.3197 3.7849 4.2265 4.1505 4.4373 3.2728 3.7391 3.2545 3.3344 1.9500 0.4197 0.2718 1.0084 1.2839 1.2622
4.4482 3.5589 3.8702 3.8260 2.5678 3.6189 3.7199 3.6535 4.1353 1.3244 2.0826 1.3612 2.4848 1.7155 1.9536 2.5543 5.5396 4.8976 0.1256 4.0601
5.9630 0.4603 6.0126 0.5240 1.1744 1.7790 1.8797 1.7550 4.3684 3.1625 2.8732 3.2360 2.4684 3.7627 3.4475 5.0078 5.5986 0.0149 0.0424 0.4847
5.3121 4.6128 5.3993 4.6635 6.1382 0.0786 5.5458 5.4093 5.6009 5.5981 1.4294 0.5512 1.8754 1.7826 2.4354 2.7148 2.2996 3.3997 5.4611 5.0523
6.0149 0.0944 6.1771 1.3505 0.6757 1.3979 0.9891 1.4220 0.0681 2.2528 1.9463 2.7138 2.0971 3.2055 2.2281 1.6392 1.3638 0.2966 0.3650 0.5691
5.6023 4.5854 5.1565 4.9493 5.9669 4.9545 0.3382 5.4698 0.1461 5.7544 6.2179 6.1377 0.9469 0.7872 2.0779 2.4227 2.3040 2.9503 2.8363 4.3643
