1.7743 1.1001 2.2776 1.7024 2.9831 2.2984 3.0803 1.3063 2.1474 1.1109 1.4232 0.6954 1.4255 0.3093 0.9575 0.1204 0.4914 0.0726 1.8637 1.1689
2.9819 3.8008 3.3485 4.0433 3.6551 4.4722 3.2809 4.3537 3.2173 3.4700 2.6524 2.3903 2.0963 2.6874 1.7206 2.3289 1.2455 2.0616 2.2528 3.4808
2.2439 1.4103 2.1920 1.8107 3.1224 1.6901 2.7504 1.9207 2.4192 1.7210 2.6067 1.5009 1.6493 0.6897 1.6352 5.8734 0.4103 6.0743 1.5096 1.5790
3.4566 4.6674 3.4638 4.5410 3.8066 3.9390 3.5882 4.3211 3.9587 4.5322 3.5124 3.8985 3.4164 3.3176 2.0622 2.3466 1.1933 1.8834 1.6961 4.9008
2.5395 2.2564 2.5337 2.8741 3.0881 2.0906 2.8238 2.1746 3.6660 2.8305 3.7367 3.0081 3.5300 5.5151 6.0469 6.1134 1.3096 2.1108 1.8873 2.5508
1.8134 0.7167 1.6557 1.0414 3.3624 4.4552 3.1775 4.3490 4.5493 5.3455 4.5397 5.0459 4.2996 4.2642 5.1147 0.2012 1.2069 0.2501 1.3306 0.5809
2.1072 3.1525 2.7928 3.5768 3.0093 1.9306 3.1180 2.1878 3.0916 2.2921 3.4417 2.3769 3.0178 2.3939 3.9062 2.9020 1.9590 2.5596 1.4355 2.9160
1.1390 0.5417 1.5867 1.0476 2.6428 3.3614 3.8282 4.4497 3.6179 4.8879 4.0811 5.0655 4.0707 5.8081 4.5758 6.2741 0.9986 0.4544 1.4641 0.6193
2.0114 3.1097 2.7481 3.4276 3.1462 4.3451 3.2587 3.0248 3.4116 2.9973 3.3164 2.5187 3.6349 2.9521 3.5194 3.0638 2.7089 2.6739 1.7004 2.5154
1.9631 0.6856 1.9208 0.8596 1.5868 1.9151 2.6822 2.6533 3.4416 3.5161 3.9326 5.0647 4.8874 5.9498 5.2875 0.3562 1.2247 0.5802 0.7837 0.4992
2.7686 3.5463 3.1153 3.3491 1.7201 6.0986 4.9236 5.4844 4.8781 0.0061 4.0137 2.9502 4.1847 3.8207 4.2327 3.4770 2.3408 3.2528 2.8116 2.8641
2.1256 0.9214 0.2102 6.2106 0.2255 4.1763 4.6589 3.6463 4.2265 3.3348 4.7096 5.3093 5.2524 6.1357 5.9557 0.7890 1.4365 1.0585 1.8033 1.3444
3.0790 4.1224 4.8810 4.1046 6.2300 0.5443 4.6291 5.6428 4.7922 5.8135 4.8357 2.2502 3.0557 3.6515 3.3433 3.6032 2.3083 4.1018 3.2276 4.2869
2.1831 1.3571 5.2904 5.9635 5.3517 3.8465 4.3888 3.3776 4.0320 2.9406 3.7982 3.6878 2.8676 1.7435 2.3346 1.5021 1.7678 1.4419 2.4440 1.5292
3.3472 4.3187 4.3954 5.0487 5.5816 5.9449 5.3026 5.6232 4.1610 5.6806 4.8737 1.6802 1.3750 6.0309 0.8804 5.2120 1.8478 4.1124 3.5375 4.6163
2.7729 2.5338 3.3732 2.8075 4.1240 3.2102 4.4048 2.8778 3.8381 3.4807 4.5616 4.0366 2.0685 1.9757 1.8464 1.4767 2.0599 2.0608 2.6520 1.8566
3.9331 5.0215 4.6168 5.7221 4.8311 5.8997 5.0628 5.4029 3.8657 5.2403 5.2562 0.2931 2.1272 3.6961 2.3525 3.4647 2.2136 3.9545 2.9783 4.9927
2.9968 3.3454 3.6056 3.9645 3.8130 3.6500 3.7391 3.1586 3.5936 3.4199 3.7223 3.1577 1.7669 1.3824 1.4990 1.2991 1.5869 1.6035 2.3236 2.4938
1.8841 1.6700 2.6819 1.7533 2.1054 1.2956 3.2326 1.0965 2.1829 0.1459 0.8950 0.3332 0.8088 0.5387 1.0150 0.2996 1.0948 5.9741 0.7750 0.5072
3.0099 4.2219 3.7548 4.1434 3.3584 4.3281 3.5645 3.9522 3.0601 2.9573 1.9601 2.3296 1.9574 2.5290 2.3839 2.3032 1.5873 2.9341 2.1005 3.3493
