3.5769 4.5103 3.5695 4.4590 3.7946 4.7940 0.1009 5.2911 0.0516 5.6918 0.0110 5.3824 4.8996 5.5034 4.1931 5.6200 4.6890 5.3894 4.5074 4.7224
2.7290 2.2151 2.8265 1.1067 2.4454 1.2149 0.1385 1.5681 1.1124 1.0502 0.5786 1.5789 4.6740 3.4871 4.1177 3.7094 4.3428 3.2681 3.5490 2.0367
3.4572 4.5581 3.3223 3.4367 3.1612 4.6737 6.2229 5.4690 6.2095 5.1373 5.3580 5.2218 5.2885 6.2542 5.1405 6.1030 5.7785 6.2723 4.1506 4.3781
3.2660 1.4622 1.7219 0.9749 2.5528 2.1774 1.5359 2.1639 0.6488 0.8271 5.7875 5.8010 5.0494 4.0380 4.6497 3.2475 3.7218 3.4074 3.6018 2.3779
3.9729 3.5179 3.1792 3.3233 2.6029 0.5552 0.8706 6.0853 5.7018 0.2223 6.1813 1.3689 6.1312 0.2027 5.4608 5.7961 4.4469 5.0531 4.5337 5.6366
4.1693 5.5006 4.6734 5.3223 3.8111 3.1323 3.2553 3.0220 4.3724 4.3012 5.5699 4.9361 5.0695 4.5395 4.7853 3.6845 3.4883 3.1975 3.6321 3.4266
4.9941 3.5887 4.3118 3.7372 4.1589 5.0173 4.9364 5.2771 5.3291 0.1450 6.0049 0.8162 6.1461 0.5844 0.0257 6.1729 0.7037 0.4985 4.8190 5.7997
5.5397 0.4841 5.2670 6.1136 4.3185 2.8091 3.3726 1.5242 5.6796 0.6182 5.4343 4.2216 4.9553 4.2675 6.0276 2.4076 1.4793 2.7470 4.4798 3.7493
5.6126 4.4806 4.8229 4.1886 3.8568 3.9622 3.9323 4.2110 4.8878 4.5372 5.1123 4.7006 5.3558 5.5743 6.0502 5.6256 0.3168 5.8840 5.0014 5.4669
0.3648 0.2435 5.9836 0.9952 5.9140 0.4021 6.0106 0.3044 5.9311 0.4104 5.9400 0.3445 0.0925 1.2401 2.0138 2.0493 2.1421 1.9105 0.9735 2.0570
5.9258 4.4208 5.3410 5.0087 5.3019 4.9781 5.7584 4.4320 5.1012 4.2556 4.5669 4.4274 5.3487 4.4458 2.3686 3.7444 3.1736 4.5990 5.9634 5.5236
6.2239 1.0149 0.2274 0.9842 5.9405 6.0999 0.3705 0.6541 5.4423 5.7064 5.0833 0.6304 6.2267 0.9218 1.7578 1.3052 2.3608 1.6073 0.3587 1.0119
6.2133 4.8799 5.9747 4.8534 3.9201 3.5885 2.6750 3.8161 4.8352 3.5293 3.6031 4.2952 4.3065 4.9627 4.3973 4.9242 4.0220 4.7252 5.8487 5.1311
1.1989 1.3447 1.3027 1.5313 2.6753 1.7202 2.0383 1.7513 1.7056 1.5791 2.7055 1.6130 3.4279 2.7700 3.5603 2.5004 2.8897 2.0479 1.8742 1.4714
2.7144 3.9770 2.7224 3.8767 3.4394 4.5558 0.8072 6.1211 0.5960 4.7666 3.6787 4.3552 3.5160 4.6101 4.1314 5.0946 4.4627 5.5977 4.9413 3.9147
2.2869 1.3372 2.2909 1.1989 2.7408 1.1946 0.9467 2.0718 1.3843 1.6689 3.1293 2.5423 2.9174 2.4168 3.4543 3.4917 3.5892 4.0763 4.0129 2.2084
3.4567 4.3249 3.4190 3.6346 3.2676 4.2047 0.3133 5.7165 0.1446 5.5494 4.2848 4.7972 4.0373 4.3343 3.6985 2.4011 2.8840 1.8878 3.9770 4.3241
2.9366 1.9480 2.4028 1.5935 2.1186 1.8953 1.1339 1.8895 0.7767 1.8191 2.4207 2.8068 4.1594 3.5765 3.9737 4.1475 3.9641 4.6055 4.0707 2.3616
3.6628 4.6218 3.4440 4.2244 3.6346 4.3928 0.1060 5.4833 0.2099 5.5686 6.2681 5.3310 4.7178 5.7384 4.3640 5.3298 3.9207 2.5424 3.7121 3.7917
3.2441 1.9116 2.6279 2.0379 2.7335 1.2719 1.0483 1.2206 0.9239 1.7109 0.5158 2.3709 3.1630 2.8105 3.7153 3.0720 3.5310 3.7459 3.6787 2.6599
