4.1995 5.1920 4.6575 5.5097 4.6736 3.4397 4.6179 4.2463 4.7313 3.6663 4.2518 4.1120 4.6332 5.3168 3.7003 5.4244 4.4016 4.5645 4.2539 5.1722
3.7150 2.6575 3.9970 3.2391 4.8424 5.5358 5.2920 6.1321 5.5440 0.2541 5.3206 6.1905 4.8134 2.6397 3.3963 2.6837 3.8196 2.7914 3.2125 2.8554
4.4085 5.0650 4.8241 5.7649 4.3161 3.0260 3.7270 3.7543 4.6927 4.8872 4.6541 4.6045 4.4380 5.1938 3.6221 4.5766 4.4739 4.8567 4.1514 5.0174
4.0555 3.2964 3.8219 3.7413 4.8856 5.4251 4.4109 5.0879 4.6452 2.8082 3.6953 2.3907 3.2906 2.9026 3.2377 2.3442 3.0689 2.5454 3.2683 2.6330
4.4057 6.0176 5.2126 0.1100 5.1896 3.0568 3.9476 3.3519 4.3273 4.8432 4.5082 5.0831 4.1589 5.4815 4.4840 4.5019 3.4877 5.0640 4.1121 5.0376
3.3225 3.4113 4.6690 3.6978 5.2044 4.9795 5.0284 5.7458 4.2799 2.8708 3.8182 3.4235 3.9381 2.7809 3.9274 1.9539 3.0414 2.3329 3.3816 2.4607
3.5991 5.1359 6.0798 0.2708 0.3314 6.2117 4.6027 3.3881 4.6896 5.6077 4.2998 5.0127 4.2731 4.9955 4.0856 4.7433 3.3856 4.9149 4.0990 4.8887
2.5109 1.1513 0.9086 0.3517 0.8077 0.2358 5.6492 5.8404 4.2414 2.6947 3.1658 2.8126 3.1713 2.7024 2.9569 2.3617 2.9958 2.3533 2.4123 1.8120
2.7401 3.2165 1.9658 3.0892 1.8982 3.5886 3.9966 4.1971 4.3534 5.1644 4.3674 4.7985 4.2352 4.8708 3.6565 4.7744 3.7401 4.3850 3.1236 4.0463
1.8153 0.8407 1.8945 0.2987 1.9152 0.9411 2.4916 2.0077 3.8110 2.2455 3.1553 2.4450 3.4235 2.5265 2.9860 2.2548 2.9651 1.3983 2.2598 1.4895
2.4001 3.0584 1.9525 2.9142 2.1875 3.6806 2.5713 4.6111 3.8989 5.3303 4.1912 5.0438 4.3234 5.2255 3.2457 4.4521 3.6193 4.0681 2.8797 3.2754
1.7278 0.3183 1.0120 0.4120 1.9108 1.8115 2.3422 3.0232 3.1525 4.0203 3.7952 2.7736 3.5374 2.2728 3.0264 1.4261 2.3347 1.8554 2.8040 1.5974
2.9823 2.7179 2.2308 2.7675 2.1421 2.4493 1.3606 1.6780 2.1155 1.7218 3.9499 5.0281 3.9943 4.8537 4.0384 4.9468 3.4365 3.9790 2.9955 4.3298
2.4400 2.0148 1.4454 1.0524 0.5166 5.7956 0.1897 4.2339 3.7091 3.1896 3.5696 2.6884 3.2448 2.6421 3.2032 2.5711 2.8687 2.1947 2.8114 2.1134
3.7510 4.7983 4.3602 5.3167 5.9912 1.1701 0.6420 1.1291 4.2635 4.8139 4.3614 4.5119 4.5790 5.2897 4.0949 5.6002 4.6587 4.9326 3.8099 4.5586
3.3015 2.7358 4.0272 3.3013 4.7487 5.6095 5.2949 4.9639 4.6180 4.0675 3.5553 4.7996 4.1643 3.1647 3.9781 3.2133 3.3379 2.5440 3.3894 2.2070
4.0229 5.0107 4.7851 5.6577 4.5262 3.5847 4.8806 2.9749 4.2084 3.6912 3.9777 3.5620 4.1526 5.8922 4.9448 5.7001 4.2017 5.0973 4.0302 4.6295
3.4756 2.5607 3.4380 3.8972 4.8576 6.1869 4.8949 5.5145 4.7704 5.9311 4.9345 4.9083 4.1020 3.4286 4.0042 3.2850 3.6025 2.7379 3.3814 2.5971
3.8007 5.3262 4.2686 5.7979 4.6455 3.9396 4.0627 3.2261 4.3981 3.1235 4.3787 3.0416 4.3087 5.0599 4.2093 5.4123 4.2155 5.0913 4.2658 4.8937
3.2727 2.5186 4.2107 3.6450 4.5840 5.4981 5.3925 6.0928 5.6450 0.1697 4.9993 5.6681 4.1304 2.8536 3.8615 3.0406 4.1180 2.4884 4.0162 2.6388
