3.9036 3.1024 4.7282 5.6358 5.5657 0.1028 5.8759 2.8621 3.9299 3.3906 4.2628 4.3548 4.5735 5.5394 4.1783 3.3450 3.5206 2.4529 3.5040 3.3433
5.0619 5.5367 4.8856 3.5946 4.7041 4.2173 4.8776 4.6619 4.5527 4.3197 4.1228 3.8781 4.0097 3.0406 3.6298 5.0618 4.3144 3.8570 3.6930 5.8960
4.2272 2.9599 5.2959 0.1777 5.3330 6.1466 5.7432 5.8799 5.4046 5.8363 4.8120 5.9656 4.6732 5.3340 3.4396 3.2677 3.6896 5.6341 4.2025 3.4043
4.9503 5.7716 5.4778 3.9282 4.2695 3.9245 4.2329 3.7862 4.8158 4.4191 4.5521 4.0660 4.7931 3.4098 3.5664 2.8161 3.6180 3.0050 4.7535 5.8243
4.3394 3.6134 5.2693 5.9440 4.5713 0.0041 5.5678 6.2460 5.1540 0.7160 6.0282 0.0970 5.2262 4.9931 5.2221 4.6871 5.4275 4.9768 4.5718 3.8436
4.8373 5.6087 4.7061 5.2121 4.9060 5.0443 5.2825 3.7400 4.6662 4.1449 5.1645 3.9741 5.5708 1.0547 6.1457 0.9952 0.0754 0.4790 5.5412 5.9751
4.1299 4.3767 4.7188 3.6795 4.5043 3.4368 5.2268 5.5185 5.3330 6.1676 5.9732 5.9389 5.8367 5.2529 5.5392 4.8831 5.8367 5.4093 5.3791 4.8702
5.0174 0.0407 5.2912 6.0902 4.8010 5.9022 4.6249 3.8297 5.0959 5.8367 6.1475 1.1417 0.4296 1.3925 0.2552 1.5692 0.7538 1.6197 6.2671 1.1466
4.3855 3.6023 4.7572 3.8624 4.1625 3.8542 4.4072 6.2421 5.1992 3.9588 5.1448 4.7849 5.9292 5.2927 5.6903 5.8638 0.3175 5.4640 5.8753 4.3296
5.2323 5.6631 5.3138 0.2555 0.2773 0.4442 4.5111 3.7011 4.8789 6.1613 5.6774 0.9975 0.3124 0.6679 0.2518 2.4581 1.7654 1.8546 0.5964 0.0781
4.0091 2.7141 4.6894 4.8800 5.2259 5.5059 4.9315 5.6364 4.4120 4.3546 4.3891 4.1944 5.2199 4.1370 0.2467 0.0587 1.0858 0.5381 1.8309 3.1675
4.6759 4.7809 4.1941 2.3429 4.2430 3.3013 3.8078 3.0624 3.4998 2.3381 2.9281 0.7465 5.9251 0.0839 0.3682 2.1307 2.2930 2.8408 2.5825 5.4953
3.6017 2.5369 3.5643 4.6158 4.9961 5.7950 4.2952 5.0200 4.1267 5.0030 3.8119 3.9655 4.0737 2.8626 1.3958 2.5880 2.2949 2.9704 2.3833 2.7656
4.1001 4.8725 3.4575 3.4134 4.0899 4.3231 4.3075 4.5994 3.8886 4.6194 3.7597 5.0616 4.1066 5.5591 0.5591 0.1156 0.9065 0.2811 1.7345 5.9133
3.3472 2.3661 2.4633 2.4325 3.1723 2.2747 3.9268 3.2011 3.3499 2.7970 3.5914 2.5205 2.7798 2.2072 2.4349 2.6381 2.0359 2.8824 1.8187 2.6220
4.4165 4.4582 4.1834 4.9844 4.8559 5.4870 4.4332 5.3094 4.6645 5.5523 4.5056 5.2827 3.8884 4.8524 3.6900 4.5019 2.5325 0.4896 1.0904 5.9596
3.0194 1.9865 3.3098 2.7411 3.8707 3.1765 3.9826 2.8685 4.4292 3.2893 4.4546 3.1218 4.1206 2.7611 2.7341 2.0382 2.2380 2.9525 2.8118 2.3860
4.1988 4.6612 4.2250 5.8103 5.0156 5.6433 4.8551 6.0123 5.2304 5.9449 5.1934 5.2787 4.5287 5.1048 4.5491 4.8192 4.5532 4.7603 4.2740 5.2214
3.3583 2.8465 4.1724 3.5749 3.8342 3.2077 4.4183 3.7812 4.2743 3.7802 4.3652 3.3577 3.3883 2.4773 3.2823 2.7460 3.8245 2.5667 3.6130 2.9071
4.4643 5.4831 4.8731 4.5571 4.3143 4.9178 5.1541 5.6900 5.0233 5.5035 5.0309 5.7880 4.7007 4.1660 4.4119 4.7641 4.5440 5.1725 4.3238 5.2069
