5.2455 5.6799 4.8300 0.1507 4.4345 0.2185 2.4186 1.5395 2.3223 1.2801 1.7600 1.4976 1.9901 1.5495 1.7201 0.7755 1.6544 0.9633 1.6066 0.7671
4.2609 3.8640 3.7853 4.0506 3.4653 3.5161 2.3891 4.0068 2.9010 3.5843 2.8015 4.1501 3.2259 3.8315 2.6522 3.0681 2.4732 3.6305 2.1852 4.1466
2.6580 2.3085 3.0760 2.2422 2.4428 0.9241 1.9816 1.5224 2.3097 1.8576 2.4036 1.2166 2.4391 1.6390 2.3046 1.5120 1.6823 1.1491 2.2759 1.4619
3.7120 4.4557 3.9290 4.1985 3.1108 4.3565 3.3491 4.5137 3.0438 4.0181 3.0518 3.9842 3.0676 4.0494 2.8280 4.2629 3.4965 3.9050 3.1506 4.1721
2.9248 2.1390 3.1717 2.0629 3.0613 2.3998 2.7619 1.6785 2.3681 1.4422 2.3987 1.5300 2.3023 1.6489 2.3356 2.0966 2.6218 1.9231 3.0440 1.7220
4.1790 4.5892 4.0022 4.1792 3.3495 5.4002 4.0025 4.2919 2.9660 4.2288 3.3671 4.5193 2.6721 3.9406 3.6117 4.2629 3.1618 4.2592 4.1241 4.7691
3.2525 2.9726 3.2455 3.3881 2.9549 2.8575 2.8255 2.3698 2.6158 2.3362 3.0544 2.4991 2.7373 2.0796 3.1857 2.3035 3.1603 2.5876 2.7125 3.0128
1.5044 0.9571 2.0086 1.7419 1.9742 1.2561 2.9235 4.1871 3.5021 4.2796 3.8487 5.0004 3.8185 4.6679 4.1721 4.4498 3.8460 5.4209 1.9189 0.5990
2.7153 3.5318 3.1591 3.6695 3.2267 4.5287 2.6523 2.4936 2.5000 1.9776 2.0881 2.3227 2.9808 2.5853 3.4042 1.9789 2.8506 3.0622 2.7129 3.6077
2.5713 1.7550 2.8172 2.2706 3.0301 1.9889 1.7800 0.4690 1.0401 6.1745 0.8105 5.2609 4.3731 4.9718 4.6271 5.4308 1.9327 0.5940 1.5004 1.2406
2.7261 4.3902 3.2221 4.9964 4.0630 3.9564 3.3616 3.2957 1.0473 2.8692 1.3455 2.6033 2.6192 2.5921 3.0585 1.8754 2.0503 3.3443 2.4870 4.1738
2.0182 2.0442 3.2707 3.5120 4.3969 6.0231 4.3748 5.8455 0.3292 0.2754 0.8365 0.2572 1.3404 6.1278 2.6888 3.2077 1.7159 1.9438 1.5630 1.9814
0.8054 6.0091 4.2626 5.7022 4.2493 3.4296 4.0629 2.4203 1.6443 2.6208 2.4121 2.6374 2.2104 2.2723 2.4261 1.1811 0.9637 6.0352 1.1503 6.1467
2.0985 3.0199 3.3600 3.2683 4.0532 4.9516 5.1631 5.5465 0.1424 6.2823 0.5952 6.2139 0.9298 5.2972 2.7910 2.9929 2.0636 2.4686 1.8362 2.2766
1.7586 1.3338 2.6913 1.6918 2.5478 2.3669 3.3955 1.9352 1.3740 1.8017 1.5146 2.0532 1.9051 1.9758 1.7667 5.8147 1.1379 0.6278 1.2681 0.7364
3.7313 2.5290 3.0809 3.0049 3.2264 4.9090 4.0628 4.8887 6.0341 5.5119 0.7963 6.0267 1.0722 0.2888 1.4796 2.3319 2.3169 2.6564 2.2781 3.1363
4.2392 4.4632 3.9080 5.2854 3.5940 1.3462 2.4166 1.7965 0.5630 1.5766 0.9735 1.8106 1.3751 1.9315 1.2845 0.2864 1.5624 0.7216 2.0123 6.2072
3.8917 3.6084 3.8739 3.4284 4.1940 4.0088 3.6307 4.8987 6.1945 5.4082 0.0610 5.5654 0.7547 5.8787 1.3738 3.1503 2.3109 3.2737 2.9282 3.3908
5.5193 5.4867 5.4243 6.0019 5.3670 0.8710 2.7068 1.6377 1.6816 1.8574 0.8756 1.9413 1.6536 1.4777 1.4640 0.4970 1.2662 0.9666 1.8311 0.4472
4.8188 3.8945 4.4325 3.3908 4.1389 3.3580 2.7521 3.4114 2.9392 3.5307 3.7639 4.2630 3.0510 3.4698 2.2363 2.3523 2.3177 3.2664 2.5130 4.0031
