2.3354 3.1715 4.2217 4.1313 4.9117 5.1664 5.0757 4.3341 5.5614 4.8423 5.7891 5.8023 5.1507 5.2722 4.8129 5.7894 1.5742 0.9928 1.8333 3.0205
1.4504 6.0443 5.2349 0.0274 5.5804 1.1272 5.7398 0.3384 5.7118 6.2468 5.3784 3.9233 4.4845 3.5748 3.2829 3.2560 2.1075 3.1291 1.5365 0.3217
2.3731 2.9289 3.9741 3.4932 4.8677 4.5126 4.3317 4.0087 4.8645 4.0242 5.5285 6.2150 6.0721 1.3013 1.8240 0.4897 0.7840 0.9909 1.7429 2.0402
3.6280 4.5267 4.1822 5.5744 5.0549 0.1364 5.1028 0.2652 5.8899 0.1983 5.8858 5.8176 5.8976 4.5618 2.6154 2.2416 2.1085 2.3059 2.3862 4.1583
3.3440 2.0824 3.4963 3.0674 4.5642 3.1811 4.4451 4.0750 4.6143 3.4451 3.4846 2.9820 2.5225 2.4152 2.4602 3.5857 3.4223 4.2663 2.7711 2.3893
3.5527 4.0686 4.2672 5.5806 5.3552 5.8909 5.3591 0.2026 5.8317 0.0655 0.2757 0.1856 1.3209 0.0625 1.6423 0.9025 2.5367 2.4362 3.0134 3.0100
4.9979 5.5505 5.2028 3.1138 4.7043 3.8617 4.5420 3.9008 5.1677 2.7129 1.1503 1.8340 1.5462 2.8377 3.6250 3.8453 3.6944 5.1622 4.3321 5.3188
3.5882 3.7489 4.6829 5.6909 4.9920 0.0328 5.7373 6.2069 6.0674 6.1938 1.2641 6.2436 1.0549 6.1583 4.5227 5.3521 3.8590 2.9968 3.3523 2.6662
4.2897 5.3011 4.5166 4.6788 4.5797 3.8714 4.8925 3.6039 4.8492 3.5318 2.2009 2.7108 1.9764 2.5788 3.5906 2.8903 3.0867 5.4932 5.0503 5.1959
3.0175 2.4625 3.1027 2.0994 4.0834 5.7485 5.0524 6.1392 6.1682 0.1577 0.9596 0.4098 1.6354 4.9821 4.2141 4.4584 3.3228 2.9454 3.7424 2.7721
3.5706 4.0168 3.9976 3.6885 3.7993 3.4847 4.4391 4.3104 5.3914 4.0847 3.1946 2.6615 2.4198 2.2946 3.2327 2.6544 3.9341 4.8339 3.9446 4.7233
2.4324 2.4586 4.5546 4.9639 4.9610 6.1346 5.8668 0.0085 6.1633 5.7725 3.5481 4.0636 3.8171 4.1365 3.6496 4.7895 4.2966 2.6390 2.9034 2.1028
4.0831 4.2444 4.8123 3.3710 4.2943 4.0537 4.5041 3.8031 0.3820 2.0887 2.3039 2.1871 1.7359 1.6908 2.7775 2.1285 3.7177 4.7925 3.4271 4.4404
6.2491 0.2066 5.8730 5.9894 5.3981 6.2158 5.3195 0.1829 0.1639 0.0008 1.4042 0.8109 1.8662 2.1624 2.8585 3.0002 3.4604 2.7962 2.5481 1.1998
4.5501 4.1679 5.3339 4.0662 4.3996 3.5006 4.3809 3.4524 1.4206 2.5106 2.0054 3.5576 2.7859 3.6521 3.4093 5.2963 4.3293 4.5838 3.7915 4.2905
6.1103 0.8254 5.8799 0.0377 5.5782 0.0599 5.8351 6.2613 1.1664 6.1462 1.3927 1.4780 2.4562 2.0335 3.1598 2.3364 2.6171 1.5718 0.8356 0.9537
0.1764 4.5280 5.0933 4.2804 5.0203 4.5547 5.8656 1.9146 1.1715 2.6761 2.5904 3.6947 3.0502 4.2861 3.9800 4.2433 3.4651 5.0141 0.3248 5.4731
1.1676 0.0921 6.1830 0.6167 0.6309 1.0883 0.0708 5.5556 0.0333 0.2562 1.2485 1.0673 2.3922 1.9810 3.0183 2.1143 2.3011 2.2875 1.6277 0.9761
1.5165 2.4155 1.1962 1.4904 0.4116 5.7559 0.1130 1.0929 0.8413 2.7465 1.7446 3.4845 2.6705 4.6056 4.1484 5.2712 5.5272 5.7986 0.9962 2.4646
0.9949 0.3371 0.6300 0.3410 0.6365 1.6798 0.1019 5.8609 6.1476 0.8900 1.0079 1.3500 1.9021 1.7925 3.9075 2.1853 2.4349 2.8841 1.5019 0.5945
