1.0415 0.1321 0.8079 0.4532 1.5003 1.1663 2.1242 0.3349 5.2538 4.4923 4.7120 4.2713 5.1422 5.3642 0.1119 1.6084 1.0507 2.0100 1.3951 1.9946
0.4392 2.7860 2.1445 3.0716 2.5913 3.3223 3.2249 3.4119 4.6861 0.8123 5.9710 0.7572 6.1938 1.0520 0.0579 5.1348 5.9292 5.7114 0.1524 6.2443
0.6118 0.0273 1.0801 5.6650 5.6746 6.2540 5.7654 0.0007 4.8939 4.2018 4.8844 4.9949 5.9189 5.2650 0.1311 0.3252 0.5842 0.9169 1.1531 0.7730
2.0237 2.8809 1.5930 2.8089 4.2921 3.8217 4.6078 4.0972 4.3725 2.0523 2.5101 1.8908 2.2497 1.5922 1.8309 2.9465 1.8481 2.9064 1.7157 2.8252
1.4911 1.0923 1.2652 6.2272 5.2443 5.9586 5.1879 5.5653 4.3116 4.4829 3.5321 4.0150 2.7189 3.5018 1.9179 0.5285 1.0743 0.3088 0.4186 0.4402
2.1785 2.8797 2.6428 3.6983 4.2210 3.4901 4.3787 3.2470 3.1923 2.4486 2.5541 1.7644 2.2360 1.7557 2.5912 2.9432 2.4704 2.9833 1.9272 3.1001
0.8511 0.4029 1.0090 1.1850 6.0857 6.0824 5.4664 5.7295 4.2685 4.8873 3.2377 2.6660 2.7417 2.4725 2.0983 0.8862 1.4110 0.5408 1.0167 0.0876
1.5895 2.3888 1.7383 3.8778 4.7971 5.0109 0.3757 1.7226 2.8393 2.4841 3.7532 4.7318 3.5578 4.5970 2.8418 3.0010 2.6676 2.3072 1.7478 2.8264
1.0820 0.7702 1.6006 0.7024 5.5382 1.1290 0.8202 3.8174 3.2202 4.8074 3.7082 2.3593 3.0022 2.1328 2.5192 5.3902 4.2337 5.6668 0.5776 0.3799
2.4532 3.4306 2.6673 4.1856 4.3433 4.8564 0.4983 1.5002 1.9169 2.4913 3.6357 3.7911 3.4031 2.7529 2.9210 2.5483 3.5265 2.4659 1.7338 2.9825
2.2180 1.3988 2.5357 1.2620 1.7378 1.3589 0.8602 0.2927 1.4359 6.0496 4.5852 5.6190 4.6322 4.7228 3.6401 5.4940 4.8923 5.7229 1.6390 1.4057
3.4221 4.2173 3.1511 3.9179 2.6301 3.4969 2.6190 3.1577 2.4711 3.4826 3.7509 2.6811 3.2728 2.0648 2.8009 2.6423 2.0732 2.6391 2.4206 4.0852
1.3316 1.8602 2.3326 1.5071 2.2049 0.7203 2.1490 2.2259 2.5083 6.2555 4.7934 5.2602 4.3823 4.8661 2.3645 1.2702 1.8533 1.4492 2.7998 1.5028
5.9369 4.5645 3.5989 4.1752 3.1045 3.5081 2.6165 3.9666 3.8522 3.4832 4.0767 2.9484 2.9556 2.4832 3.0282 3.5571 2.5175 3.1968 2.6408 4.6150
1.1190 1.6190 2.8649 1.3938 1.9740 1.3832 2.5128 0.8143 6.0340 0.0602 4.5469 5.3480 4.8787 0.1361 0.7812 0.9191 1.7891 1.2006 1.8272 1.2987
5.7633 4.9914 3.1708 4.2213 2.6418 4.1681 3.2637 4.1210 5.4410 3.2515 3.9889 3.5381 4.4127 4.5422 5.4021 3.7891 3.2692 3.6435 2.4536 4.6810
0.4827 1.1875 2.0454 1.5114 1.6256 0.5376 1.4659 0.8246 5.6922 5.7419 5.1921 5.4453 4.8773 0.8286 0.5534 1.0168 1.3227 1.3709 1.2725 1.6579
0.7185 3.6717 3.2605 4.1700 2.8403 2.7677 2.6345 3.7379 4.7493 0.3661 5.8002 0.0829 5.9945 5.8565 5.8905 5.1996 0.4824 6.1114 0.4032 6.1290
0.8070 0.7520 1.8195 1.5469 2.1586 0.9251 2.1333 0.2677 5.4263 3.9363 5.0286 4.1142 5.2404 4.3193 5.4883 2.0257 2.0525 2.2563 1.5964 2.2191
1.0851 2.6360 2.1017 2.8324 2.4966 3.4853 2.7800 3.6238 5.3726 0.2350 5.6151 0.0664 6.1124 0.8642 6.0776 5.6527 0.1771 6.2527 0.7628 0.1607
