3.9658 3.6106 3.1209 2.3635 2.9544 1.8795 2.6221 2.9619 2.2842 2.2083 0.6924 0.6832 5.3029 0.2484 5.1608 3.9474 4.7906 3.8834 4.7625 3.7927
5.4641 5.8301 4.5049 3.5944 2.7759 2.8141 2.0316 0.9947 1.9378 5.6100 5.9810 5.0113 5.7345 4.5627 5.5697 0.4146 6.1299 0.2237 5.2358 5.5141
4.7891 3.4846 4.6216 0.6028 0.5430 0.3156 0.7691 3.6568 2.1304 1.5581 0.6382 0.8598 0.2413 0.4349 6.0249 5.2835 5.5622 4.6375 5.0068 4.4015
6.1386 0.2131 5.5951 4.5411 5.0328 4.3220 6.1527 0.9023 1.9068 3.6001 4.6325 4.1482 5.1247 4.3318 5.4852 0.4549 6.2495 0.7463 5.9451 0.7264
5.5637 5.9218 5.7407 0.2803 5.7704 1.0427 0.1131 5.7996 0.9917 6.0562 5.6230 6.0437 5.9491 0.6652 5.5260 4.0608 5.6940 5.8205 5.2368 4.9335
4.2037 3.9539 5.2233 4.3501 5.1317 4.9921 6.0499 2.1429 1.3653 2.0407 0.5070 2.2249 0.9110 4.5044 5.4192 5.7298 5.1668 3.9670 4.3903 3.5316
5.3316 6.1908 5.2729 6.2587 5.8353 1.3305 6.1069 6.0228 6.0592 5.0351 6.0674 6.1343 0.1085 1.3499 0.4218 1.1221 5.9680 0.0438 4.9514 5.8842
4.7644 3.7756 4.6902 3.9521 4.6025 4.0497 4.8512 4.5470 5.6940 0.6220 6.2446 1.1201 0.0293 5.6675 6.0639 4.9816 5.1330 4.2272 4.7358 3.9362
5.6768 5.9767 5.7335 0.2923 5.2837 0.1564 0.0640 1.0030 5.0954 4.3448 5.2524 5.1314 6.0738 0.7569 0.4400 0.9599 6.1327 0.9239 5.9914 5.9961
4.8927 4.2601 5.3270 4.0271 4.4419 3.9783 5.1414 4.2900 5.5592 0.1306 0.0137 6.0232 6.1843 6.0067 6.0906 6.1142 4.9684 4.5645 4.6643 3.5317
5.7165 0.4429 5.4600 5.9825 5.8219 0.3149 5.2498 5.2035 4.3665 4.2706 4.6574 3.8914 5.1523 3.9473 5.1891 3.8942 4.7366 5.3095 4.5476 0.0683
4.8200 3.5064 4.6599 3.9705 4.6255 3.6621 4.2537 3.5533 4.3031 0.3955 5.8446 0.5896 5.8974 0.3193 5.8442 0.3303 4.5332 3.6605 4.4998 3.4549
6.1441 6.1400 5.7268 6.1387 5.1382 0.1442 5.5400 5.7606 4.4032 4.1723 4.9671 4.5994 5.3325 4.5077 5.1634 4.1762 4.7697 5.3584 5.2366 6.1694
2.1876 2.5409 3.1263 3.8718 3.9834 3.5096 4.6262 4.9874 4.5179 5.5471 4.8136 0.2256 0.8510 0.1700 0.5800 1.1431 2.2369 3.1545 2.7825 3.1782
1.7788 1.1134 2.5364 0.9357 4.9038 5.4903 5.1488 2.3911 3.5077 3.0747 4.1217 3.5469 2.3615 3.1223 2.5207 3.5469 2.3413 0.8564 2.6674 1.4331
2.7421 3.1320 2.7478 3.5996 3.9531 3.9238 3.8051 4.7592 3.8628 5.3678 4.7938 0.2683 1.6571 0.9523 1.8355 1.7708 3.0668 3.9935 3.0069 3.7031
2.1015 1.0151 2.0114 1.1913 2.7221 2.1285 3.0000 2.3528 3.3330 2.7152 3.4058 3.4843 3.1219 3.6156 3.1851 3.4916 2.7940 1.6875 2.3608 1.1129
2.5742 3.2376 3.1729 3.9483 3.5814 3.8721 3.2428 4.6138 4.4856 5.2193 4.6540 5.7438 3.5640 4.0577 3.9718 4.7929 3.8485 4.0752 2.8412 2.5246
4.0190 4.0140 3.6251 2.0051 3.0344 1.7376 2.8868 2.3827 3.0146 2.7787 3.5017 2.7798 4.6085 5.4903 4.2478 2.9586 3.9186 3.8502 4.2067 4.2405
4.2730 1.8511 3.2471 4.4530 3.8941 4.4595 3.3037 5.0262 4.1220 5.2881 4.7493 4.6968 4.7770 3.8340 4.2783 5.6928 5.1950 0.1488 5.3950 6.0951
