5.1970 5.2719 4.1302 2.7502 3.8366 2.5870 3.3201 1.3925 6.2554 0.1701 5.6031 0.1221 5.5903 5.9792 3.9335 4.7005 3.2862 1.3164 1.9993 0.5474
5.0862 3.0462 4.6333 5.1787 4.2508 4.8592 3.7301 4.6105 5.4259 4.3251 4.8508 4.6528 5.5435 3.4776 3.3802 3.4275 3.1849 3.6186 3.1302 3.6696
5.6278 5.4220 4.1544 3.1601 2.8641 2.3445 2.5346 1.2207 0.4038 1.2552 0.4458 1.1336 0.0947 1.0152 2.6094 1.7721 2.4702 1.2375 2.2644 0.0980
3.8291 3.6257 3.9859 5.7211 4.4125 5.0326 4.1797 5.1427 5.6431 5.1376 5.3781 4.4566 4.8245 4.5780 3.3986 3.6848 3.5871 3.9321 3.2149 3.5138
3.3295 2.5189 3.4482 3.1447 3.6468 3.3843 3.9190 2.3803 0.1090 0.6586 6.0444 0.2169 5.9669 0.9355 2.5923 1.7321 2.5335 1.6629 2.3376 1.8034
3.4111 4.1105 4.2431 5.4908 4.6124 5.7687 4.8910 5.4303 5.1922 5.4249 5.0948 3.8515 4.7919 4.5895 3.6277 4.1200 2.6484 3.4538 2.9409 2.9549
2.6319 2.2696 3.3207 3.8421 4.2526 3.3952 3.8375 3.1632 4.2305 3.2882 4.3121 5.2696 4.2745 1.6537 2.4483 1.0962 1.7934 0.9957 0.9211 5.6423
2.6524 3.8250 3.0600 1.6373 4.4437 5.3299 5.5861 5.8452 4.4436 4.9608 4.9228 4.4795 4.5691 5.1175 3.1684 4.3339 3.0737 3.8028 1.7745 2.4432
0.6401 0.9226 3.2955 3.4915 4.0162 3.3760 3.9903 3.4270 3.8330 2.9392 4.0900 3.0343 3.6695 2.3392 2.7609 2.1543 2.5082 1.8644 1.4196 6.2766
0.4142 5.3738 4.7046 5.6169 4.7595 5.2953 5.1999 5.4950 4.9699 5.5607 4.6959 5.7802 5.0900 4.8819 4.7247 5.0495 4.1792 5.1705 1.1721 1.8140
0.7882 2.6436 3.6037 2.9674 3.7181 3.4057 4.3597 3.2692 3.5697 3.9415 4.0336 4.2324 4.1786 2.8621 3.3120 2.4144 3.5749 2.1565 0.2408 6.0290
6.1284 5.5174 4.6596 5.2087 4.7495 5.4189 4.8264 0.3717 3.1318 1.4764 3.1255 2.4671 4.0379 5.0395 4.2675 5.1846 4.9109 6.2314 5.3401 0.0168
4.2549 2.9867 3.7259 2.6878 4.0645 2.5610 4.0105 3.8720 3.7067 4.3206 3.6696 4.5021 3.8115 4.3152 3.6929 2.8652 4.3394 3.9832 5.1701 4.4696
5.4504 5.6346 4.3800 4.5857 4.2077 4.9314 3.8741 4.6961 3.5871 2.7045 2.9168 1.7886 2.7744 2.0316 3.7683 5.4246 5.5428 0.0209 6.0492 0.1856
4.1164 3.8205 3.6860 2.8038 3.6191 3.5881 3.4004 2.7362 3.6072 4.7336 3.7819 4.6120 4.0707 4.6795 4.0470 4.4797 5.0396 5.5157 5.3073 3.8027
4.7020 5.5433 4.7650 5.1246 3.8399 4.8250 4.2251 4.8010 3.2324 2.2395 3.1446 2.5860 3.8975 3.0141 3.9750 3.2412 4.3013 4.1123 5.4322 5.9007
4.1745 2.9042 3.5521 2.5002 3.2240 2.6025 3.2527 2.7714 3.6902 4.7478 4.2399 5.0891 4.1618 5.3027 4.3546 0.0033 5.0696 6.2111 4.9506 3.9973
4.6345 4.7179 3.8937 4.4551 4.0195 4.5091 4.0811 4.8141 3.9172 3.1369 3.7553 2.9768 3.5832 3.1990 4.2365 4.1352 4.3351 3.6188 4.7315 4.4995
5.2716 0.8336 3.5600 2.7152 3.4025 1.8200 2.3418 2.2578 3.9616 5.5871 4.1920 5.4704 4.5439 5.3519 4.5481 5.1071 4.5891 6.0912 4.9765 5.6563
4.3745 3.6679 3.9302 4.7973 4.2678 4.5936 4.1378 4.6718 4.7685 3.4049 3.3419 3.4428 4.1777 2.7824 3.2802 2.7913 3.1491 3.5753 3.3049 3.2140
