1.5118 1.7400 1.1355 2.1253 0.5642 1.9889 1.3337 3.5301 5.5642 4.5209 5.6825 0.5403 6.1900 0.7309 0.3086 1.4871 0.4262 1.5188 0.8628 1.7765
0.8718 6.2454 0.3249 5.8898 0.1848 5.3559 6.1453 0.4839 5.9225 0.6916 5.8291 5.0703 5.6233 4.7634 5.8855 4.9207 5.8237 5.4816 0.5031 6.1927
1.1519 2.3540 0.8819 2.1351 0.9131 1.5159 0.6305 4.0418 4.8352 4.6437 6.1780 1.3291 0.2897 1.2828 0.8001 0.5798 6.2142 1.0386 1.2750 1.7136
0.4440 6.0674 0.3751 5.6797 0.2613 5.6031 0.4924 1.0275 6.2558 0.7821 0.2904 5.0069 0.0672 5.0506 0.0208 4.7556 5.3097 5.0647 5.6284 5.1958
0.9002 1.4207 0.9820 1.4826 0.5641 1.5049 0.5451 4.8208 5.3784 5.3250 0.0848 1.5423 0.6395 1.5804 0.7196 0.5320 0.6880 1.0915 1.2369 1.8298
0.1132 4.8846 5.8914 5.4923 0.2231 5.1808 0.4775 0.6681 0.4902 0.3546 0.3104 5.9343 0.7498 5.8368 0.6983 1.6104 0.8345 1.1132 0.7588 6.2707
0.8959 0.9860 0.3769 0.8156 0.5785 1.4513 0.9211 1.5531 1.1418 2.4752 1.2815 2.6563 1.4056 2.0659 0.9464 5.8493 5.9680 5.2993 0.2536 1.3802
0.8584 4.9162 5.7911 5.4756 0.1032 5.1654 6.2510 6.0936 0.4587 5.7353 6.2000 6.2724 0.0562 6.0429 1.2831 2.0745 2.3740 1.7032 0.1002 0.1436
0.6715 1.1906 0.4592 1.1273 0.9233 1.5145 0.7727 1.5699 1.9341 1.7685 1.7223 1.6354 1.8123 3.1527 2.9486 4.0633 3.3927 4.2864 5.6442 4.5791
5.4606 4.8988 6.0104 4.8067 5.9134 5.0334 3.8525 4.6149 2.7594 3.2498 2.8100 3.4382 2.8111 0.7487 2.4925 1.7823 2.4530 1.5754 0.0988 1.3243
5.4780 1.2695 1.6468 1.4793 1.8740 2.2545 2.9980 1.2067 1.8625 0.8534 1.4126 1.4498 3.3931 2.9762 3.6103 3.9499 4.0410 5.0994 5.4917 5.4395
4.5194 4.3765 2.5510 3.4286 2.8683 3.3404 3.2158 4.0313 3.0075 3.2430 2.6148 3.4798 3.6073 5.7740 4.3360 5.2654 4.7450 3.7702 5.1012 4.4468
6.0105 0.6491 2.0007 1.0250 2.0845 1.4083 1.9387 2.0103 2.9255 1.7878 1.7239 0.4836 3.6722 2.7133 3.3158 2.9697 5.0491 5.9669 5.7550 0.4246
5.0795 4.2233 1.9842 3.5339 2.7344 3.7875 2.8436 4.2302 5.1395 5.0244 4.6750 3.7327 4.4584 4.4143 4.3439 5.2589 4.4698 3.6430 4.8946 4.0781
0.7253 0.5219 1.4300 0.6937 0.9979 1.2356 1.8416 0.4297 6.0478 1.1244 5.4586 0.0506 5.4982 1.5011 3.6120 3.4052 4.5115 0.4162 6.0476 1.0909
1.7363 2.5934 2.2500 3.2406 1.7846 3.0845 2.7179 3.6267 5.1946 4.1260 4.3224 3.9568 4.8762 4.5735 4.4654 4.9836 5.3061 3.9753 5.5304 4.4932
1.4715 0.1448 1.6624 0.8475 1.5808 1.1617 1.7698 0.3034 5.6815 0.2271 5.9649 0.5240 0.5459 0.9766 2.5205 1.5190 1.0089 0.9513 1.4073 1.2180
2.4519 3.1227 2.6926 3.2934 3.1225 4.0205 2.8110 3.6488 5.0328 3.3212 5.3767 4.5723 5.3891 4.2391 3.3980 3.5840 1.7101 3.2957 2.2866 3.6042
1.7652 1.0898 0.9460 1.1021 1.8034 1.7624 0.1124 5.5026 5.7661 6.0205 5.7192 0.6308 5.9777 0.8734 0.7017 0.8159 0.8247 1.2523 1.6887 1.6028
0.6817 5.4806 0.0452 5.7297 0.4702 5.8673 0.5693 1.0312 6.0371 0.7527 5.6235 4.5042 5.0838 4.9597 6.1810 5.2534 0.1863 5.7052 0.5313 5.6340
