0.6717 1.4571 1.0146 3.1286 4.1090 3.5448 4.8988 4.2424 5.0260 5.3021 5.4145 3.9370 1.9413 1.7427 1.5135 1.8744 0.4551 0.2976 0.7450 6.2006
6.2787 6.1170 5.9723 0.1302 5.1049 6.0955 5.3116 0.7753 0.6174 1.4651 0.4696 1.4744 0.8634 5.3199 0.4816 5.8828 0.3272 6.1028 0.3273 1.3461
5.3947 4.0690 4.6144 4.0654 4.8680 3.7705 4.9180 4.1844 0.6873 5.2280 0.0040 5.6372 0.5860 1.2108 0.6865 1.0108 0.4212 0.9246 0.4129 5.8856
4.8194 0.2702 5.0237 5.6390 4.4765 5.4833 4.9004 0.3784 0.8153 2.2460 1.6130 2.0781 0.6554 4.7619 0.1062 5.6063 5.7184 4.6133 4.7199 3.8199
4.8996 3.5366 4.0476 2.8494 3.2478 2.7581 2.3344 3.1611 1.8090 0.5159 0.5043 0.3833 1.2986 1.1296 0.5240 1.0403 0.0984 0.8975 5.2388 0.1925
4.4089 5.2001 4.1607 5.5668 4.7498 5.9712 1.4857 0.7426 2.2242 3.2682 2.1421 3.0579 2.8361 3.2096 4.9619 4.9245 4.6485 4.2550 4.8894 3.6963
5.0854 2.9657 3.5411 2.5679 3.4788 3.1923 2.3079 3.2143 2.6408 1.4635 2.0882 1.7426 2.3086 1.0462 0.1922 0.8485 6.0231 0.4461 5.4852 5.7825
5.5569 5.3209 4.8956 4.4269 3.8672 4.4208 2.4373 1.1901 2.3083 3.6778 2.7671 3.6340 4.1892 4.0883 4.9419 4.6050 5.6056 4.4844 4.6389 3.7122
6.0239 6.0559 4.9331 1.1110 2.6286 1.3915 2.6352 2.7796 2.1531 1.1671 2.3702 1.0540 5.8115 0.2970 6.1049 0.6659 6.2030 0.8758 0.0425 0.8136
5.6791 4.1130 4.0450 3.5800 3.9336 4.1531 2.8317 0.3722 2.7336 3.4273 2.8756 4.6832 5.0394 4.7143 5.3135 4.4831 4.8181 4.2904 5.1692 4.6755
5.7260 0.0440 5.3062 5.7598 4.6932 5.0846 3.3411 3.3166 2.9279 2.4710 2.9768 2.4795 4.8231 5.4560 5.4490 0.5810 5.9695 0.5541 6.0198 0.3501
4.7507 4.2249 4.8085 3.3562 3.7467 2.5423 2.1466 1.1317 2.1363 4.6967 4.6618 5.4636 5.3084 0.3681 5.5076 4.0989 5.2548 4.3273 5.0451 4.0330
5.9574 0.2151 6.2646 0.1156 3.6159 4.1321 3.2735 3.2940 2.4073 2.7203 3.9436 3.0454 4.1042 4.3514 0.0020 0.4175 5.9865 0.2372 6.2057 0.4846
5.3971 4.9233 5.7024 3.6844 2.6265 1.3422 1.5656 0.8472 0.9533 0.2098 5.3556 6.1888 5.3301 0.1982 6.1335 4.3296 5.4755 5.0650 6.1091 4.6343
0.6422 1.3501 0.5537 0.9188 2.2511 3.1760 2.0810 4.1307 5.5004 4.6947 4.3862 3.9443 5.0864 4.2391 5.2920 1.0387 0.3531 1.1640 0.1606 0.9890
5.8960 5.5085 6.1025 4.8403 1.9176 0.9361 1.1459 0.8837 0.7386 1.1714 1.3570 0.2142 0.1105 6.2346 5.8334 4.8118 5.5273 5.0054 6.0375 5.2995
0.7643 1.3566 0.5672 1.3155 2.3572 2.8652 1.6965 3.2962 2.0896 2.4569 1.3532 2.1196 1.4856 2.1388 1.4003 1.1393 1.1661 0.7603 0.5218 0.4382
1.2719 4.8041 5.8141 4.8983 2.1955 0.5543 0.9672 0.3417 5.9655 5.7610 0.3096 6.0118 0.9887 0.0643 1.0421 2.4084 1.6428 2.4521 1.6928 2.5066
0.7769 1.8972 0.5429 2.4903 2.6755 3.0068 3.6305 4.0083 6.0552 2.1721 0.8868 1.9882 1.7179 2.4786 1.6863 2.0625 1.4685 0.7610 1.6236 0.1019
0.7309 6.2062 0.3240 5.9562 4.4377 0.2153 6.1941 0.2080 6.1152 0.4033 0.2172 0.1567 0.9642 5.9899 0.1245 5.8211 1.1232 2.9826 2.1869 2.1325
