2.500000000000000000e-01 2.500000000000000000e-01 1.035000000000000000e+03
2.500000000000000000e-01 7.500000000000000000e-01 1.700000000000000000e+01
2.500000000000000000e-01 1.000000000000000000e+00 9.000000000000000000e+00
2.500000000000000000e-01 1.138889999999999958e+00 6.000000000000000000e+00
2.500000000000000000e-01 1.312500000000000000e+00 1.000000000000000000e+00
2.500000000000000000e-01 2.250000000000000000e+00 4.000000000000000000e+00
2.500000000000000000e-01 4.472220000000000084e+00 1.000000000000000000e+00
5.000000000000000000e-01 0.000000000000000000e+00 7.600000000000000000e+01
5.000000000000000000e-01 5.000000000000000000e-01 2.000000000000000000e+00
5.000000000000000000e-01 7.500000000000000000e-01 1.000000000000000000e+00
5.000000000000000000e-01 2.000000000000000000e+00 2.000000000000000000e+00
5.000000000000000000e-01 2.277779999999999916e+00 1.000000000000000000e+00
1.000000000000000000e+00 2.500000000000000000e-01 1.300000000000000000e+01
1.000000000000000000e+00 3.888900000000000134e-01 4.000000000000000000e+00
1.000000000000000000e+00 5.625000000000000000e-01 1.000000000000000000e+00
1.000000000000000000e+00 1.777779999999999916e+00 1.000000000000000000e+00
1.000000000000000000e+00 1.871999999999999886e+01 1.000000000000000000e+00
1.250000000000000000e+00 0.000000000000000000e+00 4.000000000000000000e+00
1.250000000000000000e+00 1.388900000000000134e-01 1.200000000000000000e+01
1.250000000000000000e+00 3.125000000000000000e-01 3.000000000000000000e+00
1.250000000000000000e+00 1.250000000000000000e+00 1.000000000000000000e+00
1.250000000000000000e+00 1.875000000000000000e+00 1.000000000000000000e+00
1.250000000000000000e+00 4.305559999999999832e+00 1.000000000000000000e+00
2.000000000000000000e+00 5.000000000000000000e-01 2.000000000000000000e+00
2.000000000000000000e+00 2.419999999999999929e+00 1.000000000000000000e+00
2.250000000000000000e+00 2.500000000000000000e-01 1.000000000000000000e+01
2.250000000000000000e+00 5.277800000000000269e-01 1.000000000000000000e+00
2.250000000000000000e+00 8.750000000000000000e-01 1.000000000000000000e+00
2.250000000000000000e+00 1.812500000000000000e+00 1.000000000000000000e+00
2.250000000000000000e+00 2.169999999999999929e+00 1.000000000000000000e+00
2.500000000000000000e+00 0.000000000000000000e+00 8.000000000000000000e+00
3.250000000000000000e+00 6.633000000000000007e-02 2.000000000000000000e+00
3.250000000000000000e+00 1.316119999999999957e+00 1.000000000000000000e+00
3.250000000000000000e+00 1.179847999999999963e+01 1.000000000000000000e+00
4.000000000000000000e+00 6.250000000000000000e-02 1.000000000000000000e+00
4.000000000000000000e+00 2.500000000000000000e-01 1.000000000000000000e+00
4.000000000000000000e+00 5.156199999999999672e-01 1.000000000000000000e+00
4.000000000000000000e+00 5.661199999999999566e-01 1.000000000000000000e+00
4.000000000000000000e+00 4.908319999999999794e+00 2.000000000000000000e+00
4.250000000000000000e+00 0.000000000000000000e+00 2.000000000000000000e+00
4.250000000000000000e+00 1.700000000000000122e-01 1.000000000000000000e+00
4.250000000000000000e+00 3.161200000000000121e-01 1.000000000000000000e+00
4.500000000000000000e+00 5.000000000000000000e-01 1.000000000000000000e+00
4.500000000000000000e+00 2.000000000000000000e+00 1.000000000000000000e+00
4.500000000000000000e+00 8.929750000000000298e+00 1.000000000000000000e+00
5.000000000000000000e+00 2.222220000000000084e+00 1.000000000000000000e+00
6.250000000000000000e+00 2.500000000000000000e-01 2.000000000000000000e+00
6.250000000000000000e+00 1.358020000000000005e+00 1.000000000000000000e+00
6.500000000000000000e+00 2.376729999999999787e+00 1.000000000000000000e+00
7.250000000000000000e+00 2.194440000000000168e+00 1.000000000000000000e+00
8.000000000000000000e+00 1.620000000000000107e+00 1.000000000000000000e+00
8.500000000000000000e+00 0.000000000000000000e+00 1.000000000000000000e+00
9.000000000000000000e+00 2.500000000000000000e-01 1.000000000000000000e+00
9.000000000000000000e+00 4.387800000000000034e-01 1.000000000000000000e+00
9.000000000000000000e+00 1.890619999999999967e+00 1.000000000000000000e+00
9.250000000000000000e+00 3.200999999999999679e-02 1.000000000000000000e+00
1.000000000000000000e+01 1.012399999999999967e+00 1.000000000000000000e+00
1.000000000000000000e+01 2.500000000000000000e+00 1.000000000000000000e+00
1.250000000000000000e+01 0.000000000000000000e+00 2.000000000000000000e+00
1.625000000000000000e+01 2.539100000000000246e-01 1.000000000000000000e+00
1.625000000000000000e+01 6.500000000000000222e-01 1.000000000000000000e+00
1.700000000000000000e+01 1.888889999999999958e+00 1.000000000000000000e+00
