0 0
0 1
0 2
0 3
0 4
0 5
0 6
0 7
0 8
0 9
0 11
0 12
0 13
0 14
0 15
0 16
0 17
0 18
0 19
0 20
0 21
0 28
0 29
0 30
0 31
0 32
0 33
0 38
0 39
0 40
0 43
0 47
1 0
1 1
1 2
1 3
1 4
1 5
1 6
1 7
1 8
1 9
1 14
1 15
1 16
1 17
1 18
1 19
1 20
1 21
1 22
1 27
1 29
1 30
1 31
1 32
1 33
1 38
1 39
1 40
1 41
1 42
1 43
1 46
1 47
1 48
2 0
2 1
2 2
2 3
2 4
2 5
2 6
2 7
2 8
2 9
2 10
2 14
2 15
2 16
2 17
2 18
2 20
2 21
2 27
2 31
2 32
2 33
2 34
2 35
2 36
2 46
2 47
2 48
2 49
3 0
3 1
3 2
3 3
3 4
3 5
3 6
3 7
3 8
3 9
3 10
3 15
3 16
3 17
3 18
3 21
3 25
3 30
3 31
3 34
3 35
3 43
3 44
3 45
3 46
3 47
3 48
3 49
4 1
4 2
4 3
4 4
4 5
4 7
4 8
4 9
4 10
4 16
4 17
4 18
4 19
4 20
4 21
4 22
4 23
4 25
4 30
4 31
4 32
4 36
4 37
4 38
4 39
4 40
4 41
4 42
4 43
4 44
4 45
4 46
4 47
4 49
5 0
5 1
5 2
5 3
5 4
5 5
5 7
5 8
5 9
5 10
5 12
5 13
5 14
5 16
5 18
5 19
5 20
5 21
5 22
5 23
5 30
5 31
5 32
5 33
5 34
5 36
5 37
5 38
5 39
5 40
5 41
5 42
5 43
5 44
5 46
5 47
5 48
5 49
6 0
6 1
6 2
6 3
6 4
6 5
6 7
6 16
6 19
6 20
6 27
6 29
6 30
6 33
6 37
6 38
6 39
6 41
6 42
6 43
6 44
6 49
7 0
7 1
7 2
7 3
7 16
7 19
7 23
7 27
7 28
7 29
7 30
7 33
7 34
7 37
7 39
7 40
7 41
7 42
7 43
7 49
8 0
8 1
8 2
8 3
8 16
8 19
8 20
8 28
8 29
8 30
8 31
8 32
8 33
8 34
8 37
8 38
8 39
8 40
8 41
8 42
8 43
8 44
8 45
8 49
9 0
9 1
9 2
9 3
9 4
9 15
9 16
9 18
9 20
9 26
9 28
9 29
9 30
9 31
9 32
9 33
9 34
9 37
9 38
9 42
9 43
9 44
9 45
9 46
9 47
9 49
10 0
10 1
10 15
10 16
10 18
10 19
10 20
10 21
10 28
10 29
10 30
10 31
10 32
10 33
10 34
10 35
10 37
10 38
10 41
10 42
10 43
10 44
10 45
10 46
10 47
10 49
11 0
11 1
11 8
11 10
11 11
11 12
11 13
11 16
11 17
11 18
11 19
11 20
11 21
11 28
11 29
11 30
11 31
11 32
11 33
11 34
11 35
11 38
11 40
11 41
11 42
11 43
11 44
11 45
11 46
11 47
11 48
11 49
12 8
12 10
12 11
12 12
12 13
12 16
12 17
12 18
12 19
12 21
12 25
12 28
12 29
12 30
12 33
12 34
12 35
12 36
12 37
12 38
12 40
12 41
12 42
12 43
12 44
12 45
12 46
12 47
12 48
13 3
13 12
13 14
13 15
13 16
13 17
13 18
13 19
13 20
13 21
13 25
13 28
13 29
13 30
13 34
13 35
13 36
13 37
13 38
13 42
13 43
13 44
13 45
13 46
14 2
14 15
14 16
14 18
14 20
14 21
14 22
14 23
14 25
14 28
14 29
14 30
14 34
14 35
14 36
14 37
14 38
14 41
14 42
14 43
14 44
14 45
14 46
14 47
14 48
14 49
15 13
15 14
15 15
15 18
15 19
15 21
15 23
15 24
15 25
15 26
15 27
15 28
15 29
15 30
15 31
15 34
15 35
15 36
15 37
15 42
15 43
15 44
15 45
15 46
15 47
15 48
15 49
16 13
16 14
16 15
16 16
16 17
16 18
16 19
16 20
16 21
16 22
16 24
16 25
16 26
16 27
16 28
16 29
16 30
16 31
16 35
16 42
16 43
16 44
16 45
16 47
17 0
17 7
17 11
17 14
17 16
17 17
17 18
17 19
17 20
17 21
17 22
17 23
17 24
17 25
17 27
17 28
17 29
17 38
17 39
17 42
17 47
17 48
17 49
18 0
18 11
18 12
18 13
18 14
18 15
18 16
18 17
18 18
18 19
18 20
18 21
18 22
18 23
18 27
18 28
18 29
18 30
18 35
18 38
18 43
18 44
18 45
18 46
18 47
18 49
19 11
19 12
19 13
19 14
19 15
19 16
19 17
19 18
19 19
19 20
19 21
19 22
19 35
19 40
19 44
19 45
19 46
19 47
19 48
19 49
20 2
20 11
20 12
20 14
20 16
20 17
20 18
20 19
20 20
20 21
20 22
20 30
20 43
20 44
20 45
20 47
20 48
20 49
21 11
21 12
21 13
21 14
21 16
21 17
21 20
21 21
21 22
21 28
21 30
21 36
21 37
21 47
21 48
21 49
22 7
22 8
22 14
22 15
22 16
22 18
22 19
22 20
22 26
22 28
22 29
22 30
22 31
22 36
22 37
22 38
22 43
22 48
22 49
23 2
23 8
23 9
23 10
23 12
23 13
23 14
23 15
23 18
23 19
23 20
23 21
23 29
23 30
23 31
23 32
23 33
23 34
23 41
23 42
23 43
23 44
23 45
23 46
24 6
24 7
24 8
24 9
24 10
24 11
24 12
24 13
24 14
24 15
24 18
24 19
24 28
24 29
24 30
24 31
24 32
24 33
24 34
24 35
24 36
24 37
24 42
24 44
25 6
25 9
25 11
25 12
25 13
25 14
25 15
25 16
25 17
25 18
25 19
25 28
25 29
25 30
25 31
25 33
25 34
25 35
25 36
25 37
25 38
25 40
25 41
25 42
25 43
25 44
25 45
25 46
26 6
26 9
26 13
26 14
26 16
26 18
26 19
26 27
26 28
26 29
26 31
26 32
26 33
26 34
26 35
26 36
26 37
26 38
26 40
26 41
26 42
26 43
26 44
26 45
26 46
26 47
26 48
27 4
27 5
27 9
27 10
27 12
27 15
27 19
27 20
27 27
27 28
27 29
27 30
27 31
27 32
27 33
27 36
27 37
27 38
27 39
27 40
27 41
27 42
27 43
27 45
28 4
28 5
28 12
28 26
28 27
28 28
28 29
28 30
28 31
28 32
28 33
28 35
28 36
28 37
28 38
28 39
28 40
28 41
28 42
28 43
28 44
28 46
28 47
29 1
29 3
29 4
29 5
29 11
29 12
29 16
29 25
29 26
29 27
29 29
29 30
29 31
29 32
29 33
29 34
29 35
29 38
29 39
29 40
29 41
29 42
29 43
29 44
29 46
29 47
30 1
30 2
30 3
30 4
30 8
30 9
30 10
30 11
30 12
30 14
30 16
30 17
30 25
30 26
30 27
30 28
30 29
30 30
30 31
30 32
30 33
30 34
30 38
30 39
30 40
30 41
30 42
31 1
31 2
31 3
31 7
31 8
31 9
31 10
31 11
31 12
31 13
31 14
31 15
31 16
31 17
31 25
31 26
31 27
31 28
31 29
31 30
31 31
31 32
31 33
31 34
31 35
31 38
31 39
32 0
32 1
32 2
32 3
32 7
32 8
32 9
32 11
32 12
32 13
32 14
32 15
32 16
32 17
32 20
32 25
32 26
32 28
32 29
32 31
32 32
32 33
32 34
32 35
32 36
32 37
32 38
32 42
32 45
32 46
33 0
33 1
33 5
33 6
33 9
33 10
33 11
33 12
33 14
33 15
33 16
33 20
33 23
33 25
33 26
33 27
33 28
33 29
33 30
33 31
33 33
33 34
33 35
33 36
33 37
33 38
33 41
33 42
33 43
33 44
33 45
33 46
33 47
33 48
34 9
34 10
34 11
34 12
34 13
34 14
34 15
34 16
34 17
34 18
34 20
34 26
34 27
34 28
34 29
34 30
34 31
34 32
34 33
34 34
34 35
34 37
34 38
34 39
34 41
34 42
34 43
34 44
34 45
34 46
34 47
35 9
35 10
35 11
35 12
35 13
35 14
35 15
35 16
35 17
35 18
35 20
35 25
35 27
35 28
35 29
35 30
35 31
35 34
35 36
35 37
35 38
35 43
35 44
35 45
35 46
35 47
36 1
36 6
36 8
36 9
36 10
36 11
36 12
36 13
36 14
36 15
36 16
36 17
36 20
36 21
36 22
36 23
36 24
36 25
36 26
36 27
36 28
36 29
36 31
36 35
36 36
36 37
36 38
36 40
36 41
36 45
36 46
37 3
37 8
37 9
37 11
37 12
37 13
37 14
37 20
37 21
37 22
37 23
37 24
37 25
37 26
37 27
37 28
37 29
37 30
37 31
37 32
37 34
37 36
37 37
37 40
37 41
37 45
37 46
38 7
38 8
38 9
38 10
38 11
38 12
38 13
38 20
38 21
38 22
38 23
38 24
38 25
38 26
38 27
38 31
38 34
38 35
38 36
38 37
38 38
38 41
38 42
38 46
38 47
39 1
39 7
39 8
39 9
39 10
39 11
39 15
39 19
39 20
39 21
39 22
39 23
39 24
39 25
39 26
39 27
39 29
39 30
39 31
39 34
39 35
39 36
39 37
39 39
39 40
39 41
39 42
39 44
39 45
39 46
39 47
39 48
39 49
40 10
40 11
40 15
40 16
40 17
40 18
40 19
40 21
40 22
40 23
40 40
40 41
40 42
40 43
40 44
40 45
40 46
40 47
41 0
41 2
41 3
41 10
41 11
41 15
41 16
41 17
41 18
41 19
41 20
41 21
41 22
41 23
41 24
41 25
41 37
41 38
41 39
41 40
41 41
41 47
41 48
41 49
42 0
42 2
42 3
42 4
42 5
42 11
42 15
42 19
42 20
42 22
42 23
42 24
42 25
42 26
42 34
42 38
42 39
42 40
42 41
42 44
42 45
42 48
42 49
43 2
43 3
43 4
43 5
43 16
43 17
43 18
43 19
43 20
43 25
43 26
43 28
43 33
43 34
43 35
43 36
43 39
43 40
43 41
43 45
43 47
43 48
44 2
44 3
44 15
44 27
44 28
44 31
44 34
44 35
44 36
44 37
44 38
44 39
44 40
44 45
44 46
44 47
44 48
45 2
45 3
45 14
45 15
45 16
45 18
45 19
45 34
45 35
45 36
45 37
45 38
45 39
45 44
45 47
45 48
46 0
46 2
46 3
46 9
46 10
46 11
46 12
46 13
46 14
46 15
46 16
46 17
46 18
46 19
46 34
46 35
46 36
46 37
47 1
47 3
47 9
47 10
47 11
47 12
47 13
47 14
47 15
47 16
47 17
47 18
47 19
47 20
47 28
47 32
47 33
47 34
47 35
47 36
48 1
48 2
48 3
48 4
48 5
48 9
48 10
48 11
48 12
48 13
48 14
48 15
48 16
48 17
48 18
48 19
48 20
48 21
48 22
48 32
48 33
48 34
48 35
48 39
48 40
48 48
49 0
49 1
49 2
49 3
49 4
49 5
49 6
49 7
49 8
49 12
49 13
49 14
49 15
49 16
49 17
49 18
49 20
49 21
49 22
49 31
49 32
49 33
49 34
49 38
49 39
49 40
49 43
49 47
