0.5276 0.7065 0.5615 0.6112 0.7123 1.1587 0.0589 0.3139 5.7950 0.5434 6.2465 0.4676 6.1342 6.1296 0.9921 0.2710 6.1199 5.9542 0.6727 1.3028
0.2099 0.8011 0.5448 1.1397 1.1666 0.7333 0.6052 1.0580 0.6496 6.1172 5.7328 6.0101 5.2948 0.0183 0.0307 5.7255 6.1233 0.0343 0.0161 0.1667
0.3371 0.7081 1.6941 1.1733 0.4766 0.3540 0.3742 0.0914 6.1439 5.7413 5.5155 6.2102 5.3660 5.7731 5.7507 5.7388 5.2564 0.3639 0.1747 0.2887
0.0404 5.8249 6.1640 0.5380 0.2102 0.1155 0.0550 0.7642 5.5405 5.4539 6.0756 0.3116 5.8255 5.6921 5.8111 5.8286 5.6620 0.0669 0.2272 0.7724
0.8212 0.1426 5.7666 0.1985 0.1400 0.9037 0.1869 0.1816 6.0824 5.4615 0.0408 5.5844 5.5579 5.0966 5.4257 3.9103 5.7592 1.0520 0.1983 0.1316
6.2578 5.5993 5.8365 5.9311 0.1595 0.5746 0.3349 0.0823 6.2608 6.2539 5.5556 4.7752 4.7286 5.0073 5.0948 4.1517 5.9539 0.6399 0.9157 6.2600
6.1894 5.6113 5.9875 5.9884 6.2653 0.5692 0.8632 0.7973 1.0955 0.5759 5.4497 4.9841 4.0333 3.8109 3.4545 3.4295 2.2447 1.1736 1.0996 0.2798
0.6959 6.2657 0.0289 5.7674 0.4573 0.5607 0.9911 1.5836 1.7067 1.3159 0.9166 3.2919 3.6383 3.2480 3.3935 3.3168 2.5063 1.6780 1.4396 0.4581
0.3077 0.0247 0.4220 0.6022 0.6177 0.6383 1.0944 1.8307 2.6033 2.5882 2.4090 2.5622 3.3958 3.0236 3.3882 2.5207 2.7980 1.9706 1.6417 1.2347
0.4363 0.5687 0.4934 0.1809 0.3100 6.1899 0.9613 1.7471 3.6011 3.8222 2.3402 2.5941 2.3840 2.5773 3.0806 1.8785 1.6965 1.3985 0.8259 1.0220
1.1483 0.6915 0.1686 6.2763 5.7698 6.0482 0.0178 3.4740 3.5595 4.2360 1.8261 2.1354 1.5550 1.4567 2.1109 2.2772 2.4052 1.4116 1.0074 1.2959
6.0918 0.0569 6.2203 5.9486 0.1328 5.9405 5.8322 4.1321 3.8058 4.7129 2.0962 2.8233 1.7796 1.6990 2.1109 2.4336 2.1871 1.3933 0.2370 0.3204
0.4227 0.5150 0.2449 6.2029 5.5731 5.6771 4.6479 4.5573 4.5509 3.7817 2.3824 1.8518 1.8992 2.2539 2.4033 1.4684 2.2384 1.4742 0.2523 0.6562
0.6038 0.6864 0.9012 0.5600 5.6476 5.8485 4.7160 4.5109 4.2805 3.3632 0.9064 1.2511 1.7974 1.3917 2.3612 2.2896 2.4301 1.3693 0.7546 6.1499
0.1646 0.2490 0.8528 0.0506 5.5085 5.5349 5.6352 0.4483 0.4955 1.1668 0.8806 1.2133 1.3599 1.2185 1.9291 1.9651 1.8640 1.1843 0.9527 0.6877
0.5753 6.0965 5.9198 0.2171 5.9724 5.5352 5.7362 1.0030 0.9778 0.8290 0.7480 0.3811 1.8651 1.0370 1.4192 1.6239 1.4823 1.4065 0.5344 0.3145
0.4097 0.2828 0.5171 0.1586 6.1267 0.1131 0.3279 0.8571 1.2501 1.2887 1.0836 0.8276 1.4639 1.3918 1.6454 0.8424 0.7609 0.3556 5.8736 0.3681
6.1234 6.2710 0.4488 0.1769 0.3097 0.1375 0.2046 1.0323 1.1971 1.1276 0.6777 6.2714 0.6177 0.8277 0.9909 0.5959 0.7353 0.8717 0.1942 0.0437
5.9891 0.0292 0.3237 0.1069 0.1935 1.2468 0.8103 0.6274 0.5937 0.5768 1.0210 0.5173 1.0996 0.5793 6.2284 0.4472 0.4915 0.6483 0.5817 0.5764
0.4531 0.2905 0.1616 0.4356 0.5999 0.7001 0.0533 0.2145 0.2310 0.4964 0.4080 0.0461 0.5285 0.6810 0.1195 0.3030 0.6408 0.2503 1.7937 1.5726
