4.6903 4.5344 3.0147 2.3999 1.3161 0.2094 6.1961 0.0798 0.0283 0.2720 0.3880 0.5077 0.5153 0.6888 1.2737 1.2518 0.0036 5.5671 0.1198 5.2151
4.5118 3.8866 2.9798 2.3225 1.3623 0.3323 6.1682 0.3257 0.0890 6.2279 6.2816 0.3920 0.6930 1.1322 1.2401 0.4330 6.1982 5.3515 5.3547 5.3426
4.4184 4.1925 3.9899 2.4066 1.8102 1.9458 0.6237 0.3520 0.6362 0.3095 0.4657 0.6184 0.2970 0.1170 0.1108 6.2130 5.3551 5.2335 5.5478 5.7002
4.1629 4.2545 4.1375 2.8274 2.3963 1.5522 0.9197 0.8800 0.9570 1.1432 0.8937 0.7784 0.0866 0.2180 0.0255 0.1491 5.8600 5.1592 5.9763 5.6299
4.1668 4.6842 3.2354 2.1765 2.2840 1.2841 1.0957 1.8428 1.3083 0.9241 1.2729 1.0124 0.5601 0.9106 6.2396 5.5962 5.9283 5.7505 5.4758 5.8374
5.0943 5.1901 3.9101 2.9335 2.9334 2.9713 2.5388 1.2834 1.5473 0.8870 1.3753 0.3480 6.2692 0.0833 5.8375 5.9426 5.6011 5.6281 4.9870 6.1022
4.9760 5.4043 4.7064 3.5070 2.9669 3.7482 2.9471 2.2275 1.3645 1.4056 2.1409 5.5852 5.3307 5.4278 5.3564 5.6769 5.7450 5.5756 4.7754 4.6284
4.7332 4.7875 5.1436 3.7904 3.2420 3.2570 3.2960 2.6312 1.9446 2.0782 3.5298 4.2840 4.5117 5.2474 5.1742 5.4870 5.0776 4.9754 4.9289 4.7874
5.3508 4.4409 5.9162 3.2447 3.3436 3.1478 3.7175 2.8132 3.2014 3.3601 3.4809 4.3876 4.2158 4.4700 5.2357 5.0773 4.4583 4.4954 4.6360 5.4169
4.2160 4.8230 5.1155 4.0765 3.9113 3.1625 3.3935 3.4354 3.1870 3.1657 3.8233 4.6792 5.0363 5.0800 4.6243 4.9970 4.6124 4.5518 4.9265 4.5014
3.9542 4.4451 4.8502 4.5840 4.5941 4.1903 4.4294 3.4046 2.9801 3.5656 4.0125 3.0941 3.9991 5.0361 4.4927 4.7290 4.4560 4.6851 4.3255 4.3772
3.2871 3.7042 4.3273 5.6544 5.4092 5.3863 6.0982 2.5922 3.3030 3.1219 2.8383 3.1640 3.3977 3.4948 3.6900 4.1227 3.9301 3.9394 3.2744 3.4642
2.6089 3.5391 4.4970 5.2995 5.2374 0.0026 0.2305 1.7956 2.5239 2.5160 2.7849 3.4411 2.9175 3.7686 3.9881 4.1578 3.3901 3.0645 2.9696 3.0039
3.0633 1.9468 0.1084 0.0863 0.2818 0.6492 0.7813 1.1600 1.8569 2.8583 3.0260 3.5030 3.6512 3.3430 3.2340 2.8951 2.6173 2.9727 3.0409 3.0391
1.9802 1.3862 1.3383 1.2490 0.4804 0.9974 0.4694 1.2214 1.2675 2.7679 3.3848 3.3414 2.9945 3.1923 3.1773 3.1965 3.2448 3.3736 3.0079 2.3320
1.1479 0.6866 1.1467 1.2865 1.6697 1.3149 0.6693 1.0690 0.9019 3.7685 3.5544 2.0163 2.0464 2.7986 2.6633 2.9637 2.2471 2.1628 1.7387 1.4328
1.0483 6.2658 0.6509 1.4576 1.4293 1.3944 0.8898 5.8865 5.5646 4.5834 2.7714 1.5462 1.6783 1.6375 1.9290 1.7791 1.2667 1.4996 1.5436 2.2299
1.2327 0.4140 1.4180 1.4990 1.5412 1.0043 0.4687 5.6447 6.1594 5.7784 6.0332 0.2213 0.5653 1.4327 1.6129 0.7511 0.9012 0.4936 0.9489 0.1285
1.8731 0.7962 1.5227 1.4729 0.7941 0.1198 0.9865 0.0149 6.0842 5.8382 0.3809 0.5042 0.4199 1.1030 1.6882 1.5863 0.7760 5.8355 5.6146 5.4981
4.7960 6.2577 1.9297 1.5196 0.1913 0.0357 6.1617 0.4874 5.7296 6.0629 0.5754 0.6720 0.8668 0.9420 1.8574 1.3613 0.3459 6.2052 5.7954 5.8602
