1.9923 2.2196 1.9570 1.7202 1.8485 1.9564 1.8415 1.2875 1.5376 0.4193 0.7867 0.3479 0.1559 1.0480 1.7604 1.1424 1.5205 0.6355 1.2058 1.4103
1.3495 1.8336 1.4564 1.6351 1.2381 1.8124 1.6217 0.7042 0.7077 0.5356 1.2256 0.8179 0.2703 0.2165 0.7743 1.2010 1.1316 1.3110 1.0710 1.2149
1.3911 1.2092 0.5820 1.6489 1.3485 1.8708 1.1917 0.5817 1.1426 0.5561 0.9500 0.3844 0.0858 5.6629 5.4803 6.2283 6.1337 6.0510 6.2573 0.0945
1.6798 1.5947 1.5965 2.1754 1.8831 0.7635 1.4529 0.8074 0.6114 0.4923 0.5199 6.1698 5.3405 5.1514 5.5502 5.3765 5.0878 4.4605 5.6452 5.4294
2.9385 1.9949 2.3011 2.3481 1.8998 1.5620 0.7712 0.1909 0.4783 0.4916 0.4030 0.0242 5.2212 5.5656 5.0754 5.4362 4.8430 4.6952 4.6593 3.6726
2.7280 2.8975 3.4353 2.8120 2.3115 1.4991 1.0241 0.5902 0.2146 5.6471 5.8362 6.2033 6.1400 5.7078 5.1034 5.3874 5.1916 5.0550 3.7354 3.5370
3.1605 4.1265 3.3159 3.4111 2.4037 2.1177 0.7334 0.6764 0.3870 0.2622 6.1243 5.7344 6.1338 0.3624 5.2514 5.6274 5.7210 4.4620 3.1940 2.9879
3.9907 4.6940 4.1378 3.7430 3.6655 6.1770 5.6465 0.7866 6.2416 0.1292 0.4192 5.6550 5.7959 6.0137 6.2369 5.7714 5.2997 4.5580 3.9543 4.4828
4.4844 4.9870 4.4275 4.7178 4.4640 5.4822 5.7464 0.1422 0.2679 0.2125 0.8313 0.5198 0.5108 5.6782 6.1422 5.3960 5.1065 4.7559 4.2934 4.3721
4.5663 4.7251 4.9526 4.9331 5.2797 5.8110 0.0092 0.8940 0.2164 0.8445 0.5509 1.0340 0.5798 0.6853 6.0585 5.6799 5.1774 4.9605 4.6755 5.4098
5.2308 5.3731 4.5143 4.4122 4.7853 5.1536 5.9886 6.0532 0.0696 0.5651 0.9590 0.2870 0.1622 0.3017 0.0223 5.7237 6.0572 4.1835 4.7717 5.2281
5.4466 5.9783 4.8284 4.9493 5.3696 5.2028 6.2503 6.1513 0.5781 1.2603 1.0887 1.1226 0.5889 5.9752 0.6465 5.7958 5.5267 5.2648 5.2664 5.0374
5.1262 5.6346 5.7028 5.1666 5.1317 4.7845 5.9627 6.0206 0.7674 1.7537 0.9510 1.2148 1.0417 0.0871 0.1944 0.5445 0.2356 5.8549 5.0619 6.0578
5.1303 5.2404 4.6464 5.0803 4.6738 3.9005 3.3592 1.3149 1.4907 1.0988 1.9586 1.6203 1.5437 0.8203 1.1954 0.1038 0.2594 0.2147 5.8056 5.3206
4.8629 4.9203 4.8251 4.5268 4.6440 3.6257 3.1738 2.0509 2.1900 2.5040 2.8143 1.7966 1.6394 1.5157 1.2939 0.6767 0.5250 0.5044 0.5298 5.6323
4.4130 3.6112 3.8155 3.7041 2.9791 3.9143 3.1137 2.2527 2.6923 2.5223 2.3582 1.8821 1.6087 2.0885 1.5982 1.0131 0.6327 0.2590 0.0655 5.8256
3.8538 3.2597 3.0726 2.9676 3.1038 2.4902 2.1566 2.4149 2.2115 2.7649 1.8851 2.3385 2.2722 2.0762 1.4225 1.3072 0.5997 0.6108 0.5124 4.2163
2.8461 2.5142 2.8768 2.9079 2.4179 1.9867 2.1192 1.4459 1.9381 1.8871 2.8268 2.8136 2.2757 2.1300 1.3933 1.5738 1.3358 1.4623 2.6345 2.9857
1.5811 1.7273 1.7158 2.6376 2.0098 1.6751 1.8694 2.2790 2.1058 1.9174 1.1271 1.2184 1.2712 2.2357 2.0637 2.1942 1.2830 2.0451 2.0735 1.8729
1.6533 1.7512 1.5766 2.6151 2.4466 2.2381 1.8136 1.5852 1.0130 1.1595 0.6239 0.5789 0.7750 1.4282 1.2333 1.7266 1.7768 1.5720 1.6945 1.9115
