2.6155 2.2083 2.4183 1.3555 1.3735 1.0955 1.1379 0.9901 1.2377 6.0480 5.8464 5.5580 5.1598 5.0000 3.9933 3.3714 3.2336 3.5400 2.8691 2.8661
1.9431 2.0746 2.2482 1.2270 1.5045 1.0641 0.3314 0.9914 0.8752 0.5136 0.4104 5.9150 5.4698 4.2935 3.7208 3.8765 3.3125 2.9548 1.9971 2.4080
1.8655 1.9153 1.9548 1.7966 1.5843 1.7732 0.9016 1.3298 0.7284 0.6872 0.2478 5.9881 5.5579 5.9548 3.2848 2.9499 3.6856 2.5401 2.6034 2.6323
3.8180 2.4553 2.4668 2.4326 2.1686 2.4920 2.4634 1.7948 1.5675 1.2100 0.4762 5.9445 5.4061 6.2656 0.2602 0.4006 1.8031 2.2655 2.4284 2.9916
3.7996 2.7595 2.6726 3.0710 2.4699 2.3644 2.3643 2.7314 2.4374 1.5288 0.6802 6.0368 5.6661 0.3001 6.0217 0.7363 1.7086 1.8321 2.5993 3.3646
2.4993 3.2451 2.6479 3.3799 3.0906 2.6293 2.6999 2.8230 3.0561 3.2210 5.1282 5.9589 5.7382 6.2323 0.0953 1.0439 0.7727 1.6243 2.9986 2.9965
3.1390 3.1287 3.0514 3.2580 3.8703 2.9501 3.5614 4.3005 3.9454 3.9867 4.5562 5.2574 5.6931 0.3257 5.8718 0.8159 0.4124 2.2367 1.6703 2.7202
3.4082 2.7911 3.6621 3.0247 3.5221 3.5684 3.5660 3.7795 3.7137 4.0267 4.6179 5.2936 5.6867 5.7959 5.3910 5.6413 5.1251 3.4576 2.7066 2.9604
2.7652 2.6288 2.5439 3.0575 3.1631 3.9391 3.8224 4.1860 3.4045 4.6321 4.4449 5.5050 5.4034 5.4149 5.6595 5.3130 5.3588 4.7151 4.1292 3.2733
2.9538 3.2978 3.6107 3.7805 3.7962 4.0612 3.9995 4.4235 3.9006 4.5957 4.4318 4.4523 5.0700 5.3447 4.8848 5.0260 4.9665 4.8260 3.6260 3.0290
3.4841 3.0771 2.1510 3.2999 4.0975 3.8079 4.2152 4.8619 4.1951 3.9761 4.0456 4.1865 5.1480 5.3496 5.3721 5.4495 5.2902 4.5959 3.4517 3.7056
3.0900 2.5941 3.3731 3.2336 3.3384 3.2303 4.3895 4.4716 4.0170 4.0847 3.4324 4.7538 4.8921 4.7315 4.8702 5.7827 0.2756 1.6651 3.4211 2.9487
2.8406 2.9072 3.2439 3.2423 3.3629 3.6052 4.9719 4.0645 3.9332 3.9073 3.5630 4.1111 3.6805 4.4150 4.1754 1.0220 1.6014 1.4177 2.3912 2.6569
2.2901 2.9030 3.0738 3.1171 3.3230 3.6146 4.3021 3.8238 5.1827 3.6895 3.2284 3.6333 3.0779 3.3173 3.5159 2.5388 2.5379 1.6797 2.2432 2.8538
2.7244 3.3923 3.7064 4.1244 5.2302 4.3673 4.4929 4.5026 4.4162 4.4136 3.9961 3.0715 3.4302 4.2202 3.7296 2.8802 2.0530 2.2407 2.4252 2.0148
2.5049 2.5784 3.1938 4.2498 4.2577 4.8047 4.5815 4.7842 4.3782 4.5764 3.6237 4.0032 3.4707 4.0450 2.9996 3.1887 2.5841 2.3325 2.3836 1.8231
2.3909 2.2023 2.7057 3.6044 6.0261 5.9407 5.5169 4.8854 4.5412 5.0183 4.3170 4.0113 3.4554 3.8406 3.2360 3.0502 3.0039 2.7695 2.4125 2.6267
1.8154 2.3184 2.1637 2.4416 0.3296 0.2609 0.1429 6.1907 5.5749 4.8084 4.1292 3.8615 3.9722 3.6621 3.3268 2.9807 3.1516 2.5034 2.2551 1.6620
2.6090 1.6951 1.8350 1.8679 0.3761 0.7330 0.6749 0.3385 6.1571 5.2940 4.7677 4.7175 4.5817 4.3730 3.1509 3.2305 2.6972 3.1798 2.1094 1.6162
2.6050 1.7444 1.6844 1.5685 0.8634 1.4981 0.6042 0.2581 0.0437 5.7404 5.3859 5.2381 5.5675 4.8857 4.4638 4.2330 2.9184 3.3876 2.6403 2.2771
