5.9587 6.0732 5.9143 5.7867 5.9645 6.2053 5.6283 5.9026 4.4950 3.7685 3.6735 3.4746 2.2733 2.1887 1.4785 0.5665 0.9813 0.4668 1.1238 0.2172
5.6395 5.9069 5.7519 5.5766 5.5366 5.6130 5.1312 4.3458 4.5088 4.0214 4.1502 3.8956 2.0656 1.8393 1.4367 1.0057 1.1494 0.8154 0.3067 0.3526
5.8900 0.4898 0.0535 6.1379 6.1919 0.0920 5.3653 4.2873 4.2328 4.2644 5.4142 5.5778 1.8402 1.1388 1.0169 0.9438 0.5953 0.4997 0.5293 6.1750
0.2099 0.0695 5.9878 0.1348 5.5077 6.2207 5.3090 5.5440 5.4184 5.2016 0.0175 0.1821 0.8636 1.0397 0.5865 0.8262 0.7721 0.2747 0.3141 5.9565
0.6861 0.1263 6.1896 5.5507 5.4934 6.0975 5.5533 5.4930 5.0940 6.0946 0.3475 6.2168 0.9753 0.8777 0.5024 0.5270 0.8673 0.6347 0.7361 0.6224
5.9910 6.2097 6.1123 6.0609 5.4327 5.5494 5.3199 4.6274 4.0744 3.6391 2.2583 1.0226 1.8270 1.4726 1.4800 1.1109 0.3730 6.1900 0.1475 0.6839
0.2551 5.6876 5.4580 4.5028 5.0764 4.9346 4.6967 4.3624 3.5866 3.2686 2.2579 1.8663 1.4277 2.2618 2.2375 0.4339 5.9726 6.0923 0.4227 0.3801
0.5281 5.9748 5.0970 4.6946 5.4914 4.2502 3.9917 3.4218 3.1634 2.9184 2.1746 2.0494 1.8132 2.1995 1.2394 1.0435 5.9476 6.2698 0.2559 0.3456
0.4521 5.9151 5.2016 4.8226 5.0833 4.2336 4.2491 2.8126 2.8361 2.9350 2.2971 1.5945 1.8829 1.6808 1.0304 0.7771 0.3487 0.3403 6.2015 0.3361
6.2548 4.9926 5.1933 4.4336 4.4408 4.5460 4.0610 3.2751 2.4012 2.5472 2.7123 2.4208 1.3650 0.7293 0.2069 0.2818 0.2992 0.0297 5.7244 5.6626
5.5128 5.6167 5.8334 5.6618 5.0775 5.4906 6.0008 1.4214 2.4071 2.0169 2.1241 2.2780 2.1759 0.7218 0.0384 6.0045 5.6811 6.0160 6.2709 5.5473
6.0528 5.4317 5.8521 5.1236 5.7873 5.9199 5.9295 1.1312 1.5065 1.6717 2.3812 2.5120 2.0968 0.4069 5.7730 5.1929 5.3503 5.6447 5.1671 5.4205
5.9322 5.6438 5.2325 5.5055 5.5285 6.1956 6.0664 1.3319 1.4041 1.3892 2.2851 2.4983 1.6697 5.8149 5.3673 5.8118 5.7252 5.0579 4.5637 5.4910
0.1119 5.3128 5.5177 5.3931 6.2057 0.0832 6.0887 1.3458 1.2553 1.6131 2.4119 2.4234 3.0068 0.1676 5.6759 5.4756 5.5731 5.2659 5.5893 5.9685
6.2592 5.9438 5.6655 5.4960 0.0562 0.6608 1.0454 1.6939 2.2304 1.9772 1.6585 1.8768 1.0076 0.3251 6.2286 0.2330 0.2846 5.8313 5.8828 6.1094
6.1139 5.5841 6.1566 5.9272 0.0355 6.2582 1.1306 1.3311 1.7891 1.3930 2.1083 2.3204 1.9100 1.0606 0.4195 5.9746 0.1744 5.9918 6.0896 0.2907
5.6233 6.2598 0.0165 6.2248 0.2878 0.2854 1.7292 1.8602 1.9604 1.7884 1.8815 2.8163 2.3394 1.1698 1.2014 0.9946 0.5125 6.0465 6.1743 6.0708
5.7965 0.3840 0.5695 0.2073 0.3584 0.9442 1.6727 1.9776 1.7190 2.2899 2.8756 3.3701 2.4966 2.3800 2.0939 1.4061 0.7477 5.9668 6.1916 0.0908
0.3745 0.0705 0.2897 0.1363 6.1326 0.4386 0.8414 1.7422 2.2369 2.7093 3.1324 3.4585 1.9520 2.4676 1.6121 0.6358 0.0594 5.6712 0.0233 0.0572
6.0313 0.2885 0.0877 0.4420 0.0116 0.4598 6.0000 5.9673 3.8574 3.4321 3.1572 2.6817 2.2119 2.1600 1.5907 1.0425 0.4321 0.0835 0.1761 6.2139
