0.4953 5.6764 0.0523 0.2150 6.2739 0.6537 0.2428 0.4158 5.6917 5.9086 6.0194 5.5967 5.6852 0.2664 0.5781 1.7502 1.9939 1.8096 1.3200 0.7048
0.0826 5.8941 6.1326 6.0544 0.3219 6.1567 5.8625 0.4578 5.5660 5.3663 5.8284 5.3241 5.9503 6.1059 0.4084 1.4881 1.5891 1.3431 1.3278 6.0913
0.5364 0.4792 5.9063 0.1711 6.2670 6.0566 6.0201 0.8021 5.9495 0.4437 6.2566 5.9190 0.6870 0.4138 1.1598 1.1495 1.5607 1.2353 1.6640 1.1776
1.6394 0.5601 5.3841 5.6868 6.0084 5.6104 5.9754 0.3814 5.5242 6.1918 0.5018 1.3539 1.3214 0.4284 0.9248 1.1598 1.6573 1.5068 1.4707 1.0534
1.4965 0.4080 5.7148 5.6996 5.3148 6.0241 5.8105 0.2725 5.9226 0.4602 1.1679 0.8928 1.3095 1.5585 1.4368 1.5795 1.1090 1.2801 1.5715 1.5084
1.5105 1.7308 4.9370 5.1390 5.4243 5.2904 5.5487 5.6003 5.7603 0.1232 0.7184 1.1764 1.3488 1.6118 1.7230 1.6969 1.6717 1.5903 1.8873 2.6632
2.2358 2.7465 2.4299 5.2333 4.3560 5.0227 5.3914 5.5595 6.0785 6.0746 6.2419 6.1484 1.0657 0.7778 1.3999 1.1256 1.4384 2.1605 1.9405 2.4045
3.0200 2.3758 2.8689 3.0757 3.7119 4.4565 4.7216 4.9931 5.8853 5.8022 6.0997 0.1494 1.0833 0.6203 0.6945 1.2534 1.1260 1.4448 1.5774 2.3469
2.4001 2.1170 1.9613 3.3660 4.2145 4.2138 4.1907 4.5084 5.1402 5.3185 6.0889 6.0692 0.9537 0.8477 1.4920 1.3320 1.4335 1.3886 1.7659 1.3894
1.2285 2.0128 2.6761 2.6048 2.2854 3.2944 4.2945 3.5382 4.6857 5.2543 5.1295 5.9333 0.7713 1.1681 1.7602 1.3108 1.5291 1.1928 1.0918 1.2633
1.0049 1.5094 2.1886 1.7218 2.5048 2.3280 2.8894 3.1497 4.5415 5.0415 5.0427 4.9240 0.6315 1.2777 1.4941 1.6710 1.4073 0.6965 0.7132 1.1585
0.5703 1.0767 1.0733 0.7937 1.9665 2.1899 2.2668 4.1017 4.9117 5.3506 5.1216 6.1988 0.6054 1.3156 1.3647 1.2527 0.9342 0.4239 0.4887 0.6122
6.0682 0.6192 0.4178 0.1746 1.1090 1.2688 0.8088 6.0695 5.2255 5.0677 5.1770 5.4230 3.8325 2.4833 2.3233 2.2941 1.6282 5.9803 6.2414 0.4964
5.5177 0.7075 0.1722 0.0725 0.0139 0.1676 0.1071 6.1145 5.4551 5.0939 4.8859 4.4003 4.0404 2.3657 2.4905 2.3838 1.9327 5.6020 5.5469 6.2087
5.5419 5.8597 5.7950 6.0893 0.5172 0.2199 6.2252 5.9419 4.9680 5.3643 5.0679 4.5306 3.8309 3.7183 3.6062 3.3720 3.5267 3.9253 4.2728 5.6721
5.7213 6.0342 5.8896 0.0907 0.8599 6.0195 5.7160 5.5586 5.1182 5.0921 4.8135 4.4951 4.3379 3.3531 3.5676 3.4077 3.3683 4.2899 4.8691 4.9715
5.7233 5.9433 0.0976 0.1679 5.6767 5.8380 6.1134 5.4157 4.9937 5.2396 5.2624 5.0089 4.3850 3.6776 3.8572 3.4960 3.2284 4.0482 4.4234 5.2272
5.2834 5.9931 6.2185 6.2461 6.1795 6.0470 6.2257 5.7729 5.2060 4.8632 4.8220 4.8640 4.0479 4.2981 4.4033 4.1474 3.3730 3.9379 4.4590 5.9598
6.1840 5.7942 0.3140 0.1624 5.9350 6.0518 0.0769 6.1637 5.4333 4.8527 4.9555 5.1354 4.5594 3.9240 3.6952 3.3661 3.2072 3.1496 4.4510 0.5430
0.7721 0.0707 0.2134 0.6675 0.1564 0.3860 0.6568 0.2555 5.6030 5.1505 5.2045 5.9722 5.0936 4.2502 4.2238 2.8071 2.3897 1.4633 1.8237 0.7743
