5.9227 4.3358 4.2646 4.4472 4.8554 4.9491 5.2455 5.6775 6.0569 0.3717 0.0869 0.2250 1.2062 1.2193 0.6878 0.6440 1.4368 1.9511 1.3182 0.0275
6.1082 4.8658 4.4672 4.1227 4.6913 4.4932 5.3609 5.4873 6.1033 6.2390 5.4529 0.2083 1.0815 0.9199 0.9852 0.2865 0.8883 1.3956 1.4666 0.6185
5.9992 4.9853 4.3334 4.5118 4.9344 4.9367 5.4114 5.2318 5.1865 5.2188 6.2027 0.2453 0.5801 0.2117 0.5408 1.1257 1.5377 1.7103 1.8528 1.1809
1.0011 6.1787 5.2241 4.5768 4.5199 3.1904 3.9021 5.2373 5.4411 4.6906 5.9956 1.0969 0.9448 0.5513 0.6416 1.4083 1.9098 1.7113 1.3139 1.3428
0.6776 6.2578 5.7465 4.6770 4.9784 4.1475 4.4771 4.7114 4.8435 3.5307 2.9417 2.0557 1.9908 1.3139 1.9929 2.4840 1.9840 1.6872 1.6094 1.8950
0.6576 0.5977 5.7767 5.6403 5.5976 5.5153 4.6357 4.6278 3.9188 3.9963 2.3070 1.9095 1.9321 1.9841 2.1729 2.8066 1.6161 2.1424 2.4471 2.0162
0.9278 0.7252 0.0579 5.2508 5.3048 5.4227 3.9938 4.4372 3.7282 3.7926 3.1465 2.6748 2.7495 1.9299 2.5465 2.4505 2.3187 2.3017 1.4587 1.3864
1.1843 0.3210 0.2239 4.9321 4.4484 4.7281 3.9129 4.0678 3.2562 3.8704 2.2422 3.3859 3.3789 2.0509 2.6285 2.8028 2.4872 2.4451 1.9876 0.8842
1.4914 1.0164 0.8188 5.3106 3.6748 4.1733 3.7853 3.9165 3.2641 2.6603 2.7516 3.0262 2.9639 2.6447 3.4795 2.8454 2.7097 2.2532 1.9592 1.9693
1.7490 1.4920 1.2390 3.9506 2.5560 3.4451 3.5400 3.4992 2.8283 2.7282 2.5095 3.2579 3.7218 3.9029 3.6783 3.9655 2.8352 2.2030 2.6457 2.1045
1.3824 1.9084 2.4438 2.6628 2.0826 2.7917 2.7027 3.1141 2.6626 2.4061 3.3203 3.4364 3.2262 4.3250 4.8351 4.5822 3.5304 2.2379 2.0183 1.5232
0.9706 1.8833 1.7458 2.0525 2.6429 2.1146 2.7050 3.1079 2.6537 2.4945 3.0951 3.1584 3.5536 4.5192 5.2643 5.5884 0.2149 0.5906 0.7536 0.3234
1.2925 1.7330 2.0774 2.6148 2.0539 2.9343 2.7699 2.7008 2.3625 3.1329 2.5461 2.2287 2.4959 1.2913 0.1321 6.0840 5.6769 0.6541 0.6414 0.9378
2.3515 1.1533 1.9677 1.9804 2.2969 3.4772 2.7070 2.9493 2.9159 2.5912 2.0873 2.3303 2.9203 1.1956 0.8010 0.4473 0.1030 1.2098 0.7060 0.5969
1.8937 1.6680 2.7439 2.6383 2.7850 2.9655 2.6765 3.2993 3.1234 2.4624 2.3173 2.2924 2.4198 1.0738 0.5085 0.5247 1.1123 0.6405 0.9304 1.8353
1.6164 1.1009 1.7245 2.2497 2.9166 2.6387 2.7249 3.3453 2.6914 2.2516 1.8235 1.4970 2.1374 1.6692 1.0173 0.9838 1.7487 0.9618 1.5891 1.9705
1.9912 1.9141 2.2713 3.1738 2.8728 2.9768 3.4061 3.9209 4.6181 1.5543 2.2766 2.2688 1.5571 1.1057 0.5952 1.2612 1.4542 1.7144 1.5853 1.8863
1.7911 2.1783 2.2429 2.6470 3.1638 3.2490 3.3200 4.5639 4.9257 0.2049 0.9165 0.9946 0.8486 0.9964 1.2965 1.4511 1.4013 1.6659 0.9657 1.9934
1.6984 3.4413 2.8303 3.7711 3.9733 4.0408 4.5639 5.0498 5.5986 5.3533 0.2268 1.2244 1.0101 0.8896 0.7746 1.0403 0.9032 1.2762 0.6059 1.5620
2.2134 3.3699 4.2182 4.2295 4.7088 4.5397 5.0939 5.4813 6.0853 0.2264 5.9988 0.7662 1.0916 0.6689 0.9100 0.8218 0.4388 0.9294 1.1937 1.0891
