3.0928 2.0260 1.7580 0.9963 1.0295 1.2754 1.4514 2.5386 2.6576 3.1991 3.1482 3.3000 3.1364 2.6757 3.5337 2.8943 2.9635 4.0496 3.5467 3.1816
2.1705 2.1299 1.6206 1.5032 1.4957 1.7067 1.9140 2.9697 2.5049 3.4364 3.5043 2.6452 2.8736 2.8682 2.6859 2.3659 2.9605 3.0226 2.9583 2.6650
1.9441 1.9517 1.7396 2.4345 2.4277 1.7287 2.1213 3.0985 2.5570 2.9196 2.8633 2.8846 3.0052 2.5354 2.0543 1.4291 2.1912 2.2480 2.6841 2.4485
1.4249 1.1193 2.2773 1.9086 2.7136 2.1387 2.3798 2.5216 2.1985 3.1475 3.3123 3.1428 3.0530 2.0141 1.9178 1.6467 1.7813 2.1321 1.7202 1.8611
1.6080 0.9614 1.7457 1.6104 2.0676 2.0620 2.2841 2.5683 2.8016 3.2468 3.4409 3.1423 2.1840 2.1661 2.3600 1.4967 1.4802 1.4641 1.7171 1.2865
1.5485 0.8153 1.2434 1.9734 2.3182 2.1566 2.3397 2.6829 3.4475 3.6405 3.0721 2.9857 2.9453 2.9360 2.3559 1.5364 1.4464 2.1972 1.8095 1.7543
1.4421 0.7424 1.5216 2.3350 3.1347 2.7680 2.0739 3.1479 2.9737 3.1231 3.5903 2.8329 2.4976 2.4876 2.0676 2.7622 2.6335 1.9552 2.0483 1.5351
1.2579 1.1706 1.7556 2.7699 3.4409 2.8554 2.7819 2.8909 2.1966 2.1714 3.1111 2.5459 1.9865 2.0853 2.2032 1.4003 1.5574 1.8873 2.3760 2.0411
1.5336 1.0902 2.3078 2.9773 3.1800 2.1879 2.0155 1.9384 2.1637 2.5793 2.2584 2.8413 2.4799 2.0605 1.8629 1.3991 1.4252 1.9468 2.5658 2.2256
2.3388 2.4010 3.0854 3.1259 3.0132 3.0744 3.1087 3.2974 3.1352 2.9141 2.8165 2.4560 3.0977 3.1563 1.7536 1.9167 1.2852 2.4647 2.1479 2.3061
3.3738 2.9405 3.1848 3.3893 2.7350 2.7632 2.4238 2.9153 3.3577 3.2464 3.3665 3.4491 3.5039 3.8829 0.5215 0.2632 5.4438 4.7942 3.1051 3.8745
3.6703 2.8941 2.8942 3.4655 3.0449 2.8316 2.4479 3.1057 3.8935 3.6773 4.5033 5.1447 4.5183 4.8975 6.1690 5.9510 4.5567 4.6662 3.5204 3.6764
3.5101 3.0569 3.2809 2.8442 2.8103 3.3744 3.2345 4.9732 3.8012 3.4831 4.3033 4.3630 3.7672 4.5938 5.6088 4.4621 4.3908 3.9784 2.9187 4.0836
2.5205 2.6746 3.1851 2.7721 2.5736 3.0860 4.4665 4.0816 4.1282 4.0213 3.5867 3.8591 4.0582 4.2517 5.0200 3.9396 4.0694 4.1859 2.8482 3.2402
3.0179 2.4911 3.0119 3.1165 2.9977 3.6643 3.6385 4.0662 4.1184 4.0355 4.2952 4.1075 3.8508 4.0377 3.9968 5.2109 4.3736 4.3826 2.9968 3.4760
2.9258 3.1357 3.8961 4.1208 4.5560 4.1650 3.9332 2.9428 3.4682 3.6639 4.2089 4.1766 4.0919 4.2794 3.7647 4.3385 3.9968 4.2500 3.5544 3.1464
3.3013 3.8457 3.5355 4.4389 4.3439 4.7165 3.9772 3.7815 4.2666 3.6997 3.5977 4.5470 4.7087 3.2974 3.8623 3.6351 2.8666 3.1618 3.6053 3.0940
2.0711 4.3073 4.4832 4.6135 4.6733 5.1555 4.2845 3.2300 3.6234 2.9525 3.2494 3.7845 4.0706 3.4798 3.8588 2.9913 3.2924 2.7664 3.0429 3.1900
2.2068 1.0064 5.7547 5.5513 5.6261 5.3011 2.1652 2.5210 2.9558 3.1685 3.0298 3.5201 3.3394 3.5991 3.0302 3.2757 3.3569 3.4354 2.4313 2.2883
2.0241 1.7117 0.0546 6.2296 0.2027 0.6962 2.1040 2.0532 2.8770 3.0864 3.2371 3.3400 2.8146 2.7462 3.4615 3.0105 2.4339 3.6977 3.1000 2.7542
