3.5349 4.2867 5.4032 5.8865 5.6770 5.5211 5.9920 0.0367 5.5600 5.5376 6.1326 5.7801 5.8235 0.1173 5.1223 4.5103 2.9431 3.7525 3.0836 2.6054
2.9517 3.8450 5.0280 5.6232 6.2384 6.1351 5.9536 5.5554 5.9897 5.6255 4.9929 5.6900 5.7053 5.1881 5.2891 4.5820 4.2122 3.6382 3.3238 3.2030
3.1558 2.1659 0.4501 0.6868 0.4992 5.9809 5.7962 5.4773 5.1176 5.7998 5.7306 5.4766 5.5684 5.5571 4.9733 4.8664 4.1752 3.8776 3.5710 3.2808
2.2526 2.0944 1.7043 1.1612 0.7344 5.8212 4.9379 4.9321 4.7107 5.1130 5.0637 5.4250 4.5755 4.7287 5.7079 5.1790 4.6442 4.0524 3.4313 2.7553
1.7132 3.0563 2.0163 1.6620 2.3368 3.9823 4.2622 4.6763 4.6667 5.0514 4.9098 4.7983 4.6078 4.4233 4.9055 4.7849 4.3101 3.4837 2.8887 2.5634
3.1653 3.0736 2.0246 1.6939 2.4262 3.6233 4.2305 4.2479 4.4354 4.6543 4.6412 3.8424 4.2793 4.7607 4.6399 4.0727 4.0362 3.5953 3.5603 3.4525
4.0666 3.7755 2.3939 1.6542 2.5376 3.2512 3.6619 3.7290 4.0717 4.1493 4.1926 4.0130 4.5902 5.0490 5.1743 5.0245 4.0653 3.4752 4.3251 4.4219
4.2830 4.0196 4.1369 2.7191 2.5537 2.8867 3.1197 3.3409 3.6090 3.9022 3.9123 4.3010 4.6126 4.8459 5.3632 5.6402 4.4334 4.5309 4.5742 4.4760
4.0651 4.1831 4.0563 3.2978 3.2535 3.2270 3.4740 2.5299 2.9623 3.2177 3.8406 3.8524 4.9201 4.5870 5.6029 5.6497 4.8141 4.4609 4.5901 4.1570
3.6591 4.2858 4.0241 3.5456 3.6055 3.3987 4.1182 2.5554 2.0000 1.3551 2.6099 2.4215 6.0017 5.6920 5.2620 5.7765 5.0574 4.7349 4.8367 4.6714
3.3628 3.4833 3.9509 4.3747 3.2729 3.7635 3.8143 2.3787 2.0541 1.5986 1.4615 1.5183 0.5411 6.0231 5.6678 5.9472 5.6915 5.2795 5.6576 5.8672
2.1856 3.3199 3.8041 4.4348 4.3806 5.1402 5.2027 6.1555 1.4684 1.8396 0.9796 0.3342 0.9748 5.9770 5.6699 0.3261 6.0532 5.8958 0.1927 1.3744
1.9365 2.0612 2.7304 4.1068 4.7476 4.8674 0.1016 0.3884 1.1057 1.3248 1.5977 0.9439 0.2606 0.1924 0.4748 0.6922 0.0966 0.9524 1.6313 1.4475
2.0729 2.3051 3.2424 3.9181 4.3240 4.6718 6.0274 0.0917 0.2791 0.7394 0.2045 0.9024 1.1486 0.9926 0.2420 0.2753 0.8094 1.1067 2.0114 2.3520
2.9697 3.0011 2.9128 4.2395 3.9077 5.1839 5.1759 6.2653 0.0686 0.2452 0.2572 0.4035 0.7521 0.1514 0.4386 0.9857 1.2496 1.1839 1.5800 2.4304
2.6586 2.7678 3.8030 3.8491 4.7996 5.5082 5.6580 5.5196 5.3368 5.6501 5.4632 5.6168 6.0349 0.2538 0.8141 1.0268 0.9739 1.4086 1.9028 1.9645
2.3642 2.7680 3.8153 3.8921 4.4995 4.9809 5.2511 5.0438 5.5282 6.1363 5.8218 6.1126 0.4225 5.9896 0.9244 0.4843 1.5532 1.7360 1.7714 2.0434
3.3634 3.7003 3.9400 3.6408 4.3127 4.9716 4.7635 5.2428 5.3418 6.0070 5.0120 5.3513 0.0821 6.0821 0.3371 0.8538 1.7832 2.0171 2.0784 3.4103
3.4076 3.3497 3.6915 4.5879 4.9086 5.4930 5.7449 5.3110 5.8017 5.6372 5.1389 5.0722 5.8063 6.0452 6.2678 5.2480 3.3925 2.7141 2.4083 2.8621
3.0324 3.6692 4.4089 5.5105 5.4735 5.7153 0.0885 5.4238 5.5908 5.6397 5.2460 5.6907 5.7320 5.9045 5.5082 4.4521 4.1281 2.6994 2.5866 2.8211
