5.2928 4.9440 4.3563 4.3362 3.5055 2.9918 2.7747 3.4650 3.7009 3.5973 4.3410 3.1680 2.6843 2.4929 2.3863 2.6774 2.7252 1.8608 1.7326 5.8190
5.9127 4.6014 4.6017 3.9474 3.2562 3.1004 3.2389 3.2021 3.1350 3.3767 4.1040 2.2161 2.1129 1.7590 2.2313 2.3215 2.4651 2.2824 0.7495 0.7674
5.8539 4.8514 4.6376 4.3807 4.1570 3.4731 3.1364 3.3787 3.4875 3.3695 2.4487 2.2026 2.1820 1.8960 1.8360 1.6694 1.7582 2.1286 0.6231 0.4816
5.8959 4.6232 5.1860 4.6161 3.9053 4.2562 3.6634 3.5617 3.3425 2.8182 2.5202 2.5574 2.4995 1.6770 1.7334 2.3844 1.8780 1.6439 6.1924 5.6352
5.2770 4.4936 4.2014 4.0538 4.1461 4.3545 3.9658 3.8186 3.5561 3.2537 2.7063 3.0095 2.1873 1.7540 2.4571 2.2591 3.8021 4.3322 5.5235 5.2816
5.0575 3.7758 3.6502 4.0116 3.6794 3.9897 4.2281 3.9134 3.7476 4.6897 1.5890 2.0248 1.9974 1.7276 1.7867 2.1387 2.4013 3.4130 4.2499 4.7148
4.4141 4.1972 3.9219 4.6790 4.4164 3.5057 4.8144 5.3474 5.8202 0.1503 1.3502 0.9807 0.9633 1.1915 1.6913 1.8186 2.2670 4.4141 4.4155 4.5249
3.8155 4.1043 4.4992 3.9832 4.0771 3.6997 3.9475 5.4854 0.1705 1.0378 0.7749 1.5310 0.8698 2.4415 2.4484 2.4323 3.4531 4.4615 4.5592 4.3081
3.5156 4.2829 3.8464 3.5057 3.4785 3.0934 3.6416 1.2320 1.1512 1.0693 1.7422 2.6797 1.9815 2.6381 2.9345 3.3490 3.6449 4.8236 4.2757 3.5738
4.8595 4.3805 4.0229 3.5549 3.5172 3.1922 2.3910 2.0014 1.7705 2.2099 1.8910 1.7198 2.0490 3.0442 2.6279 3.7741 4.2008 4.3274 3.9322 4.9242
4.4850 3.8003 3.4927 3.9143 3.7248 2.8660 2.3421 2.2539 1.5408 1.9874 1.9011 1.5669 3.0491 2.9722 3.1443 4.1684 4.3293 4.7972 3.8888 4.1988
3.7374 3.4793 3.3945 3.6378 3.4913 2.5885 2.6298 3.1160 2.5957 2.2062 1.8308 1.8534 2.7353 2.7980 3.4954 4.0361 4.8838 4.5556 4.2558 4.5225
4.2456 3.4548 3.3125 3.6461 3.9440 3.4945 2.6362 2.3913 2.8010 1.9540 2.2006 2.5778 2.1082 2.5012 3.3766 3.2092 3.9544 5.4088 4.0492 4.7036
4.2378 4.1999 4.2692 3.9449 4.0989 3.3681 3.0601 2.7483 2.3108 1.4648 1.6272 1.9448 2.1587 2.4993 2.9545 3.2935 3.8830 4.0642 4.0237 4.0209
4.3880 4.1927 4.0693 4.3631 4.0201 4.3817 2.7242 1.6999 0.8287 1.3860 1.7549 1.5143 2.3206 2.3121 3.9208 3.2513 3.5973 3.6559 3.9651 4.6942
4.2878 3.8417 3.5069 3.7932 3.7476 4.1649 4.9791 6.1943 0.2868 0.9575 1.4866 1.9296 2.1555 2.5664 3.0295 3.3806 3.5938 3.3320 3.5918 3.9827
3.6171 3.1571 3.1950 4.4776 4.9637 5.0838 6.2466 6.1528 0.3964 5.8456 5.5917 2.5823 3.0530 2.8729 2.7025 3.3335 4.3678 3.4797 3.8116 3.3603
4.5591 4.4974 4.1518 3.9574 4.1343 4.9738 4.8301 5.2860 6.0796 5.1805 5.1746 5.1503 3.2474 3.8013 3.8898 3.7182 3.4294 3.3122 3.8606 4.4248
4.8869 4.1456 3.8832 4.1108 5.2010 5.2594 4.9350 4.4231 4.5435 5.3570 5.0928 3.9609 3.1401 3.9195 3.4872 2.4734 2.9293 3.4141 3.1307 4.4058
5.3461 5.4480 4.8794 4.1718 3.8080 4.2804 4.2703 3.9260 4.1944 4.2170 4.1291 4.1043 3.3629 2.5714 2.7427 2.7135 2.2678 1.8501 1.4681 6.0200
