3.4676 4.1452 3.9217 4.2146 4.8017 4.3830 4.0698 4.2740 4.0717 4.0675 3.5374 3.1386 3.9118 3.6867 3.5017 4.1470 3.8390 4.4968 3.3633 3.5193
3.3792 3.6045 3.9031 3.7663 4.1857 4.5079 5.0581 5.0499 4.0821 3.7718 3.3221 3.3153 3.4692 3.0996 3.1609 2.9660 3.3317 4.3128 3.9071 4.3474
4.3546 4.0734 3.7208 4.0616 3.8566 4.7146 4.7385 4.9035 3.2179 3.1865 2.8429 2.6443 2.0903 2.7080 3.2737 3.0176 3.3175 3.5062 3.4443 3.9408
4.3158 4.9486 4.5938 4.2726 3.9712 4.8821 4.6806 4.8440 1.2079 2.0404 1.7024 1.9708 2.0404 2.1583 2.7777 2.4124 2.8301 3.2569 3.6525 3.9622
4.6144 4.4924 4.7288 4.1964 4.3015 5.2018 5.2832 5.7530 6.2027 0.9216 1.4664 0.7623 1.1726 2.2716 3.1939 2.3463 2.4791 3.2659 3.5893 3.9649
4.2790 3.8131 3.8257 3.7596 5.4252 5.3810 5.9532 0.3679 5.8931 0.2437 1.2115 2.2642 1.7661 1.8475 2.0740 1.8002 2.6759 2.6941 3.6537 3.9759
4.0004 4.2774 4.0013 3.9999 5.0860 5.0255 5.1538 5.9684 0.4729 0.4884 0.5433 1.2554 1.2498 1.3498 1.6712 1.8618 1.8933 2.6508 3.0721 3.5346
4.1476 4.0536 4.3699 4.8202 5.2216 4.9908 5.3461 5.8204 5.8190 0.2268 0.1796 0.9621 1.3553 0.9114 1.9551 1.9183 2.4215 3.3452 4.0976 3.5978
4.2890 4.2305 4.5868 5.3343 5.0564 6.1943 5.6442 5.7522 6.2622 6.2249 0.5245 1.2830 1.5820 1.9006 1.5304 2.2266 2.8363 3.2461 3.9420 3.9877
3.9218 5.1078 4.9139 5.3294 5.3230 5.6565 5.4714 5.8134 0.2794 0.8543 1.8546 0.9250 1.8354 1.6768 2.3984 3.8636 2.8223 3.5527 4.5141 4.4013
4.0821 4.7878 5.1461 5.1455 4.6911 4.9522 5.6140 6.2383 0.7228 1.4709 2.2672 2.5735 2.8051 2.6038 2.8597 3.1607 3.3383 3.7225 4.4806 4.0763
4.4907 4.6635 4.6766 5.0927 4.5565 5.6144 5.7545 0.2491 0.8858 1.2997 2.0668 1.8819 2.3939 2.5130 3.3626 3.4324 4.0711 3.9889 4.4972 4.6393
5.4879 5.0367 5.4591 4.7012 4.4851 6.1133 0.1652 0.9747 1.4190 1.2463 1.8065 1.8947 2.9319 2.4656 3.1449 3.0215 4.1638 4.6358 4.3151 5.2887
5.5439 5.2514 4.9299 4.4192 4.6409 6.2078 0.0761 0.5350 0.8354 1.4529 2.0255 2.4512 2.6258 2.4614 3.1737 3.2159 3.5070 4.2788 4.0913 4.1768
4.9570 4.6964 4.7890 4.9117 5.3618 5.8330 0.4752 1.1429 0.6340 1.4374 2.1612 2.7738 2.9420 3.1220 3.7432 3.6883 3.5439 3.9165 3.9925 3.6998
5.1339 4.8043 4.3754 4.0938 4.8384 5.3944 6.0796 0.5173 5.2277 3.5963 3.5152 3.4521 3.2496 4.2118 4.0460 3.5411 4.0706 4.2127 3.9335 4.0881
4.0388 4.3422 4.4198 4.1937 4.6098 4.4550 5.5522 5.9236 5.6104 3.7975 4.3739 4.3518 4.0982 4.0868 3.9134 3.9372 4.5687 4.3387 3.8994 4.6037
4.3932 3.8166 4.1943 3.9487 4.2738 4.4686 5.6072 6.0635 4.8355 4.2147 4.3302 3.9304 3.4112 3.1285 4.1123 3.9660 3.7575 4.0775 3.2245 3.4973
3.3951 4.1522 3.7019 3.6107 4.0254 4.0016 5.3105 5.0330 4.1577 3.5947 3.6835 3.3263 3.7893 3.7361 3.6736 3.9512 4.6461 3.7256 3.2311 3.3860
4.2558 4.1948 4.3369 3.8282 4.0597 3.9466 4.7535 4.8447 4.4544 4.1303 3.8338 3.7501 3.5129 4.0395 4.2034 4.2623 4.0807 4.0760 4.1121 4.4208
