1.1478 2.5959 2.1602 2.6213 3.7268 4.0007 3.7059 5.7385 5.3284 5.8294 0.4290 1.0385 1.2386 1.3461 2.1431 2.0464 0.6132 0.8714 0.7735 1.5191
1.3170 2.1311 1.7603 3.6499 4.6986 4.5473 4.3420 4.9623 4.6376 5.1671 0.0883 0.9662 1.3829 1.4698 1.6601 1.8196 1.9993 1.3828 1.7050 1.4891
2.4260 1.7936 2.6635 3.3367 2.5668 3.4171 5.1791 4.2866 2.1992 5.9352 0.5316 0.4721 1.4599 1.6363 2.1289 1.4383 2.1382 1.1019 0.1563 1.7815
1.9425 2.5387 3.1934 2.8490 3.0667 4.1099 4.7925 4.2421 3.7352 6.2449 0.6762 0.5448 0.9526 0.9350 1.7943 2.2378 2.4141 1.2487 0.3692 1.2458
2.4317 3.2294 3.2609 3.3272 3.0716 3.6244 5.9034 4.9571 4.5410 5.0641 6.2182 0.1044 1.4975 1.7135 1.8945 0.9620 1.6227 1.9122 1.5182 2.0812
3.2617 3.2495 3.4904 3.1873 3.3491 2.8220 4.6137 4.6909 5.3549 5.2970 0.0038 0.5261 1.3811 2.1192 1.8176 1.3896 1.8841 1.5531 2.6832 2.8490
3.2836 3.5142 3.5400 2.4692 3.1866 4.3744 4.3601 4.8217 5.3403 4.2187 5.2327 5.6844 1.0564 1.3384 1.7086 1.5785 1.9500 1.3750 2.2763 3.1047
2.6639 3.2183 2.7687 4.0387 3.3771 4.3935 4.1524 3.7724 3.9586 3.8430 5.8532 6.2599 0.1505 1.2116 1.1689 1.1119 1.2326 1.1072 1.7782 3.2439
3.0033 2.8519 2.5981 3.6224 3.2117 3.1005 2.9081 3.2265 4.6666 3.6903 4.7610 5.5776 6.0698 1.7467 1.4042 1.7063 2.1823 2.3789 1.5718 2.2248
2.3862 2.2373 3.4087 3.3099 3.3765 3.2935 4.1118 4.0609 5.1306 5.0795 0.0299 0.8751 0.0710 0.1176 1.6265 1.4073 1.9266 3.4448 3.0764 2.7921
2.1935 1.9657 3.2609 3.6106 2.7964 1.8990 3.0527 3.2871 4.7618 5.1971 0.1203 0.1138 6.1807 0.1755 0.5368 3.7670 2.4346 2.6658 2.7124 2.3550
1.6542 2.4006 2.0080 3.0721 2.7877 1.9224 3.7091 3.3356 5.4459 0.0231 0.1456 0.2149 0.1540 0.4179 1.2148 6.1644 4.7989 4.8919 3.9189 4.3472
2.2695 2.3793 1.9952 1.7248 1.4122 2.0559 2.7964 1.8105 2.9497 1.8556 1.1389 0.2774 5.9363 0.6106 0.0218 0.1675 4.5475 5.0194 4.9322 2.8436
2.1114 1.6454 2.5585 1.9428 1.1855 1.9552 2.6438 1.3758 1.7241 1.3520 0.2628 1.7912 1.2389 1.4366 0.5557 5.6543 5.0455 4.2956 3.5124 2.9312
2.6223 2.6948 3.0277 1.7767 2.0575 1.1277 2.5120 2.0448 0.5706 1.5748 0.9938 0.3421 0.4933 0.3648 5.5128 4.3411 4.5798 4.2921 3.6033 3.0361
2.9453 2.6389 2.3858 2.8479 1.8196 0.9666 2.2877 1.4351 1.0495 1.9520 1.1816 0.4819 0.3904 5.2935 5.2954 4.7737 5.2622 5.3970 3.9691 3.6885
3.3977 2.5422 2.3481 3.5295 2.8574 1.6801 0.7133 0.0262 0.9905 1.2178 0.2976 0.1250 1.7797 5.6712 6.0743 0.0190 5.7204 3.7789 4.0254 3.2890
1.0608 1.3552 2.8314 2.4682 2.3547 2.2072 6.1312 5.6137 5.7371 5.5166 0.3349 0.3046 5.9571 5.7752 5.1021 0.2233 5.3751 5.3872 5.4517 5.6296
1.7679 2.0903 2.7955 2.5980 2.8936 3.3513 4.5448 4.7122 4.9207 5.1486 0.6979 1.1949 0.7137 1.1648 5.9470 6.1586 4.8045 6.2723 5.7166 0.3503
1.1807 2.0021 2.5943 2.0325 3.9534 3.1464 3.8891 4.4370 5.2577 5.1250 5.7858 5.5790 5.5765 2.4055 1.8862 1.6289 1.1447 2.0201 0.7952 1.0548
