3.1387 3.3919 2.5179 2.3260 3.1600 2.7388 3.2409 3.6183 4.3634 3.9590 3.3477 3.5128 4.0307 3.3167 2.6881 1.7975 3.0789 3.0623 2.4158 3.2626
1.9951 2.6493 2.0913 2.8848 2.6069 2.2813 3.2910 4.0368 3.8087 4.7550 2.8792 2.8733 3.5660 2.7647 3.1763 2.5897 2.4816 2.9457 2.4717 2.2405
2.2247 2.6726 2.6622 2.5395 2.6212 3.4539 4.0958 3.7495 3.2300 3.6229 3.3973 3.8530 3.1240 3.1498 2.3558 2.6922 3.7255 3.1951 2.2344 2.3645
3.0745 3.4575 3.3586 2.4238 3.2221 3.0167 4.1039 5.2302 4.1369 4.4737 3.4142 3.9964 3.9709 3.3955 3.2172 4.0998 3.8877 4.3230 3.6604 3.1449
4.3285 4.6639 5.0066 4.4206 2.9830 3.5985 4.3077 3.9704 4.0601 4.7011 4.9766 3.8992 4.4928 3.4385 3.5087 2.8595 2.8630 3.6661 4.7843 4.5195
4.4294 4.4766 4.8741 4.2861 4.1677 4.6848 4.3383 4.0338 4.5216 4.8130 4.9938 5.2697 3.8300 4.2358 3.1226 3.1918 4.4748 3.7142 4.1785 3.9582
5.1935 5.6767 5.0181 4.1719 4.0401 3.8139 3.9334 4.2520 3.7397 0.2289 5.9531 5.0832 4.1070 3.7047 3.3273 3.6442 4.1718 4.3439 4.1103 4.0790
5.5829 5.9799 5.8053 5.0163 3.5687 3.3240 3.2116 4.0089 3.8603 0.0266 5.4101 5.4581 5.6420 4.2328 4.6260 4.2220 2.9199 4.2803 3.8667 5.3531
4.4668 0.2295 5.0801 4.7296 5.1826 1.0711 1.9382 3.7332 3.2918 0.0298 5.9258 4.9334 4.9246 4.4982 4.6488 5.1517 3.8514 5.0644 4.3980 5.4538
5.1583 5.7652 6.0491 5.0811 5.3686 0.4739 2.5970 1.0996 2.0576 0.9248 5.2088 5.7021 4.9802 4.5314 4.1492 3.5759 4.5149 5.0136 4.8731 4.1931
5.7886 5.4626 5.8739 5.3770 5.2103 0.3266 1.6700 1.4550 2.1595 2.0090 4.5389 4.3443 4.7270 5.3786 4.4994 2.9904 3.3447 4.8701 5.1174 5.1758
5.4005 4.8442 4.9889 4.6997 6.0156 0.6963 0.6381 2.7143 2.9217 3.2515 4.4125 3.7550 4.3448 5.2705 4.8065 2.9890 4.1816 4.7690 4.2321 4.4008
6.1696 5.2775 4.8720 5.1214 5.2013 1.0560 0.3571 4.7549 4.1674 3.6672 3.5527 3.2940 5.3738 5.7861 5.8655 3.2914 5.7007 5.7012 5.0513 6.1331
0.8506 6.1414 4.3722 4.9628 4.8111 6.0566 5.3671 5.1615 4.8156 5.1205 3.7624 2.6164 2.2564 1.4630 0.4433 1.5111 1.2472 0.1272 5.7661 5.8913
5.7009 5.3647 4.6628 4.6511 4.0338 2.9995 4.0464 4.5491 5.3208 5.2035 3.4152 3.6532 0.9055 1.4273 1.4753 1.2415 1.0787 1.3527 1.0836 0.2490
6.0660 5.8452 5.1909 3.9126 3.8478 3.4733 4.4143 3.9289 4.1185 4.2739 3.9178 4.6650 0.9940 0.7563 1.1037 0.5600 0.1734 0.4996 0.5083 0.4273
0.4939 4.7141 3.7618 2.6372 3.1984 3.3624 3.6891 3.5975 3.6068 4.4324 4.4046 4.4125 5.9876 0.3026 0.4111 0.8548 0.5475 0.2182 0.2798 6.0897
4.8184 3.5455 2.9098 2.7567 1.9253 3.0473 2.5817 3.1030 2.3592 4.3593 4.2352 4.4873 5.6687 5.6361 0.1790 0.9022 0.7846 0.5685 0.4052 5.8723
2.1913 2.6152 2.4053 2.7328 1.8497 2.6897 2.5969 2.7984 3.1456 2.9457 4.2304 3.5749 3.8370 1.5918 1.2302 1.9247 2.2958 2.2421 1.2569 1.4313
2.1602 2.5900 2.5268 3.1424 3.2108 1.7598 3.3409 4.1966 3.7127 3.6009 3.6717 3.7267 3.2122 3.4038 2.3509 1.5895 3.2414 3.0537 1.7754 2.1944
