1.5786 1.1921 2.5101 3.5125 3.8781 3.9376 2.6990 5.0673 4.7955 4.2962 6.0487 5.2811 5.6793 5.4282 5.3245 6.0589 6.1204 0.3468 0.8681 1.3958
2.0022 2.6806 2.6834 3.4273 3.4821 4.3644 0.9826 4.9081 5.1872 4.7475 5.3768 5.2825 5.5733 5.7356 4.8822 4.4647 0.4591 0.9358 0.9030 0.9843
1.3740 1.6709 2.3301 1.0348 3.3127 4.2815 2.2423 2.9185 1.5464 3.9425 4.5763 4.9185 5.4089 5.8127 5.2326 6.0485 0.8408 0.6313 0.8156 0.6879
1.6387 1.1010 1.2662 2.2062 4.2544 3.8324 3.5016 3.3757 4.5030 4.5702 4.1962 3.9074 5.1556 4.6727 5.4070 4.6344 3.1599 3.6775 1.2935 1.4383
0.9391 0.8698 1.2249 1.6951 3.2067 4.6557 4.4952 4.4571 5.4684 5.0302 3.8833 4.3185 4.6672 4.3390 4.9571 4.7907 4.0966 3.6000 2.2896 1.0892
1.4681 1.1481 0.4829 6.1049 6.2702 5.6044 5.5006 4.7324 5.5182 4.4870 5.0052 5.4064 5.4430 6.0409 0.8963 4.9913 3.1677 3.0320 3.2887 0.7734
1.1684 1.1855 0.9543 0.9694 0.4444 0.3791 5.6747 5.2286 4.6389 4.7955 5.6393 6.0102 5.8275 0.7827 0.6248 1.8485 2.7340 3.3595 3.3620 1.2826
1.6685 1.6150 0.7072 0.2608 0.6033 0.5070 5.5893 6.2421 5.4656 5.7895 5.9858 5.4392 6.0458 0.4844 5.6647 5.5795 4.5722 2.9218 2.7738 1.9434
0.4239 0.4148 1.3094 0.6514 0.6862 6.0671 6.0858 5.0905 6.0116 5.6565 5.7865 4.8779 5.6620 6.1347 0.2267 0.9833 3.6719 4.0422 1.8502 0.7791
0.7231 0.7399 0.7606 0.4453 0.8790 5.3710 0.3747 5.4243 5.5937 5.6841 4.4425 4.9799 5.4120 5.6616 6.0097 6.2042 0.8123 1.2209 0.4607 0.4211
5.8081 0.3656 0.5045 1.1483 0.2667 6.1447 2.4456 2.7988 4.7952 5.0098 4.9884 5.6443 5.1056 5.6859 5.7949 0.3868 1.5758 0.8448 5.9030 6.0115
5.2410 5.6639 3.2848 2.7591 1.3778 1.8246 2.8183 3.2034 4.7520 3.8827 4.5402 4.3285 5.3363 5.5951 6.0027 6.2476 1.2500 1.0739 5.3823 5.4350
4.1702 3.9413 2.4344 3.0854 1.9823 3.5394 2.3882 3.7781 5.1214 4.9564 4.6627 5.4439 5.5574 5.5770 5.6659 5.8194 0.6123 1.0063 6.2030 4.8654
4.1144 2.5701 2.5988 2.8124 2.7479 2.2791 3.8052 3.6497 5.8774 5.2150 5.4472 0.2309 6.1755 0.3094 0.3014 5.9747 5.8807 5.4314 0.0019 5.8932
3.8563 3.5541 2.9331 3.3481 3.1939 3.0210 3.1890 3.1636 3.8647 4.4785 3.6049 5.4639 4.8285 0.2729 5.2635 6.0124 5.9326 6.1795 0.3049 5.3004
3.6511 3.3641 2.5460 2.7347 3.3831 3.4514 3.5644 3.6482 4.5258 5.0746 5.2087 5.9718 5.8133 5.5173 5.9004 0.3120 0.1285 5.9611 0.6862 5.7302
2.9515 3.3826 3.1320 2.3104 2.5073 5.0481 4.1420 4.7414 5.0571 5.0538 5.5211 5.1196 5.5587 6.0058 5.8397 0.5943 0.3152 0.3171 1.9184 1.4911
3.2060 3.2410 3.6382 2.6789 3.9267 3.6539 4.4200 3.6977 4.2817 0.0895 6.1910 5.2873 5.8295 5.6814 5.7135 0.8736 0.4598 1.6419 2.6300 2.7160
3.1428 3.1747 2.1850 3.4444 4.0044 3.3210 5.0787 5.2987 4.6986 5.1689 6.1854 5.3296 5.2775 5.3660 5.0928 4.8845 6.0004 0.9426 0.8316 3.2809
2.3183 1.9019 2.0707 3.8604 4.0560 3.5653 4.2411 4.8628 4.7456 5.4951 6.1307 5.5095 5.6543 4.9380 4.8443 5.2762 0.9673 0.8321 1.6027 1.9443
