5.8499 6.0246 0.0689 0.0178 0.3058 5.7508 5.8014 5.6329 5.9137 0.6930 0.1366 1.1188 0.0306 6.0482 0.9984 6.2596 6.1953 5.3569 0.3820 0.3896
5.6511 6.2350 6.0451 6.0258 5.2847 6.2341 0.2640 6.2095 0.8443 6.2746 6.2801 0.7874 1.1516 1.9338 1.5015 0.1554 0.6917 5.9936 6.0727 0.7174
0.7978 0.8069 2.7726 4.5924 5.1725 0.0620 5.7087 5.0438 6.1380 0.0652 0.8023 0.4397 0.5656 1.0792 0.8508 0.4261 5.7038 4.8573 4.5659 4.8426
3.1717 3.3226 4.0382 4.1081 5.2486 5.9121 5.0961 6.1425 0.3135 5.9759 0.2744 0.5857 0.2085 0.3769 0.2624 0.4311 5.8524 4.0324 3.9794 3.3131
4.0795 3.3289 3.9114 4.2290 4.6904 5.0657 5.7158 5.6827 0.6835 0.1608 6.1015 6.0993 6.0153 4.9221 6.1551 5.5081 4.6568 4.3996 3.5553 4.0321
2.4618 2.8941 2.9733 3.4441 4.0968 5.2018 5.9380 5.8716 0.5232 0.2227 0.3031 0.2373 0.4186 5.2561 6.1346 5.0745 5.3364 4.9151 3.5859 3.9553
3.7160 3.7289 3.0656 4.5341 4.0478 4.5658 5.0117 6.1494 0.2147 0.4491 0.5397 0.2468 0.9199 6.2588 5.7328 5.3049 5.0961 4.2794 3.9588 3.9844
3.4625 3.9907 3.6963 5.2399 4.2542 5.7794 5.7938 0.2858 0.3671 6.0139 0.0575 5.9092 0.9684 1.2211 0.4629 0.1705 5.7756 4.4442 3.6372 3.5565
4.1034 4.4654 4.1808 4.5454 4.1776 5.3500 0.0418 6.0462 0.6424 6.0533 0.0250 0.7892 1.2404 1.4052 0.3899 6.0821 5.3195 3.9830 4.1013 3.3458
5.4049 4.7574 3.9898 4.5061 5.5033 5.6141 5.8274 6.2517 5.5517 5.3596 0.4789 1.0334 0.9150 0.9045 0.1133 0.1161 5.5918 4.4014 3.3727 3.5685
4.7906 4.0806 3.8826 4.9517 6.0664 4.7909 5.4092 0.0214 6.1505 0.1059 1.4456 0.6525 1.5882 0.7795 0.1011 6.0778 0.2103 4.7374 5.1133 4.5360
5.1847 5.0228 6.0412 5.4342 4.8379 5.1094 5.1229 5.6617 5.6306 0.0777 1.0030 0.3294 0.7155 1.2666 6.0683 0.0972 5.9025 5.7518 5.5499 4.6216
5.0258 4.6073 6.1080 5.9303 5.9542 4.9445 5.4033 6.1889 5.7491 6.0879 0.2763 0.3565 0.4777 5.8495 0.1720 0.1598 5.8364 6.2088 0.0432 6.0538
5.1340 5.5506 5.5319 5.9489 6.1124 5.9790 5.0549 4.9269 5.5549 1.5056 0.9357 1.0518 1.2066 1.4493 6.1032 6.0974 6.2734 0.3177 5.8341 6.0601
5.5800 4.8645 5.1950 5.8159 5.7548 5.5636 5.9022 5.8821 4.3300 2.2670 1.8327 1.9723 1.5984 1.5176 0.1061 0.2168 6.1916 0.8715 0.5267 0.8271
5.2906 5.8996 4.6825 6.0068 5.4874 5.1558 5.8207 0.9004 1.3773 2.4688 2.5312 1.5998 1.4624 1.1789 0.5156 1.4301 5.9733 1.7958 1.2040 0.1748
5.8884 5.8959 5.1557 5.8068 5.4764 5.5964 6.1617 0.5102 2.5830 2.0614 2.4548 0.6048 0.4376 1.1682 0.5153 1.0485 0.6620 2.3358 0.8327 0.4283
0.1516 6.0818 5.7754 5.2793 5.4305 5.8880 6.0030 5.9574 2.5491 1.8229 1.0169 1.0774 1.2091 1.1791 1.4949 1.4416 0.0915 0.8883 0.8003 0.4045
6.2785 0.2072 5.5415 0.1229 5.9962 0.5905 0.1025 0.4161 2.2196 1.9813 1.0707 0.1507 0.7262 1.0788 0.9077 6.0971 0.1814 0.5058 0.8587 0.4683
0.1355 0.0210 0.5924 0.3723 0.0095 0.9163 5.6920 0.0732 1.4436 1.6428 2.1534 1.5691 6.2202 6.0221 6.1045 0.1456 5.9918 6.1131 1.0440 0.9572
