5.0233 4.9065 5.6322 4.6798 5.6437 5.5962 4.6772 5.0340 0.8723 0.8057 6.2783 0.7972 1.0121 0.2045 0.3767 0.8742 2.3776 5.6651 5.4264 4.6812
6.0034 5.3544 4.5475 5.2133 4.5844 4.5298 4.8014 3.7909 1.7810 1.5767 1.4692 1.5594 0.7576 0.2012 1.6525 0.5186 1.6579 0.1168 5.1303 6.1793
5.5082 5.5093 4.9612 5.6107 4.7478 4.6846 4.5020 4.3436 2.6541 0.2268 1.8095 2.4960 1.1410 0.1258 0.9068 0.9425 2.0453 0.8097 0.3502 0.3904
5.6756 5.4661 5.0317 5.7210 5.4834 5.0108 4.5371 2.7176 2.8733 0.8302 1.5734 1.5900 1.9995 5.9693 0.0001 6.2528 0.7487 0.0340 6.2549 0.0674
5.1322 5.2526 4.7694 5.7923 4.8413 4.4047 4.0856 4.1626 2.9692 2.7117 2.0836 2.4288 1.9344 1.0033 0.5161 0.6459 6.2479 5.7363 5.4772 5.6442
4.0816 3.9836 3.6581 3.5452 4.7140 5.3652 3.4805 3.8217 3.4314 2.6706 2.3603 1.7726 0.9897 0.9043 0.4818 1.0039 1.2183 1.1473 1.0008 2.6804
2.9348 4.0583 3.8644 4.0421 3.5546 4.0832 4.3346 4.1232 2.8408 2.2097 2.3503 1.9619 1.3369 1.6645 0.5857 1.3169 1.2027 0.8867 1.8924 2.8418
3.4430 3.2680 4.0700 4.4335 3.4103 4.3983 4.2778 3.9311 3.5370 2.5286 2.6443 2.4318 2.2505 0.7866 0.7688 0.8886 1.2400 2.1317 2.6982 3.9055
4.1852 4.0143 3.6407 3.6675 4.0659 4.5246 3.2200 4.1408 3.5757 3.8360 3.4868 2.7331 1.3491 0.4491 1.0664 0.4604 1.5760 1.9756 3.4592 5.3418
4.1061 4.9512 4.9425 4.2494 3.5639 3.2277 2.7750 2.9252 3.2935 3.6814 4.1021 3.6938 2.0972 1.3373 1.5353 0.4706 1.5874 1.8225 1.4346 6.2039
5.5298 4.1968 4.7784 4.7081 2.8017 3.0698 3.4648 4.0248 4.3181 4.6277 3.9629 3.7207 3.1298 2.2163 2.0344 2.0060 1.2968 1.7149 1.5671 0.2722
5.6605 4.6565 4.3051 0.3333 1.9792 1.8053 2.5185 3.2982 4.4970 3.8696 3.1635 2.5122 2.6498 2.2880 2.0615 1.8304 1.7564 0.8406 0.2713 0.4414
5.3333 5.0457 5.2451 4.6692 1.7858 1.3141 3.7435 3.8830 3.3156 3.6054 3.1914 1.8092 2.6015 2.8455 3.2519 2.5517 2.6608 0.0024 6.2720 6.0430
5.5983 4.7874 4.7419 4.6084 2.8320 3.8939 3.0958 3.9845 3.8026 3.4588 3.1563 2.3680 1.7203 1.8900 2.6572 3.4207 4.9064 5.4044 4.7688 6.0700
0.8897 0.1949 4.6372 5.0357 4.2999 1.6859 1.3507 3.9396 5.0420 5.3942 4.7704 5.2896 1.2824 2.6988 3.3128 4.2459 3.8112 5.4363 5.9851 5.6108
0.1768 6.2448 6.0485 6.2656 0.3825 0.6110 0.1238 5.4759 4.6873 5.6949 6.2465 5.6390 6.2018 1.2971 2.7403 4.4061 4.0491 4.7844 6.1842 6.0631
5.8844 0.2116 5.8986 0.7315 0.4071 6.2275 5.3071 5.4870 5.5331 0.5590 0.2676 5.5264 0.5800 0.7872 2.8095 3.8514 4.1323 4.6949 6.0165 0.0156
5.5174 5.3453 5.8517 0.5303 6.0645 0.3141 0.2353 0.8818 0.5591 0.7988 0.9831 0.3190 0.9043 1.0003 2.3293 4.0357 3.8017 3.8104 5.3394 5.2382
5.9352 5.6835 6.2007 5.2756 5.9018 0.4298 1.9814 0.9611 0.4620 0.8466 1.5620 0.6554 0.4480 0.4824 1.1162 1.8727 3.2497 4.2831 5.4947 5.2287
3.6709 4.6076 5.6427 5.4219 6.0681 0.3063 0.5709 6.2799 0.9864 0.3371 6.1021 0.6214 0.3279 0.0508 1.0229 1.6093 2.7292 4.4072 4.6076 4.6578
