4.4604 4.0971 4.6079 3.8419 0.0184 0.6730 0.9269 1.8088 2.3078 3.4260 3.7683 4.3653 4.7425 4.1191 6.1557 6.0557 0.3752 0.8749 4.8817 4.5866
3.9765 3.9277 4.0428 3.3389 0.9243 2.0710 1.2890 1.7550 2.5732 3.5577 3.1135 5.2315 5.5516 4.9628 5.6955 5.4425 0.3161 0.7876 5.4528 5.1794
2.1700 2.9349 4.3503 2.1507 1.1490 0.9953 0.6488 0.2442 1.3345 0.6675 4.6476 5.2840 5.3697 0.9629 0.2208 0.2405 5.4482 0.2570 5.8312 0.2812
2.1824 2.9222 1.9928 2.7622 1.3977 0.9247 1.6462 1.0053 1.2960 6.1770 3.5841 4.4254 5.3245 0.2526 6.1815 6.1706 5.4351 6.0345 5.8978 0.0290
2.9933 3.3890 2.4192 1.8227 3.2196 2.0876 1.3516 1.1390 0.6595 1.4904 2.9351 4.0694 4.9591 5.1420 0.4686 6.1938 6.2615 5.9757 5.7211 1.6765
2.1959 2.0502 2.1272 2.3410 2.1468 1.8095 1.8577 2.6274 2.5706 1.6115 2.2866 4.3359 4.7919 5.5093 5.0751 5.4727 0.6110 6.1017 0.3997 3.0841
2.6514 2.9709 1.6909 1.9302 1.1757 1.0957 1.2220 1.0080 0.4229 0.8150 1.0605 4.7876 4.8861 5.5185 5.3173 5.9695 6.2449 0.6955 0.2412 5.6234
2.7567 2.7014 2.1625 1.1433 0.6292 1.0620 1.0925 0.9545 0.3953 0.5773 0.3877 4.9798 5.9591 5.1428 5.2482 6.0281 5.7075 1.3017 1.8239 1.1609
2.3742 2.3560 2.2123 1.9379 0.3440 1.1950 1.0217 1.2110 5.2739 1.2037 0.6518 5.8930 5.1308 4.8239 5.8537 5.9761 0.4688 0.3803 1.1588 1.4938
2.8534 2.0605 2.0150 2.0784 1.6642 1.6035 1.3057 2.1653 1.3048 0.4958 0.0706 6.1013 0.2383 0.2898 6.1700 5.6925 1.0933 1.1883 1.6030 1.8583
1.7153 2.0083 2.6551 1.7931 1.6118 2.4821 1.4961 0.9687 0.0943 0.2520 0.0480 5.9301 0.9306 0.6812 0.5028 5.4675 0.3912 1.1995 0.0473 1.8420
2.5147 2.8038 2.7297 2.2720 2.8010 2.6499 4.9044 5.9878 5.7932 1.0341 0.1637 0.7865 1.3120 1.2899 1.1161 4.3977 5.9456 0.0639 5.2572 3.9380
3.4683 2.8955 3.0645 3.1464 2.4169 3.3251 4.0509 5.8640 5.8042 5.6028 5.5648 1.2518 0.8101 2.4854 2.6695 3.3324 4.6269 5.7706 4.7787 3.8744
4.0234 3.8946 3.3137 4.2054 2.8128 2.4819 0.3987 5.2351 4.5980 5.4336 0.4447 1.9985 0.7233 3.1072 3.2729 2.9896 3.1527 4.2864 4.4403 3.8188
4.3463 4.0780 4.2675 3.6349 3.6799 3.4033 1.3944 5.2561 4.6816 2.5377 1.1648 1.1205 2.9280 3.0571 3.0194 3.0577 3.2681 4.3008 4.1710 3.3745
4.5869 5.2341 5.1333 4.7844 3.1439 2.4808 1.7764 3.0404 3.7210 2.8476 2.4101 2.6967 2.4545 2.9629 2.3214 3.6618 3.2748 3.8786 4.1713 4.1695
4.3209 5.1454 4.9759 5.3824 6.1834 0.9944 0.7529 4.2395 4.2391 2.3067 2.4945 2.5980 2.7531 3.1624 2.3980 2.8603 2.9486 3.6207 4.5603 4.3140
4.9751 5.0254 5.2317 4.9459 6.1121 5.7920 5.8592 4.3217 3.8903 2.9914 2.4101 2.5036 2.4696 2.7892 3.2187 2.8912 2.6030 3.5708 3.4718 5.0144
4.0092 5.2622 0.0165 4.9704 5.7948 5.9059 5.0401 5.2895 4.0019 3.8465 4.0352 2.8229 2.3629 3.4599 3.5654 2.5998 2.3856 2.3392 5.6880 5.6380
5.3080 4.2782 5.1582 5.3147 5.5036 6.1328 6.0182 4.4697 3.4307 4.3409 3.7858 3.4190 3.7870 3.4089 2.1297 1.8135 1.6019 1.0808 5.0126 5.8258
