3.1532 3.1801 3.1345 3.2996 3.2949 3.2435 3.1231 4.3343 3.1855 3.6414 2.9869 2.6729 2.9936 1.5997 1.2435 2.0397 1.6331 2.3417 2.6390 2.6540
3.4631 3.6240 2.7053 2.1837 2.1025 3.0644 3.9362 3.3393 4.1480 3.8602 2.9638 2.8576 2.1406 2.6172 1.6288 2.2663 3.4772 2.0542 2.6697 3.4839
2.7399 3.7262 2.9202 1.9777 2.3801 3.1528 3.4381 4.4374 3.4122 3.8192 3.4405 3.1592 2.9215 1.5650 1.6087 1.8507 2.4867 2.8069 2.3770 2.1529
2.5397 2.5611 2.3883 2.3279 3.1599 2.8127 3.1260 4.8050 3.4477 2.7317 2.9907 2.6663 2.6938 1.3199 2.2543 1.5489 1.5179 0.7091 1.5530 1.7311
2.8740 2.4941 2.8416 2.5368 2.4876 1.5743 2.7481 1.2537 1.9712 2.3798 2.7797 3.2301 3.2816 1.8415 1.4591 0.9691 1.7660 0.7113 1.4638 2.0299
3.6322 2.2747 2.3694 1.8500 1.7846 1.4127 2.7492 0.8764 0.9629 0.7688 2.1028 2.0208 2.5948 1.3196 1.1499 1.1780 0.0844 1.2855 1.8372 2.2247
3.3097 2.0676 2.0775 0.0640 1.1687 1.4492 1.4117 1.5961 6.1999 0.8171 1.8018 0.6898 1.6067 1.4570 0.5380 0.7147 5.7951 1.5451 2.5000 3.2493
2.1236 0.4726 0.6846 0.4174 0.4350 1.4259 1.2264 1.0019 0.7455 0.6594 0.8727 1.3431 1.3824 0.3736 0.3815 6.1753 5.2676 3.9410 3.3350 2.2900
2.2993 6.1485 0.4372 0.1722 0.0433 1.1686 0.7830 0.9705 1.3277 0.7245 0.4309 1.6969 0.1161 0.4811 0.4635 0.7169 4.9431 4.1531 3.9698 3.0638
5.5177 6.0971 5.5377 0.2249 0.6151 1.3702 1.5243 2.0030 2.0777 1.7999 2.6492 1.7039 0.9440 0.9465 0.9451 6.2758 5.3487 4.0812 5.2509 6.2527
5.4874 5.9186 5.6116 0.1961 1.1358 1.8566 1.7434 1.6522 2.5273 1.8078 1.2316 2.0708 0.9136 0.9114 5.6953 0.0010 5.0826 4.7325 5.6277 4.9420
5.2788 5.1653 5.2731 1.0275 0.3998 2.5962 2.3185 1.0682 1.1431 2.5578 1.4181 1.6494 0.7899 0.1850 0.2727 0.5977 6.2664 4.2006 5.8711 5.4094
5.4186 5.4210 5.8854 0.7307 0.0660 2.3338 1.6677 1.5682 2.2206 2.5991 1.3544 0.2070 1.0860 0.2881 0.1903 5.9396 6.2358 5.8298 5.3664 4.9384
5.4231 0.3991 0.0212 0.8921 0.1575 1.0635 1.7836 1.7208 1.6011 1.9655 2.4097 0.5766 0.2173 0.9420 6.2466 0.2081 5.7013 5.8511 4.0781 5.0319
4.9491 4.8758 5.4960 0.9855 0.9889 1.8006 1.9250 1.6942 1.6988 2.1220 2.4710 1.4378 6.0935 0.2180 0.8126 5.9135 5.1664 5.1345 3.8190 5.1125
4.8604 5.8155 6.0390 0.9545 1.2958 1.5844 1.8051 0.9769 1.6894 2.6283 3.3228 0.4618 0.3445 6.1813 5.8876 5.2312 5.8584 4.9991 4.6638 4.7509
4.8147 4.8514 4.7526 2.2249 2.0252 1.3365 1.0271 0.5517 1.0528 0.4623 1.5906 0.7318 6.1795 0.3789 0.9080 0.6772 6.1403 0.4979 4.5559 5.8036
4.9052 4.6141 3.3169 2.8726 2.3707 0.9881 1.2493 1.3021 0.7066 2.0266 2.3220 0.1833 5.8407 0.3947 1.4400 0.2339 0.5890 1.4386 3.6991 4.9700
1.7771 3.9039 3.5276 3.1080 3.1259 3.3975 2.9368 1.7923 2.0491 2.2043 1.3257 0.8350 1.4202 1.7063 1.1006 0.9852 0.9089 2.2628 2.4559 2.1463
2.5473 3.6994 2.9804 2.3653 2.5966 3.2147 2.5859 2.6269 2.1771 1.9568 1.3662 1.2069 0.5069 1.1780 1.4690 0.7571 1.0282 2.2261 1.5861 2.6506
