0.6182 0.6520 0.7071 1.5325 1.5631 0.3553 1.5349 0.5673 5.7518 5.5293 4.6405 4.7238 4.4936 3.8721 4.5347 4.8044 4.7570 4.7179 3.0427 6.1486
0.0521 0.3547 1.8487 1.5156 1.0956 0.5575 0.3794 0.7810 5.9030 5.2734 4.6233 4.9567 4.7231 4.3808 5.0410 5.0358 4.7943 4.4477 4.4222 5.4787
1.6676 0.6558 1.6017 1.2508 0.7753 0.9580 6.0562 0.7964 1.5986 2.3479 3.6163 4.7373 4.5555 5.2060 4.7586 3.9329 5.5060 4.8511 4.6178 4.9757
2.9300 1.7767 0.4954 5.9816 6.2394 6.0060 6.1328 0.2153 1.1052 2.6688 3.5809 3.5815 4.3378 4.6555 4.4996 4.3567 4.9149 4.5335 3.9558 3.2837
4.0432 3.4151 1.3866 0.2830 1.1727 1.3728 0.7746 0.1686 1.7857 2.3916 3.1196 2.7821 3.9640 3.6951 3.7548 3.3426 3.7507 4.0533 3.3539 2.9765
3.4882 3.0604 2.2881 1.3216 1.2426 0.7381 1.1213 0.3622 1.6087 2.7763 3.3708 3.1941 3.2908 4.6476 4.4002 4.2573 3.0154 3.9080 3.3327 3.4897
3.4121 2.3373 1.3176 1.6663 0.9831 0.3097 6.2051 0.4871 0.5710 3.2836 3.4014 3.4983 5.8353 5.8108 6.0887 5.0875 5.0252 4.4000 3.9606 3.6437
3.6600 2.7500 2.5899 3.0250 2.0020 0.3104 0.1688 1.1200 1.6908 2.4699 2.7960 2.2604 0.2729 5.7147 5.6228 5.2737 6.0104 4.8268 4.9491 3.6271
4.0989 3.9115 1.6584 2.0558 2.8258 2.3427 5.8010 0.0108 0.6569 2.0579 1.1863 1.6379 0.2872 6.0904 0.1898 5.0231 5.7901 6.2630 4.8880 3.7310
3.7337 3.4663 1.8459 1.2844 1.4764 1.0212 1.3100 0.8787 1.4962 1.0915 1.3396 0.7579 0.3490 0.3766 5.9577 6.0019 5.5031 5.5654 4.8618 4.4071
4.2432 2.4914 2.2583 2.2742 1.2829 1.2862 0.8472 0.9777 1.6538 2.4857 2.0765 1.5787 0.8386 0.1110 6.1406 0.0202 6.0184 6.0300 5.5615 4.1586
4.6311 2.1707 2.3054 2.0795 0.9021 0.7826 1.4397 1.5978 1.7599 1.8437 1.2817 1.1585 0.3487 6.1221 5.6062 5.9718 5.9104 0.1307 5.3124 5.0389
0.6621 1.6304 2.5396 0.8535 0.3185 0.2560 0.7427 1.6613 2.1768 1.9643 1.4535 1.3356 0.5058 5.0353 5.6643 5.3060 4.8923 6.2085 0.3221 0.3209
1.1023 1.1200 1.3090 1.0678 1.3736 0.0327 0.2326 0.6450 1.2638 1.5052 1.4837 1.2669 0.6879 0.8023 0.3634 0.4416 1.7994 0.3635 1.0554 1.0790
1.0800 1.5107 1.0468 1.4281 1.2103 0.4228 0.0877 1.1417 1.5602 1.2838 0.8314 5.6532 0.2156 6.0758 0.1062 0.0721 0.4160 0.3451 1.7928 1.6897
2.0108 1.3956 0.8197 2.0541 0.6808 0.6731 6.2539 1.4408 0.5646 0.6288 1.5719 0.1638 0.9969 6.1153 6.0549 5.9255 0.4029 0.7683 2.4590 2.2308
1.7503 2.3386 1.9846 2.0887 1.7548 1.1232 6.2823 0.7047 0.3183 0.5184 0.2181 1.7925 1.5451 0.2710 0.7142 1.3575 0.4361 0.7155 1.4244 2.0309
1.7555 1.3149 1.3794 2.5101 0.6398 1.5190 0.2431 0.5935 6.2624 1.0803 4.7313 2.9943 5.4610 5.6630 0.0429 0.7507 1.4520 1.4258 1.8408 1.4942
1.9090 1.2812 1.7942 2.2563 1.3604 0.9814 6.0005 0.6683 0.9502 0.6211 3.7439 3.4402 4.5158 4.6880 5.8168 5.8977 4.0362 1.2984 2.0647 1.3783
1.7547 0.7426 1.8762 1.9334 1.9973 1.2604 0.4483 6.0500 5.1633 5.1689 4.6138 5.4398 5.3253 4.5003 5.4852 5.2730 4.6668 0.9789 2.7541 2.4737
