2.0982 3.4711 2.0847 1.5334 2.1285 1.3099 2.1247 2.4848 2.6548 1.4563 3.1665 3.4219 4.0296 3.2174 3.3970 2.8239 3.9502 3.6375 3.6288 3.1402
1.9102 3.0983 3.2729 2.6184 2.6758 2.6908 1.9427 3.1087 3.1479 2.9632 2.6399 2.6992 3.8230 2.8051 2.9706 3.6531 4.0623 2.6306 3.5162 3.0381
2.7512 3.1685 3.6339 3.6034 3.4391 3.1081 2.7175 3.3182 2.5911 3.5008 2.6720 2.5473 2.7953 3.4344 3.0951 2.4096 3.1911 2.8356 3.0245 2.6636
3.2108 2.8334 3.2971 2.9371 3.3454 3.4735 2.9546 3.5205 3.2995 4.3300 4.6387 2.2368 1.8330 2.4269 2.2337 2.7101 3.0482 2.7036 3.5392 2.7275
2.4034 2.8017 3.1437 3.2006 3.3320 2.4342 3.0617 3.6241 4.6898 4.5796 4.3765 3.8624 1.9361 1.8102 2.0047 2.3112 2.3403 2.6746 2.8348 2.7612
2.7971 2.5612 2.6095 3.6831 3.7064 3.2355 3.3866 2.9187 4.4349 3.9314 4.4623 4.0762 3.0662 2.7016 2.4982 2.1535 2.4852 2.2340 1.8638 2.4068
2.5801 2.5545 3.2445 3.1025 3.3310 2.6069 2.8325 2.7836 2.7358 2.9766 3.5298 3.2770 3.4529 2.5040 3.2631 2.2065 2.5377 1.6267 0.8577 2.3890
3.1835 3.4010 2.3820 2.2911 2.3864 2.6816 2.8125 2.0896 2.1481 2.0035 3.5637 4.3741 4.1585 5.0652 1.7094 1.9851 1.9944 2.2242 2.4570 2.5518
2.7082 3.1810 3.2263 2.1013 2.2461 2.8018 2.3274 1.5076 1.5291 1.3635 1.3508 5.0622 6.0487 1.1885 0.8440 1.4262 1.7367 2.3311 2.5883 2.2229
2.0846 2.7925 1.9426 2.2342 3.2844 2.0898 2.0439 1.6357 1.4915 1.6467 5.7463 5.7478 6.2767 1.5278 0.9034 1.9207 1.4671 2.0898 2.2020 2.1237
1.7231 2.6445 2.9512 2.3261 2.3484 2.2277 1.7323 0.8005 2.0403 1.7193 0.5389 0.7510 0.7457 1.0799 1.4314 1.4364 1.1662 1.6293 1.6955 1.9393
1.5992 2.3698 2.4879 1.5502 1.6900 2.2165 2.0943 1.3616 0.7868 0.0984 1.0056 2.1660 2.6525 0.9945 1.3590 0.4100 0.3831 1.0819 2.1847 1.2480
0.9523 2.0373 2.1266 1.9985 1.3105 1.2844 1.0487 1.3986 1.2937 1.3088 0.9865 1.4032 2.1492 1.8083 0.9853 0.7966 1.8537 1.1705 0.9467 0.0927
1.1930 1.8181 1.7378 2.2722 1.2864 2.3078 1.1306 1.6094 1.6469 2.2158 0.9363 1.5827 2.1390 2.2343 1.5758 0.9547 1.3772 1.7224 5.4958 0.4377
1.2758 0.1926 0.7703 0.8689 1.6827 2.1592 1.3460 1.5636 1.7531 2.2785 1.3204 1.2166 2.2300 2.1913 1.4848 1.7062 1.7798 1.8695 1.4269 1.4342
2.1095 1.6824 1.7000 1.4993 2.7535 1.4356 3.1609 2.5648 1.2875 2.0252 2.1412 1.2325 1.3584 1.5173 1.7562 2.3885 2.2800 2.1390 2.5192 1.8712
1.8625 1.9598 1.4273 0.6321 0.1624 0.6203 1.5336 2.8835 2.2508 1.5274 1.8393 3.6172 1.8247 0.9834 1.5376 3.0160 2.9805 2.4927 2.0795 2.0768
2.5560 2.6027 1.7464 0.8906 1.1979 0.9134 1.7034 2.5318 2.4751 2.5225 2.5260 4.0999 3.4976 2.4852 2.3511 2.9378 3.2600 2.3645 2.4977 3.2412
2.7620 2.6672 1.8785 1.7494 1.2664 1.0869 1.7776 2.9404 3.2925 2.5385 3.3183 3.3611 2.7401 2.2606 2.2562 3.9977 3.9493 2.7473 3.0235 2.4465
2.0839 1.9842 1.9352 0.7455 1.4376 0.9180 1.7620 1.9491 2.4253 2.5687 2.9046 3.2323 3.4226 2.8566 3.4074 4.6473 3.1146 2.7481 2.7288 2.1342
