3.6289 2.8523 3.2785 1.4823 4.0664 4.7824 6.1667 5.4835 5.6824 5.5373 5.2770 5.0234 3.5116 4.4016 4.2946 3.3182 4.5891 4.3024 3.7177 3.6106
3.5885 3.3338 2.8051 2.6127 3.7218 4.6356 5.0561 4.5680 5.0892 5.2445 3.2010 3.7560 4.2258 4.8050 5.2215 4.3654 3.3080 3.2343 3.4759 3.2724
2.4816 1.5015 3.4458 2.1192 1.7598 4.3238 4.9012 4.4665 5.0765 5.0291 4.1745 3.8241 4.1788 5.3690 4.4133 3.5421 1.9797 3.4253 3.6269 2.9608
2.4969 1.3978 1.3191 1.2964 2.3572 2.8948 4.2853 5.0016 5.6396 4.9878 4.9981 4.7185 4.7517 4.8400 3.2473 3.6433 5.4678 3.6395 3.5854 3.3632
1.9157 1.3545 1.9142 0.7932 1.1414 1.9244 4.0534 4.5022 5.1838 5.7393 5.4305 4.4700 5.2159 0.6217 3.9195 2.7108 4.5952 4.3155 3.1231 2.5238
1.7709 1.6866 1.7746 0.4455 1.3223 2.3564 3.2607 4.8608 5.5220 5.4981 4.8444 4.5042 5.1398 5.6599 4.6907 3.2034 4.2159 5.6022 0.1958 5.9356
1.3842 1.5008 0.5732 0.9825 0.8535 0.0267 0.4389 4.5008 5.2355 5.1580 5.0693 5.4643 5.8170 4.6544 4.0343 3.5633 6.0679 5.4221 1.4889 5.7003
1.4166 0.7459 0.3897 1.1615 2.4030 3.3401 4.1475 3.3814 4.6500 5.5527 4.5854 4.3546 4.8238 5.5573 4.9540 3.1856 4.6313 5.7468 0.8131 0.2205
2.0154 0.9998 5.8095 0.4579 3.4312 3.5187 3.9668 3.7197 3.2574 5.1977 4.9949 5.4527 4.7976 4.8107 0.3223 4.1240 4.3525 2.9688 1.3277 1.3353
1.6583 6.1514 0.4363 0.2363 4.1638 5.3410 4.6281 4.1152 3.9648 4.3913 4.9471 4.2830 4.9074 5.6152 4.2396 4.7818 3.8219 3.6694 0.9839 0.5573
0.6641 0.2606 6.0164 5.2993 4.5299 4.8874 4.8988 4.5116 4.5790 4.2247 3.0151 3.4868 4.2591 5.5295 4.7355 4.2483 4.0398 3.7244 1.6434 0.5074
0.1123 5.8861 6.0471 5.9544 4.3961 5.2356 5.4195 3.8330 3.8221 4.4714 4.4364 4.3529 5.4471 5.9250 5.8928 4.2437 3.3666 3.2464 1.1521 0.4117
5.9591 5.6762 5.8178 5.8443 6.0437 5.3840 5.7359 4.3243 3.8348 4.0918 4.3629 5.0156 0.0069 0.3210 5.8679 3.3549 3.6002 2.7801 0.3600 0.5886
0.0166 4.8664 6.1740 5.5127 5.0296 5.0025 4.3339 3.5840 4.6591 3.7600 3.7547 4.1467 5.5804 4.8008 0.1366 3.3452 4.7491 2.8407 0.9344 6.2752
5.8739 4.6636 5.6564 5.2939 0.1942 3.6914 3.0927 3.9558 4.0982 4.2904 4.0993 4.5971 5.3210 5.1674 5.2215 4.9129 4.9298 4.1173 2.7247 5.0955
4.9784 4.6755 4.7052 4.2899 5.6683 3.6669 3.1662 2.6463 3.8151 4.9276 4.5700 5.4641 4.6150 4.8786 4.8284 4.6526 4.7790 3.4744 3.2525 5.2437
5.0113 4.5801 4.3497 4.1331 5.3680 4.5061 5.3723 4.9863 5.8531 5.5292 5.3788 4.4759 5.1477 4.4117 4.4271 5.1675 3.9971 4.0600 4.5291 4.8747
5.3345 6.0348 5.1369 3.1390 3.0457 3.2282 0.5472 5.5041 4.1921 5.4153 5.0578 4.8154 4.4063 4.9241 3.6897 4.9926 4.2155 3.8512 4.6950 5.1411
4.7698 5.3058 3.4603 2.9359 2.0197 0.6529 0.1470 5.9542 5.1032 5.6825 5.7202 4.4294 5.2785 5.0700 3.9567 4.4526 5.0171 4.3883 4.1006 4.9163
4.2405 4.1369 4.1117 1.9931 1.6763 0.3294 5.7864 5.5976 5.5456 6.0590 6.1699 5.0992 5.1187 5.0875 5.1816 5.0378 4.7746 4.4375 3.9141 4.6398
