5.9391 5.0865 5.3779 5.5610 5.8398 5.3451 6.0261 0.5224 0.2777 0.3939 2.0155 1.5651 1.3920 0.6324 0.3986 1.1643 1.4597 5.0726 4.5373 5.2154
3.9741 5.6233 5.4202 0.3359 0.0593 0.4321 5.4878 5.4271 4.7717 0.8814 1.7343 1.6075 0.1757 0.4578 0.1808 1.0226 1.6954 4.1680 4.6251 5.2922
5.0902 5.3022 0.3690 0.5915 5.8817 0.2662 0.1051 5.3051 4.8719 5.3561 0.2192 2.2756 3.2635 3.2329 4.4472 4.1358 2.1635 4.4826 4.5463 4.7198
5.1256 6.0603 5.3538 5.9537 0.0947 6.0138 5.9695 5.4542 4.8251 5.8774 5.7301 3.9741 2.5616 2.7464 4.2894 4.6784 4.1097 4.1110 5.2961 4.8752
5.0110 5.2011 5.4683 6.2149 6.0964 0.1280 0.2058 3.9786 4.1241 5.6555 5.1178 4.9335 4.2378 3.1833 2.5191 4.1298 4.0357 4.2188 5.0152 5.4989
4.6340 5.2839 0.0564 1.1670 0.0107 1.2692 1.7075 3.0218 2.3179 5.5464 6.0401 0.2544 3.4892 2.1326 1.6977 3.0469 4.6662 4.6522 4.7669 4.8786
3.9082 4.4430 2.3536 1.4497 1.0583 1.4742 2.6195 2.9094 4.2285 0.0498 5.5420 5.2080 1.1529 1.6755 2.3798 3.2323 3.8924 5.5999 4.3360 4.1163
4.0582 4.5858 3.0325 3.4613 1.8023 2.6319 3.8354 4.1311 4.5832 5.9644 0.1474 0.1111 6.1362 1.7518 1.7099 3.2848 3.7762 4.4994 4.8333 3.9087
4.7315 5.5877 4.7132 4.1006 2.9664 3.1515 2.2415 2.6075 2.9976 2.4880 0.7470 0.1545 1.4585 1.3817 2.0822 3.9641 3.2976 4.2312 4.3897 4.1146
3.0930 6.2105 5.3313 4.3784 4.5529 4.6177 4.3213 4.4335 3.9783 6.2579 0.1248 5.5228 0.6838 1.9209 2.3690 0.5174 5.9907 5.0758 4.4694 4.0216
1.3121 0.6739 6.2572 5.0997 5.7371 4.5406 3.9127 5.2065 4.5205 4.9778 4.5085 3.4696 3.6691 4.6262 4.9796 0.0597 1.3436 4.4815 3.6517 3.3626
1.9509 0.6855 5.7199 4.8405 4.8172 4.0064 4.2505 4.0314 4.2229 4.5072 4.3426 3.3990 3.2961 4.8054 5.5844 6.0189 6.2490 3.9780 3.3435 2.3149
3.5624 2.7573 3.8815 2.8736 2.7212 4.0550 3.2032 3.5698 4.6863 4.6878 5.2879 4.7827 5.4512 5.4137 6.2423 0.6837 5.7206 4.2836 4.9783 3.3908
4.4440 3.3596 2.7043 2.1102 4.1308 4.0681 3.4499 3.4709 3.8797 4.0612 4.8881 3.7013 5.0210 4.7495 5.8652 0.4468 0.1327 5.3484 4.8203 4.1871
6.1430 4.9310 2.6737 3.0283 3.5409 4.0387 3.9880 4.1773 3.2078 3.2391 4.0926 3.6302 4.5243 5.4345 5.9360 0.4245 6.0170 5.8083 6.1740 5.3051
5.1860 3.9684 2.7749 3.4039 4.5238 5.2740 5.0391 3.4484 4.0081 3.7528 4.0686 5.6499 4.9819 4.3364 5.1949 4.2579 4.2840 5.4850 5.0292 4.6128
4.9247 3.3044 0.7541 1.1641 0.0588 5.3270 4.4827 3.2777 3.8059 3.4775 4.3545 0.9609 4.8647 5.0139 5.2274 4.3476 4.8190 5.5790 4.9853 4.9587
4.2496 2.3729 1.3521 5.7451 0.2573 5.6656 5.2981 4.2778 3.8691 3.6287 1.7853 0.0236 0.1152 5.9306 5.2320 3.8886 3.9734 4.3956 3.3569 4.4578
4.0473 4.7502 4.4362 4.9366 5.8039 0.0193 6.1150 4.0503 3.1255 2.2386 2.0877 0.3077 0.3036 0.9220 5.9711 1.8835 2.6549 3.0494 4.4456 4.1196
0.0875 4.6102 5.2356 5.6147 6.0919 5.5691 1.0646 0.8595 1.2185 1.1943 1.3850 2.0633 6.2270 0.7171 0.6022 2.0151 1.3694 0.1558 5.0471 4.5815
