0.0050 0.2501 0.4275 0.5127 0.3214 2.4609 2.4509 2.5002 1.9168 2.4534 0.8747 1.4481 0.3610 1.0057 0.5110 0.3851 0.1110 0.5494 0.7055 0.5958
6.0079 5.9639 0.3060 1.2606 4.5596 2.1944 1.9253 2.1923 1.9138 1.3522 5.8508 0.2480 6.2802 0.9432 1.1437 1.3365 0.8684 0.5569 5.8055 5.6127
0.0793 5.9539 6.2292 1.3887 3.7530 1.9701 1.7146 2.8318 1.1680 0.0024 5.4876 5.3285 5.7274 0.4223 6.0398 0.4712 6.1980 1.1179 0.7676 1.2633
4.8303 4.6820 5.6526 1.3280 0.8487 2.6723 0.5039 5.8225 0.0646 6.1809 0.0907 5.8197 5.9574 0.3124 0.5312 0.0800 5.9869 2.0310 0.2797 5.5328
5.5518 5.6931 4.2973 2.9030 1.8521 4.0611 0.2328 6.0122 5.5731 1.0204 5.6772 0.2522 6.2023 5.4265 0.7579 0.9393 0.3486 1.1745 1.0970 5.4282
4.4904 4.7804 4.7348 4.0672 3.4934 3.3170 6.2200 6.2561 5.5466 0.4033 6.2423 0.6383 6.2187 5.5635 0.2189 0.6889 6.0183 0.8710 0.5246 5.8744
2.6328 2.7576 4.4143 3.4194 3.2224 4.7016 5.9853 5.6606 5.5477 0.1367 5.8159 6.1870 6.2494 1.3472 3.1487 2.4491 3.4458 1.7114 1.8560 1.9366
2.3435 2.4389 3.1403 2.6398 3.8744 5.4162 0.2957 6.2103 6.0628 6.0205 5.2625 0.8034 0.2095 0.6179 1.9435 1.5131 2.1279 1.8999 2.2840 2.8919
2.8076 1.6839 2.4214 0.2790 1.5591 5.3381 4.8730 0.3277 5.5439 5.7599 5.1957 0.6313 0.7574 1.1434 0.5496 1.9584 1.6460 1.4194 2.4641 3.1843
2.6217 1.4206 1.3912 0.5898 1.3534 0.4238 6.2008 1.0660 0.1688 4.9386 5.2308 0.5062 2.2848 1.6495 2.4195 2.2237 1.9031 2.0751 2.3199 2.7601
2.0024 1.4569 1.4378 0.6242 6.1454 5.4169 5.5794 6.2021 0.5233 0.3543 1.0691 0.8838 2.2215 1.6877 2.1820 2.4745 3.0221 1.5869 0.9086 1.4632
1.9913 1.8106 0.9705 0.1719 5.7022 6.0180 0.5324 0.0080 6.2202 0.7932 1.1354 1.5426 3.1371 3.5952 2.7371 2.8894 1.9772 1.9504 1.7875 0.9318
3.3799 1.7355 2.8375 5.8204 5.6612 6.0531 1.8045 1.4078 1.4604 0.8632 0.8966 2.1279 2.4927 1.6577 1.9730 2.6549 2.5207 3.6089 3.0165 2.3562
3.5193 2.9550 3.1552 3.9229 4.9436 5.5165 1.1299 3.1314 1.8296 3.2133 0.5023 1.9362 3.0792 1.2564 1.5350 1.8988 2.7070 1.7878 2.5408 3.0279
3.9226 4.0581 3.8136 4.6856 5.6200 4.3644 2.2728 2.9850 1.9786 2.9514 2.6181 3.0254 1.1491 2.0100 2.0421 2.1332 2.9422 2.6702 3.1614 2.9315
2.9637 4.3375 4.2442 5.1726 5.1754 4.3656 3.7249 2.7818 1.3717 2.6832 2.6050 1.9505 5.6265 2.4187 1.3713 1.1301 2.2069 2.4967 2.1162 2.1735
4.2840 4.9676 5.8337 5.9323 0.1550 6.1149 1.7169 2.5221 2.7424 1.8600 2.3292 2.4856 4.4240 0.7917 0.9839 1.5821 1.3551 3.5067 2.4182 3.2232
3.1734 1.5531 5.7115 6.0137 1.5338 0.0790 0.7590 1.0426 1.3117 1.4952 3.0858 1.7467 0.8434 1.6687 1.0546 1.1544 0.9967 1.3849 2.5039 3.9834
2.2880 1.5819 0.6830 0.6827 0.7539 3.7433 2.2144 1.2506 1.7065 2.6691 2.3879 1.1001 1.5962 1.6704 6.2647 0.9250 0.8430 1.0463 2.1146 2.8529
6.1124 0.7647 0.4041 0.2789 1.4179 3.1066 2.4855 3.1141 2.6057 3.1792 2.6583 1.5691 0.4518 2.0548 5.9742 0.4773 0.3349 1.2968 0.8984 0.7903
