4.4715 5.9375 4.4636 1.9099 2.2781 2.8382 3.1468 2.5918 2.4510 2.2911 1.8276 1.5493 0.6360 6.2607 0.7848 0.2930 0.2410 0.4351 5.3462 5.5741
3.9492 3.5172 1.9783 1.7423 1.9111 2.8539 1.9316 3.2781 1.9873 2.1513 2.4924 3.2472 4.0999 6.1342 6.1306 6.0278 1.0107 6.1286 4.8254 4.5162
3.4624 3.1986 3.6056 1.5484 2.0527 2.6431 1.2098 1.6510 2.3970 2.0122 2.9317 4.0778 2.9725 2.8233 5.2780 5.3584 5.6381 5.7945 5.0879 5.3907
3.7752 3.1493 3.1797 2.9910 2.2912 1.1071 1.3133 0.5182 1.8360 2.1669 3.5122 4.0769 3.9024 3.2037 3.2702 4.8396 0.5358 4.1159 3.5429 3.7493
3.7117 3.0508 2.7273 3.1264 3.8556 1.0662 2.1074 2.3585 1.8824 1.7901 3.3014 3.8705 3.9063 5.6626 0.5883 0.2760 0.3383 5.0430 3.9028 3.5107
3.5276 4.4103 3.8158 3.1686 3.4769 2.4220 2.3037 1.1943 1.7568 2.5730 2.4646 3.5535 3.5914 4.8774 2.0311 2.0788 1.6692 2.9592 2.7852 2.5576
3.6554 2.5373 2.7442 4.0071 2.9537 2.2800 1.8467 1.4433 2.1143 1.4766 1.7822 2.3462 2.3986 6.1508 1.2526 1.3168 2.9450 3.4248 2.7792 3.5020
3.1461 3.5193 3.8362 4.6838 2.0546 1.8955 2.8755 2.0322 2.9988 3.4923 3.3177 2.7017 1.2539 1.4777 1.5223 2.1061 2.8772 2.7667 1.9758 3.5259
2.4713 3.7971 4.2793 4.1032 0.5568 1.5199 2.4426 2.4792 1.9561 0.5159 0.9372 2.5494 1.5456 1.4256 1.4296 1.8377 1.3968 2.2210 1.7958 2.0792
1.7110 3.5024 5.7687 5.2693 5.9003 2.4915 2.6012 1.0122 0.8810 0.8510 2.0747 2.8578 3.9641 1.8875 0.0011 4.6499 0.5554 3.1130 3.1365 2.1816
2.6602 3.1311 4.6078 5.6875 6.0661 0.7088 2.7852 2.1799 0.9662 0.9178 1.2586 2.4484 3.1980 3.4196 4.3496 5.2958 5.1533 3.4127 2.3539 1.1342
3.3673 4.2529 4.4351 5.5042 5.6166 0.6228 1.2137 1.8260 1.9634 2.1094 1.0728 1.8761 2.8138 4.0851 3.3804 4.3980 4.8286 4.5890 0.8710 5.4972
4.9515 5.2056 0.0620 0.4895 1.3951 1.0665 1.9176 2.5539 3.3750 2.8246 2.2485 2.3295 2.5062 2.7255 2.5588 4.4756 4.4521 4.4599 0.1446 5.8564
5.0512 5.8698 0.7178 0.8538 0.8544 1.8188 1.3429 0.9513 2.9174 2.8165 1.9219 3.2627 3.3004 4.1466 3.2526 3.5162 4.4362 5.0111 4.9977 6.0816
6.0325 0.0815 0.2594 1.6960 1.9140 2.0907 1.8287 1.5271 2.1979 3.1456 0.5834 2.9309 3.4434 3.6997 2.9998 3.2522 4.5502 4.1644 5.8920 5.5589
6.0178 6.0182 1.8489 1.4720 2.0522 1.8675 0.8752 2.8785 4.1555 2.6830 1.8746 2.5808 1.9615 2.7104 3.1490 3.3198 3.7132 4.9666 5.0963 4.8426
6.2662 5.6687 1.3719 0.9082 1.8123 1.2917 2.8305 3.0967 3.7158 2.7202 2.6445 1.8998 2.1539 2.0500 3.3752 3.8160 5.0752 5.2531 5.9532 0.1623
5.4601 1.0389 2.0942 1.5488 1.8201 2.0587 0.7754 2.6290 2.3462 2.8052 2.1620 2.0186 2.0821 1.9316 3.0361 4.2801 4.0822 4.7334 4.8463 5.7076
5.6486 4.8714 2.3759 2.5783 2.8697 1.7804 2.0075 0.8830 2.6175 3.1576 2.7021 1.7990 2.6442 0.7008 0.3268 0.6332 0.6121 0.9128 6.0794 0.3561
5.7129 5.4561 3.3038 2.6041 2.2931 2.1878 2.9180 2.1669 2.5822 3.4213 1.6645 1.5240 1.3412 0.0101 0.7676 0.4083 0.1818 0.6208 6.1429 5.1396
