4.6816 5.0766 3.7437 4.3523 3.5197 3.4934 4.2033 1.8599 2.4023 1.2904 0.4719 0.4512 6.0341 5.7706 5.9305 0.7632 0.4373 0.0293 0.1244 6.0652
5.5161 4.6376 3.4302 4.1324 4.6795 3.1697 3.1815 2.3954 1.7069 0.8758 0.4496 0.9377 6.2511 5.0230 5.7867 6.0818 1.1013 6.1153 6.0720 4.8699
5.7989 2.7091 4.2381 0.4955 1.2522 2.9347 3.5455 2.3255 0.6853 0.3599 1.1534 0.4281 0.0845 0.6834 0.2954 0.3726 0.3332 0.2181 5.8183 5.7291
0.6960 6.0108 0.1088 5.7667 1.3466 1.3890 2.9762 3.2241 0.4407 1.1121 1.6242 1.4900 1.3116 1.7479 0.5746 6.0214 0.6067 1.0200 3.1137 0.8271
1.5879 5.6676 0.2379 5.8840 0.6519 1.5910 4.9280 4.6096 5.9261 0.2614 0.7066 0.6246 1.7130 1.6009 0.1971 0.1031 0.3049 0.9141 1.3478 0.1247
0.9436 0.2836 5.4708 5.2794 5.9922 6.2256 0.1788 6.0806 0.0994 6.2494 0.5099 0.5503 1.1646 0.5583 1.0846 0.0124 0.2169 1.0062 0.8715 0.6038
1.4068 0.0965 4.4094 5.3514 5.5196 6.2522 5.6193 0.6865 0.5516 0.2471 2.0231 0.6557 0.2831 0.4430 1.8651 1.9113 0.5424 1.7983 1.4950 1.6525
5.8927 5.5265 5.4448 0.1714 5.7354 4.5397 3.9133 1.2199 0.4752 6.2799 5.9220 0.3793 1.2904 1.5757 1.3731 0.8977 0.3863 1.1705 0.8233 0.4689
4.6172 5.2569 5.7139 5.2637 5.6280 4.6874 3.2231 1.8622 1.9622 0.4667 6.2568 1.2762 1.7528 1.2179 1.6743 2.2394 0.3343 5.9923 1.5737 1.6727
5.8454 0.7679 5.8710 5.5810 4.5588 5.1447 3.6785 3.2694 2.6974 1.2874 0.0796 0.9827 1.4758 0.1454 1.8307 1.4086 0.9546 1.8035 1.0355 1.4482
5.7660 0.0622 5.6686 3.5367 3.9159 3.6395 2.8986 3.7227 2.8274 1.8411 0.1244 1.7148 0.4624 1.9888 2.4015 1.1105 0.5209 0.1135 0.0531 5.9570
5.6793 6.2794 4.7599 5.4582 3.3207 2.5271 1.9314 5.1631 4.1117 0.9499 0.2949 0.2677 0.4538 1.3841 3.1959 3.6476 4.5291 0.0172 1.0353 5.9124
5.0720 4.5357 4.2633 3.5586 2.7675 2.6302 0.5236 5.9652 5.1287 5.7035 5.8281 1.2426 2.0941 4.9790 5.2926 3.6875 5.1840 5.9319 5.7558 5.4754
5.2402 5.3143 3.0575 2.8864 3.4427 0.4924 0.5752 1.1863 0.0438 6.0483 5.5860 0.2658 3.6708 4.0228 3.6284 4.7203 5.9988 0.2269 0.1439 4.9696
5.7915 5.1709 5.0801 4.5343 2.0177 0.0987 4.9533 4.9141 4.9778 5.3531 5.2051 5.3989 3.8193 1.6049 4.0161 5.1743 5.5332 5.8598 5.4146 5.4240
0.0455 1.2652 6.0087 0.0084 5.9125 5.7378 4.8324 5.4406 4.4108 5.3959 5.1086 5.0995 4.3245 3.5903 4.0714 4.4323 5.0143 5.7468 5.1191 5.8195
5.3657 3.4583 5.3041 3.2192 5.6729 4.9936 5.1838 4.9186 4.6835 5.0313 3.8231 5.7409 5.2192 3.1951 4.1959 4.1868 4.0388 4.8019 5.3487 5.6222
5.8662 4.2303 5.1654 5.3080 5.0665 5.5841 5.6116 5.8350 5.3975 5.5118 0.5331 0.4122 4.6587 4.9531 5.7165 4.3989 2.6564 0.6480 0.6031 5.7726
6.1333 5.7090 5.0882 5.4565 4.9523 4.8856 5.8951 5.8316 4.9878 6.1803 0.2138 0.3949 5.8604 5.8700 5.8117 6.0537 5.9980 0.4859 5.1959 0.2186
5.9117 4.9776 4.4811 4.0560 5.1613 5.2937 0.2148 2.2990 4.9377 1.1477 0.5080 0.1400 4.9429 5.7378 0.3092 0.3629 1.1382 0.9535 0.3146 5.8226
