5.8187 5.4803 5.1192 0.0948 4.9489 3.8310 4.4587 1.7694 2.0839 2.1850 2.3544 1.7057 2.7506 3.3964 3.6300 4.6080 5.5401 5.1621 0.0972 1.3056
1.2842 1.7624 4.9610 5.7841 5.3103 5.2160 5.1953 3.4818 0.6142 1.7149 1.9444 1.3821 3.2825 4.0122 3.9878 4.1601 5.5026 0.2394 0.9155 1.2798
0.7788 0.5814 5.9666 5.9911 6.2177 5.7582 5.7567 0.5057 0.7800 0.8013 0.1051 0.7573 3.3177 3.7304 4.3083 3.8920 5.6150 0.2389 0.5645 0.8319
4.3742 0.2047 5.4627 5.9204 5.6700 5.6288 4.5353 5.0991 1.2547 1.0750 1.0552 5.9295 3.7198 4.2461 4.5394 3.7896 0.1983 6.2217 5.9457 5.7610
4.9492 4.7979 4.8350 5.7143 0.2303 6.1569 0.6023 0.6532 2.6423 1.3971 3.1579 4.3472 3.6046 4.1821 3.4451 2.6580 1.0633 0.2370 5.9617 5.7797
6.1645 5.3909 0.1290 0.2233 0.1315 0.1515 1.3006 1.8490 2.5791 1.9039 2.2559 4.2729 2.7296 3.2468 2.2764 1.9682 0.9636 5.7539 5.5503 5.8257
0.3512 1.0475 1.8805 0.7566 0.1827 0.5210 1.2767 2.6320 2.8696 2.4255 2.9232 2.2815 2.2707 2.7448 2.3681 2.1805 1.2370 1.4718 6.1400 5.9589
0.1892 0.2611 2.0746 1.8754 1.4368 1.8338 1.6876 2.1832 2.5220 2.7859 0.5273 1.1537 2.7072 1.8601 2.9355 2.9026 2.0922 4.0953 3.2158 3.9229
4.6150 5.8693 0.6107 0.1238 0.6349 2.6303 1.2248 1.9391 1.9238 2.9025 5.8953 0.3021 6.1962 5.0028 4.8535 4.2705 3.6622 4.7819 3.7954 4.9492
5.5027 6.1776 0.4175 0.2736 1.4185 3.3311 2.1606 3.2490 4.8733 3.1610 6.2743 0.3304 6.2349 0.2050 5.5417 5.0683 4.4243 4.3112 4.4379 4.6816
5.8768 0.7092 1.2796 0.9989 1.9949 3.4182 2.9233 2.8445 3.5657 3.6954 5.1570 5.8802 5.2124 0.5149 0.2399 5.5834 4.9521 5.6625 4.6068 5.1734
6.1512 0.0021 1.5580 3.2185 3.3468 3.5551 3.6017 3.0984 3.9226 4.2470 4.3340 5.9560 0.0191 5.4919 5.2818 6.2683 4.5080 5.0582 5.8349 5.1956
4.9312 5.1986 1.3003 3.3375 3.5256 3.1438 3.9722 4.2583 4.2762 4.3209 4.2209 5.7307 5.8451 4.9052 3.9397 5.8073 0.1701 5.9257 0.0276 5.9592
5.7774 6.0862 2.3536 3.3688 2.5552 3.2916 3.8637 3.1975 3.8598 3.9805 4.8191 3.9808 0.0113 0.2395 5.3501 0.3578 1.2672 0.1048 6.0773 6.0049
5.9124 0.0896 1.7867 2.7666 2.7360 3.1945 3.3430 4.1494 4.1752 5.3465 4.1269 4.8838 0.5029 0.4498 0.9683 0.2931 0.0782 0.1471 0.3362 6.1265
0.1392 0.5702 1.6922 2.6158 3.3353 3.9630 4.1728 2.9534 3.6177 3.2211 2.8915 3.1764 0.4865 0.6295 1.6759 0.4181 1.2463 1.2769 0.5367 5.9269
6.2336 1.1265 1.1071 2.9555 3.9861 3.2126 3.9533 3.4728 3.8225 1.4790 1.7344 2.1132 2.3667 1.9087 2.7523 1.6964 0.5792 1.4953 0.3866 5.7565
5.9501 0.6120 1.5150 3.3848 3.4399 3.8805 3.4413 4.4731 4.0414 1.3099 2.8193 1.4542 1.6384 1.2767 0.2479 0.7398 6.2445 5.9285 5.4679 5.4336
6.2100 6.2245 4.2772 3.8161 3.5303 3.2880 3.6509 2.6637 5.3189 1.3103 1.5134 1.3623 1.5021 1.9493 0.8899 6.2831 0.7328 0.1667 0.2265 5.4500
5.1350 6.1097 1.0453 2.9845 3.2520 3.2508 2.2792 2.3061 2.0121 2.3544 2.9321 1.9361 1.5069 2.8564 2.0635 1.6603 0.1408 5.2979 5.3631 5.1070
