2.5093 1.0014 1.3134 2.0821 1.0952 5.7703 0.4087 0.1561 5.0417 1.1870 2.3235 0.4667 0.5957 0.0341 0.1530 5.5607 6.2358 0.4814 0.6949 5.7508
3.4632 1.6667 5.9994 5.0840 5.8046 4.4367 1.4056 0.3524 0.7916 1.0869 0.5901 6.2610 1.9083 5.0174 4.9277 5.0500 5.4593 0.0497 0.4054 3.9055
3.4339 5.9599 5.3686 5.9169 4.9710 5.7689 0.8716 0.9864 2.0298 0.6632 5.9206 0.2295 0.4812 5.1174 5.5378 4.7150 4.2374 3.5381 1.9137 2.5976
2.3095 1.5179 1.9183 4.3610 5.5915 0.2185 1.1823 3.0285 3.0603 0.3797 5.9465 0.1104 5.9971 5.6283 5.4937 4.4147 3.3245 2.2270 2.0727 2.2133
2.0190 1.9031 2.4732 3.2965 4.5394 4.1985 1.7614 2.5580 2.1035 1.9471 1.1908 0.2378 6.1428 5.4640 6.1003 4.8293 3.3838 3.6254 2.1905 2.3326
1.8306 3.5226 1.1933 3.3796 3.8269 3.1657 2.0066 2.9491 2.3071 1.5987 1.4328 0.4787 0.8084 0.0898 0.1422 5.4145 3.7056 4.3622 1.5371 1.6402
1.7102 1.4915 1.6076 2.2258 2.9315 2.0665 2.6494 1.7536 1.9371 0.7242 1.1126 5.5882 0.2526 0.6277 6.2437 3.9149 3.7789 4.1642 0.3743 1.2035
1.8168 1.7362 1.3277 2.2981 2.6771 3.1308 1.2792 2.0417 1.2181 1.3684 1.2932 5.9953 5.7627 4.4076 5.5961 4.7087 4.5916 2.6764 3.5526 2.4112
2.2416 1.7026 1.4569 2.5228 2.8943 3.1540 1.9774 1.8585 1.7619 0.8813 0.0116 4.7524 4.0708 4.3213 5.4182 4.1724 4.2466 1.0353 2.8039 1.8353
2.5648 1.6371 4.9607 4.7899 4.6978 3.1882 3.3992 2.3472 1.2058 0.4538 5.9610 5.3595 4.3188 4.5986 5.1767 4.0581 2.8742 3.8030 2.6396 2.6063
2.7228 3.1197 5.3087 4.9832 4.6866 4.1750 0.8969 1.3493 1.1969 0.0250 5.5541 4.8546 4.9415 4.9636 4.9899 4.1682 3.0444 3.5287 2.9919 2.7623
4.0012 3.8463 5.0417 5.5532 4.9261 5.3194 1.4899 6.2247 6.2343 5.4059 5.2783 4.8587 5.0141 3.5059 3.9191 4.1777 3.9269 4.6183 3.9512 3.7639
4.0540 4.9594 4.7541 5.0708 4.8631 4.8658 5.7407 5.9097 5.6542 4.6948 5.5020 4.9540 4.5285 4.1643 4.1112 4.4284 4.3884 3.8683 3.4762 3.6012
4.6016 4.8266 5.8926 5.4912 5.6673 5.2508 5.7722 5.8582 5.4927 4.6043 4.0871 5.2303 5.1403 4.7145 4.5506 4.2293 4.4171 3.9708 1.9109 0.5064
6.0378 0.3467 0.3784 0.2580 0.5287 5.6434 5.9009 0.4962 0.0658 5.5855 5.2455 5.4236 4.6253 5.5700 0.0172 5.2265 6.1021 1.7675 0.9140 0.2763
0.6690 0.3480 5.6574 5.2974 5.6341 4.2648 0.2482 1.7701 4.8950 5.3259 6.1826 6.2683 0.4817 5.6100 0.6949 0.4441 0.0803 0.0349 2.5137 1.2315
1.3960 0.7093 6.1949 4.6900 5.3356 4.8312 5.1384 4.9499 5.0027 5.0754 5.9817 0.3470 5.8541 5.0893 0.6025 0.3737 0.3768 6.0642 1.2758 0.9910
1.7667 1.1932 1.7923 3.4576 3.0260 5.4770 5.3312 5.2437 4.9348 0.8213 0.6060 0.6919 6.1659 5.1411 0.2095 0.2042 0.2035 0.6278 1.0089 1.0153
1.8481 2.0874 2.5696 2.0049 1.3769 0.5737 5.7648 5.2078 5.5467 5.9998 0.2075 0.3493 0.3750 5.6028 0.1341 6.0866 5.9680 0.6697 1.1694 2.1034
1.6252 2.0907 1.8865 1.9925 2.7729 0.5140 0.4865 5.9413 5.2492 1.3209 1.4392 0.0576 1.0861 0.1867 5.8495 6.1499 5.9530 0.1774 0.9349 0.4977
