1.4679 1.3574 2.0790 2.9810 2.8875 3.6931 3.9413 3.7010 5.7630 1.3988 0.3142 0.5937 1.1143 5.8102 6.1436 5.3831 5.0006 5.8058 0.1745 0.1653
6.2673 0.4491 0.7178 2.6682 3.3520 3.9574 3.5983 2.3301 0.0145 0.7398 0.3728 1.2295 0.0557 0.3536 6.1012 5.3731 4.9996 0.0743 5.8183 6.1907
0.6162 0.3055 0.6314 1.8871 3.2539 3.8772 3.3373 2.7151 2.0766 2.5563 1.8456 2.5028 1.2934 0.1077 0.0363 5.6649 4.0487 5.8220 5.3862 6.0958
0.8095 0.4816 0.7996 3.1120 3.0173 3.1325 4.0162 4.0999 3.3511 3.8450 2.9325 3.0825 0.5196 6.1971 0.4320 3.0609 4.3587 4.4633 5.1488 0.0655
0.7816 0.2796 4.6757 3.3746 3.2279 3.8724 4.0558 2.9473 3.2567 3.8640 3.0635 2.3128 3.1694 3.3737 5.2340 4.3878 4.6662 4.9805 3.8561 4.3829
2.5696 2.0420 2.9102 2.5576 4.7778 4.0736 4.8339 4.5873 4.4490 4.2815 4.7858 3.1936 3.7526 3.5671 4.6196 4.1932 3.7571 5.1930 4.9250 3.4233
1.3390 2.4282 2.5704 4.8117 5.3419 3.8796 5.2313 3.3561 4.5364 3.3025 2.5641 3.4130 3.4583 3.7013 3.8328 4.4523 4.0674 5.2467 4.8573 2.6706
2.2173 3.1510 3.4844 5.3688 5.6533 4.7043 4.6790 3.5451 4.2955 3.9011 3.2208 3.4700 2.8935 3.9800 5.0944 4.1668 3.4713 3.5113 3.2394 3.8995
3.1883 2.9087 3.2195 3.9492 4.8296 4.0670 5.3338 4.5424 4.1132 3.3161 3.0702 3.4697 4.4077 4.7989 4.9214 0.9121 3.6144 4.2006 2.1521 3.4941
2.7461 2.7357 2.7969 3.1312 4.3625 4.8393 5.1681 5.6992 4.3226 4.1384 3.8718 4.6673 4.6835 3.7879 3.9258 4.8395 3.7821 4.1830 3.6022 2.3416
2.9279 3.2694 2.7834 3.1965 3.8453 4.8763 4.1295 2.8026 4.1453 4.8708 3.9230 3.9767 4.1934 3.8704 3.9624 4.7511 4.3741 3.8213 4.4919 1.5932
2.5673 3.4470 2.4171 2.6084 3.9940 4.7849 4.0806 3.3075 3.9787 5.0071 4.5042 3.5788 4.3682 3.6984 4.1591 4.8193 4.7454 3.8496 4.2091 3.3409
3.8871 2.9523 1.9049 2.8466 4.9979 4.9718 4.3519 5.0145 4.6138 3.7401 3.8756 3.7196 4.4256 4.2113 4.2006 4.3608 4.7123 4.2681 4.2838 3.5930
3.8201 3.0887 3.5897 3.8921 3.9318 4.6087 4.4102 4.6013 4.3747 4.3890 4.7593 4.2123 5.0117 4.9155 4.2731 3.2290 3.8088 4.1917 4.7429 4.0041
3.7643 3.2610 2.4603 2.2769 3.0916 2.4247 3.0742 4.8109 4.9454 4.8572 4.3912 4.7206 4.9550 5.6282 4.8249 4.7693 4.9554 5.5534 0.0966 4.4953
5.2401 2.5279 0.4536 1.9000 3.4623 3.4439 4.7540 6.0905 6.1043 4.8900 3.5319 4.1068 4.2822 5.2928 4.1067 4.0956 4.6335 5.1999 4.6538 5.9859
5.1066 6.1970 0.8456 2.6403 3.2665 3.2686 4.3353 6.1031 6.0402 5.1804 4.1720 4.3437 4.8785 3.7384 3.4431 3.5753 3.7943 4.2106 5.1576 5.2462
1.3307 0.8868 2.2155 3.2723 3.9461 3.0858 4.4653 5.2939 5.7978 5.6914 4.4391 5.6925 2.9620 6.1091 5.1125 4.9055 4.4021 4.0713 0.0019 5.4515
0.9616 1.8601 2.1850 2.3991 4.8748 3.5661 5.1117 5.0481 0.4596 1.0606 6.0797 0.7562 0.6265 5.3814 5.7412 4.8622 4.8056 5.4841 5.6736 0.8027
1.2711 2.1437 1.9164 2.8152 1.9829 3.3622 3.9800 4.6734 1.3807 1.7303 0.8591 0.3388 0.5406 5.1043 5.7293 6.0282 0.0763 5.5484 0.9226 1.0398
