1.8011 1.1767 0.6805 0.6462 5.1667 4.6329 3.1793 3.0414 4.6883 4.4879 4.7554 4.8418 4.6005 3.6130 2.9745 1.9579 2.6171 3.3349 3.3106 1.9549
1.2098 1.3507 0.7674 0.5613 6.1083 3.4417 2.9358 2.2939 0.2957 6.2120 6.2335 5.3722 0.1348 0.0414 0.9930 1.2823 1.4921 3.2310 1.9957 2.1357
2.1627 0.4199 1.0016 0.8269 0.7139 2.1172 3.7455 1.8167 0.7399 1.1691 0.4445 1.4982 0.1529 0.4653 1.4008 1.0685 1.6327 2.8649 1.3792 0.5859
0.1768 6.1523 1.2575 0.8604 2.3429 1.3853 0.9961 2.4315 0.5338 0.7360 0.5149 0.8552 0.6717 1.9292 1.8362 1.8611 2.4252 3.4747 2.2508 0.1212
0.4824 0.3977 1.5692 1.9116 1.5147 0.7217 0.4595 0.9566 0.8052 1.3030 0.4009 1.1282 0.4917 1.4834 1.5093 2.0801 1.9301 2.3688 2.1489 1.4388
5.4458 0.5818 0.0103 1.5725 0.1379 2.1488 1.9805 1.2784 1.0072 6.2647 0.3418 1.8108 1.3979 2.0050 1.2196 1.9622 2.9684 3.4911 2.3417 3.6083
0.4162 0.1320 5.6941 0.3825 0.2944 0.7462 2.2527 1.8589 1.5890 2.6069 2.6987 2.7335 3.5812 3.0301 2.4229 2.6984 3.5185 2.7664 3.6277 2.9719
6.2187 0.2813 0.5110 0.2993 0.2676 0.5664 1.3693 1.9010 1.5305 2.8006 3.4146 2.8364 3.2786 2.8311 2.9954 2.6005 2.4816 3.2435 3.3463 2.1359
0.8444 6.1919 0.5577 5.7859 0.2968 0.5912 1.2791 0.9149 0.3712 1.6722 3.5219 2.8959 3.7313 2.5271 3.1114 2.8149 3.6521 2.4959 1.7170 2.0475
1.2521 0.8843 1.4459 1.0405 0.8184 0.8534 1.4524 0.9203 0.8232 1.6850 3.3895 3.0958 3.7424 2.9823 3.0970 2.3684 2.3307 1.2558 0.2915 1.5560
0.7957 0.0428 0.5052 0.4734 0.9681 1.0544 1.1582 1.0663 1.8468 0.0121 3.9924 2.8873 4.2450 2.8288 2.6845 2.3973 2.5026 2.1276 2.2634 2.2914
1.3696 1.0965 5.9424 0.4706 0.9301 1.2331 0.5302 0.6274 6.1128 5.8884 6.2515 4.7332 3.1738 2.8425 2.9904 1.6814 3.0531 3.0178 2.1737 1.3532
2.0736 0.4953 0.7478 1.2997 1.7777 0.9924 0.6199 0.5105 6.1821 6.1111 0.0677 4.5704 4.7610 5.5724 3.2563 2.3641 2.4696 1.6022 2.4674 1.7702
1.5891 1.2988 0.1690 0.6748 1.6335 0.5943 0.9542 1.0316 0.1932 1.2100 1.0038 6.0487 1.3987 1.5415 2.1881 2.5277 1.7601 1.1404 0.8438 0.1976
1.3461 5.3918 0.7880 0.4372 1.3277 1.1255 2.8910 2.2955 2.2843 2.0407 1.1089 0.6076 1.5332 1.5455 1.0946 2.2095 1.9426 0.6158 0.9491 1.3492
1.5534 0.8725 0.0612 1.4915 1.5587 6.1648 5.7446 3.8275 1.7828 1.6898 6.1903 4.7761 1.8515 2.5693 1.2625 2.1709 1.5219 0.7848 0.2964 1.0046
0.6442 0.9451 1.0641 1.3839 0.5322 6.1637 5.6349 3.9439 2.4145 1.4353 0.9972 3.7677 6.1312 1.0492 1.3883 1.6711 1.4012 2.4329 1.2642 1.3402
2.3692 1.5502 1.5561 0.9598 0.5128 4.3896 4.6438 3.7723 2.0951 0.7663 3.9666 4.7672 4.5214 4.5973 1.9139 2.5977 2.5299 1.7410 2.1936 1.6512
2.3410 1.3183 1.0314 5.0286 3.8959 4.2417 5.1494 4.7628 1.5695 4.8640 3.9039 3.8357 3.6533 3.9025 2.1615 2.8659 2.4923 1.2371 0.0639 2.2392
2.9372 1.0056 5.9263 0.4669 4.0070 3.4965 2.7305 3.4138 4.0093 4.0330 3.8146 4.2472 3.4006 3.5724 2.4279 2.0980 2.7297 2.4874 3.0826 3.7256
