0.1916 1.2300 0.8066 1.2884 2.0263 2.1551 2.0550 0.1245 0.0641 0.3572 5.6636 5.2051 5.3424 6.2661 4.9844 4.4825 5.2706 5.8498 0.5877 5.9396
1.4837 1.9888 1.6646 1.7500 0.9353 0.7898 0.7138 0.8787 6.0806 5.7627 4.1533 4.3563 5.2876 4.4602 5.1718 5.1502 5.9675 0.3952 6.0270 1.0189
0.3950 1.4393 2.1173 2.1560 2.2196 1.6079 1.4981 0.8041 5.3067 4.9656 5.4182 4.3147 5.5300 5.1936 4.9507 4.3708 4.8915 5.4021 5.2696 6.2656
6.0990 0.0972 0.3497 0.4491 0.9494 0.2248 0.4009 0.2646 5.8526 5.8450 5.2068 4.1740 0.6512 5.5638 4.7433 5.0170 4.5046 4.9540 6.1140 0.3685
5.7154 0.0705 6.1852 0.7557 1.0516 0.5400 0.5057 0.3915 4.0954 3.3745 5.0279 4.6790 4.4352 4.8110 4.5107 5.3534 4.3763 5.6600 5.5404 5.6990
5.9253 5.4156 6.1973 5.2857 0.3404 5.8719 5.9437 5.5593 2.5322 3.7395 3.8197 3.9244 4.7042 5.7999 6.1606 4.8056 4.2242 4.5091 4.8648 5.2206
5.0012 5.1788 5.2189 5.7093 5.3827 5.4362 6.2524 5.8059 3.2516 3.2242 2.2318 1.9583 6.0585 5.1952 5.0000 4.4929 4.7256 5.4048 4.8041 5.5199
6.0458 6.2133 5.1060 5.4186 5.1459 4.4474 5.4347 4.6225 4.1514 4.4099 1.1269 0.9701 0.1092 0.8911 6.1578 5.6687 4.8468 5.6589 5.5567 4.9230
5.1140 4.9610 4.1900 5.0953 5.2099 4.6269 4.4997 5.7426 4.2211 5.2698 0.5675 0.6092 4.7370 0.4408 0.6511 0.8837 0.9475 5.3445 4.9677 4.0387
5.9070 5.5402 0.4911 5.4901 5.0034 5.0084 4.4857 3.9705 4.6940 5.1558 0.1024 0.9729 0.1459 6.2555 0.3351 6.2554 0.5427 5.0544 5.0837 6.2340
5.8082 5.4799 0.7957 6.2747 4.0124 4.2732 4.9305 4.1157 5.4173 5.4334 5.9650 5.4168 5.8404 1.5782 0.3292 5.9129 5.6832 4.6512 5.7537 0.0333
0.2284 1.8850 4.0329 4.7174 4.2987 4.0304 4.9294 5.3667 5.3388 4.7367 5.9510 5.5588 2.5975 1.1878 5.8822 5.6676 4.6264 4.7645 4.6360 5.5890
0.9895 1.4116 0.3121 0.7789 4.1650 4.2572 4.8523 5.7727 6.0059 2.1652 4.9825 4.6932 4.6361 3.3378 4.3475 4.5578 5.2465 4.9177 5.4216 0.2455
6.2818 6.2665 6.1533 6.1347 5.2310 5.9047 0.5630 0.5848 0.8427 1.2534 1.6002 2.8950 2.7088 3.3671 4.4467 4.3692 4.8720 4.7353 4.6174 0.5530
0.1382 0.0065 5.1071 0.7372 0.4444 5.9513 1.2748 0.6495 1.8074 2.1780 3.0738 3.4376 2.5686 2.6708 3.6473 4.7479 0.1876 5.3219 4.6190 5.6029
0.7173 0.5251 5.8988 0.3016 0.9648 6.0830 0.1722 0.7671 0.5419 2.3326 3.0096 3.2680 2.7759 3.0874 3.9889 5.3553 5.0516 5.4946 5.4180 5.6423
5.7778 5.8557 5.1162 0.0815 1.4324 1.3279 0.8158 1.2202 1.8598 0.6138 1.8370 4.1142 3.4259 4.1651 3.4034 5.2104 5.8328 5.1308 5.5250 5.3271
5.4454 6.0518 0.5447 0.2533 1.5312 1.5378 1.2066 0.9523 0.3755 4.2575 3.5887 4.0209 4.7135 4.7470 4.8171 5.7173 5.0850 6.1993 0.2790 5.3510
0.8024 0.6025 0.0472 6.1432 2.5753 1.4384 2.0022 0.5156 0.3025 4.4146 5.1627 5.1012 5.5601 3.7444 4.9490 4.2210 6.0910 5.5743 0.2845 5.5830
0.8052 0.4705 0.5406 0.9859 1.6476 1.5460 1.6107 5.7147 0.1996 0.8356 5.4805 5.0494 4.4997 5.5477 5.5078 5.0455 6.0029 5.0752 0.2130 0.1556
