3.8209 4.1810 3.9763 3.4030 4.5963 4.7327 2.9947 4.0956 4.1688 4.4554 3.8356 4.4528 4.4297 4.2474 2.8754 1.6918 3.8552 3.9732 4.3568 4.3046
4.0051 4.4793 3.3147 3.7825 3.2536 4.0756 3.4227 3.2399 4.3986 5.3159 4.3159 3.4550 3.1699 4.0980 3.0931 2.2749 2.1071 2.6384 3.7850 4.3916
4.1776 4.1966 3.3297 4.1030 3.6670 3.7282 4.4361 3.8841 3.7722 4.7626 3.9390 4.8594 4.4770 4.5666 3.7003 3.8811 3.5381 4.6020 4.0557 4.5444
4.6858 4.8314 4.3831 4.1899 3.1262 4.0193 4.0731 3.8745 3.3350 3.0431 3.7733 4.2767 5.0578 4.0748 3.7802 3.2524 3.9154 3.8984 1.1183 5.0099
4.7034 4.5388 5.3964 4.1505 4.0562 3.4335 3.9824 3.8642 4.3277 3.8360 4.1288 4.4294 4.6654 4.3505 3.4172 4.3240 4.7876 5.6371 0.8024 3.7149
4.0508 4.9149 5.4643 4.7649 4.0869 3.4589 3.3287 2.8846 2.7914 2.6205 3.9840 3.1811 3.9113 4.7223 5.2988 4.1584 3.4000 6.2417 5.0815 4.0128
3.4275 4.7412 5.1596 3.7352 1.7293 3.1744 0.8706 2.3575 1.8462 2.2982 1.7849 2.3760 2.4405 4.0788 4.9381 3.9410 4.3813 5.1982 4.4028 4.1628
4.0688 4.2246 4.7724 3.0248 3.6069 3.4170 4.6988 2.9196 2.4215 1.3449 2.4695 2.8755 3.5648 4.4308 4.6217 4.7423 4.8949 6.0745 4.1991 4.2879
4.4810 5.4691 0.2794 2.4821 2.8144 1.7533 2.7294 2.6416 2.2548 2.1663 1.8561 1.9790 1.4790 3.3550 4.2849 4.3148 5.1426 6.1803 6.2738 5.5192
0.9940 6.0233 0.6028 2.1846 2.3188 2.1468 2.5381 2.7972 2.5695 2.3484 1.7779 1.8712 1.9422 3.8487 3.7475 4.3575 5.8587 5.5485 0.0030 0.0931
1.2069 0.3275 1.0114 2.2386 1.9414 2.9895 1.0244 1.7673 1.9676 3.1356 2.5501 1.4472 1.6916 5.0028 4.9645 6.2429 5.5010 0.7460 5.3415 5.8524
0.4244 6.1099 1.1613 1.3525 1.5453 1.1597 1.1974 1.1270 6.0861 6.0946 0.3213 0.8223 2.3237 3.0067 5.0849 0.5297 0.7576 0.5882 0.0921 6.0588
1.1526 1.7724 1.1613 1.6317 2.2301 2.0230 1.4353 0.9958 1.4901 0.2537 0.5657 1.5857 1.6445 2.1606 5.9561 0.3630 0.6968 1.3014 1.2200 0.7755
6.1761 0.3035 0.9732 1.2495 0.9530 2.1061 1.3446 0.0404 0.2794 0.1055 1.2452 1.1091 1.2113 1.3248 1.3002 0.9152 0.8442 1.0929 0.8717 0.2058
5.9338 4.7397 3.4627 3.4487 3.2401 3.3809 4.0240 0.7085 1.7856 4.9112 2.1468 0.5844 5.3610 2.0548 1.8487 1.3428 0.6599 0.7845 0.9293 0.6833
4.5193 4.9000 4.0559 3.2024 3.2616 3.6036 3.9141 3.5129 3.7380 4.0580 5.3652 6.1605 4.8660 1.7512 1.8532 1.2753 0.0770 0.0416 0.7606 0.1990
5.2623 4.6455 3.6130 3.6084 3.3699 3.3770 3.2549 4.1106 5.1417 4.9791 5.2468 3.5698 3.2013 3.0037 2.7936 0.4997 0.7192 0.9928 6.2673 0.0903
4.4576 4.3960 4.2148 4.0868 2.9357 3.3649 2.9245 4.2611 4.4554 5.9059 4.6354 3.5620 3.6972 4.2151 3.0019 3.0853 1.0949 2.1491 1.3231 4.3600
4.3498 4.2006 3.5907 3.7315 4.4013 3.5117 3.5882 4.2940 4.8975 5.3482 4.0749 4.8026 4.4399 4.6807 3.2146 2.1469 2.0086 2.4699 2.3926 3.8390
3.9164 4.2051 5.3846 4.3458 4.6437 4.7489 3.5825 4.7858 4.6295 4.9179 3.4594 3.4021 3.8820 4.1026 3.0791 1.7737 1.3421 3.4528 3.3306 4.4090
