3.4425 2.4365 2.4339 1.7520 3.2020 2.6994 2.9823 3.4704 3.3540 5.3765 4.3146 5.5243 6.2286 1.3144 1.1011 2.6261 2.6788 1.9731 2.6592 2.8174
2.7967 2.4322 0.9030 1.4656 2.4599 3.0259 2.8336 2.6994 3.1554 5.2379 3.1196 4.7317 5.7558 0.8134 0.6250 1.0420 2.0427 2.6777 3.8873 3.1601
1.0485 1.0058 1.2865 1.7078 2.4135 2.4127 2.2611 3.0159 3.7088 4.9257 0.2995 5.2559 4.7384 6.2400 0.2491 1.6159 0.3583 1.7050 1.4646 2.2569
1.3765 1.0282 1.3215 1.2664 2.3509 2.2759 3.4860 3.0554 3.7581 4.2098 6.0427 4.8978 5.7116 6.0207 6.1931 1.3471 1.5423 1.2870 1.7232 1.4944
2.1242 3.2523 1.5338 0.8881 2.1957 2.1566 2.9918 4.0214 3.3141 3.8969 5.8297 6.2236 5.9774 5.4183 0.3233 5.8813 0.3029 0.7469 1.5906 1.5601
2.2165 2.1454 0.9405 1.8272 4.4500 2.6896 2.9404 3.7659 3.1987 1.5073 0.8636 1.9204 0.0104 5.9175 5.7549 0.2539 0.7142 0.0476 0.7428 0.9059
0.8207 1.6686 0.7754 2.8458 3.6765 2.3825 2.6511 3.1480 3.9084 2.0370 0.6347 0.6343 1.2825 5.9604 0.5709 0.0839 5.9891 5.4087 0.1007 2.0712
5.7369 1.5371 1.3914 3.4850 3.4154 2.7839 3.2008 3.1709 3.7149 2.5050 3.1050 1.6733 0.6356 6.2016 5.4704 5.6509 6.2827 0.6352 0.2605 1.1261
5.6686 3.1492 3.0213 3.0240 2.9168 3.3707 3.1852 2.7509 2.9417 3.1811 2.6544 2.5152 0.2958 0.1082 5.9906 5.5153 0.5900 0.0495 0.6531 5.9737
4.3095 4.6174 3.5942 4.0851 4.0607 2.8848 3.2895 2.9583 3.3150 3.6614 3.4463 4.2246 6.2534 4.8481 5.3021 5.8921 0.5702 0.1190 4.3724 4.8965
4.3405 4.0494 3.4320 2.4276 1.8561 3.1030 2.7646 3.9605 4.3971 3.6091 4.1309 3.5681 4.1276 4.8629 5.2078 5.0749 5.9376 5.6759 6.1110 4.7662
3.7288 4.3045 4.0517 4.1046 3.3086 3.0730 3.8214 4.4952 3.9970 2.8351 3.4699 2.9191 3.7254 4.3307 4.9624 4.9543 4.8755 0.0395 5.7053 4.8958
2.8076 4.0428 3.7011 3.1373 2.8757 2.5446 3.0240 3.6467 2.6633 3.4412 3.8354 3.1397 3.0417 4.0119 4.0174 5.5579 5.6474 0.5085 5.2279 2.4456
3.6686 4.5000 3.9251 2.3251 3.0450 3.4951 4.1369 4.0725 3.5920 2.9205 4.4757 4.4077 4.4102 2.9843 3.7856 4.3681 4.1764 3.8409 5.4389 4.7678
2.7354 2.4589 1.9992 1.6109 3.0880 3.8280 3.7690 3.7119 4.3857 3.5431 4.1764 4.4547 3.8703 4.0968 4.5502 4.4605 5.3315 4.3338 4.0977 3.3223
2.9475 2.7080 2.0257 1.5195 2.0202 3.2429 2.9880 2.7718 2.1392 2.5354 3.4780 3.6035 4.2760 4.6144 1.1630 5.6606 5.0537 4.0906 3.8880 3.4568
2.7571 2.7742 2.3260 2.2112 2.6014 2.0903 3.3898 1.5749 1.3667 1.9142 3.0204 2.7914 4.3610 5.1760 4.9431 3.5443 4.9060 4.5890 3.1958 3.1842
3.0059 3.0764 2.2625 2.1211 1.5000 2.1807 3.6487 1.7861 0.8730 0.9014 1.6471 0.3034 4.6062 5.1375 4.0876 3.8859 3.6621 2.9391 4.0376 4.2259
2.7362 1.9390 2.7757 1.9833 3.2868 2.8434 3.4070 2.0546 2.1267 1.7323 1.6665 5.5120 4.5705 5.7362 3.1248 3.6121 3.9207 2.5940 2.5544 2.6712
2.8944 1.7955 2.0822 1.4480 2.4661 2.4052 2.8972 2.6183 2.6130 2.6831 2.6606 5.5414 5.1020 0.2541 2.5904 2.1586 3.3799 2.8459 3.2169 2.9636
