0.8675 0.6506 1.4088 2.3014 1.2707 0.6766 5.9958 6.1085 1.1525 0.7903 1.6840 1.9643 1.1820 5.6676 5.3143 5.1808 5.3311 0.5215 5.9145 0.4964
1.3947 6.0204 0.7885 1.8515 2.1830 1.1542 0.4368 1.0001 0.6179 0.1578 1.0818 2.7346 4.3732 5.3643 5.6588 4.7994 4.8446 4.5525 6.0535 0.5254
2.3472 5.9984 0.8425 1.6267 1.5321 1.9173 1.8012 1.5196 1.8625 6.1397 1.1686 1.0196 5.6012 4.9435 5.3879 3.9169 4.9276 6.1648 6.0793 1.5990
0.7155 0.8333 0.8121 1.8557 2.6119 1.6682 1.2403 0.7685 1.8628 6.0566 0.1925 1.4339 4.9258 4.3352 4.2284 2.5459 2.3736 2.2087 1.0081 1.4441
1.1646 0.0102 0.5480 2.0195 1.3851 0.9055 1.5200 1.1904 1.8775 1.2904 0.4844 0.1265 4.9433 4.5320 5.5215 1.8561 1.6606 1.9557 1.3902 1.3668
1.2364 1.3902 1.6496 1.9215 1.9595 1.2294 5.3033 0.7080 1.2521 2.1964 5.8796 5.1755 4.4485 4.9958 6.1316 0.9058 1.8813 2.2310 2.2805 1.6895
0.8280 0.6160 1.1514 2.2580 1.7471 1.7356 0.6552 1.7308 2.9419 4.2341 4.6218 5.8843 6.2068 5.5575 5.6654 1.1699 0.5354 1.6907 1.6538 2.0165
3.1442 2.8376 2.3827 2.2891 2.1955 1.6953 4.5043 3.0546 3.7887 3.9509 5.4066 0.0019 5.5423 5.4096 5.0902 0.1799 0.6713 6.1788 0.2070 2.5760
1.5372 2.3692 1.9135 2.0461 3.2858 3.3755 3.8374 3.5745 4.4745 4.8034 4.6307 0.0858 0.8471 4.9859 4.6087 2.0300 1.4337 5.9245 1.0875 1.1166
1.3758 1.5657 2.6533 0.9045 2.6630 4.3551 4.0324 4.6522 4.6460 5.3701 5.4405 6.0805 4.9555 3.7640 5.5367 5.8658 1.3660 1.4806 1.6194 1.6438
1.8846 2.0380 2.6809 1.7657 2.5768 3.7798 3.7288 3.8651 4.7795 4.1832 3.9390 3.7020 2.7523 4.5420 4.3426 1.3531 0.5783 0.6960 1.7279 2.1817
2.6028 2.0285 2.0264 1.8471 2.6745 3.2312 3.1997 3.3315 2.1739 2.6784 4.1928 2.7087 1.3083 6.0570 0.2388 1.1053 0.8871 0.9548 0.6319 1.3292
1.6916 1.1416 1.3278 1.7775 3.1551 3.2466 3.8772 0.2948 3.2194 2.1244 3.1977 1.7614 1.5857 0.8559 0.9367 0.2310 0.3798 1.0840 0.6061 0.2854
1.0400 2.3129 1.8682 2.1547 1.7644 6.0315 0.0533 5.7678 5.4114 1.0328 1.4039 1.1592 1.6557 0.8484 1.2540 2.0394 0.5748 2.2928 2.4673 0.8269
1.9728 1.9956 3.2746 3.6418 1.1156 0.5186 5.8178 5.6871 0.9322 1.0575 3.6895 1.2931 1.5471 0.5421 1.4837 1.2115 1.0926 1.5016 0.9104 6.1457
6.2038 0.5452 2.0195 2.1327 1.6409 1.3109 0.4245 0.7363 0.6913 1.0760 1.8334 0.9414 0.6290 0.5770 1.1597 1.4735 0.3070 1.4578 5.7253 5.6208
1.4221 0.4270 1.2550 1.0153 1.9490 1.3704 1.1552 0.3654 1.3747 1.3425 0.7851 0.1761 1.3372 0.1150 0.3506 0.9402 1.7261 2.8500 6.1812 1.3722
0.1949 1.1815 1.3084 2.0637 2.7022 3.3311 0.5492 0.6831 6.2618 0.9717 6.2490 0.2406 0.8693 5.4617 6.1060 0.7701 1.1439 0.4552 0.4128 6.2101
0.4847 1.0986 0.2892 1.6818 1.4922 0.3649 0.5659 0.7136 1.0240 0.7743 0.4028 1.7069 1.3121 0.0468 0.1648 5.9971 0.7292 0.4711 5.8883 1.0999
1.5049 5.9264 6.1749 1.4726 2.1912 0.4876 0.0251 1.4523 1.2458 1.3925 0.9678 0.2157 5.5115 5.5393 5.6869 5.8272 1.0428 5.8640 0.4698 1.0444
