1.8014 1.4565 0.8754 2.1950 3.6422 4.7179 3.7794 5.8072 4.5504 4.6364 4.5095 4.2963 0.0993 0.4346 1.3355 1.1980 1.0888 0.3633 1.3726 1.7770
4.8721 4.2051 1.3851 5.6516 4.1023 3.2358 3.6179 3.6746 4.0935 1.8732 2.8926 2.8097 3.2717 3.8142 3.6164 3.7199 0.2555 5.3451 5.6866 3.7802
6.1049 6.0859 1.9024 2.6139 3.4922 3.9164 3.9718 3.8051 5.3285 2.3713 2.4310 1.4313 2.1012 0.3404 5.4428 5.3849 4.4978 0.7271 1.8917 0.7419
5.9528 3.9700 4.9870 4.8497 4.9415 3.2655 4.8836 2.4258 0.8876 0.4519 2.6146 3.6881 3.2158 3.4101 5.1188 5.4468 5.5456 4.5557 2.8495 3.5783
0.3245 2.1698 1.1364 2.3271 3.3425 4.0435 4.9329 5.6868 0.8133 2.2794 2.9051 1.6178 1.6377 0.8103 5.0144 2.5783 5.7520 1.3023 1.1973 0.4247
6.0026 5.6105 5.7590 5.3618 2.6048 0.7337 1.2845 3.0085 2.0583 3.1964 2.8313 4.2939 4.2268 5.0983 4.7891 6.0765 4.4350 4.2185 1.3887 3.4668
5.8940 4.1510 4.1182 2.8922 2.0848 1.7691 1.9424 2.4396 4.8451 5.6795 2.3266 2.2354 5.0816 4.3567 3.3653 1.9920 2.6195 1.0065 1.1326 0.0476
5.6775 5.4327 4.4581 4.7069 4.4730 2.5880 1.2209 0.2726 6.1720 2.0273 1.9805 1.9149 2.6349 4.3080 4.1614 6.0869 5.5367 0.9285 6.0354 5.0702
4.0251 2.9183 3.1942 5.8317 0.0106 0.8619 1.1342 4.4251 4.4762 4.9276 1.9436 4.4698 5.4747 3.9384 3.6994 1.2661 4.0680 4.5521 5.0911 3.6526
4.1441 1.0594 1.4674 3.2323 2.6815 2.7098 2.4319 1.4292 0.1609 1.7075 1.7175 0.1830 4.7340 3.5809 3.2891 2.1611 3.2537 3.1432 3.0723 0.9394
5.8441 5.6385 1.1352 5.9017 1.1206 0.6515 1.5973 4.6523 6.0989 5.4604 4.2182 6.2744 0.1426 4.7198 4.3768 4.7638 3.4056 1.0819 0.3680 1.1903
0.0172 1.8025 1.0140 2.3672 1.7027 2.5891 2.4195 2.7436 5.1502 5.9676 5.0825 1.9012 5.0253 4.9073 4.3888 0.3030 4.7322 5.1163 6.2358 5.7472
6.2101 0.1529 6.2684 6.0366 6.0720 5.5649 2.5445 3.9972 3.1027 4.0235 5.1045 4.9058 5.1955 4.1736 3.6316 1.6520 2.6136 2.7855 2.3425 3.2775
3.0670 4.7626 5.1391 3.7100 1.3726 1.4840 2.6759 3.5678 1.6376 1.0389 6.2155 5.1285 0.0473 1.8163 0.3659 3.2901 4.0886 4.8668 3.5195 0.2083
3.3643 3.9867 5.7721 0.6051 2.5497 5.1673 4.9613 1.5122 2.9204 4.1031 0.2842 1.0944 0.4342 0.3219 0.5636 0.4227 2.5242 2.2145 3.4670 3.3365
3.0071 1.9174 0.2901 0.5474 2.4982 2.0051 5.1109 4.8576 5.8031 5.8416 0.0232 2.5889 3.2419 2.1103 0.4053 2.8645 3.4217 4.9349 3.2341 2.4572
3.1494 4.4301 0.9269 2.8339 2.8045 3.2902 5.3943 5.7597 5.9780 2.3610 2.5271 1.8291 3.6245 4.4191 5.3204 0.6752 0.8956 1.1094 0.9559 1.9117
0.4310 4.3475 4.9532 4.2778 3.6559 5.0702 5.8013 2.9065 3.7556 2.9721 0.9324 5.1327 4.9407 4.4710 3.9640 2.7634 4.7171 4.9674 6.2619 0.0835
0.2843 0.9131 2.6482 1.9237 4.2643 4.3033 4.7322 5.0419 5.6909 5.9763 1.2694 3.5242 4.4295 3.5056 3.1258 3.8567 4.5975 1.3762 1.1626 1.0868
3.6252 3.1176 2.3563 5.5533 3.3815 2.0398 2.5687 2.0300 2.9253 3.5810 2.0936 2.2716 3.2727 4.5022 1.9513 6.0757 1.2499 1.0902 0.6803 5.5296
