5.6543 5.6904 5.0350 4.1021 4.0267 4.2226 3.0441 3.5627 4.9375 5.1662 4.4583 4.4322 4.3079 3.3021 5.0304 2.8550 4.8019 5.0659 4.7430 4.7312
5.3027 0.0158 0.9921 1.1216 3.4710 3.9676 4.9349 5.8242 5.1419 1.0112 0.9990 3.1828 4.1379 5.7460 5.4199 0.5352 4.6420 6.1072 4.5724 2.6825
2.8879 3.2661 2.6786 3.8451 2.2942 1.3489 6.0767 1.0565 1.7932 1.9779 1.5153 0.8079 2.9741 3.0269 2.6813 2.5457 4.2391 3.4072 0.1239 0.2471
4.7392 5.7035 4.0394 5.9643 5.7091 4.3252 4.8608 4.2353 3.5583 4.1510 5.8457 0.6646 0.1819 0.2101 0.2476 5.4161 3.9014 0.0483 6.2747 4.1538
5.4832 2.4029 3.1550 2.2831 0.6784 2.6542 0.6478 1.3475 0.8212 0.2968 6.0816 6.1753 0.4431 1.8056 1.1110 1.4213 2.4363 5.8677 0.9357 5.7952
1.0319 6.0430 4.5830 5.4161 5.7122 6.2752 0.2181 5.8782 0.5416 5.9736 0.5634 0.8049 6.0467 2.0468 1.2501 1.3127 2.4170 2.0036 1.3301 1.4727
1.1478 2.8144 4.9043 3.4309 4.1488 2.5856 2.1310 2.6281 1.4042 2.5528 1.0229 1.6337 1.2926 2.5118 6.1560 4.6217 3.2784 0.5854 1.3640 0.2132
1.1103 5.1299 5.2401 4.9234 4.2982 5.5025 0.8183 0.8606 1.0350 5.4149 3.4229 3.6997 3.0159 4.5647 4.8800 1.8103 2.2167 1.9976 2.2057 1.5338
4.3347 3.9616 5.6652 6.1686 4.9821 5.3031 5.7351 5.1214 0.1003 0.7373 1.8772 2.0710 2.6950 1.8309 3.2151 4.8194 4.2328 4.7322 3.6095 3.3817
4.7703 0.4539 5.9750 3.0582 4.8595 5.7060 5.0604 0.9395 1.5106 3.2537 3.4361 3.7984 3.7831 4.7829 3.5922 3.6351 3.2544 6.1963 5.2763 5.5520
4.1648 2.9055 5.4216 5.4549 4.7841 4.0380 4.2339 4.2129 0.8557 0.9379 1.6942 1.5024 2.4840 2.8236 2.9264 2.9317 4.1312 3.5222 3.5202 4.3371
6.1408 6.2746 6.0408 0.7838 0.1469 5.4560 5.7618 1.4462 2.2106 3.6570 3.9818 3.5877 1.8417 4.1934 3.1046 2.4090 2.4711 3.4042 2.9091 2.5452
6.2756 5.3055 5.3782 4.7311 4.0208 3.3947 2.9224 4.5310 1.6555 2.2293 3.3370 2.0133 3.9778 1.8711 3.0512 4.6258 3.3634 5.6233 5.9771 5.9596
2.1231 0.6783 0.4044 0.2028 5.9115 0.3654 2.0088 1.1779 1.6196 0.2334 0.8109 5.9277 6.2000 6.1113 2.3259 2.1640 3.0194 1.9516 2.6200 1.6656
3.6744 3.9993 4.4358 5.3869 2.4033 1.7578 1.5243 2.8463 1.8076 2.4041 2.3840 2.6809 0.3037 3.1420 3.1336 2.8905 3.5583 3.7073 3.8960 6.0855
0.2890 6.1909 0.7400 2.9914 2.1305 1.2844 1.7983 1.4763 1.7861 0.3552 3.4065 4.9427 4.6504 5.6490 4.8111 4.4710 1.9830 1.2927 0.1749 1.9302
0.0308 5.2604 1.5880 0.7945 1.3692 5.2342 5.4822 1.1002 1.6643 3.9388 3.0651 1.7646 3.7160 3.9976 3.8354 2.9447 4.0933 0.9014 1.1521 0.2628
2.6253 2.6930 1.7133 3.4080 3.1781 4.2119 4.4871 4.9820 2.0587 2.8109 3.0496 4.7573 4.6792 3.2502 4.9954 5.2970 3.8849 4.9564 2.9952 3.2581
0.3933 6.2234 1.3720 3.9371 4.4934 4.7034 3.7330 0.3149 1.2128 1.6053 2.8996 1.3986 5.0508 2.8371 4.1866 4.2502 3.9881 1.4638 0.7032 0.8749
2.2759 1.7605 1.0197 0.5368 0.7683 1.0734 3.0121 4.8400 4.6609 3.2538 4.0378 5.1288 4.0479 5.3782 4.9316 5.5402 5.2818 5.1432 0.6447 2.3617
