5.4748 5.0485 5.5036 0.3224 3.3574 0.2290 0.4944 3.0557 2.1912 3.6358 2.9584 1.4034 2.6044 1.9148 3.9153 3.7342 2.9626 5.5547 1.6405 0.5972
0.8420 2.5356 3.9110 2.7663 4.6495 5.6901 2.0022 1.3379 1.6325 0.6756 3.0828 4.2398 3.5514 4.2619 5.0278 2.3201 3.1623 3.3463 1.5512 2.1329
0.5353 0.2753 2.8175 3.6740 4.0860 2.8557 3.3033 5.1348 4.9978 2.8795 3.8325 3.2323 3.7433 5.9107 0.7452 5.9466 5.5857 6.1434 0.8213 0.4012
1.2641 5.6411 2.1545 1.0269 0.1501 0.3264 0.6923 1.3586 0.1392 5.2367 4.6965 6.2158 4.4795 3.6377 2.9954 1.9016 1.4805 0.6654 1.7845 5.0275
6.2050 2.6777 2.9875 4.1400 0.1210 1.1761 0.7701 4.4326 2.7146 1.0612 3.3339 3.3888 2.9313 6.2573 3.6907 1.2033 1.8479 3.7763 3.5052 3.8014
4.9444 4.4537 3.0501 2.7172 5.8121 5.7372 0.6784 0.4216 2.5638 3.6177 3.1889 2.2135 1.3016 2.0901 3.5877 3.0760 2.4355 5.0066 5.3383 5.1569
5.6432 2.0960 2.7163 3.4961 1.4294 1.3990 1.5445 3.8451 2.9768 2.1505 2.5173 3.8792 5.9555 0.8659 2.4144 2.8065 2.5369 2.4161 6.2096 6.2517
0.1918 5.3597 4.9764 5.9923 4.4040 5.6729 0.4740 2.0875 2.2597 0.9894 1.4785 0.9789 5.6599 4.5907 4.1109 4.3916 5.5345 4.4071 0.9526 2.7790
1.0077 2.0488 3.4477 3.0325 3.7473 0.5543 3.4524 5.0787 3.6920 5.0116 5.5781 4.1105 5.9549 2.1287 2.6878 0.4837 4.4046 5.0307 0.2905 0.5852
5.7259 0.6359 5.5669 3.9988 3.5861 4.1063 3.0664 2.2808 3.9492 1.4799 0.7751 1.3520 5.7139 6.0874 5.9286 3.2408 4.5408 2.7020 0.3728 5.5193
4.3753 2.1370 2.4137 0.8961 2.9590 3.1667 4.4190 4.7718 4.1367 5.1279 5.5779 0.0846 0.2846 3.2890 4.5407 0.5898 3.9254 5.0722 0.8171 3.5197
5.2208 5.1284 2.7791 3.5084 3.4093 2.4430 3.0949 1.0477 5.1822 2.0198 5.4486 4.4833 5.3405 0.0820 0.4654 1.5758 1.4195 0.4042 4.8888 1.4484
4.6146 4.0870 2.9846 0.5405 3.2421 3.8769 3.6465 4.2234 4.1384 4.8132 4.1675 3.2888 0.9729 1.8531 4.0550 5.0982 5.8634 0.1530 6.0423 0.5336
0.3945 3.2236 4.4067 2.9909 2.0767 2.2907 0.9869 0.2306 4.6098 3.0969 4.3405 4.9749 4.9778 4.9084 1.4293 1.9199 6.0962 0.3979 0.6609 5.3861
0.0019 5.9875 3.7727 5.8149 0.6071 4.9043 2.9125 2.5125 4.3111 1.9279 2.7619 2.0846 3.2638 2.2112 2.1412 0.8723 0.9895 1.5284 0.9709 2.0585
0.2258 2.5814 3.9331 1.7913 0.6984 1.2438 2.9698 3.9663 4.9632 3.6296 2.1803 3.5335 3.4177 3.2227 1.6319 3.7696 1.4184 0.2776 6.0187 4.8190
5.3652 5.6194 0.2713 5.0435 0.0858 3.9148 2.0978 1.8443 1.9108 1.4517 1.6940 1.3494 1.5366 3.7357 1.7328 5.4420 3.0191 4.8722 0.0842 5.3232
2.7827 2.8510 4.6390 1.3847 1.1625 1.1404 2.0005 4.4165 3.5132 5.3746 0.8581 3.3103 2.0573 1.5078 2.4107 2.4617 1.3313 1.9831 2.3905 3.3963
3.1927 4.1612 5.6962 5.9987 5.2684 4.0617 1.5136 2.0296 3.4845 3.3976 2.1115 1.8873 1.7056 3.0232 0.6990 4.5585 3.9047 4.0964 2.3887 2.5109
0.6300 1.8964 4.7054 4.2956 3.0361 1.2812 2.2529 1.3969 0.7612 1.2949 1.5536 0.4127 0.4901 6.2226 5.1548 4.4513 3.9672 2.1980 2.6773 2.1628
