4.0723 6.2397 5.7026 4.2353 3.6447 5.3591 5.5222 4.5879 2.0909 2.9205 1.4597 6.1221 0.9581 0.4907 0.3031 0.5284 0.4990 1.0240 5.9897 2.5556
4.6105 5.6493 5.2788 5.7137 2.2939 2.5551 1.5988 0.9042 1.8002 1.4665 2.3740 3.8305 3.1798 3.1091 4.2626 4.6850 0.5166 3.8126 6.0140 5.1863
3.1404 2.1593 4.3149 3.9789 3.7046 1.0169 1.9913 4.2958 4.0914 4.3462 2.1208 1.4335 2.9536 4.0076 2.7927 2.3413 4.0666 2.9117 2.4816 3.1912
1.0773 5.1022 4.2520 4.7258 3.0035 5.3464 1.6789 1.4490 2.3555 3.4560 1.5149 1.3199 2.2982 6.0971 5.8843 6.1677 4.1709 4.1936 4.4460 1.9896
0.8054 1.1121 0.3743 1.6602 1.5264 1.9351 3.2806 4.3155 2.9457 0.7382 2.1416 2.6869 2.6468 2.1065 2.0035 2.8340 0.0211 0.8355 6.2801 5.2753
1.2528 0.5844 0.1479 1.2163 1.4516 3.7400 3.1368 1.0137 2.2865 2.3007 2.3842 1.4694 3.0445 5.4787 6.2234 6.1693 0.1385 3.4398 1.5502 2.3197
1.5252 3.0882 3.7914 4.6998 3.3803 1.6305 2.1209 2.9713 3.5528 5.2766 5.0542 5.0182 3.1100 1.7417 3.2627 2.7061 5.1208 0.1429 1.6598 1.1026
2.0621 1.8819 0.8149 0.3958 4.4471 4.7378 1.7778 0.6179 3.4285 2.2052 3.6574 2.4690 2.8107 3.9034 3.4995 0.2314 6.1047 0.7031 2.3907 4.0512
3.0368 3.8232 2.2946 3.3911 4.9135 4.3685 3.1643 4.2220 4.7222 5.9684 4.7846 2.3318 1.8518 1.3194 1.8110 1.6290 1.5149 1.3896 1.1195 1.2312
3.4022 3.4017 3.6358 3.3938 5.1909 2.4438 2.0896 6.0306 5.7020 0.1773 5.4677 4.4230 1.5869 2.4074 2.7795 2.5478 1.4056 5.9404 2.3919 2.6216
6.0362 1.3445 1.9113 3.4991 4.7478 4.5006 3.0937 4.0305 4.7306 2.3417 6.1325 3.5703 5.1444 6.1009 2.1646 4.4856 0.5354 0.6128 2.9540 4.6599
5.6083 4.4736 3.9449 6.1133 5.0869 4.9895 3.9094 5.6081 5.1437 6.0399 5.7236 0.4047 5.5355 2.5643 1.9777 0.7607 1.0585 3.1030 1.9321 3.2534
3.8306 3.6293 4.2575 3.2227 4.3993 5.5612 4.7836 6.0761 4.3292 3.8323 4.1873 3.6813 2.8382 3.4261 2.9285 3.1862 1.8317 2.2384 1.5163 5.4533
3.3680 0.5265 4.9301 4.2104 3.9099 3.9312 4.8491 4.7291 3.2600 4.9300 5.5482 0.5706 0.8047 1.0181 2.5840 3.4352 2.3566 1.6897 1.8660 2.3822
1.9085 1.6115 4.6123 6.2337 4.6173 0.0158 5.0244 3.5505 4.0183 0.3214 5.5111 2.2890 4.9663 3.9232 1.7329 2.0458 2.9646 3.4958 2.8728 3.1589
2.6720 4.5396 4.9387 3.1116 4.3859 5.3217 3.9494 3.6548 4.1851 4.5650 5.3224 5.0922 4.3073 3.2292 3.5801 4.2076 2.2930 2.3259 3.5922 3.0110
0.6598 0.8709 4.3856 4.4618 5.3230 0.7962 3.1898 2.6621 4.7183 4.8290 4.2596 3.8012 5.6633 5.7315 2.7204 0.1792 0.5921 6.1188 1.7702 0.1728
0.9112 5.9859 0.3353 1.5270 0.5399 5.9648 5.0195 6.2429 5.6857 3.2421 2.7282 2.5400 0.6413 2.4700 2.6477 2.9952 2.5511 2.1461 1.2822 2.1116
2.1391 1.8582 6.1294 4.0595 2.0082 2.8227 5.2804 5.4375 5.7437 5.7682 0.9786 0.3891 1.0028 1.2495 0.9703 0.0868 6.1786 5.9718 5.1302 5.9802
4.6686 5.3256 0.1907 0.8915 2.4882 0.9936 0.1670 1.5864 6.0893 0.7248 2.2328 1.0270 1.9990 2.4173 1.0511 3.8005 5.4161 4.4586 4.3377 5.1389
