4.3552 2.6287 0.9861 3.7664 5.0937 1.1696 6.1839 5.5598 0.1669 2.9956 2.9444 3.1362 1.7075 2.3052 2.6186 2.8784 2.3068 4.0306 3.6877 4.6847
2.8594 2.3954 2.5391 2.6540 4.1854 5.0872 4.0409 4.5610 5.4062 0.2747 6.1264 0.0359 5.8596 4.1638 0.6379 1.9691 2.8633 1.7509 1.0944 1.5410
0.8267 4.3199 0.9313 6.1252 5.5993 1.7782 3.0709 1.9249 6.0874 6.2589 0.0785 0.8459 1.7652 2.1697 5.7300 6.2657 1.6027 0.5104 1.1803 6.1610
1.5669 1.9540 1.7252 2.1006 3.7857 4.8867 3.2006 4.2970 6.1619 5.9854 5.7073 3.1173 0.7220 5.8748 5.7488 3.2112 3.0620 2.3280 1.8164 2.0849
4.7840 5.3395 4.4289 4.1566 3.1407 2.6907 2.7409 3.1672 2.8654 1.8855 3.4808 2.0514 1.0453 3.3326 3.5865 5.8867 4.9967 5.3037 0.0438 5.3061
4.3096 2.0310 3.9333 1.1372 2.4090 2.2961 2.2311 0.5193 0.3012 6.2165 3.5851 6.0046 6.2457 0.9391 1.9057 3.8819 4.1320 2.0083 0.8419 3.0519
5.7687 4.7524 5.0976 5.8922 0.5296 0.2491 0.6272 2.6124 0.4461 2.9647 4.5329 4.8809 5.5015 3.8469 2.2964 1.0344 2.4196 1.6022 1.5277 5.8308
5.3091 5.9433 5.3350 4.1765 1.3693 2.9039 2.3849 5.5511 0.2238 6.2787 3.6091 2.4333 5.6567 0.2702 0.7830 5.2012 2.5295 5.7625 5.1840 0.0738
4.3957 2.2382 1.4240 1.1803 1.6857 0.2651 2.0307 1.2797 0.2709 4.6856 4.5148 4.5174 6.1950 4.5185 4.9660 3.3505 3.5943 2.7122 3.4457 2.8911
6.2228 0.0584 0.5676 5.0728 2.0478 2.5467 3.7128 3.9787 3.4414 0.5853 4.5584 3.6778 1.2258 0.6990 5.6159 5.7199 6.1069 5.6524 4.6917 5.9669
1.7970 3.2690 2.8659 3.7710 3.6895 4.6436 3.1678 1.1576 3.3071 4.1503 2.4449 2.0441 1.5563 0.4519 3.3679 2.2813 2.3396 3.4681 4.0327 1.9179
1.0727 5.8130 5.8196 0.4945 4.0561 3.8155 2.9251 1.9589 2.6875 1.6097 1.4407 0.3269 0.7557 6.2513 1.6031 0.2585 1.2526 0.5906 6.2501 6.2117
2.4150 3.2136 4.0715 3.4616 3.9123 3.6767 0.8860 0.0778 0.3687 6.2528 0.5105 1.0207 5.0050 3.4358 3.3321 4.6854 4.6580 3.1100 2.5048 2.8159
4.1706 6.0239 4.6958 2.2048 2.2890 5.0553 3.5894 2.7331 2.7586 3.3912 2.4444 3.4163 5.0810 3.3304 3.1153 4.0371 5.1916 5.8925 5.8174 5.0820
1.8987 2.1682 3.4362 0.4596 3.6051 2.0060 1.9537 2.1965 3.1015 3.1205 4.6907 5.1170 5.1769 0.0050 4.6440 4.7727 5.8064 3.4397 5.4222 0.8985
2.1049 4.3679 3.9941 3.7924 4.7923 1.0818 1.4621 6.1248 4.5727 0.4629 5.8535 1.0623 0.0156 6.1296 0.2907 5.9046 4.9657 0.6947 0.1621 4.1241
1.7768 0.0388 4.5660 5.0905 5.0666 3.4549 2.9442 3.4555 3.1124 4.3267 4.5716 3.9401 4.1419 4.3741 6.1816 4.1744 3.2838 4.0621 5.0226 2.6369
1.8768 4.2931 4.9243 4.4297 5.2994 4.1131 3.0059 2.9197 3.4746 2.0493 4.0562 4.1089 5.1268 0.5803 1.6733 0.0787 3.6723 6.2072 5.8915 0.0574
4.5603 1.1591 1.7874 1.0593 0.0574 6.2216 5.1005 0.2595 5.3374 4.9193 5.5122 5.1675 4.3879 3.3719 3.1809 3.5272 3.6286 5.1004 5.2039 4.7098
3.7037 4.8794 0.2206 6.1012 5.5419 5.8369 5.8631 3.5920 3.7869 5.0259 0.6651 1.2361 2.6422 2.8119 2.6932 1.1201 2.5665 0.9375 4.0364 1.1322
