1.3378 4.9513 5.8990 4.0515 4.0057 4.7239 5.6335 4.7345 5.1980 4.7031 4.4029 4.3879 4.6058 3.4633 3.8359 5.3098 4.2644 4.0986 4.3314 2.1632
0.7914 0.1218 5.4325 5.8850 5.3082 6.1312 6.0029 6.1382 4.4609 4.4275 2.8062 2.3703 5.0620 6.0138 4.2189 4.6584 4.3787 0.0905 5.0218 5.3625
1.2376 2.1748 1.3684 2.2439 4.8171 5.3140 5.4474 0.0240 0.3561 0.9125 2.6234 4.6775 4.0020 3.1177 1.6328 1.0224 4.4048 3.3314 3.2791 2.1118
0.5297 1.2364 1.1432 5.8272 4.9444 5.4177 5.0244 2.9616 2.7498 2.7072 2.3120 0.5219 2.0369 0.3034 0.7327 4.4061 6.1365 5.9437 3.7629 4.7653
2.5144 3.5132 3.5656 3.8215 3.6282 2.3876 1.0371 0.0898 2.3913 6.2301 3.2718 2.2405 2.4733 1.6386 0.6357 0.8867 0.0430 1.2085 1.3396 2.5119
2.5303 2.8157 4.2930 2.5168 3.1816 2.5660 1.1422 2.4890 2.3777 3.5593 3.0845 4.9089 1.3684 6.0672 5.6713 5.3400 5.1656 5.4651 1.2512 3.9099
4.3578 5.2276 5.4796 6.0808 0.9477 0.5509 1.3982 1.8218 1.5354 5.6878 2.5209 1.7829 2.1121 3.2279 2.2823 0.3102 6.1058 3.6281 0.0495 0.9384
4.1645 1.6806 0.5641 0.6965 1.5702 5.3548 4.9294 3.5250 1.3831 0.7631 3.6610 3.2499 2.6801 4.4606 3.0326 2.1841 2.4819 0.7867 1.0507 1.0172
4.0043 3.8984 0.1154 5.7618 3.6537 1.7262 0.4140 5.6292 1.5148 1.3558 1.5631 0.7871 1.6635 2.4845 2.4664 3.3435 1.9450 3.6017 1.7051 2.7052
2.6454 1.5697 1.0667 3.1757 3.0804 3.7093 0.0117 0.5320 0.1819 0.8667 0.7384 1.6083 1.0183 4.5134 4.4498 0.8959 1.5770 0.9059 1.3154 0.8440
4.6438 3.0209 0.7732 1.5489 1.0655 0.8475 5.7637 4.4755 5.1249 4.9890 6.1038 4.8512 1.9485 3.1504 4.4548 3.6250 2.6136 5.8977 0.2632 4.4692
3.9902 3.3690 2.2423 5.7523 0.2303 5.8056 5.1494 5.4552 3.0556 1.3851 0.4894 1.3035 1.3462 0.4964 5.4743 5.7770 2.1549 2.3026 0.9063 1.3401
4.4899 3.1886 2.5166 2.6193 1.7043 3.9844 3.9522 2.5712 3.7700 4.4210 5.5040 5.7526 5.9359 3.8713 3.1555 2.4727 1.9479 0.0365 3.0359 4.6980
4.2921 5.5282 0.3052 0.4271 1.8224 2.7179 4.0597 4.3508 3.9914 0.2069 5.7196 0.2400 6.2322 1.6258 2.7547 0.3727 1.3400 2.4732 2.3912 3.9500
5.4972 0.6321 2.0936 3.8327 3.5413 4.4934 4.5760 0.5585 2.0330 4.3126 5.3275 3.8278 4.7962 5.2685 0.5499 2.0543 2.1023 3.7479 1.0070 0.2206
6.0086 1.7137 2.2906 2.6576 3.1794 0.4932 3.0204 2.5631 1.4223 1.8751 0.8890 5.3654 6.0639 3.3250 3.2021 3.3376 2.3728 1.5895 0.5117 1.6482
1.9350 2.8804 4.1012 4.0274 4.0807 4.1690 3.9195 3.6237 2.2504 3.5101 2.6727 2.9470 1.9200 6.0226 5.1580 0.2918 2.0853 2.9346 0.3986 0.0664
5.7535 4.9625 4.0377 0.7130 5.5528 5.8191 4.3318 1.8748 1.1904 2.1625 1.7463 5.9466 0.8559 2.3655 4.3605 4.3915 5.0278 0.2200 5.4196 3.7960
0.4938 0.0349 5.5150 3.6175 5.3593 4.6962 0.0105 3.6319 1.8342 4.1521 1.8130 2.6643 5.4768 1.3612 2.8076 5.8746 5.6589 4.8809 5.3475 6.1863
1.7857 2.8445 4.4169 1.9653 6.0940 0.5755 0.2801 1.6636 2.0533 1.4330 1.9805 0.4638 6.0328 5.5571 3.1318 2.3388 3.3127 0.9156 3.6070 4.1099
