5.3642 0.9463 2.7761 1.9329 2.4218 1.5789 0.6603 3.3181 0.3413 2.7278 2.8900 2.4317 1.3828 3.9380 4.8151 3.9621 4.7659 4.3420 5.4881 1.0852
4.1148 4.8877 4.6180 5.1201 3.8193 4.2169 4.5970 6.2299 5.1873 5.5323 4.9612 0.4324 5.0970 5.9711 5.0843 5.8571 0.1857 0.8319 5.3752 5.2579
4.4458 3.3922 2.6372 4.2680 2.8480 1.5640 4.1927 3.6258 5.1444 5.3249 4.7111 4.4048 3.4978 3.7501 5.4659 1.7841 1.5076 4.6784 2.8717 4.8074
5.3014 6.2466 2.4016 1.7894 4.7522 5.0484 3.6599 3.9125 3.7790 3.4706 5.6941 4.5198 4.2064 5.2963 5.2790 5.7928 1.3392 2.7841 2.5435 1.0753
3.2111 5.2614 2.8655 3.8381 4.7045 1.7277 2.0149 6.1125 5.5031 6.2159 5.3452 4.0598 2.8842 3.2925 4.3321 3.2100 0.8917 4.4345 3.0285 3.2870
3.3679 1.6938 5.5480 3.2546 4.4163 5.4952 3.0409 4.5579 5.1464 4.5003 4.5134 1.2578 1.4257 5.5197 5.2732 5.6408 0.5604 1.2855 2.4588 2.1203
4.6579 3.5702 3.6143 1.8018 1.6839 1.8642 2.1635 2.8479 2.5910 2.9043 4.7214 3.1288 2.8560 3.4143 3.3882 2.8564 2.0818 4.1054 3.6264 4.9271
4.3554 5.0654 4.1980 4.3899 3.1183 5.2590 4.0750 5.0703 3.9275 4.3883 4.6090 5.0602 5.5977 6.2446 4.2053 3.6105 2.8631 3.9715 2.2241 0.9531
3.2637 2.9713 3.6262 2.8395 2.3105 1.8476 1.8307 2.0372 2.4372 2.3662 4.1788 4.1241 4.7340 3.3036 4.9210 2.8166 2.9917 5.9841 1.3724 3.7247
5.9175 0.3768 5.8195 4.9532 4.1037 3.2420 2.9897 1.5711 2.6418 4.2162 4.0888 5.2155 5.2619 0.0978 5.4815 6.1839 4.7437 2.0847 0.7896 1.0107
3.8619 3.6820 4.0916 2.6528 3.6154 3.7535 3.0638 3.5178 3.8248 5.2456 5.1198 4.9524 5.3261 4.4268 4.9693 3.8135 5.2616 5.2990 5.8791 2.8026
4.4385 3.5977 4.0672 5.2620 3.1057 0.9546 3.0222 3.6664 4.0354 3.1314 5.2466 4.8218 4.6878 4.7090 4.2196 4.9789 0.3066 0.6292 6.1743 0.2608
6.0103 0.9288 4.7355 5.7577 5.0594 5.1793 6.1112 6.0585 2.7443 2.3191 5.6858 0.2097 4.6249 5.3792 5.2810 0.7035 5.2085 5.3032 4.3612 4.0945
2.6282 2.9399 3.2978 2.2922 1.4497 2.0561 4.2642 3.7163 3.1970 4.3822 4.6074 4.0730 3.5913 3.8424 4.2903 2.3733 4.4387 4.1823 4.7639 2.7843
2.4634 3.8958 3.1341 0.0899 1.4265 1.1369 1.6092 3.1790 2.4818 3.5168 4.7191 5.3020 5.2233 5.7307 4.5736 4.6554 5.6736 0.3147 5.6597 1.7230
3.1279 0.6191 3.8361 2.3497 2.2099 4.4338 1.9292 1.9713 2.7062 0.1718 5.9488 0.5108 0.8285 1.8660 4.1417 2.0763 1.2663 2.4403 2.0535 5.9212
3.2563 4.9937 4.7178 4.5739 3.1093 0.0081 2.7174 3.8383 1.7092 4.5965 4.4715 4.3878 1.7114 2.6948 4.4338 4.2825 1.9575 5.8798 4.2525 2.3413
3.6663 3.5718 3.8622 3.1346 2.9889 2.4127 2.1030 1.9661 1.8905 2.3606 3.8986 5.6992 0.6792 3.8889 3.3225 2.1072 1.5494 2.4042 3.7316 4.7667
3.3966 5.3897 4.7298 2.9341 2.5746 2.9849 3.6344 2.9900 4.8423 4.8292 4.0328 5.9713 5.6102 5.3644 3.2815 6.2198 0.5478 5.3683 3.1368 2.3338
4.4949 3.7378 3.4845 3.7793 2.6416 5.3450 6.2477 4.3573 3.7191 4.7974 3.8385 3.4532 4.4838 3.4821 4.0732 4.7289 6.0481 3.7507 4.5855 4.6101
