5.3088 5.4551 0.6727 3.0813 3.6046 4.9856 3.9591 4.1857 5.7149 4.3350 0.2753 1.6323 4.0924 3.8070 4.5270 3.5780 5.6293 0.7460 0.2055 5.9715
1.6829 1.4582 1.8012 2.1659 4.9636 1.9053 3.0028 2.3907 0.7053 1.4518 5.5653 3.6440 3.2073 4.5474 5.8446 1.9553 6.1587 4.2081 3.3645 3.5656
2.3775 1.7787 1.8640 5.6428 5.5638 4.4221 2.6103 4.7255 4.7787 4.5581 5.4954 5.6379 1.0632 2.0553 5.0623 0.3388 0.8794 4.7304 3.5456 1.6138
2.3923 2.2773 2.8584 2.5007 3.0902 2.4920 2.1613 2.8515 3.9155 5.9764 4.7581 6.0394 1.0912 2.9805 3.1624 3.7494 5.2314 0.1991 5.7516 2.7596
2.5297 3.2236 3.3446 4.5194 4.0043 5.0266 2.6538 3.0322 4.0794 4.2829 0.6370 1.7980 0.8892 0.6116 2.7942 0.1538 4.3014 4.5621 5.6886 6.0426
0.9915 1.3110 4.3095 2.5354 3.5285 2.8573 1.0452 1.6895 5.0079 0.6730 5.5946 5.0894 4.7847 3.8484 3.6709 3.1780 5.1831 3.2944 4.4903 3.3698
1.3421 4.0074 5.9460 5.9387 5.5750 5.7506 5.7061 4.5371 4.1741 4.6131 2.5645 1.8035 2.6238 2.5924 0.6568 5.9814 5.9851 0.2991 5.7586 5.6477
3.0516 3.3340 0.9756 0.5995 0.1109 2.5980 3.7382 3.8389 2.5144 2.4894 3.9703 4.4861 4.5232 6.2119 5.3063 4.7212 3.9650 3.7163 4.5896 3.0405
2.5024 2.1199 1.1462 1.9710 1.4068 1.0952 1.2225 0.1261 1.8128 2.9210 4.2373 1.7287 4.3598 3.0632 0.2773 1.4894 5.0382 1.4986 2.5803 1.3615
1.1222 3.7201 2.4720 4.2386 4.3376 4.5325 6.1231 5.8273 0.2857 5.6616 5.1004 5.1299 4.6427 5.7367 0.3855 3.7813 0.9447 2.2507 1.4773 2.3799
1.0279 0.2127 2.5843 2.2590 2.9910 1.8403 1.6271 3.0794 3.3136 3.3716 4.2403 5.0832 6.1379 1.6997 1.2229 6.2511 2.1842 1.2357 0.9378 0.8218
5.6051 4.9136 4.6683 4.6315 3.7913 2.7680 2.8738 2.3516 3.0267 2.6513 3.5032 5.8183 0.6974 0.1071 1.7083 4.1975 5.0749 4.4514 4.9511 4.8516
2.5699 2.3076 2.1931 3.0530 3.7576 4.8031 3.2881 4.4992 3.3210 3.8185 2.9123 3.3568 4.1434 3.5357 2.1497 0.7757 5.9956 0.3298 4.9489 2.6917
4.3470 5.9557 4.8622 6.2240 2.4033 2.0564 3.5281 1.3378 2.2117 0.5355 3.5364 1.9047 4.2244 0.8122 6.0445 4.8684 5.7143 0.7665 2.8037 4.4338
3.7389 3.6275 2.8307 2.7963 3.0980 4.5865 4.5928 4.2196 2.1153 3.6668 2.8058 4.2278 4.1738 3.8719 3.6938 4.9223 4.8121 3.8782 3.2124 2.8703
2.8602 2.2182 3.2505 1.0702 3.4671 2.6587 2.6843 1.7782 1.7780 1.6975 0.9157 4.7414 5.5399 0.1704 2.2698 3.3276 5.0128 2.2001 4.2605 4.3892
2.7421 3.7646 3.5420 3.7934 5.2096 0.7126 3.5639 1.5471 2.0740 1.6202 1.5706 0.4964 4.7508 5.4721 0.1226 0.0801 5.3678 5.6296 2.8042 3.2318
1.2752 2.2359 0.3974 6.1154 5.8595 4.3782 5.2991 5.1868 0.0257 5.5610 2.6175 2.4597 0.6269 0.5335 0.9051 3.1264 2.4522 1.9391 1.1209 2.2926
5.3541 4.4667 0.3664 6.1346 5.4641 6.0261 0.1785 0.8144 5.5068 2.1046 1.4198 0.8693 2.0211 3.1490 1.7034 1.4162 1.3312 0.7974 6.1329 6.1837
4.7898 1.2515 0.6377 1.5887 4.2435 1.8602 1.2719 1.2490 0.0296 0.2008 0.3406 4.7382 4.7563 5.8830 5.9001 6.1072 0.7168 4.4102 5.2399 3.7294
