5.3227 0.4896 1.1261 0.5651 6.1352 0.3650 4.6531 0.8833 4.8310 0.2262 3.5569 2.7509 3.1722 2.3104 1.1772 0.5378 4.3373 1.5130 5.6607 5.5304
4.0917 3.7132 5.7354 5.4444 5.4491 0.5183 4.4789 4.6056 5.3010 0.3710 5.6769 2.3988 3.3997 1.2508 0.7521 4.0837 4.2128 5.0891 5.3904 3.3363
0.6545 5.8706 0.0858 5.6341 5.1237 2.8398 4.1055 4.8098 4.9819 4.0930 4.4760 4.3582 3.7027 4.2303 0.2760 2.3922 3.1775 5.0086 6.0081 0.0425
2.5629 2.1604 2.1112 3.5151 5.3637 5.0526 1.4627 1.7478 0.8980 1.0616 0.9980 3.3257 2.4022 0.2331 0.5311 0.6741 1.6158 1.6031 0.9932 2.4288
5.0158 0.7611 0.7546 5.4296 5.2579 2.9029 1.9307 0.7110 0.2111 3.7584 6.0935 6.2263 2.0403 1.7426 5.6063 4.9696 1.4091 1.0367 1.3849 5.0030
2.1427 2.3886 1.0198 2.0725 1.9407 3.2515 3.9878 5.7117 6.1717 6.1115 4.9023 4.7421 4.6966 4.6809 2.4752 1.2634 1.8288 0.9653 1.6914 2.1600
1.8760 4.8637 4.1291 4.5523 3.1914 4.0295 4.5249 1.5668 5.1756 5.6977 3.3281 3.5497 4.5443 1.4074 2.7778 1.7217 3.1928 2.5145 1.7569 4.8063
2.6348 0.6779 1.7305 2.0913 2.2591 0.8907 5.5378 4.9075 4.0407 3.5649 3.1194 2.4508 3.1422 4.4646 3.5435 4.0588 3.0941 0.2974 2.4643 1.8333
4.7252 5.1637 4.5405 4.9318 5.4498 3.8404 4.4282 2.9639 3.9313 4.3603 4.2608 0.4098 2.0967 2.8523 3.1409 5.7350 3.8065 2.1653 2.7311 3.1087
5.6118 2.4166 3.6556 2.5341 5.4199 1.7113 5.1293 4.3993 2.6443 2.5187 3.1240 3.5984 3.4387 4.9902 4.0919 3.5441 4.2651 4.7198 5.9507 5.3192
5.5650 3.9374 4.0297 3.1635 6.0213 4.7410 3.8755 4.3348 4.0516 0.4870 2.1732 0.9834 2.6801 2.6657 6.2461 1.1070 0.4839 0.6404 0.1454 0.6409
5.2918 6.0052 6.1191 5.6801 6.0875 6.1301 2.8394 2.1922 4.2050 3.9010 1.8851 1.4484 1.5727 5.9763 0.6711 5.3100 6.1388 4.1553 4.3369 3.7225
4.3372 6.0371 0.0165 6.1533 4.1841 3.5612 4.2302 5.6941 0.6036 0.1798 3.6596 4.4947 2.1105 0.3579 1.3016 5.3096 5.1777 5.5832 6.1946 0.9662
0.1220 1.1696 1.0263 2.7725 3.1035 0.7771 1.8788 3.5262 3.1953 3.5527 2.2265 1.9451 1.7233 2.8355 2.7393 3.4991 4.1258 3.6092 2.9222 3.9820
3.2616 2.6297 0.6683 6.2752 2.6902 4.1379 1.9950 0.2185 3.0409 4.9162 3.0767 6.1799 0.2335 1.2505 5.9347 1.0260 5.7013 5.3795 4.9986 0.4755
3.0523 3.2671 2.0277 2.8479 2.4521 1.7881 3.1220 2.9003 4.6748 1.7821 3.4895 5.0929 4.4786 4.7109 4.7269 4.8286 5.3220 1.2161 3.1648 3.0530
0.5558 6.1070 0.3614 3.0823 2.3991 3.6662 3.3750 6.0979 5.5142 5.6162 4.5623 2.7064 5.0608 4.7744 0.2586 0.7077 5.7001 4.8893 3.8339 4.4602
1.0959 2.5880 3.0317 2.8270 2.2238 0.3190 5.4050 1.1330 1.7870 0.8697 0.3665 6.0375 4.8740 1.0533 0.4009 3.0026 5.0661 2.9790 3.0098 2.3087
0.2801 5.8762 1.1942 6.1274 0.0759 0.6171 0.2746 5.4964 3.5961 2.6553 3.0259 2.5278 4.9470 4.2286 0.2039 0.4438 1.3525 1.9738 1.7975 1.8665
2.2528 2.6932 1.8526 1.6016 5.9917 4.2768 3.5604 3.0907 4.3294 4.6818 5.7051 5.8795 5.8079 3.7882 1.0103 4.2287 4.0453 5.4253 0.4782 2.7816
