5.9962 5.2040 4.9671 5.3997 2.0053 0.0901 4.7988 5.7361 3.6873 0.8163 0.8818 2.0646 2.6912 2.8539 2.4163 6.2399 1.6237 4.2692 4.8082 4.9890
6.0287 1.0444 0.5522 1.8088 2.2643 2.8340 5.0387 3.1860 3.8691 3.6609 0.4653 3.8476 2.3025 2.6133 2.5988 0.5412 1.1397 2.0185 3.6337 1.4403
3.8652 3.2479 1.1538 3.9072 3.7324 5.8788 6.2505 5.2998 5.6838 0.5111 0.7661 0.1095 1.7578 0.5768 1.6432 0.2181 0.9183 2.8731 3.8164 3.9369
6.0264 0.2838 0.4253 0.1196 4.2416 2.4602 6.0146 6.2477 6.0481 4.5891 4.5286 2.7840 1.1373 2.6470 2.1042 3.4904 2.5959 0.3785 6.0115 5.2718
6.0571 4.6130 4.9319 3.7440 3.9914 4.0547 4.8427 5.1673 0.1413 0.3965 1.5144 5.0136 1.0854 2.2570 1.6073 1.8627 0.9450 1.5573 1.5410 2.6321
6.1494 1.0383 0.5418 1.6832 2.4163 2.4806 4.7120 2.4390 5.2429 3.0131 3.5521 1.3257 0.7968 0.2409 4.1341 4.1445 0.3312 5.9497 5.3048 6.1668
3.7071 3.0719 0.7015 5.7521 2.6681 0.0283 6.1702 5.4569 0.1351 4.9227 5.9112 3.8141 6.1750 1.6587 1.9912 0.4119 0.8022 5.9209 5.7681 5.6213
2.0906 0.1633 1.0167 0.4987 3.3529 3.5948 5.7248 5.6729 0.5023 2.0956 0.1651 0.3637 5.7286 3.2655 1.3957 0.9043 1.5875 1.1754 0.2148 0.3799
4.2330 5.1983 5.1877 3.5879 2.0201 2.0791 3.1676 3.0104 6.2099 5.4732 5.3546 5.0010 5.2062 5.7442 2.4956 2.8426 6.2785 0.7552 0.4834 4.7921
2.2701 4.2269 3.4631 1.4769 0.4689 4.2303 3.1784 0.1111 5.4962 4.5881 4.8701 6.1258 5.6169 0.0574 0.2972 0.2651 5.1914 4.8145 4.6961 4.4097
4.0984 3.5753 3.9405 4.1133 5.9120 1.1375 3.1877 4.1695 4.3256 1.2576 0.7590 3.7153 5.1223 3.7400 4.5860 5.7020 5.2809 3.5074 5.9271 1.2060
6.0610 5.8387 4.3414 2.8810 6.0390 4.7442 3.8749 0.7400 5.6351 5.8635 0.4529 5.5268 5.5314 5.5465 4.7333 0.8054 5.9028 0.8545 1.0601 4.0289
5.1463 4.0707 4.4244 5.4373 5.5907 2.3902 3.4805 5.3350 2.6344 1.8575 1.3525 1.0184 0.0927 5.1238 5.3273 5.7911 5.6918 5.1444 1.1004 2.0988
5.3932 5.9074 3.9736 0.0799 5.1187 5.0641 3.9080 4.9229 4.2755 4.5731 5.2924 5.0860 5.1861 6.0777 5.2956 4.4996 1.0571 1.4426 0.2975 3.7541
4.5470 2.0767 5.6315 3.4282 3.7034 0.8899 1.4932 1.3554 3.0863 1.4468 1.0636 0.2556 6.0593 3.7036 1.3510 1.3724 0.7935 5.3464 2.4670 4.3263
3.5880 5.0522 5.6962 0.6118 4.9375 3.3455 3.2829 5.9223 4.3689 4.7042 0.1645 4.3017 4.7015 0.9808 6.2292 5.5203 0.9171 1.3587 1.5740 1.2901
5.9015 5.7472 5.9840 3.1452 3.7306 2.6476 2.3279 3.3027 3.7798 2.2419 6.1124 1.1066 4.4418 5.0666 5.3352 3.9556 3.8646 4.8921 5.4694 5.9145
1.2273 2.1391 4.8666 5.3659 1.5977 5.4529 0.2774 5.8966 4.8936 5.7318 3.5169 3.5467 3.9120 3.3915 2.0739 2.1687 1.4266 1.1264 5.9585 0.1771
1.8401 3.8914 3.9048 3.1368 2.6993 3.1519 2.3838 2.1071 2.5741 1.3737 3.6168 1.3731 2.6921 1.0063 1.3011 0.4602 2.8637 2.5772 1.8269 1.5507
0.9587 6.1715 5.2173 5.8769 4.0761 3.7703 4.0806 4.6669 4.2809 3.6469 2.6932 3.2661 3.1163 3.2087 2.2331 4.0940 2.0927 6.2171 4.6349 4.8642
