0.4422 0.3649 5.9186 0.0818 0.0155 0.0832 0.0603 0.6900 0.1213 0.8027 4.6453 5.4963 2.5929 6.2099 6.1128 5.4004 1.3307 2.0683 1.1070 0.1594
4.3328 3.8847 2.7569 1.4643 1.3297 2.2402 0.4640 0.8509 5.1218 3.8895 4.1932 4.0468 2.6194 2.6385 4.5676 3.7051 3.8334 2.6065 3.4547 3.2691
3.1203 1.3088 2.1104 1.1545 1.2488 0.8532 1.5371 0.3883 1.1376 2.0502 1.2740 1.0994 2.0094 5.9787 2.5051 0.7978 0.9476 5.3634 3.4743 3.4909
2.1631 4.7840 5.4633 5.2927 1.0050 2.6354 3.1618 3.6767 5.7212 0.1969 1.2765 2.3852 2.1294 1.6608 2.7309 2.7419 1.5671 1.3025 3.1776 1.9864
2.1494 1.7673 6.2645 1.6246 1.0675 0.5598 1.8231 1.2497 4.6920 3.4211 2.8306 3.7705 2.9743 3.3394 3.0998 1.3446 2.7707 3.6146 5.4893 0.3622
3.0116 4.4411 4.7139 3.4350 0.7290 1.5032 1.3983 5.6730 4.8336 4.9633 2.5436 1.1304 0.6772 1.7293 3.0128 3.5588 3.1391 2.3591 0.4605 3.1063
6.2030 4.4652 0.1328 3.6822 5.6322 5.7905 0.7659 1.6124 1.4440 1.9180 1.6041 2.9232 0.7215 5.7632 3.1096 5.4726 3.6204 4.0285 0.4388 0.0044
5.2607 4.8483 5.4622 2.3300 4.1544 1.2933 1.7005 3.1870 4.9123 3.2000 5.5302 6.1036 6.0291 2.7256 2.2755 2.2137 3.9241 4.2753 5.9156 4.2518
5.6790 0.4552 5.8975 0.0639 4.8369 1.6822 1.1722 2.2777 4.2460 4.8486 0.2677 2.1995 5.5171 6.2198 0.0448 5.6789 2.7094 1.8282 1.8146 2.1560
5.5326 4.0319 5.3281 5.9891 5.8643 5.8310 0.9783 0.4296 5.0028 5.5869 0.7539 4.9523 5.0110 5.1210 2.1422 2.4725 2.5369 4.9892 3.9385 5.3398
1.6870 1.9873 2.9833 2.5272 1.0537 0.8297 1.3045 1.0207 3.5149 4.2003 0.3637 1.3615 4.4418 1.7782 1.2677 0.6391 2.7011 2.0276 5.3120 1.6933
1.3929 5.5305 0.9351 1.3956 2.2508 4.5655 0.0206 2.2335 3.5644 2.6394 2.1498 2.8494 3.8558 3.5332 3.6801 4.0972 3.4122 4.2727 4.9712 3.2353
1.4319 1.1429 0.2020 5.4640 1.2569 0.3998 1.2338 1.6169 1.5293 1.4782 1.2043 0.7985 0.7016 1.7025 3.6077 1.6108 0.3996 5.5186 5.7867 0.0405
1.0471 0.4697 6.0349 1.1672 1.6545 2.9119 1.2637 0.1288 0.7312 0.9844 1.8363 0.9595 6.2445 5.3053 4.9660 4.5789 5.4537 4.7714 3.7502 3.5759
4.8470 3.1107 4.9006 3.6346 1.8889 4.6134 3.9965 2.9886 3.2358 2.8393 2.2760 3.7701 0.9987 1.4649 1.2547 0.9437 5.7810 4.5359 4.0234 5.3177
4.3341 1.9779 5.4299 0.6865 5.8476 2.5625 2.6305 1.6403 2.0213 1.4482 1.6050 0.5689 1.7749 4.1733 2.0826 3.9189 3.9553 4.9003 2.9556 4.4929
3.1049 5.8547 5.4142 4.4804 5.2641 5.4676 4.4214 4.0223 2.4440 5.4760 1.1519 2.8875 6.0494 2.2860 1.5365 2.2567 2.6865 3.7333 2.9629 2.1162
4.1563 3.4591 4.0272 3.2276 5.7160 1.2374 2.4536 1.3416 1.1307 1.1805 5.6905 6.2225 1.3487 4.5937 3.3870 6.0176 5.3224 4.9146 3.5127 4.9322
6.0225 0.0930 5.1889 5.6717 2.3237 4.7903 5.2156 0.6587 0.1989 5.2533 5.6598 5.4815 2.1508 1.5052 0.8204 1.9823 1.4992 2.2736 3.5580 3.6265
0.5490 5.0529 5.6811 0.9085 0.5825 1.4190 4.8847 3.5284 0.4669 6.0280 4.9974 2.3427 3.1216 4.0525 5.6568 1.4483 2.3626 4.6707 3.2343 5.9857
