1.9170 0.0949 0.3813 5.8472 4.3789 0.5818 2.4093 3.0323 2.5371 3.7960 4.3939 3.4817 3.9687 3.4105 3.7021 3.7620 3.9752 3.9231 3.1495 5.1899
4.1919 2.4328 0.1222 1.3975 2.5031 1.5044 1.5930 0.4905 1.7084 0.3086 5.8308 5.8998 3.8475 1.1631 2.2062 0.8906 4.1202 3.1749 3.1458 2.4581
4.1377 0.3104 0.4053 3.0609 2.0486 0.8251 1.5777 1.7544 2.4285 3.3534 1.3876 2.4447 2.6984 3.1739 1.4750 2.7257 4.2190 3.6071 3.8783 5.9822
3.5730 5.1034 5.1093 5.4404 0.4131 6.0473 5.1359 6.0239 5.9537 0.1072 5.2162 5.2692 5.0252 6.2089 5.9931 5.1604 3.6180 1.3206 5.7805 4.8282
3.0055 1.0066 3.4599 2.8370 1.6989 2.5430 2.9955 3.3251 2.7909 1.9928 3.0721 2.5554 2.6913 3.3065 0.0869 2.4206 4.2814 2.8581 3.3383 2.0978
2.5558 3.9248 4.6747 5.4384 5.9571 0.2537 5.7247 0.3781 3.2362 6.0505 3.8995 4.1936 4.9362 0.0104 0.0960 5.1313 4.7966 4.9482 3.7842 5.0403
1.8296 0.1524 5.6335 0.7841 0.2778 1.8725 4.8548 5.7829 3.2738 0.6215 4.6943 4.6856 4.8062 3.3341 2.3363 0.9750 0.9416 3.0160 2.3804 2.3709
0.4555 1.9173 5.3963 4.8067 5.8456 3.8961 3.0249 3.1774 3.6148 3.7579 3.3480 3.7563 3.2836 4.0528 1.8229 1.5519 1.2701 6.0216 0.3187 0.3200
1.0693 6.0021 5.6564 0.9779 6.1111 1.2089 2.6624 0.5426 1.0988 0.3897 3.1056 1.3405 2.7102 1.1810 1.4743 0.9761 1.5066 2.0431 2.1991 1.9395
1.1708 3.3457 5.8539 4.9939 4.3844 4.6657 4.7527 6.1423 0.3456 5.3696 0.9718 1.3445 2.6785 3.5798 1.8233 3.9982 2.5000 4.8164 1.9229 2.6788
2.0918 0.7817 6.0918 1.9502 4.5363 2.4601 4.4502 1.8893 3.3255 1.2655 6.2028 3.9425 5.4729 0.6608 2.1661 1.6014 2.0502 1.6054 1.0785 0.3130
3.0970 3.4159 5.7524 0.5847 1.0266 6.1324 3.9027 4.0592 3.1582 3.5348 4.3781 5.3409 5.4067 3.4583 0.6494 6.2279 1.4912 1.1312 2.4308 3.4922
4.8392 5.0742 5.8625 0.0286 0.6034 3.0614 2.1491 2.7215 3.1378 6.1245 5.4508 3.9881 0.4766 5.6270 5.2839 3.6840 3.1344 3.0146 1.3445 1.0905
3.8758 4.3728 0.4476 1.7688 3.3620 6.1015 1.5690 0.5071 2.2020 2.7848 1.4082 0.3226 0.7790 1.3200 0.4353 1.5832 2.9595 0.7356 1.4940 4.7490
2.4855 1.2450 0.8464 4.4311 4.0144 2.7868 3.0869 3.2248 0.9305 0.1065 1.3237 1.1973 0.9894 6.2544 0.0993 3.2160 2.3845 3.0027 2.4369 1.7181
3.2149 3.3501 3.3096 4.3540 5.7858 0.9365 1.9479 1.3271 5.2592 1.2709 0.2159 5.9733 2.3040 3.4647 0.2617 3.8663 2.0292 1.2737 2.4158 3.6909
4.9618 0.0292 5.8992 0.1079 0.4211 3.6744 3.3674 4.4705 4.9904 4.2480 5.2489 2.8308 0.7902 1.8359 0.3998 5.8268 5.4548 4.1682 4.4981 5.7685
3.4956 3.0086 4.4443 2.6875 2.2154 1.5674 3.0831 3.0765 3.8750 0.8286 0.0307 5.5212 5.3122 5.5565 5.4753 0.0900 0.1141 5.9254 4.7966 2.8477
6.1143 0.4654 5.4514 5.6874 0.0108 5.0849 3.6780 3.3932 4.3737 3.0607 3.3596 3.2127 3.6752 3.9290 4.5600 1.7191 1.5176 3.5979 4.4313 0.2656
2.2274 3.0467 5.6292 3.9006 4.4526 4.5777 4.1353 4.5806 3.6907 5.2614 6.0719 5.2209 5.3401 5.6647 5.0033 5.0892 1.7962 1.2752 4.6070 3.4015
