5.4664 3.2648 4.2794 5.0774 4.0131 3.4234 2.2343 3.6691 2.8020 3.3620 4.1744 4.6370 2.8337 0.5655 1.6347 2.5595 2.5878 0.9809 0.6466 4.8523
6.1721 0.5177 1.2653 3.1138 3.3629 1.5011 1.5362 0.2267 0.8309 0.5176 2.9656 2.8306 3.8320 3.0746 4.3804 5.0809 1.0414 4.0097 0.6274 1.3897
3.0330 3.6076 1.1635 0.5843 4.9395 4.9633 0.7544 0.6688 5.3097 4.3364 4.2597 4.6990 5.4117 5.3678 5.4500 1.2098 1.1093 4.7784 5.8954 3.9873
4.9329 0.9353 1.2446 2.6767 3.4112 2.5312 1.8790 4.1299 2.8076 2.9648 3.3590 4.5199 4.9190 4.1549 3.7771 4.8226 5.4587 5.6970 0.1917 0.0385
3.8346 3.1320 3.1537 5.4336 2.3412 0.1350 0.4135 0.2322 3.2299 4.6085 3.9659 6.2017 5.8054 0.7615 2.6722 3.1294 4.8601 3.6587 4.4652 2.9088
5.2590 6.1821 5.2094 3.2850 1.3781 1.8232 1.0978 2.2963 1.8659 2.2706 3.1378 3.1177 5.8169 5.0003 1.9037 0.5022 5.9687 6.0496 2.3799 6.2296
4.2691 3.9165 1.4923 0.7172 2.5309 4.2868 3.9665 5.6696 2.2852 5.8747 6.1936 5.9167 5.9274 0.7601 1.3495 3.8542 3.9225 2.8850 2.9012 2.1007
4.4040 0.5076 1.1078 2.5351 2.2042 2.0019 3.2015 2.3937 1.3802 2.1800 1.3974 3.8309 5.5672 3.5708 3.2510 4.1536 0.0898 1.3938 0.9069 5.3599
1.7598 3.9185 2.5361 3.3481 3.7287 2.9736 5.2368 0.9600 0.8530 2.3361 3.4850 5.8323 0.6579 1.3038 5.5010 0.7167 0.8831 1.3268 1.1795 1.3159
1.4687 1.1764 2.3647 6.0079 4.0014 5.0422 6.1856 2.7315 0.3949 0.5439 4.0254 2.1821 2.2042 2.8741 4.4360 2.7272 1.0930 1.6264 0.3004 1.6038
1.9197 4.6033 3.6634 3.1730 2.7163 1.8027 6.1815 5.4907 4.9904 3.6541 0.7696 0.2226 0.1308 0.1949 5.8733 6.2094 0.1654 5.2635 6.0766 0.5580
1.6546 2.2668 2.9003 0.4387 6.1396 4.7235 6.1574 5.8537 5.5697 5.7005 0.0515 3.0900 1.8121 2.4123 4.6969 3.8814 3.9033 1.1603 0.7699 1.0461
4.8535 5.2095 3.3609 5.2456 4.6326 0.8081 6.0277 6.2616 5.4554 1.8552 0.3640 0.5740 0.8604 5.8178 4.6602 0.3082 0.7528 4.3387 0.3542 6.2656
4.4916 3.6766 3.8417 3.7443 1.5469 5.7219 5.0979 4.8675 5.3062 0.4333 0.0762 0.4381 6.1668 1.3166 1.7012 3.2201 2.1811 1.6314 2.2003 0.6673
2.7934 6.0212 5.5412 0.5279 0.2837 2.0355 1.2706 1.3651 6.1176 4.4539 6.0607 5.2871 0.7008 3.8243 1.6230 3.4022 3.3334 4.4251 3.5980 3.2784
2.4089 4.1149 4.0956 3.1699 0.2366 6.0210 1.4457 6.2135 5.9155 0.8823 1.5452 1.8539 0.2937 2.2613 1.0141 3.7325 3.7605 1.7082 3.1239 5.6643
2.6092 1.2738 5.0277 4.6816 0.1301 1.3753 2.3686 2.0711 4.5454 5.7430 3.7605 5.2578 0.5093 0.9466 1.2049 0.5600 4.8803 4.7679 3.7375 3.3370
2.4991 4.0471 4.2488 1.8700 2.6528 2.7864 1.7243 4.5849 4.3701 3.0168 2.4688 0.6425 0.9855 5.6043 6.0227 5.4925 5.9250 1.7953 2.8934 2.1048
2.4515 1.9003 4.5292 3.5752 2.8544 0.6105 2.1212 2.5353 2.0011 0.2712 5.6851 3.3500 1.8553 1.3170 0.4185 0.9625 4.2850 4.1623 2.9320 2.7683
0.5379 0.2448 6.1152 0.6736 3.7997 2.0961 1.4118 0.3831 0.5564 1.4153 1.8406 1.2510 1.8132 4.5738 5.8596 5.7561 5.0985 1.0796 1.5069 0.0842
