2.500000000000000000e-01 2.500000000000000000e-01 1.093000000000000000e+03
2.500000000000000000e-01 7.500000000000000000e-01 2.400000000000000000e+01
2.500000000000000000e-01 1.000000000000000000e+00 8.000000000000000000e+00
2.500000000000000000e-01 1.138889999999999958e+00 1.000000000000000000e+00
2.500000000000000000e-01 2.250000000000000000e+00 3.000000000000000000e+00
2.500000000000000000e-01 2.875000000000000000e+00 1.000000000000000000e+00
2.500000000000000000e-01 9.188779999999999504e+00 1.000000000000000000e+00
2.500000000000000000e-01 1.076239999999999952e+01 1.000000000000000000e+00
5.000000000000000000e-01 0.000000000000000000e+00 9.800000000000000000e+01
5.000000000000000000e-01 5.000000000000000000e-01 8.000000000000000000e+00
5.000000000000000000e-01 7.500000000000000000e-01 2.000000000000000000e+00
1.000000000000000000e+00 2.500000000000000000e-01 1.400000000000000000e+01
1.000000000000000000e+00 3.888900000000000134e-01 2.000000000000000000e+00
1.000000000000000000e+00 5.625000000000000000e-01 1.000000000000000000e+00
1.000000000000000000e+00 1.500000000000000000e+00 4.000000000000000000e+00
1.250000000000000000e+00 0.000000000000000000e+00 3.000000000000000000e+00
1.250000000000000000e+00 1.388900000000000134e-01 4.000000000000000000e+00
1.250000000000000000e+00 3.125000000000000000e-01 3.000000000000000000e+00
1.250000000000000000e+00 1.250000000000000000e+00 1.000000000000000000e+00
1.250000000000000000e+00 1.527779999999999916e+00 1.000000000000000000e+00
1.250000000000000000e+00 1.875000000000000000e+00 1.000000000000000000e+00
2.000000000000000000e+00 5.000000000000000000e-01 2.000000000000000000e+00
2.250000000000000000e+00 2.500000000000000000e-01 1.600000000000000000e+01
2.250000000000000000e+00 8.750000000000000000e-01 2.000000000000000000e+00
2.250000000000000000e+00 5.059689999999999799e+00 1.000000000000000000e+00
2.500000000000000000e+00 0.000000000000000000e+00 1.000000000000000000e+00
2.500000000000000000e+00 2.250000000000000000e+01 1.000000000000000000e+00
3.250000000000000000e+00 1.300000000000000044e-01 1.000000000000000000e+00
3.250000000000000000e+00 1.444439999999999946e+00 1.000000000000000000e+00
3.250000000000000000e+00 3.972220000000000084e+00 1.000000000000000000e+00
4.000000000000000000e+00 6.250000000000000000e-02 2.000000000000000000e+00
4.000000000000000000e+00 2.500000000000000000e-01 1.000000000000000000e+00
4.000000000000000000e+00 4.199999999999999845e-01 1.000000000000000000e+00
4.000000000000000000e+00 6.944399999999999462e-01 2.000000000000000000e+00
4.000000000000000000e+00 1.000000000000000000e+00 1.000000000000000000e+00
4.000000000000000000e+00 2.640620000000000189e+00 1.000000000000000000e+00
4.000000000000000000e+00 4.500000000000000000e+00 1.000000000000000000e+00
4.250000000000000000e+00 1.700000000000000122e-01 1.000000000000000000e+00
4.250000000000000000e+00 5.610000000000000320e+00 1.000000000000000000e+00
4.500000000000000000e+00 2.222200000000000009e-01 1.000000000000000000e+00
5.000000000000000000e+00 3.125000000000000000e-01 1.000000000000000000e+00
5.000000000000000000e+00 1.377550000000000052e+00 1.000000000000000000e+00
6.250000000000000000e+00 0.000000000000000000e+00 2.000000000000000000e+00
6.250000000000000000e+00 1.275499999999999967e-01 1.000000000000000000e+00
6.250000000000000000e+00 3.906200000000000228e-01 1.000000000000000000e+00
6.500000000000000000e+00 0.000000000000000000e+00 1.000000000000000000e+00
6.500000000000000000e+00 2.148799999999999877e-01 1.000000000000000000e+00
7.250000000000000000e+00 8.055600000000000538e-01 1.000000000000000000e+00
7.250000000000000000e+00 1.159999999999999920e+00 1.000000000000000000e+00
8.000000000000000000e+00 5.555999999999999828e-02 1.000000000000000000e+00
8.500000000000000000e+00 9.444399999999999462e-01 1.000000000000000000e+00
9.000000000000000000e+00 2.500000000000000000e-01 2.000000000000000000e+00
9.000000000000000000e+00 3.047300000000000009e-01 1.000000000000000000e+00
9.250000000000000000e+00 5.473000000000000087e-02 1.000000000000000000e+00
9.250000000000000000e+00 1.151776000000000089e+01 1.000000000000000000e+00
1.025000000000000000e+01 2.324000000000000024e-02 1.000000000000000000e+00
1.225000000000000000e+01 3.433670000000000222e+00 1.000000000000000000e+00
1.825000000000000000e+01 4.549900000000000055e-01 1.000000000000000000e+00
1.850000000000000000e+01 2.049900000000000055e-01 1.000000000000000000e+00
2.050000000000000000e+01 4.648999999999999660e-02 2.000000000000000000e+00
