5.000000000000000000e-01 2.500000000000000000e-01 1.100000000000000000e+02
6.666699999999999848e-01 8.333000000000000129e-02 4.670000000000000000e+02
6.666699999999999848e-01 3.333300000000000152e-01 1.600000000000000000e+01
7.500000000000000000e-01 0.000000000000000000e+00 8.900000000000000000e+01
1.000000000000000000e+00 0.000000000000000000e+00 4.000000000000000000e+00
1.000000000000000000e+00 2.500000000000000000e-01 1.000000000000000000e+01
1.125000000000000000e+00 1.250000000000000000e-01 1.240000000000000000e+02
1.125000000000000000e+00 2.916699999999999848e-01 1.000000000000000000e+00
1.125000000000000000e+00 3.750000000000000000e-01 1.000000000000000000e+00
1.125000000000000000e+00 5.000000000000000000e-01 3.000000000000000000e+00
1.250000000000000000e+00 0.000000000000000000e+00 2.200000000000000000e+01
1.250000000000000000e+00 2.500000000000000000e-01 3.000000000000000000e+00
1.388889999999999958e+00 2.777999999999999914e-02 1.010000000000000000e+02
1.388889999999999958e+00 1.111100000000000004e-01 3.400000000000000000e+01
1.388889999999999958e+00 1.736099999999999866e-01 1.000000000000000000e+00
1.388889999999999958e+00 2.361099999999999866e-01 2.000000000000000000e+00
1.388889999999999958e+00 2.500000000000000000e-01 5.000000000000000000e+00
1.388889999999999958e+00 4.011100000000000221e-01 2.000000000000000000e+00
1.388889999999999958e+00 4.236099999999999866e-01 1.000000000000000000e+00
1.388889999999999958e+00 1.361110000000000042e+00 1.000000000000000000e+00
1.388889999999999958e+00 1.500000000000000000e+00 1.000000000000000000e+00
1.500000000000000000e+00 0.000000000000000000e+00 8.000000000000000000e+00
1.500000000000000000e+00 1.388900000000000134e-01 3.000000000000000000e+00
1.500000000000000000e+00 5.000000000000000000e-01 1.000000000000000000e+00
1.562500000000000000e+00 0.000000000000000000e+00 1.000000000000000000e+00
1.562500000000000000e+00 6.250000000000000000e-02 3.000000000000000000e+00
1.562500000000000000e+00 7.638999999999999957e-02 3.000000000000000000e+00
1.562500000000000000e+00 2.500000000000000000e-01 2.000000000000000000e+00
1.562500000000000000e+00 3.303599999999999870e-01 1.000000000000000000e+00
1.607140000000000013e+00 1.786000000000000087e-02 3.700000000000000000e+01
1.607140000000000013e+00 3.175000000000000044e-02 2.000000000000000000e+01
1.607140000000000013e+00 8.036000000000000087e-02 2.000000000000000000e+00
1.607140000000000013e+00 1.028599999999999931e-01 1.000000000000000000e+00
1.607140000000000013e+00 1.828599999999999948e-01 1.000000000000000000e+00
1.607140000000000013e+00 2.053599999999999870e-01 1.000000000000000000e+00
1.607140000000000013e+00 2.261900000000000022e-01 1.000000000000000000e+00
1.607140000000000013e+00 1.281749999999999945e+00 1.000000000000000000e+00
1.636360000000000037e+00 2.530000000000000131e-03 4.100000000000000000e+01
1.636360000000000037e+00 5.113999999999999796e-02 5.000000000000000000e+00
1.636360000000000037e+00 7.363999999999999713e-02 7.000000000000000000e+00
1.636360000000000037e+00 1.536399999999999988e-01 1.000000000000000000e+00
1.636360000000000037e+00 1.761399999999999910e-01 2.000000000000000000e+00
1.636360000000000037e+00 3.636400000000000188e-01 2.000000000000000000e+00
1.636360000000000037e+00 1.113639999999999963e+00 1.000000000000000000e+00
1.785709999999999908e+00 4.290000000000000410e-03 1.000000000000000000e+01
1.785709999999999908e+00 2.679000000000000131e-02 6.000000000000000000e+00
1.785709999999999908e+00 4.762000000000000260e-02 1.000000000000000000e+00
1.785709999999999908e+00 1.071399999999999991e-01 1.000000000000000000e+00
1.785709999999999908e+00 2.976199999999999957e-01 1.000000000000000000e+00
1.785709999999999908e+00 9.920600000000000529e-01 1.000000000000000000e+00
1.785709999999999908e+00 1.103169999999999984e+00 1.000000000000000000e+00
1.785709999999999908e+00 1.364290000000000003e+00 1.000000000000000000e+00
1.800000000000000044e+00 5.559999999999999838e-03 4.000000000000000000e+00
1.800000000000000044e+00 1.250000000000000069e-02 3.000000000000000000e+00
1.800000000000000044e+00 8.888999999999999679e-02 1.000000000000000000e+00
1.800000000000000044e+00 9.499999999999999556e-01 1.000000000000000000e+00
2.000000000000000000e+00 0.000000000000000000e+00 7.000000000000000000e+00
2.000000000000000000e+00 7.500000000000000000e-01 2.000000000000000000e+00
2.000000000000000000e+00 9.979299999999999837e-01 1.000000000000000000e+00
2.083330000000000126e+00 0.000000000000000000e+00 3.000000000000000000e+00
2.250000000000000000e+00 0.000000000000000000e+00 4.000000000000000000e+00
2.250000000000000000e+00 7.811999999999999500e-02 1.000000000000000000e+00
2.250000000000000000e+00 5.000000000000000000e-01 2.000000000000000000e+00
2.250000000000000000e+00 5.625000000000000000e-01 1.000000000000000000e+00
2.250000000000000000e+00 7.479299999999999837e-01 1.000000000000000000e+00
2.327589999999999826e+00 5.400000000000000069e-04 1.000000000000000000e+00
2.327589999999999826e+00 4.224100000000000077e-01 1.000000000000000000e+00
2.327589999999999826e+00 1.311299999999999910e+00 1.000000000000000000e+00
2.382350000000000190e+00 6.539999999999999807e-03 1.000000000000000000e+00
2.500000000000000000e+00 2.500000000000000000e-01 1.500000000000000000e+01
2.500000000000000000e+00 3.888900000000000134e-01 1.000000000000000000e+00
2.500000000000000000e+00 4.513900000000000134e-01 1.000000000000000000e+00
2.500000000000000000e+00 5.500000000000000444e-01 1.000000000000000000e+00
2.500000000000000000e+00 7.656300000000000328e-01 1.000000000000000000e+00
2.531250000000000000e+00 4.201400000000000134e-01 1.000000000000000000e+00
2.571429999999999882e+00 2.857000000000000164e-02 2.000000000000000000e+00
2.571429999999999882e+00 1.785700000000000065e-01 9.000000000000000000e+00
2.571429999999999882e+00 2.410700000000000065e-01 1.000000000000000000e+00
2.596150000000000180e+00 3.039000000000000035e-02 2.000000000000000000e+00
2.596150000000000180e+00 1.538499999999999868e-01 4.000000000000000000e+00
2.596150000000000180e+00 3.552400000000000002e-01 1.000000000000000000e+00
2.631580000000000030e+00 4.030000000000000249e-02 1.000000000000000000e+00
2.631580000000000030e+00 1.184199999999999975e-01 5.000000000000000000e+00
2.700000000000000178e+00 5.000000000000000278e-02 7.000000000000000000e+00
2.727269999999999861e+00 2.273000000000000020e-02 1.100000000000000000e+01
2.743900000000000006e+00 6.100000000000000387e-03 1.100000000000000000e+01
2.750000000000000000e+00 0.000000000000000000e+00 5.000000000000000000e+01
2.777779999999999916e+00 8.611100000000000421e-01 1.000000000000000000e+00
2.970000000000000195e+00 2.220000000000000185e-03 1.000000000000000000e+00
2.970000000000000195e+00 2.000000000000000042e-02 1.000000000000000000e+00
2.989129999999999843e+00 8.700000000000000051e-04 1.000000000000000000e+00
2.989129999999999843e+00 8.800000000000000530e-03 1.000000000000000000e+00
3.024999999999999911e+00 6.250000000000000347e-03 1.000000000000000000e+00
3.115380000000000038e+00 1.959999999999999937e-03 1.000000000000000000e+00
3.115380000000000038e+00 6.436999999999999666e-02 1.000000000000000000e+00
3.115380000000000038e+00 2.825699999999999878e-01 1.000000000000000000e+00
3.214290000000000092e+00 7.939999999999999142e-03 1.000000000000000000e+00
3.316329999999999778e+00 1.836699999999999999e-01 1.000000000000000000e+00
3.344590000000000174e+00 3.040999999999999953e-02 1.000000000000000000e+00
3.559320000000000039e+00 7.000000000000000146e-03 1.000000000000000000e+00
3.564810000000000034e+00 1.851999999999999827e-02 1.000000000000000000e+00
4.250000000000000000e+00 0.000000000000000000e+00 1.000000000000000000e+00
5.000000000000000000e+00 0.000000000000000000e+00 1.000000000000000000e+00
1.025000000000000000e+01 0.000000000000000000e+00 1.000000000000000000e+00
