5.1459 4.7191 5.6205 3.8289 4.6858 1.9919 1.3670 2.4185 0.4946 1.8361 2.0607 2.1447 1.7710 1.5614 5.5709 4.5063 5.1695 4.0956 4.6115 4.3622
5.7137 6.1287 5.6993 5.7135 6.1855 0.4262 0.6208 6.2453 0.6644 5.8975 1.4951 5.3881 0.1835 5.7365 6.1796 0.7459 0.3128 0.4721 0.3072 1.0792
4.6228 4.4876 4.6162 5.2929 0.1648 0.1579 0.9791 1.2283 0.6364 1.2410 1.8881 2.4716 1.9489 1.9635 0.2971 2.7588 1.5544 2.8556 6.0152 4.0622
4.0891 2.1567 3.3348 2.9191 3.1270 4.3148 4.4067 3.4162 1.5988 3.3391 1.9700 1.8468 0.9654 0.6968 1.8026 5.7061 5.6430 6.1941 5.9203 6.0238
4.2400 4.4138 3.6465 5.0033 2.6189 1.9328 3.6723 0.9033 1.6873 1.6251 1.3897 5.1659 1.1658 3.6810 2.7743 3.0352 4.8204 3.1640 3.7934 3.8942
3.0507 3.2502 1.7875 2.0131 2.9237 3.9791 4.8258 5.7338 1.9255 2.4811 2.3189 1.9792 0.5451 1.0688 0.9142 0.4164 4.8775 4.8800 3.7922 3.7726
2.3391 0.8396 5.8246 5.3216 4.7768 0.0754 6.0408 1.9351 1.6046 2.4865 2.7959 5.5302 0.3051 5.3086 2.0312 3.0172 4.0598 3.6130 3.9774 0.7520
2.7777 4.3311 4.7239 4.9414 4.1499 5.2101 6.0319 5.5092 0.4043 0.8005 1.1377 1.2510 2.0664 1.4393 1.4898 5.0403 4.0359 5.1049 3.5944 3.9076
1.9082 2.9788 3.5618 2.5604 2.3473 1.8704 1.5480 1.2494 6.1288 6.1528 5.7477 5.2003 5.1525 5.3466 0.2810 2.1346 3.0035 1.0312 2.7772 1.4251
2.1076 0.8628 5.0354 0.9842 2.0337 0.6909 0.0246 5.9366 4.6776 4.8758 5.1884 2.5130 1.0550 2.2568 2.2304 3.3009 3.8302 3.9975 3.5424 3.1962
3.5020 3.5070 4.2612 4.3101 3.2936 3.3993 4.3169 3.9227 5.5679 1.5175 0.6570 0.1246 0.6812 6.0627 0.8602 3.2468 3.7968 2.4959 2.7244 2.6022
4.9397 5.7282 5.2140 3.6857 3.1399 0.2472 0.0373 0.0286 5.8644 5.2774 5.0143 2.6461 1.8587 2.5464 0.9091 1.0643 4.2221 5.5854 5.1427 6.0312
4.3474 3.1792 4.4350 0.4699 1.9885 2.5846 0.3060 3.7776 5.0310 2.2164 6.1578 5.7350 0.2126 5.3352 3.7102 3.3068 2.1893 2.5059 4.3486 4.5919
6.2725 5.6380 4.0452 3.7595 1.3865 0.7085 0.7483 0.5082 4.7307 3.7947 4.7902 3.1338 1.2639 0.8970 2.1852 2.5333 1.5217 0.5799 1.1040 0.4280
1.1067 3.9419 4.5838 4.6346 4.9802 4.1451 5.1229 3.8184 5.0816 6.2364 5.0389 5.9063 1.7443 1.7362 1.7181 2.9090 1.6990 2.4875 2.1536 1.9209
0.9769 0.1937 4.9386 1.5217 5.5263 1.2800 0.2752 0.0186 0.1215 4.3038 3.8953 1.0146 0.5195 0.1768 6.0636 1.0523 2.2653 1.5332 2.6673 4.1751
2.6742 2.8799 4.6180 5.7235 5.2571 4.3279 5.9669 2.4993 1.0306 1.3643 2.1164 3.0199 0.7949 2.9566 3.6025 2.4853 3.6719 4.0354 1.8714 2.0061
2.9808 3.0377 3.5361 0.7558 5.2264 5.7032 5.1848 5.4817 5.3169 4.7395 5.8337 5.8945 0.3184 5.9847 4.2754 4.1403 1.9435 1.7453 2.6015 0.9458
3.3999 3.6544 4.2974 3.0768 4.5938 3.5477 3.2751 2.3338 0.2290 1.0085 0.2810 2.7073 1.7116 2.4468 5.4570 1.8708 2.5054 5.1309 4.6150 3.6242
5.1174 5.4495 6.0119 5.3288 4.8258 5.4938 5.9050 5.9404 6.1341 4.4480 5.7277 0.8792 0.6699 6.1772 6.0895 6.1327 4.3225 2.9770 5.4062 0.5330
