4.6506 4.4666 4.0297 3.7560 3.5175 4.1907 4.1645 4.2797 3.8462 3.8667 5.3137 3.1450 3.8828 4.1702 2.6827 3.9648 2.4958 1.4780 0.4761 0.6598
4.5495 4.6889 2.9568 3.2259 3.8275 0.3976 6.0307 0.0755 2.2256 0.1878 3.5864 4.2346 3.8693 5.7046 2.6293 2.6589 2.2695 3.7835 3.5482 3.6995
4.6042 3.9424 2.8400 5.0726 3.8469 4.4384 4.0993 2.4564 2.7512 3.6908 3.2325 2.5874 3.3529 2.4908 1.1542 0.6766 2.3601 1.8432 2.3038 5.9006
4.2093 2.7234 2.8931 2.2835 2.3422 1.7086 3.4734 4.2462 1.6049 0.2458 4.6903 0.1384 0.1984 0.4979 1.9074 2.3206 2.0193 3.4576 3.1299 2.9375
5.6345 5.9948 5.1664 5.0882 1.8387 2.0633 1.8902 1.6838 2.1896 2.4630 6.1255 0.0792 6.2655 4.8650 0.1557 5.5246 6.1939 0.5508 2.3231 6.1172
4.7392 4.3831 3.2082 2.1262 2.2162 5.3293 3.7868 4.6896 4.9491 4.9206 3.2529 1.9574 1.5860 2.2883 1.5638 2.5621 4.0198 2.8346 3.1267 2.7544
5.0888 4.7611 0.1578 5.9564 2.3472 2.6820 3.2330 2.0527 4.0591 0.7450 3.0551 4.8889 1.4248 5.3931 6.1897 5.1104 4.2967 6.1921 4.8790 5.8209
6.1132 1.5617 1.7371 2.7514 2.3064 0.6540 1.0691 5.9034 4.8670 4.2114 3.6200 1.4844 0.1045 1.2176 1.3584 1.8432 1.2924 1.9110 0.4727 0.7074
0.2871 1.1684 1.4167 1.3199 1.2093 3.0636 1.3546 1.7111 1.0363 0.9816 4.3802 5.5490 4.9556 5.2153 0.7546 0.0606 0.9589 0.6008 0.8810 0.7001
4.1417 4.8552 1.8298 4.2734 4.0110 5.2011 5.1310 4.8562 6.2619 4.2652 3.5151 2.9224 2.6418 2.4000 1.2833 1.1609 1.3636 3.4401 5.9724 4.9410
2.7184 1.9777 2.5680 1.1012 1.3215 1.5951 5.0158 0.4735 0.4757 2.5116 2.1117 3.0930 3.2871 3.5379 2.9049 1.0632 1.6976 1.3439 1.6964 1.0387
3.0372 3.5524 1.6218 5.8366 5.7865 0.1339 5.4142 4.0485 0.4339 5.5899 1.4584 2.1454 2.3549 2.5037 2.4834 3.2706 2.0954 3.5206 2.1736 3.9200
2.3558 0.5819 1.0376 1.9515 4.1155 3.0153 5.4921 0.5779 0.0039 1.4784 1.2843 1.6553 1.4451 1.1529 1.7578 6.0223 0.8627 1.6052 1.5952 0.9246
2.5983 3.6740 2.9853 4.9162 0.9951 0.5993 6.2493 5.8370 0.9629 6.1794 0.2907 5.6165 2.6381 2.8829 1.5464 2.0296 5.6267 6.1371 0.3049 1.9816
2.4933 0.8476 1.9865 1.6554 1.3322 4.7879 5.8885 3.4168 1.3579 1.8532 0.5755 1.0090 1.3340 0.6984 0.6674 5.9237 5.0418 4.4138 1.0340 2.4119
4.5580 4.5533 3.0218 1.8310 2.2703 1.3569 0.5855 0.1571 5.9752 0.2639 0.2480 3.1403 1.7770 2.8242 2.1530 4.5790 6.0712 0.1909 1.5696 5.0006
2.9231 3.4438 2.8476 2.6526 2.6692 2.8280 1.3033 2.8265 4.5115 3.8730 4.4181 5.0844 0.7385 0.3769 0.0370 6.2134 0.4707 2.1351 2.2615 2.6119
4.3089 1.0562 1.7703 1.4939 1.4574 5.6282 0.7739 6.1567 3.5810 1.3493 2.7957 2.3044 4.7178 3.5656 5.7136 1.8754 0.0572 6.1289 1.1943 0.2813
3.4589 2.7840 2.5992 2.7130 2.5048 2.2794 3.0841 3.2556 3.8151 4.2711 3.7862 5.6298 4.6285 4.7917 5.2417 6.1609 1.2535 2.1256 2.6662 3.0215
4.9826 4.9841 4.9725 5.1730 2.7579 2.3683 2.9123 1.2836 3.9102 0.6897 6.0564 5.7840 3.8041 2.3646 3.2058 2.8633 4.0229 4.5094 4.4884 3.8232
