0.7337 2.1693 2.8699 2.7189 0.2088 4.5502 5.7653 1.0982 6.0356 0.3744 6.0433 5.9524 5.1268 1.3083 0.3211 5.5989 5.8936 6.0111 1.2434 0.7483
2.7453 0.2266 4.7972 0.2525 0.2482 1.1015 5.1846 4.8979 4.0386 3.9198 4.3794 2.7726 4.1681 4.7619 5.6822 3.0066 0.9079 2.6143 2.3823 3.1620
5.7911 3.8344 3.9917 3.4536 1.1104 5.3259 4.5579 5.7081 3.5491 0.6282 5.7566 5.6669 4.8931 2.0247 5.5488 0.2155 0.4463 0.7856 0.5147 5.4345
0.1223 0.9917 0.4447 1.0112 1.3347 1.8630 3.3894 2.6096 2.7174 4.2850 4.5635 3.9258 3.9370 3.8496 4.5832 4.2642 6.2225 2.3513 1.4499 1.4551
4.8501 5.2538 1.2077 2.6770 2.6794 3.4212 3.1761 5.0480 2.0561 0.9476 5.2641 4.6350 6.1013 0.3602 6.2083 0.2876 0.4285 5.7710 1.7305 4.6042
1.4742 1.7208 5.6995 0.3308 0.0608 6.0995 2.1947 3.3237 2.8920 3.3454 3.4921 4.0187 3.0604 3.6468 1.7883 1.4068 1.5336 1.2965 0.9271 1.3273
0.3309 0.1239 1.6444 3.4736 2.6278 3.4825 3.2436 1.9978 2.9619 1.3508 2.7514 1.2412 4.4891 4.6685 5.1634 4.7070 1.1603 5.5352 5.9482 0.0747
0.9119 2.1314 1.5386 1.9107 2.2252 0.6775 0.9201 6.2184 3.0281 4.5126 2.4158 3.2835 2.6100 2.3350 2.1997 1.2965 1.6138 2.2007 1.5858 1.2915
6.1074 5.1918 1.3805 4.8915 3.4690 3.3332 1.2752 2.0808 2.8692 0.7925 2.1016 5.5859 3.8303 5.0082 3.3868 4.6609 2.5800 6.0292 0.7214 5.4081
0.5928 0.6830 0.4436 0.5108 0.1475 0.7154 0.2035 6.0822 3.9756 3.1209 1.9727 2.1076 1.9162 2.4821 2.2603 1.8198 3.1445 2.7967 0.6369 0.8598
2.8249 2.5293 4.8892 4.5335 3.9838 3.3525 3.5349 2.5665 2.8950 5.8435 1.0830 4.8548 3.3483 2.6472 3.8076 3.7768 3.0774 2.8342 4.6730 3.2076
0.4268 0.3568 5.1177 0.8994 4.7201 5.5381 4.9599 5.4289 6.1237 2.7648 1.5504 2.3778 3.5266 5.8467 5.1525 6.0369 0.3827 5.3201 5.6352 5.9650
1.2155 2.7194 4.7465 3.7540 4.2667 2.5139 1.2802 1.2238 0.1332 3.5105 1.9292 2.0790 3.4766 4.4279 5.0670 4.5077 1.5398 0.0377 0.6903 0.5424
0.6688 6.1387 5.8455 5.6674 5.3971 5.2263 4.2216 3.8613 0.9817 0.5780 1.4046 0.8678 2.4899 2.2058 3.9097 4.5905 4.8939 4.1459 0.2789 5.5307
2.5009 2.3974 5.2274 3.9187 4.3456 3.6312 5.7972 6.2065 1.6131 3.5468 1.7314 3.3583 4.7668 4.4565 1.9138 2.8141 2.1516 1.5820 0.9976 2.1560
5.1367 5.8329 5.4229 6.1676 4.6694 5.9941 0.6731 1.0669 1.5957 1.3265 0.5548 0.9945 5.8118 0.5014 2.3390 1.0967 1.6714 6.0575 0.4564 5.0594
4.1687 3.1724 3.5175 3.5328 3.2142 2.7121 1.4124 1.0975 3.0012 4.0793 1.4805 4.7000 4.9825 4.1193 3.2099 2.8465 2.8230 3.0998 3.2210 2.6135
4.7717 4.3058 3.7873 4.6200 3.3202 5.5500 1.3431 2.0267 2.4049 1.1816 1.3895 2.1460 3.0465 1.2298 1.5448 1.8850 2.5904 3.0664 3.8884 4.1899
4.6141 1.7936 1.9276 1.7364 1.7210 2.6586 0.4366 5.8427 3.7280 5.4411 0.1900 5.9230 2.9712 2.2974 1.4343 0.9731 1.7381 5.4366 5.7651 5.9512
1.7007 2.7911 2.8489 5.0961 0.1055 0.0421 5.8125 3.9052 3.4083 2.8981 5.5085 3.2177 3.7780 4.0135 1.2892 2.4929 2.6305 2.7752 2.1509 3.1925
