4.0536 3.7569 5.0674 0.9891 2.4630 1.7950 1.3800 0.6731 6.0287 3.1691 4.0643 3.3801 2.9133 1.5481 2.3263 0.8568 3.0829 2.0452 4.4737 3.3664
6.0395 5.3385 5.4787 4.2353 3.4443 3.3778 3.3606 3.3308 5.2864 6.1328 5.6397 5.9627 3.9735 3.6180 2.6351 4.7081 4.0993 4.8553 5.5189 5.8375
6.0852 2.1285 1.1324 2.1238 4.0005 4.7974 4.3261 5.2456 5.8579 1.6550 3.3740 2.8554 4.3448 3.2870 2.9833 2.5218 3.5586 3.2480 3.4532 2.7447
6.0743 0.3547 5.7130 0.4162 2.7399 1.4623 2.7792 2.4236 6.2230 5.3667 4.1344 5.4128 5.2432 5.7189 4.2783 6.1991 2.5200 0.5015 5.6529 6.0597
3.4905 3.8759 4.3877 3.3705 3.3151 3.6394 3.9288 4.5178 4.6906 3.0362 3.6925 4.8378 4.4232 4.4848 3.8379 3.9135 3.8072 3.4155 5.7338 4.2924
0.5951 1.2861 5.5711 0.5693 2.3587 1.1704 1.3990 2.8721 4.7485 5.2360 4.5502 3.1554 4.2083 2.2159 2.0071 2.8396 2.5586 1.7462 2.0031 0.2399
3.8013 3.8314 5.2794 4.8128 1.5876 4.9713 6.2304 6.1303 6.0486 6.1228 6.1260 5.7996 5.1551 5.4828 1.1912 4.6714 1.7574 5.9089 3.7834 3.2321
0.7717 1.6548 0.8745 1.5435 0.9612 1.2990 0.7530 1.8600 1.4425 1.5838 1.5218 2.0688 1.2576 0.8240 1.0687 1.7340 2.0346 3.9079 5.3880 6.0354
1.0583 1.2917 5.9559 5.1414 1.1339 0.3094 0.5419 6.2276 1.4801 5.2494 1.0724 5.3990 0.9766 4.9013 4.8077 4.9613 2.9830 0.3507 5.4868 6.0690
2.6363 3.4282 5.6762 2.3733 1.3574 3.4031 2.3839 2.3522 2.1441 1.3063 1.6531 2.1347 1.4531 1.8969 2.5519 1.8984 3.7774 2.8182 3.8227 2.7701
4.3537 5.5393 6.0116 0.0820 1.5966 1.4570 2.7911 5.1600 3.0647 0.8227 2.2987 0.8159 0.3829 4.6694 4.3145 4.6618 3.5705 4.3089 3.6254 4.3750
3.6735 2.5340 3.0872 2.8552 1.9436 2.8109 1.8612 2.0921 2.6322 3.2180 4.1094 4.7356 5.5377 1.5330 3.3391 2.5182 2.9377 2.5645 3.3857 2.2681
2.3499 2.0194 2.7004 4.7282 2.8179 0.5836 0.7361 0.0769 1.2499 5.7107 4.2054 3.8167 4.5211 4.2424 4.3431 5.0567 3.9383 5.9722 4.1553 4.0384
1.4420 1.4403 2.1645 2.5885 2.6829 3.2371 4.5703 4.2137 0.7253 1.2556 1.9882 0.1414 1.7410 1.7236 2.2702 0.0855 3.9630 2.9335 3.3203 2.6646
4.5269 5.9152 1.1563 0.8687 2.4962 0.2758 5.4530 5.8765 5.8437 4.3571 4.3032 3.4486 2.0185 2.6840 2.3179 2.2410 2.2994 0.5499 4.9930 6.1595
3.6663 3.6164 1.9954 3.4970 2.1995 3.0042 3.3666 3.8597 0.6100 0.4248 5.3061 5.9467 0.0013 6.2597 1.3753 1.0328 1.3907 3.6614 3.1247 2.8000
3.5733 0.9314 2.7534 1.2059 2.4522 6.2446 4.2096 4.3460 3.1184 2.8232 2.8974 2.4213 1.8172 1.6588 2.2661 3.5099 1.6013 1.8744 2.9180 2.4655
3.6720 5.2719 4.4429 3.1710 3.9284 3.7990 3.7915 4.7771 4.8134 5.4558 5.5818 5.6294 4.9976 4.6125 2.6730 2.9867 3.7118 4.1964 3.8948 4.6802
4.0562 2.8981 4.7061 5.6520 5.1672 0.3948 4.5877 3.1033 3.8612 1.5793 1.0852 0.3578 0.0277 1.4165 2.6274 1.7772 3.6169 1.4543 5.1068 3.5656
5.1531 5.1597 4.1799 3.6470 2.0095 4.5701 4.6827 3.0698 3.6889 5.2663 5.6310 5.0496 4.1384 4.0942 3.2519 4.0363 3.7384 3.7930 4.7161 0.2194
