4.8627 6.2695 1.2671 5.2457 0.3097 6.1292 1.3328 1.2968 0.3832 6.0487 0.5932 6.1688 6.2719 4.3725 5.3830 4.9708 4.2255 5.4249 4.5422 6.0098
3.7605 2.7677 1.6805 2.3765 3.0097 2.5278 5.3082 5.5524 5.5135 4.7487 6.1372 5.4624 5.8837 5.8584 5.4043 4.0133 4.5689 4.2476 3.7698 3.3246
4.6986 5.3086 3.9003 5.2215 5.5498 5.8475 5.4503 0.3334 0.3137 0.6607 0.9691 1.0683 0.2997 0.0122 5.3906 0.0089 5.7666 0.6347 4.1335 3.5868
2.7372 2.4126 4.8756 3.0709 5.7892 0.0823 5.8218 5.6904 5.4197 5.5428 6.0774 6.0503 5.3596 3.9135 4.6254 3.9799 4.4262 3.3025 3.1872 2.3088
4.7447 5.2383 5.4340 5.6536 5.5877 4.6656 5.3572 5.7621 5.8418 1.7373 1.1838 3.7298 3.9836 0.5947 0.4868 0.3270 1.3094 1.5944 6.0140 5.5558
4.1215 0.7990 2.0244 2.8507 6.0108 0.7611 6.1932 3.4337 4.5649 5.5374 5.3369 5.8439 4.4300 3.5071 3.9140 2.8036 4.0392 4.1873 4.6112 2.8748
4.6132 4.1886 2.8063 6.1865 6.2191 4.6705 5.9496 5.8346 4.2149 3.5556 4.2472 2.5635 4.3830 5.4576 4.4438 4.8371 4.1620 4.2895 4.3182 5.4010
3.7250 1.1064 2.3329 2.3511 6.2299 1.3452 0.1456 2.8462 3.3646 0.3044 3.9869 3.9630 3.6536 2.3782 5.0068 2.0484 4.3768 5.4340 4.2972 3.1856
4.9810 4.5755 4.1646 5.3361 5.3246 5.5682 4.8525 5.7545 4.4988 4.0315 4.4545 5.4042 3.8992 5.0919 5.3426 4.4223 4.5239 4.7429 4.0377 5.6707
5.3278 4.2930 3.9613 3.8622 4.8540 3.7817 4.5808 3.5892 3.7926 2.7197 3.7917 2.7360 3.1355 2.6201 1.4033 1.7088 0.8579 1.2917 3.6192 2.5304
5.8823 0.1729 5.1058 1.5262 5.3862 0.3237 0.0578 1.3990 3.9827 5.0239 4.4774 5.3552 5.0478 5.4133 0.6078 5.4551 0.0103 5.2406 4.3812 5.4568
4.7725 3.9482 5.4090 4.9682 4.7175 4.8673 3.7073 3.7480 2.4202 2.3069 2.6830 3.4593 2.9181 1.5843 1.4228 2.1175 0.7801 0.7206 0.4466 0.2262
4.5893 5.7276 5.6479 5.8337 5.2249 1.8227 0.1316 0.6920 2.1201 0.5705 2.4703 2.3741 3.2379 4.0555 1.9228 6.1659 0.2130 6.2454 0.1337 2.1009
5.0527 3.3096 3.9629 3.2037 5.0369 4.8436 5.6072 3.7116 2.6629 3.8584 3.1901 3.9403 4.4745 2.0159 1.8363 3.0040 0.9374 4.4768 5.2551 5.5684
4.4199 1.2857 6.0952 5.9267 5.1377 1.1010 0.4706 0.6891 1.3249 6.1796 0.3503 5.9106 5.0145 5.6687 0.6028 0.2285 6.1980 6.0645 5.4179 3.1802
5.3627 4.0340 4.4824 3.5860 4.7562 4.6280 6.1254 5.3398 2.1546 1.9002 1.2664 0.6914 5.3133 4.0518 5.6752 4.0275 4.9042 4.0300 5.6038 0.8953
5.7975 6.0036 5.7459 4.7157 4.4130 1.4662 0.2275 1.2120 1.4131 5.7580 0.9832 5.7285 5.3697 5.4087 6.2056 5.6530 5.8870 6.0583 6.2809 5.5361
2.1803 3.1327 0.1375 1.6569 3.6337 2.9890 4.1982 1.6633 1.1820 1.5528 1.1809 1.0555 6.1632 0.0139 0.2656 2.0298 0.3849 1.9015 0.4444 2.5144
0.2665 6.1977 5.4952 4.9077 3.1165 4.7968 3.3874 4.9671 0.6094 5.8024 1.4196 4.6663 5.2483 3.8240 0.2852 5.6772 5.0217 5.8851 0.6458 0.6766
4.2050 2.5874 1.4317 2.4743 2.0958 2.2087 1.7818 1.1906 0.3536 2.7397 1.8163 2.1465 6.1291 1.3784 5.7057 1.0266 4.5322 3.4858 6.0158 4.8121
