3.8001 4.5192 3.4381 1.7946 0.8299 1.1084 0.5060 1.7569 3.4223 2.6175 0.7157 2.3942 0.3685 2.1230 4.6888 4.6421 5.5752 5.6646 5.6685 1.3677
3.8573 1.7659 2.5681 2.0490 0.8545 0.0908 1.1414 4.1164 4.4993 5.2301 0.5562 5.9740 5.2883 6.1131 4.8670 6.0852 5.5141 5.7228 4.9171 5.0655
3.0230 0.6501 2.4314 4.4577 1.0340 2.2673 0.8262 0.2891 0.1945 1.2726 6.1648 3.4257 4.8285 5.0717 5.4217 3.2264 1.9875 2.2356 5.9278 2.7037
3.8623 3.3907 2.6514 6.1438 0.4909 0.3920 0.2832 5.2627 6.0227 4.9152 1.1438 0.0104 5.3919 5.7230 5.3812 5.4239 3.1288 4.7447 5.1972 6.1206
3.1547 2.4133 2.6864 2.6708 0.7293 0.6282 1.1887 1.8977 5.7331 3.4209 2.3877 3.0165 4.4926 4.1566 4.7570 3.5595 3.2720 3.8304 1.8070 3.2777
1.2280 0.2754 1.2092 6.0402 1.0103 3.1302 0.3222 0.0396 0.0685 0.8158 2.3718 0.2583 5.9003 0.5885 1.6863 0.1864 3.0541 1.0526 0.8527 1.3031
0.1455 3.2565 2.3724 2.8733 0.9269 6.1742 6.2480 3.3933 5.7195 4.3750 4.0895 2.6998 1.4161 2.1778 2.1046 4.6268 4.2098 4.4606 5.7088 5.6283
0.4493 1.4742 1.2242 6.0028 6.1123 6.1529 5.9957 1.6817 0.9178 1.5917 1.7072 0.8976 6.2356 5.5472 1.5292 0.6904 2.7764 1.1812 0.3229 0.3484
0.0829 4.8990 5.3524 4.9808 4.9761 3.1659 6.1295 5.9435 0.7525 2.3596 3.2397 2.5941 0.9020 1.3870 2.3125 2.4956 3.0874 2.7478 5.3971 3.6718
5.8656 5.9072 5.3067 4.7718 5.6405 0.3739 0.3548 1.7599 0.9581 5.6531 4.0756 5.9311 1.0740 1.0049 0.1435 5.7974 5.2946 6.1148 5.7754 0.3208
5.7076 5.1171 5.6876 1.0102 0.0159 4.8754 6.0970 4.7381 5.6969 3.8890 4.4971 4.3128 6.1383 5.8279 0.7050 3.8253 5.0025 2.9199 5.0453 6.1507
3.9460 3.6154 5.1099 4.8498 5.1123 1.5970 0.0395 0.7213 1.5118 0.9068 1.0492 1.6954 0.7840 2.3238 1.8979 1.2021 5.3700 5.3691 3.9534 3.1989
0.1229 1.0787 5.5752 5.8555 4.8905 4.3756 5.1748 3.2084 1.7149 5.7421 6.1560 4.4182 0.6533 3.4411 3.2125 3.7884 3.5655 3.6181 4.0153 5.7809
6.1221 5.1506 4.2075 4.3925 4.8577 5.7933 5.4351 1.2754 2.4099 2.9479 0.3050 1.2450 1.1091 1.0005 6.2433 4.7367 4.9494 6.0118 5.9016 6.1299
1.3387 1.2796 1.0817 0.7616 3.7152 3.1632 3.8863 2.2602 2.6371 0.9723 0.6979 5.2316 5.2281 5.1294 5.8669 0.9625 0.1181 1.0047 0.5285 1.1702
1.7774 1.9658 1.8143 2.9624 3.4436 4.6912 4.4870 5.3916 2.4996 4.0942 4.7310 4.1759 4.1668 2.9586 4.0504 3.1718 5.0919 3.5831 4.6894 4.1008
4.4082 5.1050 4.3662 4.5474 3.6862 1.7283 3.3788 2.5898 2.1359 1.3993 1.0512 0.6803 3.6686 3.9446 4.5786 0.4179 0.1763 0.0942 5.0783 5.9399
3.8517 3.1060 3.5075 3.8283 3.7568 4.8425 3.6006 4.9363 3.7975 4.7258 0.3794 5.0772 3.9861 5.2364 4.7176 4.3742 5.5124 4.1668 5.5810 2.6317
4.5748 6.0500 3.5363 1.7610 2.6376 1.8780 3.0849 1.8880 2.9602 1.8007 1.5323 1.6872 1.6718 2.1505 1.2007 1.2361 0.8677 1.5105 5.9568 6.1205
3.4271 2.6112 2.8703 6.1059 0.3668 5.9686 5.8366 5.2158 5.0144 5.6044 0.3887 0.1233 0.6471 5.8728 5.4328 5.0782 5.6817 3.2480 5.2204 4.1743
