4.6375 2.2020 1.9752 2.9509 4.2001 3.6888 3.8231 2.1372 1.1737 1.3932 1.2690 3.5579 3.2893 3.6421 2.0043 1.7456 2.3610 2.8982 4.4248 3.5009
4.0319 4.6853 2.9298 5.3042 5.5115 0.0171 4.0593 5.2617 4.6106 6.0858 0.2702 0.1884 1.2174 6.2398 0.2861 0.1671 1.0197 5.9204 5.2444 5.5258
3.0126 2.2773 3.6102 3.4560 4.1343 3.9238 3.7140 3.0661 3.9056 2.4373 1.2616 2.1414 1.1361 2.9771 1.0569 1.3397 1.9973 2.4142 4.5120 2.2760
3.2351 4.8113 0.4353 5.9977 6.2457 5.9634 5.7585 5.5847 3.6406 4.5714 0.2464 0.0642 0.7890 0.1291 0.8386 3.9787 2.8046 5.2167 4.1615 4.8052
2.6585 1.8183 2.4627 2.0882 1.0666 2.0822 0.8951 1.5524 2.5928 2.7975 1.8501 2.4460 1.5261 0.3728 0.1339 1.9021 2.1446 1.6174 3.2328 1.9866
2.5779 4.8956 2.9951 3.7596 1.4844 0.3007 1.1955 4.8011 4.3257 4.5473 3.6005 6.0555 3.4261 3.7494 5.3289 4.7752 3.7098 3.9844 3.8677 4.1941
1.0427 1.7731 1.8831 1.9120 1.4530 2.5983 1.9733 0.7681 4.2575 1.3051 3.6082 4.5644 4.4217 0.0697 5.3950 3.6207 4.6188 0.6189 2.3754 1.0123
1.9147 3.9709 2.0949 0.5310 1.7988 5.4832 2.0975 3.7632 4.9099 3.8600 4.2650 1.9221 4.6562 4.6083 5.5944 4.1176 4.3948 4.0300 3.2746 4.3591
2.3497 1.2030 2.8238 3.3215 2.9353 2.5381 1.8193 1.6105 5.2403 5.8288 5.2683 4.0721 5.5463 1.5231 5.4601 3.1753 3.6998 1.1652 3.6791 1.7303
2.8643 3.7842 2.8283 4.1002 3.0016 4.8386 3.6871 4.5470 5.0644 5.1502 5.9259 2.0403 4.5276 5.4200 5.1389 5.9909 4.2690 2.6977 3.8950 4.4834
2.6298 0.7455 2.5737 2.6616 3.7534 2.7384 2.6775 1.8695 5.4379 5.8156 6.1475 5.0319 3.9645 1.9243 3.4992 2.9077 3.2483 2.1970 2.7055 2.9037
2.2760 3.1503 2.9142 3.1302 3.4650 5.0106 3.3850 5.6143 5.5439 1.2263 0.0182 0.8470 4.2156 4.8275 4.2888 4.9226 4.2640 4.9163 3.8311 4.5192
2.4795 0.7401 3.8921 5.5389 4.7301 4.9490 5.1038 5.3743 4.6537 3.9960 5.3512 4.3207 4.2385 2.9406 3.3812 1.7718 3.5996 2.3322 2.6204 1.3795
2.9144 3.3716 3.1493 3.7699 4.8742 4.4127 5.3286 2.2888 5.7753 0.5175 0.2224 0.5574 4.2809 4.1011 3.8317 3.4881 3.1030 4.8549 3.5891 3.5473
2.1214 2.1892 3.0331 2.6018 4.0686 0.4303 5.7185 6.1447 5.5554 3.8370 4.5985 3.9799 5.1209 0.1718 3.9091 4.5497 3.1502 2.6376 3.1298 1.8536
1.8149 4.0099 2.3924 3.8143 3.5189 5.2627 5.2031 5.7742 5.8045 0.8014 5.6793 1.7085 0.9440 1.0080 0.1194 1.0963 4.5158 5.7558 5.8659 5.6258
1.1383 1.0464 5.6196 5.6513 1.2648 1.4564 2.2371 2.1639 3.9788 3.7415 3.5972 4.7515 0.5940 6.2171 6.1393 5.6782 5.4431 0.1340 5.9238 0.5430
3.5306 4.2907 5.1849 4.4374 1.3707 0.0791 2.2020 2.3931 2.2321 1.0433 1.4364 1.4353 0.8995 2.5271 3.1985 3.0398 5.3695 4.5612 6.0099 3.2636
1.4026 1.6766 0.5843 1.2676 1.3019 1.7718 2.0383 2.0845 1.6592 1.1982 1.0605 1.8551 1.7444 5.4835 1.0829 0.7114 6.2737 1.0938 0.3518 0.8322
5.2238 4.6562 0.2185 5.7455 0.0379 0.3018 1.2757 0.6977 1.5825 0.0285 0.9738 0.8112 2.1925 3.1756 3.2328 4.2915 4.5721 5.0558 5.0706 4.6181
