1.6960 1.4505 2.4728 1.2022 1.1840 2.9376 3.8888 2.4368 2.1300 1.7760 2.8562 2.9773 3.1125 3.3057 3.0391 2.8827 2.1369 1.7530 1.7084 1.6044
2.2077 3.1696 2.7658 4.4495 0.2166 5.4721 4.1486 4.2653 3.4772 2.2132 2.8039 5.5981 4.5487 4.0770 3.9887 0.9075 1.3590 1.2267 1.7349 0.4740
1.4145 1.2251 3.2600 1.3959 0.7488 1.7136 4.6239 4.3208 4.1232 4.5115 3.1459 3.3267 4.8698 4.9151 3.1155 3.4390 1.6445 1.6264 1.4095 2.3849
0.6317 0.4681 1.6163 5.7325 4.9990 5.2113 4.9942 0.1443 4.4135 1.4213 2.0652 0.8765 3.0730 1.3487 3.1365 0.4522 0.4249 6.2582 0.9871 5.9815
0.1987 3.3301 4.7052 5.7049 5.3400 4.0886 5.2589 3.6306 4.4585 4.5877 4.3560 4.0594 4.9998 3.5536 3.8238 3.0832 2.3399 2.1705 1.5143 1.8256
5.6172 0.6194 4.7995 2.8894 4.2647 0.9683 5.4087 0.2844 4.5869 4.9406 5.4320 0.3612 0.3594 5.7153 3.3080 1.9513 1.9554 0.5535 0.1267 0.0121
4.8982 4.0551 4.0100 3.9374 4.1384 4.3342 4.4542 3.4254 3.1294 1.3197 0.3945 3.1915 2.6465 1.9756 3.0894 4.2196 2.1835 3.4165 5.6808 5.3233
4.3138 3.5123 3.6367 1.6224 0.8795 1.7695 1.3163 0.6426 5.8463 5.8422 0.4438 4.9388 4.3143 5.5937 1.4393 1.8541 1.5498 0.2752 5.5652 4.6796
5.2232 5.5065 4.7991 5.1444 5.9488 6.2105 6.1737 4.2160 5.7103 5.9028 0.8528 0.9158 3.7804 2.3399 2.6472 5.1359 4.2497 2.8404 6.0822 0.4530
4.4728 4.7723 4.6809 3.4329 5.2814 0.2762 5.9982 0.4296 6.2498 1.2388 0.4615 4.7423 4.1593 4.4795 3.3003 3.0514 5.2327 4.9102 4.6109 3.8041
5.4100 0.2858 5.3791 5.7580 6.0570 5.8965 5.3569 4.5768 5.0746 0.0041 0.7327 5.2869 5.3692 5.9224 6.0517 6.2216 5.8662 0.7342 0.6371 0.1200
0.6270 5.3693 5.7791 4.6833 5.2065 4.7191 5.2833 3.3109 2.4502 2.3907 2.2498 2.0362 0.3946 1.2701 5.5750 4.0021 5.1242 4.0811 2.9139 3.5132
0.3077 1.5341 1.5974 0.9610 6.1667 1.4329 1.0679 1.3820 2.3481 1.8778 2.0682 5.8816 6.1046 0.7482 0.8838 0.3983 5.8017 1.7417 1.6127 1.1819
5.3317 5.1850 0.3092 6.1382 0.3857 4.6259 2.4627 3.5085 3.4839 3.8572 3.2338 3.8309 4.1988 3.5625 3.6459 4.5735 5.9056 1.4218 2.1063 4.5674
5.1689 1.0780 2.3807 1.8013 2.3587 2.0038 1.5382 6.2718 1.2191 1.2348 1.2950 1.2995 5.3593 5.6022 4.5822 6.0373 5.0962 2.7146 2.3631 1.4448
4.4637 3.2370 3.5023 4.3856 3.2872 4.6241 2.1492 2.4850 2.6812 3.7716 3.5624 4.9405 5.1170 3.1333 4.4067 3.9017 2.7138 3.5293 2.6950 4.1314
0.4335 1.2498 1.6549 1.3937 1.6820 2.0819 1.7745 0.3645 2.3042 2.6155 2.8281 1.3938 0.1336 5.4249 4.7146 2.9340 3.1688 3.3463 3.0084 0.4499
1.4047 4.3059 2.2514 2.5624 1.6836 1.6089 3.2437 3.7491 3.9241 5.3025 1.5502 4.0167 2.6706 2.5902 3.7188 0.2279 3.8308 1.6698 2.3571 3.6076
1.4265 1.0290 2.9888 2.0387 1.8369 2.4685 3.0733 2.5160 2.7750 2.1736 1.6656 1.5880 2.4414 3.4514 3.0180 3.5234 2.4219 3.9167 2.3475 1.1924
0.6031 5.0098 3.1351 4.2098 3.3057 5.1079 4.0601 4.3190 3.4504 3.3511 2.5941 3.0604 3.1021 0.3172 1.5508 1.1219 0.9821 1.8725 1.5227 6.1433
