4.7055 6.1617 0.6527 5.9385 0.4195 5.7963 0.6534 0.4315 2.2964 3.5531 4.8018 5.3631 5.7051 5.1245 4.6697 5.5864 4.2058 6.0091 4.5363 5.5166
2.8259 2.3572 2.1164 1.7267 1.1328 0.9799 1.5391 2.7145 1.6914 6.1581 6.0512 5.2405 4.1775 3.5120 2.9279 2.9805 4.7005 2.5640 3.0696 3.1259
2.9498 2.8322 3.2729 3.8177 0.5620 5.8110 0.7173 1.9981 2.0380 1.3522 1.5438 2.5567 3.6950 2.5211 3.1311 4.7991 5.1738 0.0150 2.7176 3.0836
2.3722 1.6945 1.2754 0.5519 0.2713 0.7712 0.7951 5.8538 1.1454 0.0296 0.6341 5.8798 4.0587 4.4762 5.3244 5.7848 5.2477 1.9051 2.3613 1.2694
2.9987 5.2611 4.0859 4.6390 4.3932 5.0105 0.7910 1.6520 1.0847 2.4702 2.6006 3.6160 3.3092 1.8375 4.4829 4.9428 4.5868 3.1324 3.0690 4.2917
1.4099 2.5420 3.0486 2.6094 0.6368 0.7108 0.4887 1.2167 1.2676 0.5629 1.8216 1.4507 1.6904 5.6325 4.8422 0.4899 5.5690 0.6000 0.4851 1.2390
0.5373 0.1744 5.8074 5.5703 5.4964 1.3233 1.4037 3.4018 1.8857 2.1899 2.7239 4.1369 0.8340 2.9517 3.5885 4.2928 5.5987 4.7691 0.2431 5.8424
5.8356 3.6114 4.7840 3.8857 5.2887 4.2158 0.2316 0.5885 1.6320 1.5803 1.6082 1.8211 0.3855 0.5100 6.2226 0.8768 6.2115 5.8944 0.1926 4.6542
5.9040 5.3387 4.8033 0.7264 6.2824 1.4015 3.6679 3.6086 2.9978 3.2468 1.2745 4.8538 0.1678 4.6190 6.1025 0.0881 6.0056 0.3591 0.2701 0.7298
0.3385 1.8681 5.2275 5.8044 5.1622 4.9603 3.1482 2.7481 2.2289 1.4288 1.7356 1.9317 2.3649 1.9575 5.6596 4.9861 0.6645 1.5107 0.9371 0.0898
5.3111 4.6745 5.3848 2.4821 5.2255 1.0992 2.8415 2.6833 2.3679 3.2765 2.2893 2.6156 1.7554 0.6878 5.9146 6.0740 5.5020 5.3673 6.0639 5.7649
0.3182 0.1258 5.0153 5.1382 4.8540 4.2315 4.2737 5.5694 0.4738 1.0043 1.1197 5.7506 1.0614 1.0438 1.0434 2.4671 2.1640 1.6928 0.5794 2.7536
5.6396 0.0138 5.2807 0.8395 0.7461 1.0314 5.4555 1.5247 2.2771 4.1636 0.8321 1.8097 2.4052 3.5581 0.6857 5.8258 0.6213 0.6215 6.1016 0.1528
6.0317 5.3086 5.0817 6.1817 4.8484 4.6950 5.8784 0.9331 0.0931 0.7524 6.0412 4.7626 1.4707 1.1581 1.5856 2.5338 0.3592 5.4540 5.3405 3.7582
5.5733 5.5896 0.1611 6.1801 0.4094 5.6210 5.5653 5.9146 5.6715 5.6396 0.0002 1.3773 1.5859 1.5040 2.2147 6.2775 0.6518 1.1483 5.7411 6.0652
5.3876 2.0255 5.8635 4.4501 0.5795 1.4479 5.9629 4.7559 4.3969 3.1878 2.0730 2.7218 1.9894 2.4342 3.2484 4.1454 5.2212 5.1804 4.9806 4.0102
5.3576 6.1770 0.6371 0.4823 0.0917 0.5379 0.6212 5.2679 4.6050 4.7135 5.0207 5.3964 1.8580 0.0317 0.2579 0.9224 4.9896 2.8880 5.3602 5.6246
3.9656 4.4209 0.9409 2.2455 4.8514 3.3636 1.9737 2.8048 2.5985 2.9445 2.4630 3.0863 2.3850 3.8057 5.8302 3.7471 5.1589 3.4917 3.9030 3.0234
5.5245 5.5006 4.2729 5.0775 5.7356 5.8236 0.4165 6.0842 0.7921 0.9055 2.2027 0.3018 0.4410 0.2945 6.0592 0.1321 5.5932 0.1630 4.8392 6.1339
4.5331 3.1047 2.1525 1.6082 0.6150 2.1289 1.6762 3.3397 1.9261 0.5153 0.9685 1.7909 1.6246 2.7109 2.5719 3.9353 3.4220 3.2600 3.8079 2.7993
