4.0317 2.4276 1.7282 3.0808 0.5414 4.1136 4.2192 3.8665 0.6584 4.8830 0.8436 0.1130 2.2954 3.0228 2.7301 1.2768 2.7494 2.4510 2.5066 2.3595
4.6790 5.6795 0.5753 0.2735 5.8714 1.8613 2.4336 0.9802 1.3393 1.7042 2.1136 1.9530 2.5395 1.9528 2.4363 3.6394 2.8033 4.8162 4.4534 5.0458
4.4764 2.9772 0.8448 2.5875 5.2344 5.3650 2.9990 2.7594 1.4634 0.1262 2.1325 2.5774 2.7258 3.4612 2.7820 2.6506 2.5315 2.3474 3.4391 2.9504
4.7700 6.0421 5.5255 5.3498 5.1682 2.4742 2.6263 3.4585 1.2443 2.7229 2.4100 3.6893 4.0235 1.2222 0.9215 0.3448 1.4856 5.0005 5.0667 5.1567
4.9537 4.4373 4.6871 0.4030 5.5362 5.6317 5.5915 0.9742 1.0675 0.1772 1.1354 0.2097 2.3086 0.8760 1.5308 2.1311 1.5937 1.9838 4.5686 2.2668
5.5814 5.6516 4.9862 5.2318 0.2096 3.7888 4.0624 3.0866 1.4915 1.4969 2.0852 3.6465 3.2227 4.5318 1.3255 5.7750 1.2972 4.3560 2.9651 4.2056
0.2115 1.7951 0.0054 2.1763 0.2740 0.5115 1.4497 1.6134 2.1514 2.5046 1.2699 1.4340 2.7878 0.1839 0.5768 2.0958 1.8969 2.3206 4.3399 5.0402
0.5586 6.0380 5.7596 5.2842 5.8272 4.8272 6.1240 5.5402 5.5301 0.2744 1.3477 2.9463 3.7006 5.0447 0.3491 5.4848 0.4481 5.6626 4.5392 4.0773
1.9405 4.4408 6.2074 0.7982 5.8296 6.2659 5.5878 0.8337 5.8562 4.5986 5.4173 6.1271 2.0788 2.3405 1.6405 1.9515 0.7117 2.3371 3.2782 1.8110
2.2762 1.3284 5.8749 4.0574 5.1136 5.6139 4.3463 5.1917 0.6133 5.6682 4.4400 1.9551 1.5045 5.3095 5.4388 3.7935 2.3870 3.2911 3.2049 1.6988
4.0982 4.2731 5.1504 0.0161 5.4620 4.9327 4.7075 2.7927 1.8815 3.2017 4.7230 5.5581 1.2621 1.6309 1.6532 1.1688 2.9785 2.4797 4.3358 3.3669
4.5437 2.1869 2.3015 2.8611 3.4865 2.9991 4.2914 6.0292 2.1309 0.8621 6.0728 1.1666 0.0190 0.1576 5.5809 5.7785 4.4856 5.7042 5.0006 5.2593
3.9188 4.8868 4.0313 0.5040 3.7026 3.2685 3.6997 2.9087 2.8972 3.7480 5.4288 5.3010 0.3518 4.5138 4.0675 2.4780 3.1856 2.9930 3.7074 3.5871
0.9719 1.2075 1.0563 2.5393 3.9206 5.7293 5.8953 5.6059 5.1455 1.0723 0.4459 2.7779 2.3881 2.2915 3.9264 4.9506 3.8418 5.9571 0.4205 0.1260
0.2489 5.1617 0.5879 5.6491 4.6485 2.9950 2.6885 2.3233 5.2400 5.8629 1.5262 0.2328 1.1588 1.1857 3.7726 2.8836 2.3700 3.7840 4.9249 4.5926
1.5220 1.8303 1.0329 3.3171 4.9807 0.7414 2.0202 2.0390 2.5625 2.5767 2.4189 3.5460 1.3105 2.8091 1.6535 4.4955 1.2041 0.7152 5.5013 1.9963
5.2858 5.2124 6.1390 5.8609 5.2715 3.7989 4.1282 4.7357 3.8156 5.1903 1.5917 0.8022 1.5382 0.5330 1.7041 0.9403 2.2569 3.8346 4.6085 4.9355
6.2118 6.2421 6.0300 0.0813 5.9168 5.5035 0.1916 2.1738 2.9194 1.9989 2.8323 2.7181 1.4353 2.8243 2.7880 2.7298 2.2324 4.6437 4.3882 4.3146
0.6647 1.3946 1.5475 2.5526 4.9588 5.0523 0.1290 1.8549 6.2509 0.2553 1.3699 0.7433 1.0400 6.0803 2.4840 1.6012 3.2596 2.3248 2.8117 1.5930
5.1155 5.6046 2.2616 0.3279 0.0698 0.2218 6.0222 1.8049 1.4162 2.1851 1.4780 1.9283 1.7386 0.6023 2.8149 4.1245 3.4078 4.2894 3.3051 5.0599
