0.6295 5.6412 6.0845 0.2108 0.9912 6.1106 0.5024 5.3578 0.3299 5.8316 1.4987 0.5991 0.8453 2.0888 0.4406 5.9825 0.3409 5.4935 1.6305 6.2168
0.6052 0.7387 0.7986 0.1395 0.2088 2.2415 2.2924 1.6958 2.2801 2.4369 1.6684 1.5301 0.6499 0.7487 0.8612 4.4389 4.5652 3.3097 2.5301 2.7716
5.2080 4.4871 4.3304 2.9294 5.3862 0.1793 6.1083 0.0688 1.4565 0.1524 0.6358 4.9277 0.2314 1.5240 0.2509 1.6589 0.1506 1.1528 2.4223 6.1072
3.7117 2.0136 2.5542 5.5805 3.5720 5.4866 5.6242 3.8682 2.2754 1.8191 0.7276 1.1670 0.5845 5.1441 5.7557 0.4279 5.8296 4.2626 3.2579 2.8360
3.5592 5.2808 1.8746 2.5706 3.4137 3.2106 5.7782 0.4182 3.6957 3.6147 5.5871 4.0142 4.2604 0.8880 5.8787 3.8444 0.2208 1.8089 4.0261 4.9005
2.4575 1.1732 2.2931 1.7022 3.1736 3.6633 4.0855 3.4803 3.5209 5.3070 1.4894 1.0038 5.5538 5.0408 6.2539 0.5790 5.4897 4.5642 4.8526 2.5700
2.6965 2.4383 2.8307 2.0149 2.7792 1.3682 3.3192 4.3783 4.2734 2.8243 3.0921 3.4837 4.7887 2.3188 0.8860 1.2581 0.4757 0.8470 5.9881 0.8436
4.5038 3.8560 3.4875 3.4012 3.8229 3.6826 3.2896 3.3202 5.5105 0.1114 5.7571 5.8445 5.9037 4.8943 5.3129 4.7753 5.1354 4.8507 4.8701 3.6981
0.1254 1.4765 4.7489 4.4155 4.1979 2.1264 3.5726 5.2049 4.6781 3.8556 5.6934 6.1709 0.0976 0.0068 0.1861 0.5309 6.0323 1.3511 2.6746 1.1368
3.8692 4.4904 4.2547 2.8313 3.8297 3.7340 3.1198 1.5800 1.0622 1.1085 1.7612 1.9108 0.8747 1.6343 1.3343 2.9711 3.5526 4.1191 3.2971 3.6126
4.5122 6.1647 4.8510 5.9758 4.8054 3.1760 3.6977 4.2978 6.1478 5.5419 5.7701 5.3969 0.0901 6.0569 1.5059 0.9729 1.3897 2.0134 2.8193 1.5717
5.3609 2.6021 4.2280 4.3528 4.7959 4.2210 4.4125 1.3889 0.2293 1.6797 2.3731 1.9531 1.0787 1.4696 2.1246 1.9682 1.1721 4.3809 3.9766 4.3847
5.8122 0.3960 0.7409 0.1961 2.3747 1.7188 5.2403 5.2169 0.1295 4.5409 3.7025 4.2826 3.4412 3.8374 3.6438 3.3820 2.4322 2.1959 2.4568 2.1055
0.2304 0.0047 0.8136 2.1844 1.0771 4.7964 5.2864 0.7715 1.3941 1.5284 1.9837 0.9463 1.9541 1.3718 2.1706 4.9487 3.3260 4.3984 3.8371 5.6017
2.2484 3.0190 0.3101 0.4719 6.2493 6.2408 5.9325 5.3022 5.5438 5.5648 1.7824 3.2088 3.2986 4.1822 2.5562 1.9275 3.3413 1.6202 1.8805 1.9796
1.9671 1.4802 5.9271 5.3063 5.5470 0.5283 6.2805 1.7108 0.8178 1.4835 0.9385 1.0873 2.3903 2.2463 2.4362 5.8370 2.2093 3.3654 1.0232 2.1548
1.0600 0.2890 5.6969 6.2680 5.5456 6.1265 5.8453 5.9283 5.8570 4.2458 0.8499 4.3029 2.2296 3.5711 3.4176 3.6095 2.3826 0.9023 0.6769 0.0489
1.6770 3.3994 4.4103 4.7644 4.7383 3.2639 2.1294 2.7841 1.9428 1.2282 0.6088 1.3322 1.7377 2.0054 1.8404 0.7329 1.6316 3.7459 2.4032 2.6025
6.2147 0.2561 0.3418 6.1653 6.2088 0.6093 1.1769 0.5257 0.8341 4.8878 0.9646 1.7565 1.5957 0.3756 0.6684 4.9278 2.4145 1.7294 2.5970 6.1712
1.2453 2.9484 1.5583 1.7198 0.7604 4.0593 5.5811 3.1308 1.2995 2.1645 0.9974 1.1838 1.2907 3.6079 1.6201 3.1241 2.4940 1.9679 1.5033 2.1852
