2.7907 3.3842 3.9721 2.0087 1.1026 1.5658 1.9766 2.6866 4.4383 2.7669 4.6203 4.3071 0.4006 4.8166 1.8750 2.4057 3.6740 3.1163 2.5656 2.7861
6.2815 0.8551 5.7986 5.4664 0.1851 3.9146 1.6043 0.1971 5.5388 5.8907 3.2100 1.0248 1.6860 0.4406 1.4152 6.1995 3.5323 3.7449 4.9407 5.9435
5.5033 5.4712 6.1370 0.8085 6.0867 0.2356 2.5027 1.3937 5.9552 3.4532 3.2177 3.6792 2.1676 2.4247 1.2001 2.0493 4.0279 4.2830 4.4939 4.2833
2.7407 2.2710 4.3311 4.4925 5.2574 3.6509 3.2365 3.8557 6.1298 0.6294 5.6964 5.2994 5.6536 5.7990 1.0573 5.1730 1.6784 0.5381 1.0151 0.8538
4.1592 5.4375 4.6413 1.1369 6.2199 0.0900 1.5408 6.0076 5.8633 6.0003 5.6099 0.3645 0.9626 2.9838 0.8953 2.1846 2.1522 1.9425 2.9398 4.9720
2.9013 3.0519 3.8632 4.7735 4.8045 4.6501 1.3097 1.8720 3.2725 1.6903 2.4479 2.1977 0.9063 0.2346 0.9105 5.1936 2.8914 4.7599 3.9210 3.5737
1.5604 6.1564 0.6857 6.1401 5.9049 1.0056 0.1132 5.3796 4.8247 5.9126 0.6519 0.8647 0.7644 2.5773 0.5324 0.6544 2.4067 2.2732 2.1819 1.1329
2.0829 1.1560 0.7915 4.8823 5.0596 4.4541 0.5463 1.3084 1.3143 1.9011 0.8935 6.2227 1.4447 0.3733 0.0858 4.9178 2.0699 1.2829 2.7638 3.2402
2.1466 2.5351 2.1033 1.1508 0.3616 0.3361 0.5320 4.0732 2.9776 3.3982 4.2999 4.2489 0.4772 3.5149 1.9056 2.6144 2.2234 3.5274 3.8369 2.2505
5.2348 5.5218 5.2938 4.5717 1.6213 2.4493 0.9394 0.9795 0.0053 0.5211 2.4052 1.5382 1.5866 1.8878 2.5632 1.5546 1.9580 4.8264 4.8763 5.0260
3.3465 2.5964 6.2042 0.3841 5.5333 6.0623 5.7894 4.7807 6.0149 2.7943 2.9647 3.9638 2.7598 3.8783 3.4393 2.5294 2.5927 3.0045 4.1176 3.0542
5.2815 5.1698 4.8282 4.8609 4.8226 3.4703 1.5097 0.9379 6.1596 1.3202 1.9266 1.1712 1.9136 1.3495 4.8209 5.0129 4.4081 5.9699 4.9917 5.5189
4.7333 4.8579 4.6007 3.7570 5.2021 0.4876 0.7973 5.9449 6.1032 5.0051 3.5525 5.7734 0.0282 5.2258 4.1401 2.6142 3.6396 3.3574 4.2043 3.2938
1.9922 2.4793 4.6338 0.0082 4.9570 3.5248 2.8221 2.0581 2.3757 1.9941 3.6394 3.7353 0.0430 1.1646 3.5406 4.8770 5.1227 4.0234 4.1666 4.3405
5.1005 4.7868 4.4953 3.8356 5.0472 2.5245 2.9308 4.5513 3.1915 4.6736 4.1574 6.1572 5.4396 4.1935 3.9479 1.6503 5.9214 4.9825 3.9666 2.1814
4.3604 5.2916 0.4978 0.9408 5.6740 5.7746 2.7370 1.2971 1.8289 2.1630 4.0334 4.3300 5.8695 5.9192 5.2071 4.9141 5.1969 3.7773 3.7206 4.5548
4.6392 3.6902 5.1176 5.9528 5.8252 4.1267 2.7110 4.3492 3.7502 4.6014 4.4330 5.0241 6.0634 2.6530 1.2321 1.1916 2.5100 3.4383 3.4698 2.8819
4.2645 5.7808 1.3014 1.0272 6.0980 5.9949 5.8362 5.6934 3.9804 2.1282 5.5871 0.1861 0.4978 5.9101 0.7358 5.7303 0.3625 4.2797 4.3270 4.7556
4.3698 4.0008 2.8724 5.5128 6.2280 3.4682 4.7491 4.3563 4.8577 5.2031 5.7262 4.3210 1.1965 1.9671 2.4668 2.9926 2.2162 1.0648 3.4647 2.3426
4.1377 3.9745 3.3265 3.0768 6.1519 5.9520 0.1866 5.6817 4.9506 5.4194 6.0354 1.0644 1.1239 1.1620 1.9060 4.9688 3.7936 3.4250 3.4062 4.8840
