2.9731 2.6090 4.6757 5.9847 5.0553 0.3254 5.6400 5.0939 5.1190 0.0231 0.1095 0.8162 2.9008 2.5932 3.1981 2.7849 3.6388 4.4605 2.0349 2.6752
2.8750 4.2957 4.0732 4.0672 2.7629 3.0793 1.5425 2.6464 3.1193 4.2849 4.6351 4.4974 3.9500 3.2344 3.3981 3.2096 3.1265 3.3823 2.8471 2.6232
2.4429 2.5207 2.6486 1.2415 1.3293 6.1967 0.4570 5.0872 3.9678 2.3237 2.6249 1.3696 0.9919 0.4269 0.5938 6.0618 4.2518 4.8953 2.6017 5.8546
2.1609 4.5596 1.4680 0.4269 2.4210 1.5207 0.5415 1.9706 2.8706 4.8730 2.4632 3.6127 1.9607 2.0875 1.5489 2.6930 2.6681 2.3236 2.6592 3.3635
2.2876 2.6997 1.6978 1.4982 2.7714 4.7529 1.0240 2.0278 3.0493 1.7218 1.6887 1.8028 3.1013 1.2225 1.4810 0.0212 0.8049 1.5490 1.2490 2.3360
2.3572 2.5775 2.6010 4.7298 2.7983 2.4029 1.8670 2.0964 1.8117 0.9889 1.6306 2.4319 3.0536 3.6007 2.8567 4.3408 5.5597 5.2945 5.7004 5.7926
4.4112 4.7971 4.7845 1.9193 0.9698 0.0576 5.8597 4.9047 1.1195 2.9463 4.3488 5.3042 4.1770 4.1130 3.0586 3.4277 4.3215 3.7373 5.7928 4.7497
4.9327 5.0632 5.0434 3.5629 5.0879 3.9669 4.9842 0.6249 1.4984 0.7423 4.9794 2.4249 3.6800 2.9530 4.0453 3.7792 4.0576 0.6440 4.8104 0.3734
3.7373 3.9394 5.1074 5.7311 5.9262 5.2761 3.8197 3.3503 2.9255 4.3178 4.2510 5.0950 3.4735 6.0575 4.9322 4.5719 4.4091 4.9037 4.2206 3.6657
4.7675 0.5894 5.1056 4.6921 3.7594 3.7119 4.5313 4.1261 4.2665 0.0344 0.2772 1.1496 4.9019 2.8912 3.1236 1.4647 5.7135 0.4167 5.0577 6.0190
4.0093 3.7030 4.2616 3.1506 4.3150 2.7431 3.6141 2.2205 4.0290 2.7644 6.2442 5.1259 5.4406 4.7068 4.0792 4.5698 5.1540 5.1370 4.7194 4.1713
2.6745 0.3543 5.2839 4.6871 4.6725 4.4040 3.8981 5.0720 4.5337 0.3389 0.2620 4.8937 5.3896 0.5501 4.9672 0.8280 4.9971 5.7001 5.1933 0.8424
2.8605 2.9530 4.2644 1.2895 4.3231 3.1004 4.7000 3.1789 2.8503 2.8475 1.4494 1.1087 0.3479 4.0852 3.1754 4.3133 4.6902 3.0897 3.5508 3.0459
3.0826 5.0059 4.8738 4.9142 4.6082 0.5461 5.6593 0.6208 2.1672 1.2758 0.0963 0.3254 0.6096 1.0017 0.8811 0.5946 4.8845 5.5311 4.8095 0.2168
3.1238 3.0726 2.7980 2.6311 3.1726 3.6917 3.1323 3.8162 2.8379 6.0404 5.7774 3.8714 1.4005 3.1291 2.8265 3.8145 4.4629 3.9618 5.1084 2.9903
5.0401 4.1930 2.7999 1.7566 2.7206 2.3254 3.8908 4.7873 0.4835 0.5649 0.0877 0.4210 0.7794 1.0894 1.0638 2.0118 3.7734 0.0883 5.8396 5.5612
3.7741 2.6594 3.9924 4.5688 4.1629 4.0431 4.2220 1.6339 6.0402 5.0817 2.4122 1.5427 1.7740 2.2427 1.3549 3.9194 2.6685 3.3962 2.2372 2.9022
3.2941 4.2869 3.9601 2.1568 0.9367 0.7554 0.1364 3.2018 3.9514 3.0482 2.7600 3.9511 2.0311 0.7924 1.0103 0.8874 0.4604 0.1740 2.1704 2.9024
2.9067 0.6472 5.9204 6.2109 6.1063 6.0580 6.0940 6.0467 4.9273 0.2060 2.0411 1.0949 2.0751 2.0175 1.6978 1.9182 1.3198 1.7974 2.5290 3.4713
2.2536 4.4959 4.7638 4.3148 4.7338 3.9261 4.1003 4.3963 4.3802 3.5206 2.9967 3.0792 3.8664 0.0756 1.2412 5.9375 0.1696 0.7444 0.9883 0.7008
