1.7688 2.7416 1.5384 1.2423 4.5757 3.0802 3.8813 3.9163 4.0402 2.2756 2.4329 2.3205 1.4716 0.6402 6.2602 0.6610 2.3352 4.1311 1.9396 0.9136
1.2670 6.1194 5.7128 4.6635 4.8364 5.3421 5.1853 0.4860 5.1173 5.5781 3.2582 1.8772 6.1626 4.8215 0.4143 4.9849 3.4064 0.9643 0.8088 1.9702
2.9929 2.3837 2.5603 2.5007 3.6275 3.7921 4.1952 3.0911 0.3116 2.2969 3.6901 4.1628 5.4501 0.9232 0.8033 2.0543 2.8083 2.4635 1.9464 3.6396
2.6551 4.0406 3.6840 4.1952 3.0236 1.3650 5.7591 0.4610 5.6063 5.7447 5.6279 0.2342 5.9352 0.9779 6.2416 4.8848 3.1147 0.6071 2.1616 2.2002
1.9596 2.9262 4.3193 5.7241 3.5809 4.9209 4.0482 3.2888 3.5254 2.0480 3.4890 3.4432 4.8391 4.8592 5.8232 1.2060 2.1647 2.8070 2.3730 0.5752
1.5287 2.5222 3.2230 2.5269 3.1722 2.7719 3.6838 5.7012 3.8566 4.1232 4.0842 5.7478 6.2794 0.8883 1.0070 2.6207 2.7455 4.1568 2.8003 2.0066
2.0579 2.2717 2.8606 5.5101 5.8066 5.8055 3.8334 2.5744 2.9007 2.3086 3.2528 3.8908 5.8456 5.0048 0.9176 6.1505 1.5924 2.1198 2.0989 2.6458
4.3459 4.8715 1.7930 2.0296 2.8991 2.9194 3.6002 5.5076 3.5888 4.2429 4.2548 0.7230 0.6973 1.9544 2.2075 2.7106 1.8261 1.1769 3.0730 4.6639
3.1027 1.1563 1.1220 0.2083 1.3883 0.0995 6.0079 1.2573 2.3902 1.3046 4.0010 4.3303 5.8722 4.9739 3.9344 4.2709 2.9585 3.4615 2.6393 2.4496
3.8691 3.3583 2.6707 2.8825 2.5653 2.3914 4.4571 4.3844 3.7273 3.9717 3.3185 2.1288 6.2065 1.3034 1.7554 2.0467 0.9815 0.3234 1.8173 2.1711
4.2799 0.8881 1.7915 0.6206 0.8235 5.7834 2.9763 2.0685 2.8216 1.1559 3.8255 3.8631 4.4560 3.3276 2.3043 3.1980 2.3924 2.9224 2.1261 3.0452
2.1181 2.9887 2.9173 3.2411 2.2152 2.8974 2.7510 3.9887 2.6436 3.3569 3.5428 4.7561 4.4432 0.6785 2.2207 1.3717 1.4716 0.9671 2.0893 1.0721
2.1822 0.6059 2.2892 1.0705 6.0117 5.6364 4.4034 2.2903 2.2022 2.3199 2.5701 2.8020 2.9087 4.0177 3.0690 3.6518 2.3748 4.0673 3.3001 3.9923
2.8725 3.1495 2.7540 2.3449 0.1657 0.9889 0.1019 1.2226 2.1010 2.5571 3.1800 1.2742 2.0904 1.1880 2.3462 2.3009 0.8516 0.8255 2.9048 2.2523
2.3367 5.1264 3.2039 4.4057 4.1863 3.9002 5.7033 5.4387 5.2092 4.9215 4.2923 3.5355 3.1684 2.5856 2.5050 0.3605 0.1275 1.2937 0.1456 5.8679
1.8569 1.6508 1.8438 1.4094 0.7965 0.1731 6.2763 2.3068 4.0431 1.3695 4.7938 4.7315 5.0020 4.1066 4.1661 2.5081 1.4926 0.9730 0.7126 2.4867
0.7049 1.0663 1.6963 4.8372 5.2880 3.4133 0.5734 4.3638 3.5783 3.6841 2.8993 1.2076 2.8247 1.7297 4.6216 4.3872 0.4406 0.5325 6.0727 6.2109
1.6905 3.2843 1.4900 0.3669 5.9757 0.3676 0.0480 0.2159 5.3186 0.2748 5.8008 2.5195 2.8524 4.4173 4.8132 0.1520 6.0441 6.1825 1.4339 1.3039
2.4454 1.5917 1.3187 1.8212 6.0479 3.8923 5.0853 4.0069 4.5659 4.4991 6.1457 6.0036 1.7942 0.5751 4.7633 3.3066 2.9126 3.7515 2.0712 2.9562
0.7646 5.6883 0.3373 5.3559 5.8883 6.1833 4.7158 5.8894 5.2138 0.3982 1.0213 1.6880 1.7049 3.6385 4.7757 3.8722 2.6029 1.4689 1.0278 0.6955
