3.3685 5.6102 4.6399 5.3257 1.8918 4.1010 4.6006 4.9293 5.0713 3.5923 4.6009 4.3326 4.5150 4.4143 4.2865 0.1627 5.1718 5.6388 5.0876 4.2628
3.2232 2.3168 2.4227 2.4461 1.9156 0.5767 0.2699 1.4221 5.2610 6.0051 5.1117 4.9069 4.5678 5.4548 4.3438 3.4039 2.9599 2.7979 3.8061 0.4381
3.8426 5.0104 5.7173 5.1548 3.4323 3.7830 4.0497 4.6411 4.8051 6.0048 4.6824 1.2664 0.9146 1.5802 2.4506 1.8819 3.4988 2.9115 2.6230 3.3242
3.5938 2.1624 1.2445 2.2288 2.1661 3.7236 3.4983 4.0977 3.3109 3.0648 2.5503 4.4384 4.8579 4.0992 3.1162 2.1813 2.3542 0.0327 1.7441 2.0840
5.0522 5.6749 1.9108 0.4956 1.5860 0.6547 1.8656 1.1049 0.8777 0.4511 1.3209 0.2656 5.1951 4.4817 3.4222 3.8904 3.6951 3.5287 2.6335 5.3012
2.7142 2.1376 1.2510 3.3527 2.0797 3.4583 3.4545 5.2477 1.4503 2.5132 2.3513 3.8350 2.1760 3.0681 2.2084 1.7238 2.6278 1.1212 2.9277 2.5372
3.6981 3.9896 0.1091 0.3475 1.2867 1.0140 2.0732 2.6322 2.8147 0.6302 1.5971 0.4130 0.2912 1.6344 0.9839 2.2190 2.8857 1.9968 0.9018 5.5723
2.1722 2.0233 1.1809 0.8457 0.5299 1.6651 0.7786 5.7313 2.9091 2.6068 2.1173 5.9869 5.8592 4.9537 0.0183 4.3047 3.3611 4.5351 2.2196 2.0708
3.0450 3.6800 1.1284 1.1654 1.7828 2.9686 0.5944 3.3908 4.9668 4.6933 2.9283 1.1045 2.1556 0.9377 1.0335 2.2576 2.9973 2.1700 2.3114 3.3338
0.0640 5.5548 1.3228 5.6356 0.8734 5.9851 0.0718 5.3699 1.1527 1.9208 2.9652 2.7610 2.4464 1.4329 1.9396 0.7249 0.4563 0.0080 1.1045 5.7558
0.6929 1.5175 0.3810 1.6522 1.9395 2.6270 3.2358 1.6198 2.8842 0.4291 0.8501 6.2569 1.5460 6.1189 0.4350 4.8280 5.4721 3.2890 3.1905 1.0119
5.4649 4.5477 5.3024 4.1532 5.9994 5.5337 3.6740 4.4063 3.3553 2.6071 1.7735 2.7904 1.8313 0.9090 0.1768 0.7538 0.6311 1.5898 4.0204 4.1768
0.9628 1.2889 0.2896 0.4293 0.3743 1.6383 2.2930 1.8316 3.8264 5.0061 0.1558 5.3522 4.6526 4.2683 4.9759 5.5250 5.9949 3.8949 3.8880 2.4807
5.0715 5.5758 0.0433 5.8375 5.7152 4.7046 3.0738 3.7466 2.9176 2.0573 0.3899 0.5610 0.5411 0.6743 5.6631 2.0193 0.8723 2.3048 3.2426 4.8886
2.3353 2.1409 1.1665 2.8123 4.4549 3.1277 2.7001 1.1626 1.1554 5.5348 0.2348 0.8353 1.2812 0.6290 6.2553 5.3165 5.1475 4.8268 3.7565 1.8587
0.5913 1.8494 1.3301 6.0074 4.2157 3.6239 2.9243 2.9195 1.5016 2.2526 1.7934 2.9548 2.0523 1.9414 5.3516 6.1250 5.8040 4.8916 5.1184 3.8581
0.4394 5.4125 0.8154 1.5478 3.2698 1.2137 1.9034 1.2502 0.9822 2.1907 1.9100 0.2371 5.4738 5.0202 5.8614 6.0862 6.0480 0.9320 0.2468 6.1493
1.5605 1.5019 1.3067 4.8074 4.6276 3.9373 2.8313 2.9547 5.7979 4.2499 2.6906 3.1436 5.3494 4.7421 4.7496 3.7233 3.8565 4.1674 5.9123 2.1837
4.5522 6.1581 0.8934 5.8690 0.5488 0.2857 3.9393 5.4949 6.0687 1.2193 0.2671 0.0992 5.6441 1.1053 4.3251 5.8000 5.0741 5.4408 5.5904 5.4003
3.8263 3.3173 2.4711 2.5139 2.0800 2.2538 3.0572 2.1292 0.3967 5.3853 3.9937 3.9220 4.3535 4.0527 4.3588 3.8414 4.1402 4.4038 5.3600 2.4468
