5.8974 0.6038 2.4945 2.7012 3.9242 3.0305 2.7955 3.1530 5.2297 2.4569 2.5763 2.9395 2.6095 4.1652 4.8248 4.2174 4.4955 3.8110 6.2626 5.1796
0.3422 4.1250 3.0683 5.2759 1.3022 1.3142 2.6849 4.0669 5.2342 4.6893 4.8843 2.8994 2.6807 1.4204 4.8291 3.7715 5.2303 0.6443 0.8920 1.9205
5.7837 5.3410 3.7709 2.3028 2.8335 3.3301 2.4257 1.9040 5.4081 4.5938 5.6683 4.8154 4.0605 3.8641 5.2917 5.0469 5.1879 5.4446 0.0575 6.0417
0.6450 1.3880 2.6871 4.4682 3.4197 6.0235 1.9119 0.7900 2.2345 3.2960 4.0223 4.3915 3.6836 0.8212 1.8915 2.6485 2.6199 2.4107 0.7214 1.4423
5.8790 2.5307 2.9494 2.5511 3.4776 3.0103 3.3722 3.1862 3.2264 2.6956 3.0735 3.2079 4.0891 4.4016 6.2278 4.8086 3.9760 4.5891 3.4194 3.4864
5.2651 4.3413 3.4467 5.0516 3.6927 4.7947 4.0579 5.3494 5.1361 4.9622 4.7330 5.8148 0.6058 1.1754 0.1063 0.5994 4.0309 4.5375 3.6335 0.5170
5.7060 1.0454 2.7759 2.9930 2.9385 2.6161 4.0099 2.1769 3.9990 2.9777 4.9044 5.6558 0.7479 3.6513 3.8136 4.4362 4.4242 4.0234 4.1208 4.6090
2.2329 4.3834 3.3566 4.6631 4.2256 4.3983 4.0400 4.6076 5.2455 5.6641 4.1425 1.2125 1.4332 2.1039 4.2399 4.1793 3.1160 2.0368 3.2561 2.8730
0.7105 0.5186 1.0900 0.8261 2.3945 1.1755 0.6160 1.0197 1.9787 2.4297 3.3991 3.3184 1.7338 4.9556 4.7516 5.0061 2.5674 2.7859 3.3296 0.5628
0.3932 3.9832 0.3085 5.6624 0.5626 5.4516 5.8466 4.0417 3.0564 5.0945 3.6427 5.8081 1.8409 2.5758 3.7847 2.7324 3.0796 5.5537 4.7146 4.9093
1.1452 0.4887 0.2879 3.9284 0.8017 2.6727 0.0881 1.1115 2.3552 2.1122 2.3817 2.7663 1.9692 4.8237 4.1886 4.0727 3.8045 3.4647 4.3792 1.5202
1.0419 2.5571 0.0677 1.2584 0.2152 0.1016 5.5908 5.1224 4.1545 4.7481 0.0659 0.1822 1.3801 2.3307 0.4429 0.3438 4.0350 4.8258 5.2548 5.4953
0.3997 0.2358 5.8198 5.3153 4.4362 4.9653 0.4662 3.1312 2.8013 2.7784 0.4241 0.7765 0.3812 0.3833 3.7990 3.9966 4.8303 1.7247 1.7142 2.0796
5.5161 5.1813 6.0626 4.1581 3.3238 1.0293 0.1238 0.0459 1.9777 6.0467 0.9933 1.1485 1.1759 2.9638 4.1700 5.2599 4.1808 3.0084 1.2673 4.9654
1.1431 2.2382 0.6541 2.4921 3.6325 0.9399 0.4031 1.2853 1.1157 1.2508 0.1429 5.6949 0.6876 1.7649 3.5029 3.5368 3.9746 3.4525 1.4549 1.9328
0.4343 5.7380 5.5793 6.0015 4.1377 2.7936 3.1611 4.0604 3.1684 3.7372 0.4712 1.9110 0.7260 5.9325 6.1274 6.1899 5.7313 5.8303 1.3483 0.0197
5.7317 4.1156 3.2295 3.2836 4.6054 2.1400 1.7755 1.7266 1.3172 1.2333 0.5344 6.2776 6.2040 5.6437 4.8927 5.0900 5.3837 2.8066 2.4616 1.0580
5.7811 0.3632 3.8389 5.1774 4.7194 5.0186 4.5043 3.4849 5.5391 4.7459 4.6517 4.8514 5.3760 0.6958 5.2914 5.3108 5.6786 5.7852 0.1954 5.6353
4.5664 2.6243 3.1510 2.6727 4.0725 3.5594 0.9671 0.3826 6.0615 0.6983 4.2481 3.3901 4.5845 4.3482 4.7074 2.8742 3.8220 3.2578 0.9243 1.5821
4.4094 3.8666 2.3189 0.2503 5.1491 0.5535 0.5967 6.0404 5.6006 3.1995 3.2048 5.2522 3.2707 2.2064 4.7462 5.9372 0.1656 0.5729 0.4867 4.6640
