0.7104 1.0282 1.1651 4.2912 5.2316 0.0568 1.3915 0.6623 1.2654 6.0201 0.7518 1.3068 0.6579 1.3858 0.6593 0.7723 0.7592 0.9841 0.9367 1.4508
4.5250 3.0054 1.7162 0.5440 5.5604 5.3463 3.9696 4.2896 1.4424 0.2894 0.2506 4.9402 5.5615 5.0538 4.9956 5.2037 0.6046 6.2565 5.9395 3.8379
5.8196 6.1755 3.5451 4.3772 4.1286 4.2395 5.0409 0.3200 0.9836 1.6951 0.4967 0.8393 2.3245 1.9271 3.7536 1.7299 2.2270 0.6530 6.0801 5.9436
3.6585 3.6440 3.4752 2.0854 2.5687 2.0369 5.2223 3.9883 6.0847 5.3031 6.1614 4.5176 3.9517 4.8504 4.7398 3.5523 2.9822 4.3765 4.6702 3.2224
5.6101 6.0307 5.6117 5.5230 4.4734 4.8908 5.1008 0.6591 0.5632 1.6362 0.0985 1.9500 3.1281 2.6352 4.1665 5.6574 4.9215 6.0012 5.3760 5.6168
4.9184 1.9502 6.2148 0.3085 6.1323 0.5693 4.4644 4.1073 5.4311 5.2692 4.2909 4.6493 2.9670 4.7807 4.5076 3.3696 3.5012 2.2338 2.4288 2.5335
5.2411 5.4843 4.6499 5.1014 4.8528 4.2505 4.6144 4.4546 4.7341 2.4289 2.1849 1.3176 2.2343 1.5821 1.5271 0.6251 4.5754 4.6706 2.7554 0.0857
5.0007 1.1336 4.2809 5.5859 5.4467 5.7861 4.7094 5.6961 4.9977 5.8618 5.1487 4.7277 4.0024 3.8921 2.0335 3.1794 4.8557 2.7461 2.7470 3.4825
5.8023 4.1571 3.9399 3.0008 3.9843 2.9834 3.7413 2.6887 4.5086 3.4343 3.2623 2.5986 3.1338 0.6731 0.4448 0.1553 5.4790 4.4993 5.0821 5.7994
5.8867 3.1834 3.8458 4.8370 4.0540 4.9797 3.6593 3.6232 3.4961 2.3341 5.6713 5.3121 4.3255 4.0357 0.2520 4.1837 4.5793 4.3531 4.5786 3.8802
6.1700 6.1420 3.3901 2.7276 3.1644 1.5657 1.8834 1.6169 3.7846 5.8250 6.0691 1.9184 5.0993 2.3730 1.7156 0.7637 0.0155 0.8265 4.9312 6.2688
4.9904 4.8210 2.9153 4.5386 3.1717 4.1862 3.8249 4.3681 3.9655 3.9141 4.8726 5.3598 5.2397 5.2820 3.2959 3.6584 5.4306 4.6713 5.6803 4.8506
0.8770 1.7085 2.3222 3.3873 3.5105 2.0185 2.3568 0.8655 1.6910 1.4344 3.4919 3.5309 4.8862 3.7901 5.6518 6.2619 0.0958 0.8851 0.4399 1.0413
5.6237 6.1570 0.7703 0.6838 1.5649 4.0405 3.0299 2.2035 1.8233 3.8983 2.5869 0.6462 1.2983 0.6686 0.8716 3.4544 5.8451 5.3322 5.7667 4.8068
0.5178 1.4080 0.5730 3.6887 1.2965 1.0650 1.1288 5.7539 0.3677 0.5288 1.9082 4.7215 2.7393 3.6906 1.1910 0.4486 0.4766 1.7428 0.6124 1.2907
5.5032 5.1410 0.5161 0.6879 1.1851 1.4921 1.5750 1.8636 1.6562 2.4768 1.9661 1.9127 1.2457 1.3309 0.1833 5.3453 5.7028 5.6499 0.4863 4.7841
0.0462 0.7477 0.5124 6.1473 0.4316 4.5689 2.6837 4.5071 4.3757 4.2032 2.6929 4.2252 5.3519 5.6327 0.6158 0.0009 0.3640 0.9626 0.5125 5.3844
1.0700 0.8528 1.8220 1.8984 0.6416 0.9490 2.1512 1.8587 0.9809 1.6808 1.8566 1.4989 5.8529 5.9060 1.0851 2.7381 0.8960 2.2310 1.3055 1.8039
0.4879 5.4136 3.0585 3.9027 0.1479 5.9679 0.3914 5.4931 1.1973 5.7990 6.0369 6.1831 5.8940 3.9212 1.5649 1.2142 0.9201 5.9225 1.6086 0.0628
1.7069 2.3916 2.8484 1.7222 1.0803 1.8613 1.6887 3.3956 1.4828 2.1499 5.2886 4.0350 5.2099 5.6664 6.2688 6.0354 1.5047 2.7888 2.2826 3.1466
