0.7500 1.4854 0.9315 1.4083 1.5428 1.4951 1.5966 1.8972 1.6092 1.8872 1.0126 0.8616 5.4521 5.8116 5.2727 0.4703 0.7751 1.0374 0.7897 0.8914
0.9937 0.8987 0.9030 1.2414 1.3640 2.4106 2.1187 2.1787 1.8022 1.5616 0.6351 0.5198 6.1202 6.1753 5.7386 0.4393 0.9205 0.7135 0.0769 0.2844
0.8082 0.9544 1.3581 1.6540 1.9853 2.0988 1.9804 1.8249 1.4850 0.8828 0.5304 0.5714 0.6205 0.6104 0.0458 0.4826 0.7725 0.4573 0.3153 0.1473
0.6843 1.0782 1.3303 1.6259 2.1912 1.4811 1.8326 1.9717 1.8093 1.0376 0.8181 0.8501 0.3457 0.7232 0.3599 0.0646 0.1242 0.9229 0.3798 0.6174
0.6753 1.3353 1.5244 1.4479 2.2714 1.9501 1.7812 1.9283 1.4988 1.7133 1.6913 1.1914 0.8309 1.0380 0.7404 0.3115 0.4852 0.6961 0.0475 0.4570
0.1978 1.5378 1.5869 2.2498 2.1044 2.4164 2.1770 1.8774 2.5367 2.0966 1.7066 1.5523 1.0083 1.2583 1.0058 6.1157 0.4018 0.2268 5.8896 0.2398
0.2960 1.6773 1.4741 1.9761 2.2440 2.0974 1.8801 2.5271 2.0175 2.1811 1.9242 2.0183 1.5260 1.0267 0.5583 6.0531 6.1423 0.2008 5.8830 6.2289
0.0601 1.7404 1.3313 1.9712 2.1594 1.6996 1.9973 2.0389 2.3107 2.2676 2.2061 2.1729 2.4035 0.5391 5.9945 5.8617 5.8119 5.8383 5.9810 0.2064
5.7325 1.9590 2.2980 3.3491 2.5956 1.4455 2.0210 1.4907 1.7207 2.1188 2.5400 2.8931 3.3480 4.8030 5.1429 5.8958 5.7599 5.6114 5.3584 5.7245
4.8493 4.2683 3.6961 3.6967 3.2135 2.5582 1.3866 0.8701 1.3125 1.6468 2.3525 3.2207 3.6457 4.5028 4.9734 5.6874 5.4603 5.5560 5.7752 5.1460
4.7882 5.1650 4.7185 4.1806 4.1818 4.8706 6.1214 0.7171 0.7692 1.3745 2.0421 2.4810 3.0965 3.4126 4.4533 5.0506 5.4270 5.1379 5.4440 4.8261
4.4930 4.3918 4.5467 4.1391 4.5013 4.9054 5.5556 0.5441 0.9027 1.2114 2.7455 3.3751 3.4055 3.9162 4.0901 4.6618 5.5642 5.0586 5.0604 4.8284
4.5259 3.9347 4.6743 4.5981 4.7827 5.1451 5.7542 6.2003 6.2177 5.2703 4.1948 3.9999 3.8927 4.1476 4.1159 4.2686 4.9936 4.5951 4.3405 3.9515
4.7436 4.3925 4.5749 4.7381 4.7331 4.6869 5.7067 5.5853 0.0465 5.3708 4.7736 4.0274 4.3069 4.4447 4.0613 4.2755 4.2711 4.5966 4.3045 4.4762
4.0552 4.2343 4.1804 3.6518 4.2534 4.7228 5.2569 5.5421 5.9784 4.8393 4.2545 4.1615 4.2647 4.3180 4.5502 4.0435 3.7712 3.9183 4.1216 3.9084
3.9575 4.0254 3.3880 3.4521 3.5545 5.2031 0.0910 0.5966 6.1978 4.9377 4.0923 4.3196 4.3049 4.0587 4.3546 4.3256 3.8728 3.4035 3.4984 2.7973
2.8238 3.2457 3.3827 3.3319 2.0977 0.9181 1.0248 0.6486 0.8254 3.9827 4.0654 4.6811 4.7553 4.5564 4.2589 3.7357 3.6652 2.9291 3.3567 2.6063
1.9432 2.3784 2.9524 2.4963 1.8383 1.3487 1.4618 1.4995 2.0518 2.5154 4.7290 5.0034 4.8744 4.8596 3.8590 3.6325 2.2777 2.2923 1.9707 1.9405
1.8880 1.8427 1.9590 1.5335 1.2820 1.0585 1.3643 1.3647 1.6178 2.0333 0.9509 5.8083 5.0235 4.8521 4.4528 3.3161 2.1451 1.7618 1.5320 1.8080
1.7740 1.8271 1.3029 1.2601 1.3370 1.3083 1.6297 1.4608 1.2480 1.6084 1.0295 0.3391 6.0015 5.6657 6.0651 0.4137 1.0092 1.1223 1.0990 1.2012
