6.0596 5.7071 5.8280 4.9399 4.9058 5.2120 5.3318 4.8091 4.8175 3.6529 3.2419 2.0693 2.0447 1.9667 1.3444 1.2140 0.6101 0.6028 0.6705 0.4351
5.7116 5.5272 5.3337 4.9358 4.7053 4.6132 4.7328 4.7958 4.6184 4.1334 3.4822 1.8984 1.3495 1.5750 1.4647 0.9208 0.9639 0.8631 0.0381 6.1421
5.8651 5.5884 5.7074 5.0511 4.5844 4.1096 4.1705 4.7566 4.7394 4.5704 3.6274 1.7475 1.1594 1.7334 1.6097 1.1291 0.5326 0.2731 0.3582 5.6572
5.6583 5.9957 5.2147 5.4413 5.1449 4.3994 4.4817 4.6307 4.7486 4.9486 5.3945 5.9806 0.1935 1.0055 1.4005 0.3496 0.6223 6.1600 0.2931 6.1588
5.3750 5.0723 5.2502 4.8489 4.4243 4.5212 4.1474 4.7177 4.9307 4.9152 5.3398 6.1095 6.1828 0.7663 0.7571 1.3716 0.7047 5.9179 5.8570 5.5477
5.3121 4.5882 4.9173 3.9386 4.0489 3.9305 3.8796 4.5421 4.9053 5.0922 6.0342 6.1404 0.1456 0.9794 0.9534 0.8269 0.3111 5.7700 5.6731 5.5402
4.6478 4.0520 3.9763 4.0559 3.9067 3.6213 4.0182 4.6321 4.3431 4.5868 5.8236 5.9889 0.1890 0.4590 0.5238 0.6845 0.2603 5.7743 5.3086 4.9304
4.1338 3.9557 3.2943 3.0435 3.4543 4.2260 4.2188 4.1128 4.2360 5.3604 6.1246 6.2563 0.7841 1.0620 0.5084 0.7510 0.0737 5.5594 4.7453 4.7112
4.1846 3.6586 3.2965 3.2925 3.4611 3.5627 3.2544 3.2314 3.0076 2.7949 0.4313 0.2686 1.1295 1.3397 0.7308 0.3077 6.2119 5.4655 4.3774 4.4110
3.6150 3.7406 3.2184 3.1196 2.8604 2.8966 2.7500 2.4277 2.4374 1.9811 1.2420 0.7227 1.3567 1.7594 0.9515 0.5475 6.1941 6.1299 3.9742 4.3564
2.8434 3.2072 3.7611 3.5643 2.7974 2.2732 2.2902 1.9195 1.9204 1.7039 1.7379 0.9875 1.0209 1.0937 0.5806 0.6064 1.2859 1.6125 3.1928 3.1883
2.9789 2.7923 3.3006 3.0285 2.6068 2.0701 2.2353 2.3186 1.9975 1.9647 1.2037 1.0165 0.9911 0.9339 0.9332 1.0329 1.0370 1.8818 2.6480 2.2751
2.7694 2.7960 3.5293 3.2450 2.7544 2.4863 2.1123 2.8293 1.9972 1.7823 1.6883 1.3593 1.5276 1.2483 1.6212 0.8123 1.0486 2.0366 2.7495 2.1900
2.2698 2.8184 3.1776 3.1072 2.7809 2.5702 2.1478 2.0861 2.1844 1.8367 1.6402 1.4843 1.6956 1.5675 1.3323 1.0946 1.1565 1.6282 1.6672 2.1524
2.4687 3.3692 2.8743 3.3807 3.2425 2.9189 2.2396 2.2010 1.9234 1.8717 1.5709 1.6999 1.7157 2.0049 2.1798 1.8875 1.5856 1.4760 1.6287 1.6790
2.7128 3.3351 3.3308 3.1881 3.5304 3.1650 2.3491 1.8746 1.7598 1.4218 1.6224 1.6044 1.9754 2.3782 2.2140 2.1699 2.1138 2.5159 1.8774 2.1786
2.2372 3.8307 3.7481 3.5245 3.1166 2.1481 1.6035 1.5943 1.2722 1.3025 2.4568 2.4124 2.4155 2.5544 2.1983 2.2939 2.2220 1.9814 1.8141 1.7461
1.0402 5.3415 4.6725 4.9055 4.4613 0.6872 1.2265 1.6175 1.7371 1.9400 1.8210 2.7878 2.6690 2.5159 2.5109 1.4825 1.7577 1.5591 1.6149 1.3685
0.0154 5.8639 5.2586 5.5901 5.7862 0.5063 0.4324 1.1403 1.6835 2.2248 1.9391 2.1594 2.0163 1.7918 2.0816 1.6523 1.7013 1.5756 1.1888 0.7403
6.0532 5.2853 5.5292 5.4933 5.7924 5.7521 0.0501 0.1840 0.9916 2.5268 2.7791 2.1746 2.2178 1.5945 1.6457 1.6658 1.5346 0.9889 0.9177 0.2366
