0.6656 1.1704 1.1049 0.5138 0.1964 0.2739 0.6877 0.6748 1.2360 1.9166 2.0793 2.0504 2.1163 2.1493 2.5411 2.0701 2.0237 1.8410 1.6436 1.3998
1.2958 0.4068 1.3529 0.2259 6.1157 6.1336 6.2661 6.1225 1.8775 2.2453 2.7831 2.8619 2.0847 1.7181 1.8854 1.9706 1.7185 2.2257 1.7706 1.2503
1.1123 0.8026 1.2428 0.6949 6.1585 6.2080 5.6228 5.1824 4.4075 3.3851 3.5363 3.1094 2.3757 1.7454 1.4753 1.2684 1.6619 1.6286 1.5026 1.4417
0.5195 0.8238 0.9791 0.4101 6.2149 5.6162 5.5433 5.1538 4.6696 4.4888 4.1109 4.1729 1.9376 1.6546 0.8991 1.8055 1.3465 1.5222 1.9132 1.2762
1.0355 1.5493 0.6610 0.4667 5.8450 5.4285 4.9816 4.6237 4.7643 4.6985 4.8558 4.8624 0.5004 0.7725 0.9840 1.3860 0.8703 1.2990 1.7529 1.3274
0.8993 0.9487 0.4449 0.9100 5.8571 5.8734 5.6935 5.0321 5.0335 4.7443 5.5055 6.0371 0.4613 0.3549 0.5856 1.2274 1.0647 1.0427 0.8382 0.1122
0.9305 1.0526 0.9127 0.7894 0.4876 5.9917 5.8015 5.5461 5.8755 5.0249 5.5835 6.0745 0.1185 0.1847 0.4217 1.2006 0.7127 0.8235 0.7694 0.6288
0.8082 0.9631 0.6798 0.3714 0.3291 6.1279 5.6850 5.6753 5.5133 5.8168 5.9061 0.1925 6.0035 6.0700 0.4582 1.4964 1.1478 1.0303 0.9899 0.5521
1.6667 1.2452 0.4613 0.3521 0.2664 0.4278 6.1659 6.2755 5.9590 6.2771 6.2808 6.0506 6.0249 5.7782 0.2304 1.2586 1.4927 0.9757 1.4599 1.5012
1.5602 1.3714 0.7669 0.2373 0.5621 0.1765 6.0625 6.2188 0.1146 6.1802 0.1502 0.0115 0.2300 0.1616 0.8203 1.3310 1.7325 1.4080 1.7885 1.1256
1.6312 0.9902 1.1427 0.5600 0.6189 0.4957 6.0855 0.5282 0.2498 6.0227 0.1927 0.0433 0.5643 0.8856 0.9603 1.8580 1.4504 1.8118 1.3413 1.4848
1.1888 1.2916 1.0201 0.8358 0.4795 0.2842 0.0983 0.3786 6.2414 0.6061 0.4307 0.8257 1.2193 1.3735 1.2882 1.5409 1.3073 1.8973 0.7929 1.4511
1.1713 1.2998 1.6471 1.1352 1.0104 0.1809 0.2122 6.2126 5.9669 0.0993 0.5635 1.5575 1.7137 1.8368 1.6223 1.5655 1.1163 1.7803 1.3256 1.7419
1.4471 1.4366 1.0834 0.9156 0.9454 0.5840 0.3810 0.2188 0.5507 0.1617 1.1218 1.3276 1.7791 2.0588 2.3093 1.7471 1.6594 2.0875 2.2191 1.8979
1.1170 1.2164 0.9008 1.1159 1.0511 0.5273 0.2915 6.0854 0.2924 0.6093 0.8068 1.9098 2.0854 2.0048 1.6197 1.3045 1.6548 1.7127 1.9902 1.3152
1.3748 1.2199 0.8523 0.7102 1.1942 0.3873 0.5367 0.7538 0.2785 0.1944 0.5699 1.7824 1.6475 1.9610 2.0730 2.0018 1.8468 1.7257 1.6409 1.8295
0.9104 0.7923 1.1814 0.8252 0.8901 0.6387 0.3381 0.4039 0.5162 0.5398 1.1441 1.4254 1.8128 2.3769 2.3373 2.4166 1.9021 2.3737 1.7608 1.2453
0.6856 1.0245 1.0389 0.8221 0.8492 0.3043 0.0948 0.4362 1.0262 0.8733 1.5501 1.5400 1.7835 2.2306 2.5618 2.7541 2.1168 2.4563 1.9656 1.1353
1.3181 1.0394 1.1265 0.3696 0.7332 0.5806 6.1193 0.5014 0.9882 1.2382 1.6851 1.8784 1.8376 2.4937 2.4791 2.8674 2.5834 2.2536 1.9733 1.1634
0.8782 1.0212 1.1847 0.4439 0.3916 0.0755 0.4116 0.6805 0.9971 1.4842 1.9194 1.6238 1.6425 2.0776 2.7304 2.4996 2.7321 2.2291 2.1646 1.2851
