2.3186 2.5801 2.2746 2.1836 2.0076 1.3570 1.2757 0.1337 1.1710 0.9106 1.3671 1.1383 1.2390 2.0939 1.3260 1.3452 1.8078 1.6045 1.6813 2.0081
2.7293 2.8848 2.3777 1.8157 1.7707 1.7315 1.4398 0.9231 0.6068 1.0185 1.3969 1.5338 1.0693 1.6846 0.9903 1.3603 1.5856 2.1346 1.7059 2.3901
2.7500 2.5351 2.4243 2.0488 1.8320 1.9662 1.3966 1.5455 0.7611 0.9657 2.0187 1.8458 2.1534 1.8116 1.5866 1.6480 1.7598 1.9953 2.2420 3.1371
2.0848 2.4285 2.1111 2.2658 2.2904 2.3145 1.6632 2.1067 1.5532 2.0568 2.1236 2.1186 2.2508 1.7753 1.8191 1.7330 2.3494 2.6725 2.7719 2.8778
2.7324 2.4111 2.3200 2.7111 2.7607 2.4122 2.1756 2.3728 2.6681 2.4609 2.1891 2.3528 2.3642 2.1423 2.1298 2.2829 2.4559 2.7126 2.5871 2.6634
2.2418 2.3818 1.8829 2.1951 2.7914 2.4701 2.5253 3.1171 2.8180 2.8161 2.2511 2.2337 2.3197 2.4852 2.5159 2.1779 3.0712 2.8141 2.9784 2.5801
2.4514 2.3890 2.4801 2.7162 2.4171 2.4436 2.5609 3.0595 3.0200 2.5164 2.4079 2.7781 2.6124 2.5224 2.9455 3.2195 3.0853 3.1721 2.9689 2.4295
2.5125 2.4493 2.3353 2.3433 2.1424 2.7711 3.0878 2.9512 2.5779 2.6041 3.3352 3.0523 3.1464 3.3710 3.0085 3.3914 3.4416 3.6756 2.7489 2.1964
2.6287 2.8978 2.7041 2.7586 2.4765 2.0908 2.8473 2.4774 1.9516 2.9600 3.3596 3.4485 3.2406 3.8446 3.9802 3.9746 4.2801 3.9440 3.4315 3.1967
3.3076 3.0484 3.1013 2.6832 2.3675 2.3270 2.3543 2.5352 2.4221 2.6123 3.5165 3.6929 4.1461 4.1850 3.8552 3.4685 3.5217 3.4904 3.6114 3.5501
2.8741 2.6045 3.0480 2.5120 2.1983 1.9064 2.4277 2.6310 2.1044 2.3797 3.1298 4.4281 4.5148 4.6675 4.5287 4.0450 4.6034 4.0585 3.4423 3.4037
3.4119 3.8026 3.6232 3.4603 2.8614 2.5411 2.0594 1.7315 2.1321 2.1290 3.5161 4.6588 4.7183 4.3328 4.5416 3.9065 4.1561 4.0547 4.2739 3.6423
3.5954 3.7038 3.5894 3.2668 2.6555 2.5007 1.8342 1.6587 2.1776 1.6586 1.6128 0.2703 5.0910 5.2398 4.6453 4.0952 4.0213 4.0056 4.1949 4.1540
3.6288 3.5847 3.6021 2.9239 2.8907 2.4362 2.0252 1.7887 1.6943 1.6261 1.6576 0.9114 5.8674 5.7674 4.8933 4.7819 4.7052 4.3752 4.5416 4.2397
3.7616 3.8033 3.8037 3.3967 3.3286 2.3673 2.1822 2.1431 1.7206 1.5138 0.9346 0.9510 0.3863 0.0129 5.9057 5.5645 4.8367 4.8274 4.6861 4.5461
4.3758 3.9002 4.1842 4.2154 3.9498 2.7040 2.0006 1.7686 1.5858 0.9586 0.7156 0.5936 0.4938 0.1156 6.1411 6.0331 5.7142 5.6543 5.2350 4.2754
4.7687 4.3973 4.2621 4.3744 5.2954 0.1604 0.8945 1.5903 1.3963 1.0161 0.7261 0.6302 0.2816 0.1834 0.4598 0.4182 5.9242 6.0886 6.0631 5.0701
5.0452 4.0522 3.9012 4.6958 5.3035 0.1692 0.5236 0.7815 1.0695 0.2642 0.4839 0.0787 6.2429 0.6505 0.7990 1.1955 0.9544 6.2499 0.0622 6.1490
4.0468 3.7471 4.5500 4.6540 0.0724 0.4949 0.4989 0.7475 0.5502 0.2629 0.4748 0.6872 0.4702 1.0144 1.3187 1.3638 1.5808 1.0940 0.5396 0.4554
2.5583 3.6895 3.2086 2.4678 1.5883 1.3777 1.1600 1.0449 0.4721 0.4036 0.1810 0.8223 1.0710 1.1732 1.8256 1.5635 1.3120 1.3491 1.6844 1.8458
