4.4854 4.9359 5.1175 5.6515 6.1096 6.2158 5.9340 5.8376 4.9361 4.1910 3.6625 3.0498 3.0752 2.5922 2.6424 2.2218 2.1003 2.2812 2.7756 3.8555
3.9847 4.4740 5.0259 5.7105 6.1698 0.0515 0.1399 6.2560 5.4368 3.7419 3.3273 2.9347 3.0721 2.6713 2.5099 2.6235 2.5022 2.5617 3.0097 3.5248
3.5764 3.8060 4.6607 5.9826 0.2452 0.5012 0.5083 0.6419 1.2805 2.7459 2.8462 2.6860 2.6339 2.3733 2.6348 2.7257 2.7590 2.8524 2.7956 3.1973
2.7808 2.8250 2.2530 1.3284 0.7956 0.8737 0.9950 0.9909 1.7541 2.1635 2.3449 2.2879 2.4406 2.6660 2.5768 2.6101 2.6841 2.7032 2.9672 3.1632
2.3042 2.4076 2.0900 1.6542 1.1902 1.1891 1.3896 1.4120 1.5612 1.8488 2.0974 2.1355 2.2709 2.4693 2.3889 2.3804 2.5799 2.6047 2.5058 2.5181
2.0474 2.2438 2.1173 1.7196 1.3531 1.1319 1.4801 1.5164 1.7375 1.7796 2.0843 2.0464 2.1693 2.4960 2.3832 2.4160 2.1159 2.3091 2.0859 2.1145
1.8199 1.8216 1.9483 1.5956 1.3295 1.3692 1.5867 1.6121 1.8309 1.8880 2.1950 2.1076 2.2483 2.4331 2.1425 2.2923 2.2802 2.3021 2.0563 1.8412
1.5111 1.4484 1.5723 1.3465 1.1548 1.1239 1.3490 1.4267 1.7725 1.7503 2.1002 2.2060 2.2752 2.5212 2.0815 1.8328 2.2778 2.2123 1.7743 1.6112
1.3229 1.3364 1.1654 1.2256 1.1909 1.5090 1.4723 1.4883 1.7347 2.0750 1.9376 2.3249 2.3141 2.0653 1.9090 1.9241 1.7416 1.5963 1.3974 1.2859
1.1076 1.0927 1.0387 1.0427 1.0588 1.4052 1.5058 1.7701 1.7011 1.7583 1.9034 1.9807 1.8562 1.8497 1.9163 1.9267 1.8088 1.4036 1.4064 1.3069
0.8025 0.8458 0.7642 0.8553 1.0709 1.4917 1.6288 1.6117 1.6918 1.7272 1.8762 1.9282 1.6964 1.7635 1.8890 1.6933 1.7593 1.3080 1.1351 1.2390
0.9206 0.6770 0.7614 0.8931 1.0460 1.2421 1.5121 1.6829 1.6968 1.7240 1.9927 1.8506 1.7297 1.4744 1.6157 1.5518 1.4058 1.0745 1.1171 0.8278
0.5936 0.5710 0.7348 0.8887 0.6220 1.1202 1.5853 1.7071 1.7021 1.8685 1.7319 1.8282 2.0669 1.8014 1.9859 1.6123 1.3087 0.9584 0.8236 0.6862
0.5973 0.5557 0.3909 0.7679 0.9420 1.1060 1.4447 1.7590 2.0283 1.8852 2.1421 1.9080 1.9028 1.9961 1.8280 1.5352 1.0055 0.8437 0.8489 0.5188
0.4077 0.2350 0.5550 0.5971 0.8248 0.8056 1.3293 1.7643 2.0021 2.1848 2.2305 2.4704 2.0384 1.9097 1.7369 1.7188 1.3297 1.1273 0.7787 0.6893
0.1972 0.2730 0.5079 0.6664 0.7692 1.0879 1.2450 1.6362 2.0582 2.1575 2.2588 2.3483 2.3095 2.2376 1.8132 1.7290 1.6133 0.8988 0.7189 0.5550
0.0154 6.1270 0.1251 0.5409 0.4767 0.5503 1.0284 1.4995 2.0284 2.3640 2.6044 2.3991 2.3013 2.2628 1.8790 1.5420 1.2946 0.9940 0.8401 0.4789
0.0619 6.2535 6.1865 6.1883 0.1789 0.4433 0.6695 1.0737 2.2247 2.7382 2.6836 2.6851 2.5609 2.3751 2.3187 1.5915 1.3728 1.3169 0.8680 0.3591
5.9055 6.0078 6.2462 6.1687 6.0680 6.2757 0.0351 0.1061 3.7982 3.5140 3.1432 2.7624 2.6607 2.5565 2.4769 2.0510 1.7559 1.5997 0.9364 0.1076
5.5154 5.4967 5.5050 5.8201 5.8856 6.1024 6.1635 5.8875 4.8455 4.0498 3.3468 3.1150 2.9325 2.6332 2.5985 2.1983 1.8867 1.8336 1.2933 6.0822
