4.2104 3.4164 2.8800 2.6752 2.8573 2.6015 2.5413 2.7269 3.0159 2.9731 3.7001 4.0977 4.2636 4.2224 4.8348 5.0349 5.0862 4.9734 4.7216 4.6195
3.9762 3.3582 2.9158 3.0275 2.8149 2.5103 2.6005 2.7103 2.7010 2.8338 3.3249 3.8464 4.2569 4.3943 4.9974 5.0834 5.2216 5.1939 4.8006 4.2856
4.1106 3.6034 3.0171 3.1561 2.7643 2.4776 2.5070 2.3464 2.5337 2.5328 2.6775 3.0061 4.9074 5.1876 5.3097 5.1017 5.0198 5.0253 5.0823 4.5496
4.1880 3.5964 3.0825 2.9131 2.6982 2.4443 2.2749 2.0067 2.1286 1.9672 1.8331 1.4904 5.9230 5.8411 5.4214 5.2630 5.0635 4.9527 4.9129 4.6492
4.2701 3.5179 3.0228 2.8512 2.5050 2.2025 1.9500 1.9279 1.8982 1.7493 1.2744 0.7320 0.0676 5.9702 5.5728 5.2718 4.9847 4.8188 4.9697 4.7575
4.6789 3.7551 3.0036 2.3325 2.1835 2.1791 1.7253 1.8507 1.9683 1.6077 1.1322 0.6323 0.3722 5.8773 5.6120 5.2642 5.6730 5.3450 5.1201 4.9281
5.6395 0.2752 1.4757 1.7813 2.0802 1.9884 1.5961 1.6324 1.8560 1.7498 1.3715 0.7097 6.0541 5.8409 5.7251 5.5436 5.4757 5.4859 5.6752 5.3810
6.0549 0.4933 1.1362 1.5801 1.7561 1.6863 1.5367 1.8269 1.8996 1.8779 1.5983 1.1381 6.1061 5.6099 5.6261 5.5872 5.5722 5.5285 5.4666 5.8331
0.0059 0.3353 1.0323 1.3651 1.5611 1.6511 1.6535 2.1114 2.1399 2.4764 2.5774 2.6975 5.1582 5.2477 5.4272 5.4737 5.6998 5.7667 5.8148 5.9836
6.2167 0.5163 0.9470 1.3359 1.4388 1.4705 1.6718 2.0043 2.3908 2.7941 3.0133 3.3205 4.3747 4.8378 5.1485 5.4496 5.6968 5.7957 5.9191 6.0300
0.2126 0.5107 1.1315 1.2006 1.3985 1.5776 1.7714 2.1045 2.3993 2.7355 3.1279 3.4526 4.0440 4.4613 4.9732 5.4652 5.8121 6.0480 6.0418 6.1014
0.2350 0.3544 0.8281 0.9724 1.1230 1.1682 1.8521 2.2912 2.6920 3.2146 3.3306 3.8673 4.2585 4.6844 5.1399 5.4936 5.8924 6.0303 6.2516 0.1074
0.2415 0.5185 0.7427 0.9724 1.1261 1.2369 2.1409 2.2940 2.6008 3.3684 3.9229 3.9709 4.5841 4.8018 5.3365 5.6132 6.0910 5.9448 0.0353 0.1867
0.3499 0.5373 0.8116 0.9149 1.1074 1.4609 1.7321 2.2100 2.7508 3.3666 3.5904 4.2352 4.6600 4.9427 5.3074 5.7093 6.0317 6.2270 0.0055 0.0320
0.6302 0.9174 0.8440 1.2162 1.3132 1.5664 1.7698 2.1314 2.5580 3.1152 3.7660 4.3288 4.7562 4.9941 5.5380 5.7044 5.9833 6.0986 6.1859 0.4194
0.3447 0.9253 1.0446 1.2430 1.7117 1.6458 2.0468 2.4090 2.7912 3.4563 3.9749 4.5749 4.8698 5.1261 5.4535 5.7138 5.9404 6.0520 6.1373 0.2141
0.1667 0.4688 1.2446 1.4696 1.7198 1.9086 2.0541 2.4645 2.8767 3.4102 3.8695 4.3132 4.8202 5.0489 5.4787 5.6740 5.6046 5.6641 5.9412 6.2413
6.1229 0.7659 1.1476 1.7351 2.1728 1.9505 2.5151 2.6441 2.8803 3.4057 3.9220 4.2061 4.7764 4.9048 5.3631 5.5550 5.6321 5.6620 5.7729 5.8035
5.7703 1.3449 1.5729 2.1423 2.0983 2.3197 2.5100 2.8199 3.3644 3.6357 3.7229 4.2054 4.6662 4.9205 5.3634 5.4065 5.3928 5.1622 5.4916 5.5960
4.9735 2.9356 2.6483 2.3779 2.2230 2.5533 2.7874 2.8574 3.1186 3.3933 3.6354 4.2306 4.3174 4.5101 4.9103 4.9057 5.0481 5.0532 5.1619 4.9871
