3.3814 3.0323 3.3672 3.3658 3.6673 3.5636 3.5715 3.5881 3.7972 3.7817 3.7628 3.7786 3.3742 3.2628 3.4467 3.3110 3.1592 3.0951 3.1294 3.4740
3.3562 3.1987 3.5249 3.4771 3.4914 3.4251 3.4834 3.6982 3.7217 3.4760 3.7182 3.7163 3.4939 3.5351 3.2396 3.2889 3.3257 3.4780 3.1063 3.4965
3.4451 3.2194 3.2222 3.5939 3.5489 3.3924 3.4314 3.6749 3.6392 3.6169 3.8702 3.7402 3.5320 3.4488 3.3125 3.3065 3.2353 3.1445 3.3930 3.5216
3.3998 3.4021 3.5237 3.5759 3.3595 3.7336 3.7024 3.6075 3.8261 4.0182 3.8976 3.8174 3.6768 3.3472 3.3884 3.4711 3.3385 3.5753 3.2247 3.1678
3.4428 3.5185 3.4440 3.4271 3.5254 3.4646 3.3671 3.5396 3.9561 4.1583 3.9759 3.8209 3.5383 3.4502 3.3837 3.4476 3.3501 3.4605 3.3377 3.2929
3.3161 3.3353 3.4370 3.3272 3.4361 3.3933 3.6673 3.7087 3.8439 3.9598 4.2114 3.9770 3.7220 3.6955 3.6376 3.3720 3.4848 3.5863 3.4762 3.5370
3.3951 3.4272 3.3039 3.2714 3.3828 3.5006 3.7003 3.9636 4.0937 3.9531 4.0534 3.8147 3.8671 3.6486 3.8461 3.5077 3.3125 3.3754 3.3709 3.5158
3.2932 3.4013 3.4914 3.5118 3.3900 3.6825 3.9327 3.9153 4.1677 4.0272 4.0029 4.0333 3.8564 3.8902 3.7613 3.6845 3.6880 3.5369 3.4248 3.3922
3.3960 3.4262 3.4193 3.4381 3.7100 3.8419 4.1163 4.3213 3.9912 3.8091 3.9315 3.9505 3.8433 3.6598 3.5513 3.5139 3.5775 3.7564 3.3464 3.3772
3.5530 3.2726 3.2791 3.6092 3.5846 3.8630 3.9690 4.2572 3.9890 3.5693 3.8213 3.6999 3.8090 3.5436 3.4885 3.6248 3.4456 3.3990 3.5470 3.4429
3.7233 3.4337 3.6911 3.6314 3.7798 3.7665 3.9957 4.0374 3.9619 3.8732 3.8184 3.6732 3.7806 3.6416 3.5355 3.4818 3.5352 3.4463 3.4728 3.6113
3.6041 3.7773 3.6689 3.8467 3.9891 3.8685 3.9722 4.0649 3.8078 3.7996 3.9652 3.7261 3.3994 3.6222 3.5979 3.6540 3.5085 3.4205 3.3518 3.6155
3.5643 3.8160 3.9502 3.7936 4.0313 4.0060 3.8791 3.8998 3.8225 3.5719 3.5339 3.6907 3.5933 3.7156 3.4292 3.4145 3.5196 3.7118 3.6337 3.6767
3.6958 3.8342 3.8457 3.9323 3.6804 3.7816 3.7845 3.7348 3.6791 3.6998 3.5987 3.6135 3.6513 3.5659 3.4700 3.4804 3.6099 3.4401 3.4144 3.8117
3.4532 3.7090 3.6553 3.9045 3.8396 3.7990 3.7631 3.7159 3.8154 3.5390 3.3079 3.1468 3.4569 3.3485 3.5115 3.5668 3.4346 3.6697 3.7066 3.5570
3.4416 3.2947 3.5860 3.7771 3.7458 3.6909 3.4790 3.7297 3.9072 3.5496 3.2626 3.2564 3.4055 3.2917 3.2383 3.2997 3.4706 3.4989 3.6125 3.4876
3.3032 3.2821 3.4705 3.4845 3.6260 3.8228 3.8140 3.9273 3.8489 3.5187 3.3105 3.2403 3.2933 3.3291 3.0203 2.9825 3.0381 3.1910 3.1372 3.1298
3.2838 3.5092 3.5768 3.5430 3.7209 3.7732 3.9280 3.8148 3.7553 3.5844 3.3981 3.3493 3.3297 3.1803 3.2865 3.0474 3.1304 2.9352 2.9785 2.8994
3.2769 3.2907 3.2924 3.5367 3.7318 3.7700 3.7074 3.4873 3.7382 3.5980 3.4713 3.3037 3.1621 3.0054 3.2606 3.3474 3.2470 3.1261 3.1052 3.1386
3.3357 3.1618 3.5187 3.6943 3.6562 3.6883 3.6146 3.6963 3.7764 3.6156 3.4097 3.5513 3.3596 3.2820 3.2096 3.3496 3.1896 3.2909 3.5116 3.4096
