3.9597 4.0197 4.1170 4.0261 4.0803 4.1860 4.1776 4.2323 4.2782 4.1026 4.5377 4.1693 4.2694 4.2247 4.0442 3.8358 3.7413 3.8344 3.8786 3.8090
3.8062 3.8773 4.0978 3.9011 3.9326 3.9634 3.9951 4.0212 4.3226 4.0102 4.3408 4.2362 4.1608 4.3888 4.1843 3.6390 3.8199 3.7849 4.0306 4.0279
3.9505 4.0015 4.1038 4.1687 4.1125 4.0597 3.9567 4.0342 4.1260 3.9613 4.2569 4.0303 3.7976 3.7887 3.8727 3.6172 3.7034 3.8499 3.6987 4.0060
3.8835 3.8344 4.1016 4.1635 4.0903 3.7734 4.0071 3.8589 4.1370 4.1237 4.0269 3.8128 3.9548 3.8758 3.8112 3.7369 3.8698 3.6672 3.6854 3.7679
3.6846 4.1349 3.9469 4.1725 4.1376 3.9321 3.9956 4.1855 3.9644 3.9974 3.9712 4.0967 3.9616 4.1672 3.8571 3.8732 3.7482 3.9364 3.8438 3.7930
3.9227 3.8598 4.0296 4.0803 4.2427 4.2448 4.3320 4.4641 4.2741 4.0288 4.0081 4.3527 4.1355 3.8067 3.9356 3.8312 3.6983 3.9502 4.1141 3.9023
3.9310 3.8902 4.0108 4.5598 4.6552 4.6465 4.6223 4.3201 4.4207 4.2217 4.2863 4.4447 4.2181 4.1798 3.9546 3.6864 3.6002 3.7481 3.6613 4.0078
4.0333 4.1501 4.4052 4.6825 4.5542 4.8485 4.7488 4.6845 4.6123 4.5104 4.5288 4.5080 4.3354 4.2711 3.8609 3.8189 3.8548 3.9099 3.7416 3.9408
3.9800 4.1487 4.4882 4.7136 4.7808 4.7677 5.0095 4.7904 4.8246 4.8451 4.7109 4.6523 4.2169 4.1556 3.9355 4.0541 3.9507 3.8780 3.8059 4.1060
4.1348 4.3656 4.8253 4.9556 4.9745 4.9983 4.9158 4.9600 4.9503 4.7505 4.7145 4.5016 4.2804 4.1002 3.8943 3.9698 3.8120 3.6139 3.8456 4.2233
4.1773 4.4337 4.8067 4.8998 4.7799 4.9274 4.9644 4.8193 4.7816 4.6537 4.6637 4.6165 4.3573 4.2385 4.2660 3.9230 3.7703 3.7002 4.0075 4.0736
4.1155 4.2930 4.6086 4.8449 4.6709 4.9851 5.1358 4.8596 4.8085 4.8398 4.5665 4.7532 4.3243 4.2960 4.0057 4.0769 3.6353 3.7486 3.9914 4.1376
4.4051 4.2497 4.3993 4.9196 4.8578 4.8923 4.9651 4.7970 4.8634 4.7458 4.6258 4.8242 4.6187 4.0995 3.9805 4.0078 3.8737 3.9408 4.0852 3.8903
4.1170 4.2278 4.3143 4.8222 4.8455 5.0105 4.9604 4.5830 4.7371 4.7364 4.6674 4.7156 4.4252 4.2493 4.2354 3.9800 4.0414 3.6490 3.8897 3.9423
3.9919 4.1452 4.3863 4.6779 4.6916 4.7649 4.7790 4.7518 4.6997 4.4956 4.6898 4.4549 4.5500 4.4436 4.2711 4.1244 4.0207 3.8244 3.7808 3.8514
4.1136 4.3323 4.5501 4.8157 4.7427 4.5467 4.7214 4.7228 4.5459 4.5413 4.4474 4.3236 4.6283 4.5903 4.3791 4.2819 4.1841 4.0210 3.9193 3.8329
4.0583 4.5186 4.3848 4.3074 4.8270 4.6855 4.7856 4.5789 4.4060 4.4009 4.2032 4.2739 4.4914 4.4249 4.3525 4.3233 4.0922 4.0289 3.9541 4.0001
4.0214 4.2388 4.2827 4.3793 4.3134 4.5238 4.6623 4.5138 4.3203 4.2919 4.1481 4.4561 4.4296 4.0818 4.2220 4.2513 4.0284 3.8011 4.0646 3.9921
3.8000 4.0489 4.0932 4.2161 4.2299 4.4220 4.3903 4.3251 4.4189 4.3422 4.4589 4.4149 4.2868 4.2411 4.2305 4.0960 4.0663 3.9428 4.0926 3.9191
4.0501 3.9695 4.0062 4.2021 4.1508 4.1862 4.3090 4.1835 4.3133 4.3694 4.3870 4.2943 4.2183 4.1753 4.1914 4.0233 3.8951 3.8820 3.9890 3.9652
