1.6468 1.5372 1.2944 0.9524 0.9936 1.0483 1.3469 2.7397 2.9269 2.7538 3.0502 2.8672 2.7285 2.7096 2.5419 2.2197 2.2374 2.1300 1.8306 1.7956
1.4862 1.4528 1.4547 1.0901 1.2752 1.2994 1.8022 2.1522 2.5858 2.7433 2.7692 2.9374 2.8108 2.6857 2.4388 2.1807 2.1855 2.2189 2.0192 1.6961
1.7394 1.7300 1.6422 1.6941 1.8208 1.8721 1.9651 2.2280 2.3515 2.5708 2.6119 2.6945 2.7913 2.7379 2.5732 2.4744 2.2185 2.2222 2.3493 1.9338
1.9660 1.6802 1.5415 2.0648 1.9859 1.9332 1.9806 2.1646 2.3441 2.6050 2.8932 3.0683 2.6745 2.6002 2.5604 2.4454 2.3121 2.3226 2.4367 2.0118
1.8634 1.7639 1.7120 2.0589 1.8853 2.1217 2.1339 2.1077 2.4364 2.5366 2.7875 2.8829 2.7201 2.8483 2.6541 2.3419 2.3007 2.1929 2.0090 1.9148
2.1945 2.0529 2.0276 2.2948 2.2034 2.0216 2.3847 2.5343 2.7580 2.9017 3.0011 3.0078 2.9286 2.8592 2.8716 2.6203 2.4007 2.4556 2.4214 2.1105
2.3612 2.0703 2.3874 2.3898 2.3688 2.2940 2.3841 2.7609 2.8326 3.1875 3.2985 3.0319 3.0952 2.8379 2.6592 2.7073 2.6939 2.6632 2.2829 2.2238
2.3498 2.2147 2.1179 2.4007 2.5630 2.6723 2.5538 2.9452 3.2574 3.4973 3.2728 3.2963 3.0061 3.1252 2.9144 2.7875 2.5540 2.6696 2.4228 2.6316
2.4001 2.3940 2.2590 2.3063 2.5586 2.7496 2.5147 3.2012 3.5417 3.6007 3.6547 3.5202 3.3333 3.1757 2.7895 2.9360 2.9008 2.5294 2.6244 2.3564
2.5693 2.4645 2.1999 2.2163 2.4965 2.7209 2.7839 3.3528 3.7163 3.7192 3.6854 3.7230 3.3952 3.3159 3.1598 2.9956 3.1753 2.7516 2.7522 2.4051
2.3331 2.3102 2.0826 2.1343 1.9836 2.5217 2.8805 3.7158 3.5889 3.4369 3.3656 3.5659 3.5253 3.4924 3.3758 3.2874 2.9793 2.7925 2.7403 2.4139
2.1057 1.8020 1.8601 1.6582 1.6727 2.4018 3.2948 3.6410 3.6243 3.4106 3.4377 3.5041 3.6036 3.5508 3.3363 3.4804 3.1909 2.6599 2.7223 2.3519
2.0571 1.7459 1.7907 1.4448 0.9062 5.9761 4.9153 4.3112 3.8259 3.8478 3.7364 3.5989 3.3700 3.4031 3.4151 3.0990 3.2312 2.7055 2.6556 2.4390
1.9086 1.7061 1.5667 1.2626 0.5915 6.1377 5.2808 4.6934 4.3110 4.0259 3.8257 3.5817 3.6957 3.5505 3.4930 3.1412 3.1970 2.8439 2.5258 2.3852
1.6966 1.5376 1.3101 1.0183 0.5006 6.0631 5.4810 4.9379 4.5001 4.0531 3.9777 3.4405 3.8008 3.4448 3.5586 3.0949 3.1022 2.7049 2.5196 2.2698
1.5633 1.4743 1.0768 0.7514 0.3920 6.2068 5.3692 5.1980 4.5663 4.0985 3.7627 3.6206 3.9685 3.7149 3.3086 3.0100 2.7605 2.5059 2.5940 2.1588
1.4666 1.3556 0.9703 0.6581 0.2703 5.8802 5.4304 5.0970 4.5594 4.0180 3.8392 3.4507 3.5036 3.3073 3.2229 3.2029 2.7952 2.4463 2.2476 1.9402
1.6822 1.3277 1.0992 0.5611 6.2233 5.7024 5.2932 4.7112 4.4341 3.9680 3.8063 3.3864 3.4670 3.2872 2.9011 2.8027 2.4623 2.0641 2.0093 1.8568
1.6324 1.5191 1.0477 0.8491 0.0968 6.1077 5.4942 4.3785 4.1282 4.0067 3.7111 3.2449 3.1483 3.1686 2.9596 2.8573 2.7210 2.3406 2.2020 1.7522
1.7749 1.4469 1.0963 0.8297 0.5787 0.3720 5.9402 3.9689 3.6208 3.5712 3.3959 3.0711 2.7301 2.5643 2.8070 2.4658 2.2616 2.1019 1.8939 1.6330
