0.1014 0.0638 0.5484 0.2302 0.7167 0.8199 1.2700 2.6533 3.1532 3.5635 3.8696 4.1937 4.4613 4.8562 5.4885 5.6809 5.7320 5.8388 6.0714 6.2730
0.1666 0.2078 0.1683 0.2874 0.2446 0.2505 5.9748 4.6361 4.5000 4.4114 4.2000 4.6100 4.7301 5.2376 5.6399 5.9789 5.9272 6.2829 6.1028 0.0369
0.4457 0.4030 0.0781 6.2680 6.1453 6.1429 5.7166 4.9702 4.9407 4.8389 5.0108 4.7112 5.0674 5.3744 5.6661 5.8776 6.1215 6.1969 6.2029 0.1117
0.2887 0.2430 0.1159 6.2064 6.1335 5.8787 5.5524 5.3493 5.0429 5.0870 5.1183 5.2561 5.3596 5.6819 5.7228 6.0243 6.0728 6.2232 0.0877 0.3744
0.1232 0.2037 0.0425 6.2342 6.2230 6.0614 5.9749 5.7626 5.2539 5.5558 5.7088 5.4784 5.7433 5.8329 6.0320 6.1138 6.1695 6.2087 0.1231 0.1709
0.2700 0.0815 0.0525 0.0632 0.1451 0.0626 6.0160 5.9676 5.7180 5.7841 5.8292 5.6846 5.6025 5.9244 5.8819 6.1793 0.1061 0.2616 0.1615 0.3064
0.5707 0.4872 0.2530 0.1278 0.2360 6.2660 5.9780 5.9587 5.9673 5.9306 5.9493 5.9448 6.0503 5.9405 5.9386 0.0647 0.2763 0.4200 0.1472 0.3988
0.4275 0.6233 0.4273 0.3710 0.5826 0.2039 0.1310 0.0425 6.2445 6.1720 0.0215 0.0380 0.0635 0.0390 0.0286 0.1711 0.3253 0.4522 0.3950 0.3440
0.6452 0.7077 0.5365 0.5018 0.7005 0.4660 0.4823 0.6178 0.5628 0.4251 0.3874 0.2894 0.3657 0.4300 0.1984 0.3929 0.7840 0.6721 0.7615 0.6578
0.5202 0.6135 0.6956 0.3899 0.6066 0.8195 0.6961 0.8812 0.8916 0.7496 0.9579 0.5679 0.6108 0.7813 0.9444 0.6613 0.9379 1.1163 1.0462 0.4007
0.5130 0.6288 0.5597 0.5531 0.7719 0.8184 0.8116 0.9584 0.9241 1.0063 1.0081 0.6263 0.5909 0.8803 1.0523 0.9397 0.9157 0.8605 0.7325 0.4585
0.4456 0.5629 0.6661 0.7861 0.8895 0.6753 0.8340 1.1760 1.0451 1.2846 1.2375 1.0037 0.9022 0.9199 1.1336 1.0989 0.9836 0.7700 0.6638 0.5836
0.5159 0.6461 0.6194 0.7669 0.8405 0.9826 1.2957 1.2466 1.1455 1.4097 1.3651 1.1103 1.1787 1.2055 1.1547 0.8687 0.8175 0.8442 0.6450 0.6896
0.4375 0.7250 0.8543 0.8209 0.6747 0.9410 1.1448 1.0868 1.1781 1.4351 1.3748 1.4708 1.3654 1.1678 0.8739 0.8253 0.8098 0.5732 0.7190 0.4930
0.5171 0.6485 0.5645 0.8785 0.8463 0.9163 1.0168 1.2611 1.4661 1.8311 1.9888 1.9978 1.6452 1.5503 1.0462 0.6002 0.5239 0.4458 0.5648 0.3277
0.3322 0.3894 0.6772 1.0422 0.6663 0.9900 1.0066 1.3594 1.8162 1.9715 2.0731 2.2112 2.0797 1.4763 1.1335 0.7259 0.7358 0.3107 0.2253 0.1504
0.1585 0.3250 0.6256 0.7901 0.9205 1.0593 0.9711 1.4749 1.7718 2.0520 2.2265 2.4734 2.6355 1.9925 0.9074 0.4671 0.4324 0.1508 0.0705 6.1776
0.1271 0.3166 0.5593 0.6888 0.8259 0.8386 1.0628 1.5398 1.8254 2.4532 2.7449 2.9726 2.9806 2.5687 0.3911 0.0863 6.1102 6.2728 0.2211 0.0312
0.1160 0.4299 0.6070 0.7787 1.0133 1.1481 1.4312 1.6124 1.9795 2.6190 3.0144 3.3834 3.7580 4.3828 5.7585 6.1859 6.1304 0.0497 0.0933 0.1265
6.2111 0.0988 0.3000 0.5600 0.6529 1.2279 1.5825 1.9276 2.6023 3.1460 3.3485 3.8380 4.2401 4.6506 5.4795 5.9643 5.7936 6.0270 0.0029 0.0032
