1.1346 1.1776 1.1881 1.3057 1.7396 2.1115 2.4228 2.7270 3.0696 3.6125 3.8070 4.6017 5.1950 5.5050 5.9555 0.2185 0.4567 0.5980 0.8683 1.0026
0.9273 1.1469 1.3090 1.3788 1.7529 1.7394 2.1324 2.3469 2.9725 3.7366 4.1038 4.8457 5.1049 5.5427 6.0782 0.0476 0.1029 0.5226 0.7538 0.8600
0.8766 1.0826 1.1870 1.3610 1.5751 1.5853 2.0159 1.6968 2.4171 3.9307 4.4833 4.8744 5.0541 5.3903 5.7391 5.9724 0.0650 0.2931 0.6165 0.6909
0.8162 1.0494 1.1641 1.0668 1.4164 1.3401 1.3624 1.1649 0.4989 5.5653 5.3689 5.0592 5.3682 5.3959 5.5980 6.0912 6.1104 0.0562 0.5943 0.6165
0.5307 0.7833 1.1131 1.0839 0.9520 0.8118 0.8966 0.6234 0.3372 5.6765 5.6681 5.2810 5.2544 5.4940 5.4967 5.8646 5.9267 0.0631 0.5129 0.4197
0.4159 0.5683 0.8339 0.7941 0.8929 0.6624 0.6905 0.5105 0.0814 5.9634 5.7043 5.5755 5.4445 5.4829 5.7120 5.8512 5.9605 6.2695 0.2457 0.3287
0.5272 0.8377 1.0005 0.8293 0.7985 0.6132 0.6682 0.4447 6.2441 6.0264 5.8882 5.6471 5.5465 5.5259 5.6670 5.6539 5.7028 5.9975 6.2553 0.5432
0.6250 0.7445 1.0960 1.1203 1.0496 0.9298 0.5688 0.5732 0.0398 6.1709 6.0034 5.8574 5.6985 5.7033 5.4964 5.5293 5.7719 5.9106 0.1105 0.4542
1.0584 1.2011 1.2479 1.2473 0.9128 1.0106 0.9731 0.6422 0.4370 6.2496 6.0963 6.0685 5.9140 5.5503 5.4162 5.3715 5.5553 5.8506 0.0030 1.0461
1.6803 1.3812 1.3736 1.4062 1.2611 0.9107 0.8937 0.6532 0.6130 0.4220 6.1634 5.9736 5.6247 5.5453 5.3473 5.3381 5.4035 5.4289 5.6121 1.3934
2.0615 1.8990 1.7637 1.6052 1.3331 1.1257 0.8405 0.6360 0.6921 0.3942 6.1124 5.8948 5.6019 5.4900 5.4349 5.2143 5.0550 4.8761 4.2525 2.5696
2.3496 2.0542 1.9579 1.7902 1.4347 1.0033 1.1425 0.8523 0.7455 0.3201 6.1529 6.0116 5.7307 5.4700 5.3216 5.2210 4.9128 4.3025 3.7079 2.5641
2.1899 2.0999 1.9514 1.7285 1.7253 1.3927 1.4380 1.0545 0.6223 0.0947 6.1411 6.1586 5.6893 5.4608 5.1472 4.6785 4.2626 3.8928 3.3091 2.6496
2.4483 1.9788 2.0006 1.8171 1.8075 1.8047 1.7339 1.5377 1.0029 0.6405 6.2355 6.1338 5.5614 5.1517 4.8340 4.5700 3.9213 3.5161 3.1414 2.5431
2.3260 2.2665 2.0625 2.0186 2.1618 2.0478 1.9055 1.7397 1.6103 1.1307 5.9881 5.8339 5.5364 5.2908 5.1290 4.7118 3.3117 2.8393 2.4580 2.2278
2.0256 2.1302 2.2100 2.0659 2.0924 2.2358 2.2897 2.1942 2.3363 2.7591 4.4976 4.9928 5.4447 5.2714 5.8298 6.2347 1.2498 1.8243 2.1071 2.2516
1.9601 1.9872 1.9230 1.9755 2.1962 2.4268 2.5143 2.4388 2.7515 3.4185 4.5430 4.8452 5.3040 5.4957 5.9766 0.3834 0.9362 1.6551 1.8150 1.8852
1.8493 1.9879 1.9603 2.0116 2.1151 2.3440 2.5207 2.8005 3.3322 3.7130 4.5309 5.0077 5.2922 5.5206 6.2017 0.4863 0.7150 1.4151 1.6560 1.7111
1.3810 1.5898 1.8968 1.9103 2.2008 2.4161 2.6436 3.0064 3.4769 3.8344 4.5565 4.8020 5.1499 5.7581 6.1470 0.3147 0.8158 1.1741 1.2676 1.4500
1.3219 1.3058 1.2102 1.7476 2.0761 2.4094 2.6887 3.0664 3.1892 3.6106 4.1458 4.5856 4.9818 5.6586 5.8430 0.2826 0.5897 1.0155 0.9299 1.2498
