0.1222 6.0433 5.7390 5.4128 5.4276 5.3426 5.2489 5.4767 0.9549 1.3640 1.1558 1.2546 1.7065 1.2190 1.1516 1.2171 1.1486 1.1285 0.8624 0.5850
0.2662 0.0260 5.7254 5.6282 5.2273 4.9801 4.4139 4.0066 2.3977 2.0158 1.8339 1.6189 1.7035 1.6871 1.5220 1.3804 1.3904 1.3667 1.0062 0.7799
0.1880 0.0936 5.6830 5.6921 5.4206 4.8259 4.4613 4.0586 3.0533 2.6318 2.0800 2.0366 2.2375 2.2005 1.8465 1.6343 1.6888 1.4776 1.1538 0.7381
0.0440 0.0759 5.8445 5.6503 5.3484 5.1178 4.5613 4.0283 2.9721 2.7249 2.6461 2.4906 2.3074 2.2460 2.1365 2.0880 1.9669 1.4278 1.0305 0.6069
0.1455 6.2128 5.7791 5.3436 5.1799 5.0794 4.5720 3.9811 3.2695 3.2412 2.9369 2.5580 2.6735 2.4819 2.3447 2.3849 2.0997 1.6869 1.1138 0.4291
6.1016 5.9371 5.6238 5.1946 5.0187 4.8788 4.6968 4.2429 3.9450 3.6510 3.4400 2.8558 3.0719 2.9554 2.7215 2.7614 2.6621 1.9974 0.8921 0.2968
6.1685 5.8658 5.4270 5.1908 4.8230 4.5347 4.5538 4.2384 4.2952 3.9963 3.7661 3.3691 3.4235 3.4577 3.1157 3.1342 3.1065 2.5390 0.3451 6.1990
5.7739 5.8328 5.5127 5.2696 5.1917 4.6492 4.6842 4.6688 4.6822 4.3007 3.8522 3.8720 3.7615 3.6944 3.5000 3.6414 3.9933 4.0434 5.4107 5.6528
5.4708 5.5184 5.2644 5.1999 4.9694 4.9729 4.7901 4.7366 4.3957 4.2391 4.1372 3.9629 3.8019 3.5280 3.5289 3.6749 4.0449 4.4597 5.0169 5.2397
5.1139 5.2929 5.0838 5.1713 5.2634 4.8020 4.9636 4.7374 4.5382 4.1670 4.0060 4.1621 3.9563 3.6824 3.8627 3.9706 4.2746 4.3868 4.8218 5.0302
4.9841 4.9749 5.2404 5.1787 4.9436 4.9295 5.0780 4.7247 4.5390 4.4547 4.3756 4.4479 4.2859 4.0094 4.0641 4.2530 4.3446 4.3507 4.7791 4.9917
4.7681 5.0135 5.0446 5.1234 5.0365 5.0379 4.9087 4.8249 4.7122 4.6444 4.7093 4.6660 4.3227 4.2903 4.0665 4.0531 4.1799 4.3395 4.6085 4.8533
4.6364 5.0259 5.2359 5.0909 4.9150 4.8811 4.8171 4.8515 4.9947 4.9041 4.8384 4.8255 4.6735 4.5179 4.2787 4.5785 4.3955 4.2344 4.5799 4.6620
4.9317 5.0190 5.1775 5.1592 4.8903 4.9318 4.9668 4.9312 4.9069 5.2753 5.4108 5.2263 5.0226 4.9677 4.7959 4.8127 4.8015 4.6628 4.5359 4.8181
5.2306 5.2234 5.0685 5.1982 5.2152 4.9663 5.1445 5.2153 5.2603 5.3120 5.8694 5.8410 5.8604 5.7661 5.3591 5.2982 5.1551 4.9371 5.1039 4.8676
5.3180 5.2944 5.0851 5.0508 5.2908 5.0060 5.3489 5.4540 5.5298 5.6828 5.7206 6.0166 6.1550 6.1631 5.9517 5.7989 5.6404 5.3807 5.3682 5.2820
5.2610 5.1608 5.3148 5.1485 5.1943 5.1786 5.5108 5.7350 5.7712 5.8734 0.0932 0.0067 6.1687 6.2426 6.1077 6.0804 5.9707 6.0071 5.6393 5.6072
5.4302 5.4588 5.2085 5.0547 5.1624 5.3366 5.4522 5.8205 6.0024 0.0494 0.4206 0.5249 0.2577 0.3283 0.3180 0.1884 6.1588 6.0705 6.1502 5.7536
5.7301 5.6117 5.3402 5.1857 5.1186 5.2619 5.7398 5.9413 6.0500 0.1927 0.8119 0.7779 0.7780 0.9431 0.7642 0.6042 0.3748 0.3325 0.2675 6.0454
6.2715 5.6450 5.3744 5.2758 5.3701 5.2865 5.5795 5.8693 0.2844 0.6502 0.9389 1.1318 1.4000 0.9859 0.9900 1.0708 0.9846 0.8746 0.6378 0.3842
