3.3680 3.3886 3.3233 3.4396 3.7490 3.6154 3.1897 2.3601 1.8976 2.0374 2.0943 2.2497 2.4935 2.6738 2.7219 2.8605 2.9463 3.1673 3.3154 3.2827
3.5948 3.6669 3.8746 3.8003 4.0513 4.1648 3.8300 1.5939 1.2805 1.3424 1.8298 2.0456 2.4415 2.6303 2.6220 2.6699 2.9040 3.1984 3.2466 3.3854
3.7341 3.8577 4.1675 4.1059 4.5268 4.4639 5.1849 0.3011 0.5313 1.0660 1.5752 1.8764 2.0063 2.5222 2.5501 2.8553 2.9639 3.3417 3.3481 3.4419
3.8832 4.1510 4.3112 4.5151 4.6517 5.0611 5.4486 0.0809 0.3132 0.8291 1.5030 1.8083 2.1399 2.5606 2.8531 3.0921 3.2925 3.2006 3.4346 3.5946
4.0658 4.4828 4.9354 4.8461 5.1858 5.4565 5.7066 6.2209 0.2682 0.6909 1.0199 1.1727 1.7486 2.4312 2.7828 3.4928 3.5283 3.5477 3.7838 3.9046
4.5650 4.5655 5.1213 5.1248 5.3504 5.5015 6.0891 6.1444 0.3501 0.6693 0.8265 1.0575 1.4506 2.0441 2.7050 3.4413 3.6289 3.8915 4.1617 4.1113
4.5894 4.7844 5.3204 5.5501 5.6697 5.7378 6.0830 0.1786 0.2875 0.4059 0.6303 0.5598 0.9239 1.2099 3.2601 3.9761 3.7961 4.1488 4.4429 4.4496
4.7508 5.0428 5.3214 5.6074 5.8438 5.8662 6.0021 6.0841 0.0548 0.0932 0.3887 0.3081 0.2589 6.0246 4.6642 4.2691 4.3657 4.3867 4.5151 4.6192
5.0113 5.2171 5.5005 5.7289 5.6777 6.0052 5.9604 6.0733 6.0461 6.1551 6.1724 6.1904 6.0722 5.5468 4.9835 4.7982 4.6104 4.5774 4.6160 4.8693
5.5470 5.7779 5.8866 6.1004 6.0225 6.0891 5.9780 5.7496 5.7959 5.6864 5.6997 5.8518 5.6245 5.2828 5.1535 4.8877 4.7513 4.8164 5.0832 5.0034
5.9146 6.1847 6.2362 0.0975 6.1341 5.8424 5.9172 5.4346 5.5667 5.5442 5.5227 5.3913 5.2404 5.1553 5.1736 5.0333 4.8417 4.8345 4.7523 5.1645
0.1587 0.5319 0.4901 0.5336 0.0746 5.8848 5.4641 5.2659 4.9795 5.1559 5.1235 4.9778 4.7786 4.8427 4.7821 4.7142 4.5176 4.5517 4.6942 5.1078
1.2487 1.2026 1.2222 0.8831 0.4226 6.1976 5.2163 4.9331 4.5147 4.6206 4.8055 4.5782 4.2787 4.4660 4.2575 4.3343 4.3576 4.3091 3.8152 3.6290
1.9613 1.6646 1.6338 1.3611 1.1875 0.6243 4.4152 4.2826 4.0641 4.1051 4.3627 4.2587 4.1433 4.2174 3.8696 4.0357 3.9460 3.8190 3.2555 2.6839
2.3770 2.1629 2.0274 1.7545 1.7393 2.3654 3.3205 3.7003 3.9368 3.9288 3.8201 3.7399 3.8938 3.9053 3.9247 3.7302 3.6612 3.5485 3.1653 2.7630
2.6749 2.4904 2.4975 1.9943 2.1633 2.3115 2.9545 3.1886 3.4317 3.3317 3.3096 3.4847 3.4874 3.4855 3.5474 3.3745 3.2371 3.3266 3.0271 2.9465
2.5526 2.5428 2.6150 2.3391 2.4733 2.4856 2.7340 2.9233 2.9965 3.1267 3.1424 3.1741 3.2586 3.3464 3.2700 3.1666 3.2661 3.2248 3.0337 3.0340
2.8704 2.8454 2.9406 2.9612 2.7193 2.7858 2.8574 2.6471 2.5416 2.7519 2.9539 2.9657 3.0195 3.1583 3.1229 3.1342 3.2983 3.0967 3.1551 2.9546
2.8731 2.9726 3.1988 3.1928 2.9469 2.7890 2.9404 2.4569 2.3461 2.5731 2.5918 2.8646 2.9637 2.9698 3.0420 3.0772 3.0875 3.0168 3.0940 2.8866
2.9948 3.1238 3.1909 3.3153 3.0459 3.0873 2.8322 2.2484 2.2293 2.5967 2.6874 2.6915 2.7630 2.9322 2.9019 3.0361 2.9315 2.9216 2.9401 2.8832
