1.3530 1.5172 1.6706 2.1291 2.2558 2.3500 2.3413 2.5565 5.2298 5.5089 5.7818 5.9571 5.9387 6.0948 6.2761 0.1313 0.6128 0.8670 0.9421 1.0081
1.2180 1.8818 2.0624 2.0337 2.1021 1.9745 1.9060 1.5666 0.1940 6.2819 6.0868 6.1423 6.0871 0.0141 0.5498 0.6289 0.5873 0.9950 1.0100 1.2663
1.3554 1.9602 1.9436 2.0949 1.9231 1.8315 1.5174 1.2603 0.6779 0.2432 0.3069 0.0834 0.2146 0.4410 0.5998 0.7513 0.6078 1.0403 0.9382 1.0560
1.2834 1.7628 1.9473 2.1310 1.8844 1.8345 1.5631 1.3704 1.1750 0.6419 0.4532 0.4176 0.6884 0.6005 0.8837 0.9745 0.9707 1.2650 1.3679 1.4217
1.5471 1.7021 2.0308 1.7703 2.0659 1.9667 1.7201 1.6456 1.3831 1.1077 0.9746 0.9036 1.0266 0.8982 0.9905 1.0487 1.0621 1.1652 1.6402 1.6504
1.6587 1.9713 2.0565 2.0972 1.9886 1.9317 1.5627 1.7170 1.5403 1.2134 1.3013 1.3191 1.3692 1.0314 1.1924 1.4088 1.4451 1.5949 1.9056 1.8858
1.8646 2.1495 1.9115 1.9933 1.9401 2.1186 1.8462 1.7037 1.6814 1.7465 1.6710 1.4807 1.5212 1.3664 1.5019 1.4989 1.8565 2.1939 2.1639 2.1682
2.0932 2.0258 2.1959 1.9659 2.2542 2.0219 1.9381 2.0441 1.8368 1.7088 1.7685 1.7357 1.7642 1.9344 1.6877 2.0242 1.9827 2.2329 2.0666 2.2066
2.4010 2.3026 2.1356 2.1958 2.1917 2.1248 2.1619 2.0322 2.0570 1.9866 2.1098 2.0938 2.0175 2.1555 2.2863 2.2320 2.3053 2.5062 2.4525 2.2890
2.6383 2.5362 2.5496 2.4631 2.4709 2.3941 2.2796 2.1677 2.4185 2.4636 2.5591 2.4213 2.4181 2.5586 2.6875 2.9016 2.8106 2.8551 2.4299 2.5903
2.5716 2.5621 2.5114 2.5485 2.6155 2.6266 2.3463 2.3750 2.5464 2.7637 2.7018 2.7159 2.8496 2.9751 3.0528 3.1027 3.0849 3.0149 2.9314 2.8209
2.8442 2.9393 2.5776 2.5924 2.5671 2.6244 2.3385 2.5285 2.9233 2.9836 3.2711 3.1542 3.1831 3.4054 3.4098 3.5269 3.5009 3.1053 2.9597 2.8816
2.8185 2.8655 2.4710 2.6038 2.5232 2.7394 2.6653 2.9921 3.1564 3.3711 3.3403 3.2955 3.5285 3.7499 3.8643 3.7130 3.8934 3.5338 3.1388 3.1700
2.4259 2.5465 2.3692 2.5962 2.5270 2.9344 2.9862 3.1435 3.1843 3.6330 3.6485 3.7856 3.8480 4.1008 4.1857 4.0857 4.0210 3.7883 3.4409 2.5166
2.2671 2.2482 2.4117 2.4091 2.7191 3.0613 3.4206 3.3558 3.2101 3.8965 3.9424 4.2551 4.3882 4.5481 4.6538 4.6118 4.6792 4.5341 3.9425 2.5356
1.6270 1.9959 1.9954 2.3495 2.6601 3.1853 3.4661 3.6559 3.6704 3.8607 4.2605 4.4077 4.7057 4.7496 4.9725 5.2598 5.1877 5.6010 5.8925 1.4088
1.4817 1.7082 1.9587 2.4338 2.6087 2.8199 3.6149 3.6417 3.8310 4.0534 4.1171 4.6904 4.8262 4.8840 5.2836 5.4392 5.3464 5.9271 0.1409 1.0429
1.2755 1.5157 1.9261 2.4471 2.8419 3.0567 3.5078 3.7494 4.0284 4.3777 4.5242 4.9212 4.9590 5.0109 5.5196 5.7225 5.9003 6.2540 0.5136 1.2293
1.4016 1.3679 1.9261 2.0095 2.3035 2.6942 3.1624 3.5349 4.1296 4.5292 5.0398 5.0654 5.1091 5.4977 5.7113 6.1532 6.1869 0.2384 0.4853 1.2320
1.4575 1.7569 1.9403 2.0917 2.3795 2.6727 2.7355 3.3482 4.4737 5.1573 5.3280 5.4754 5.4578 5.7455 6.0976 6.1847 0.1452 0.6982 0.9947 1.1309
