5.9577 5.9865 6.2406 5.9592 5.9428 5.5322 5.4183 5.5491 5.4930 5.6717 5.5949 5.7873 5.5482 5.1555 3.8138 2.9610 2.3014 0.5327 0.1013 6.0078
0.3557 6.1911 0.0159 5.8971 5.7597 5.7375 5.0208 5.4376 5.3459 5.5809 5.7577 6.0009 0.1965 0.3805 1.5039 1.6912 1.8330 1.3174 0.4890 0.1353
0.0129 6.1719 6.0172 5.8002 5.6198 5.5660 5.1993 5.4116 5.3422 5.7202 5.8850 6.2184 0.4638 0.6379 1.1506 1.3963 1.5151 1.3305 1.0397 0.4434
0.2729 6.2518 5.9746 5.9506 5.6994 5.3555 5.1899 4.9360 4.9013 5.4175 6.1706 0.4141 0.9725 1.0260 1.0347 1.1257 1.3319 1.2666 1.0097 0.3777
0.1088 6.2296 6.1428 6.0996 5.8616 5.6021 4.8992 4.3816 4.3496 4.4900 0.3971 0.9524 1.2033 1.1242 1.2020 1.3030 1.3565 1.2659 0.8079 0.3114
0.4591 0.1619 0.2007 0.0915 0.0732 5.8027 4.4482 4.1910 3.6313 2.7265 1.4839 1.3942 1.2770 1.3018 1.2209 1.3516 0.9794 0.7302 0.7441 0.4185
0.5130 0.4254 0.5328 0.4903 0.6413 0.8479 3.0577 3.2703 2.9453 2.3861 1.8830 1.5254 1.5344 1.3198 1.0737 1.1962 1.1683 0.8841 0.5921 0.4309
0.5625 0.6469 0.6137 0.7667 0.8902 1.6048 2.3279 2.8327 2.4342 2.2931 1.8432 1.7729 1.7356 1.4082 1.1277 1.2793 1.2004 0.8052 0.6588 0.6142
0.3465 0.4574 0.3903 0.6301 0.7814 1.4775 1.9743 2.3255 2.1735 1.9641 1.8696 1.6045 1.4444 1.3611 0.9342 0.9210 0.7088 0.7413 0.4817 0.6018
0.3011 0.3049 0.3151 0.6569 0.9922 1.4532 1.7483 1.9820 1.9555 1.6705 1.5864 1.5213 1.6945 1.3576 0.6403 0.5321 0.6225 0.2855 0.3806 0.3269
0.3626 0.4055 0.3695 0.6087 0.8427 1.5423 1.7306 1.9971 2.0749 1.9518 1.7354 1.7803 1.5751 1.1676 0.6457 0.5426 0.3999 0.4085 0.4350 0.2164
0.0743 0.1865 0.2376 0.4719 0.9261 1.3585 1.5853 1.8059 1.7371 1.7754 1.7330 1.7468 1.7496 1.1567 0.2496 0.1257 0.0943 6.2425 0.1019 0.2588
0.1660 0.1111 0.2357 0.3919 0.7317 0.9405 1.2454 1.4931 1.6266 1.6806 1.8729 1.9361 1.9804 1.5400 0.0522 6.0003 6.0175 5.9248 6.2291 6.2647
0.0676 0.0245 0.2506 0.2659 0.6606 0.7831 0.8756 1.1580 1.2586 1.5591 1.9102 2.2588 2.8270 3.2607 4.5538 5.0671 5.6038 5.6897 6.0071 6.2018
0.1268 0.0644 0.0284 0.2127 0.2561 0.3678 0.3824 0.7653 1.1200 1.5359 1.7432 2.6294 3.0370 3.4858 4.1790 4.8074 5.2082 5.3800 5.8529 6.0439
0.0396 6.2252 0.0115 6.1081 6.1767 0.1809 0.2405 0.2725 0.6377 1.2828 1.5558 3.0675 3.5646 4.2090 4.3232 4.4679 4.9915 5.3695 5.7516 5.8506
5.9370 5.9692 6.0499 6.0599 6.0963 0.1177 6.1041 6.1633 0.2852 0.5226 0.1491 4.7895 4.3533 4.1823 4.3298 4.4919 4.7053 5.1050 5.4322 5.7804
5.8092 6.0234 6.0450 6.1071 5.8937 6.0331 5.9135 5.9648 6.2695 6.1392 5.8653 5.4416 4.8872 4.5531 4.4288 4.6047 4.8738 5.0381 5.4617 5.5033
5.7827 6.0277 6.1858 6.1151 5.9813 6.0836 5.8695 5.8805 5.9866 5.9037 5.5964 5.3735 4.9258 4.7671 4.5039 4.7308 4.3981 5.0708 5.4787 5.5998
5.8411 6.0478 6.0325 5.8417 5.7282 5.8554 5.5679 5.8153 5.5474 5.6067 5.5624 5.4911 5.2985 4.8106 4.2762 4.2169 4.5117 5.5370 5.8438 5.9728
