4.1763 4.0780 3.8641 2.9061 2.3841 2.2596 2.0399 1.8331 1.4368 1.3766 1.4610 1.5766 1.5817 1.5786 1.5829 2.1462 3.0368 3.6394 3.9729 4.2412
3.9018 4.0778 3.8056 3.3104 2.7648 2.4876 2.0085 2.1474 1.8144 1.6228 1.5022 1.3424 1.6080 1.6854 1.8251 2.3203 2.7988 3.4046 3.6430 3.8251
3.6998 3.8383 3.8003 3.6845 3.3934 2.9937 2.6982 2.0165 1.7210 1.5788 1.4938 1.5724 1.8240 2.1268 2.1233 2.4486 3.1440 3.2756 3.4073 3.5564
3.7468 3.8283 3.9509 3.7583 3.7853 3.5390 3.0350 1.3516 1.3404 1.4726 1.6760 1.6216 1.9072 2.1316 2.0195 2.6219 2.8420 3.1101 3.5105 3.5856
4.1806 4.0530 3.9327 4.1309 4.2518 4.2375 4.4592 0.3119 0.8240 1.1445 1.2039 1.5565 1.7802 2.1136 2.1021 2.5456 2.8918 2.9843 3.3954 3.9092
4.2304 4.1148 3.9767 4.0911 4.3704 4.5540 5.1211 6.0082 0.5371 1.1309 1.1576 1.4510 1.7227 2.0409 2.3395 2.7870 3.0605 3.3399 3.5315 3.9382
4.4844 4.2108 4.2292 4.4824 4.6585 4.8181 5.4256 5.7825 0.3149 0.6451 1.0616 1.4630 1.7063 2.1255 2.5192 2.9361 3.0555 3.4095 3.6657 4.2052
4.5617 4.3383 4.2677 4.6129 5.0547 4.9912 5.6017 6.0430 0.2172 0.8546 1.3902 1.6700 1.9452 2.3044 2.6525 3.0796 3.4112 3.5760 3.9323 4.1748
4.6084 4.4769 4.6797 5.0988 5.3000 5.4520 5.6332 6.1720 0.1625 0.7042 1.2584 1.5358 1.7736 2.1763 2.7685 3.0539 3.5740 3.9739 4.1693 4.2038
4.6427 4.6929 4.9318 5.2669 5.6226 5.5146 5.7511 6.2540 0.2838 0.8987 1.0134 1.5210 1.9331 2.4702 2.9736 3.6181 3.7656 3.7850 3.9505 4.5190
4.9054 4.8583 4.9672 5.4636 5.7147 5.9057 6.0729 0.0112 0.2915 0.7296 0.8702 1.3419 1.7610 2.6452 3.0878 3.7497 4.0611 4.1732 4.3085 4.6745
5.0409 4.9840 5.1548 5.4823 5.7164 6.1926 6.1436 6.1893 0.0314 0.5128 0.7370 1.0489 1.5608 2.9127 3.5727 3.9294 4.0879 4.3728 4.5186 4.9020
5.0418 5.0270 5.1580 5.3781 5.8129 6.0848 6.0951 6.0854 0.0024 0.2630 0.5522 0.5624 0.1494 5.0962 4.5944 4.2821 4.1023 4.3577 4.5618 4.7326
5.0990 5.1891 5.3764 5.8306 0.0411 0.1604 6.1546 6.2712 0.3161 0.2444 0.4232 0.3204 6.0559 5.4624 5.2120 4.5797 4.4506 4.5043 4.7253 4.6483
5.2684 5.1893 5.5370 5.8226 6.2243 0.0818 0.1856 0.2189 0.1884 0.3299 0.5537 0.1290 6.0766 5.7167 5.4639 5.2288 4.8500 4.8422 4.9450 4.9951
5.1760 5.2375 5.5752 6.0744 6.2076 0.0928 0.3500 0.3705 0.4331 0.1876 0.4628 0.2983 6.2783 5.9174 5.7569 5.3635 5.1989 5.2492 5.2549 5.0000
5.1897 5.2975 5.5132 5.7805 6.1883 0.0610 0.3348 0.3825 0.4237 0.6326 0.4430 0.3461 0.0975 6.0894 6.0617 5.8909 5.3108 5.0792 4.8866 5.0427
5.2166 5.2314 5.5095 6.0321 0.2066 0.5938 0.7143 0.8625 0.9479 0.8669 0.5849 0.6599 0.3987 0.0001 0.0343 5.8487 5.2620 4.8533 4.7460 4.8830
4.8438 5.2257 5.5117 0.2309 0.7339 0.8417 1.0381 0.9820 0.9672 0.9039 0.8561 0.9932 0.8647 0.4706 0.3564 6.1202 5.2788 4.8056 4.5242 4.6935
4.6274 4.8870 5.3100 0.3362 1.1994 1.3822 1.5942 1.5034 1.1907 1.1928 1.1479 1.3152 1.1518 1.0960 1.1272 1.7361 3.7852 4.1756 4.3374 4.4696
