1.2154 0.9220 0.6138 0.3844 6.2609 0.0413 5.8998 5.8889 5.3599 4.7060 4.2077 3.7845 3.3637 3.4184 3.2591 2.9337 2.6370 2.5273 2.0943 1.6890
1.3703 1.1373 0.9079 0.6482 0.3563 6.2753 6.2028 5.7823 5.2985 4.5817 4.2361 3.4133 3.2883 3.1709 2.9550 2.8732 2.8530 2.5402 2.1792 1.8301
1.6435 1.1369 0.7497 0.5718 0.4207 0.2790 0.2593 6.0236 5.5328 4.1061 3.4740 3.2449 3.1561 3.0616 3.1153 2.9754 2.5525 2.2400 2.0425 1.8654
1.5972 1.1450 1.0350 0.8561 0.6943 0.5162 0.5574 0.8877 1.5004 2.5938 2.7637 2.7975 2.8995 2.6518 2.7423 2.9184 2.6157 2.2744 1.9182 1.8073
1.5048 1.5217 1.2606 0.8451 0.6678 0.7745 0.9265 1.4547 1.5661 1.9546 2.2863 2.7150 2.7213 2.3680 2.7347 2.7424 2.4101 2.1493 1.9853 1.5642
1.3266 1.6812 1.5243 1.1084 0.9275 0.8088 0.9945 1.0866 1.3904 1.8710 2.2453 2.4893 2.6296 2.3126 2.4832 2.5148 2.3458 2.2376 1.9468 1.6793
1.2827 1.4106 1.2036 1.0181 0.8787 0.8394 1.0589 1.2404 1.4772 1.8639 2.0629 2.3005 2.6411 2.5680 2.5896 2.6798 2.0839 2.1871 1.8659 1.5415
1.1146 0.9571 0.8188 0.9495 0.7485 1.0544 1.0534 1.1947 1.6463 1.9032 2.2760 2.2561 2.5893 2.6531 2.5167 2.6110 2.4058 2.2050 1.5413 1.4551
1.1305 0.6800 0.6081 0.8244 0.7939 0.9730 0.9911 1.3610 1.7304 2.0070 2.2887 2.5133 2.5222 2.4670 2.3700 2.6195 2.4342 2.1687 1.6142 1.3056
0.9781 0.6505 0.5245 0.6238 0.9415 0.9434 0.7708 1.3762 1.7983 2.0693 1.9490 2.3237 2.6350 2.5335 2.6261 2.5812 2.5552 2.2091 1.1483 0.9564
0.6538 0.5683 0.3481 0.4662 0.6381 0.5681 0.8342 1.3296 1.6444 1.7900 2.0725 2.5300 2.6868 2.8234 2.8826 2.8643 2.7431 2.4115 0.9089 0.6451
0.0067 0.1067 6.2736 0.3448 0.5018 0.5552 0.9289 1.1873 1.6475 1.8228 2.3355 2.4892 2.9017 3.0139 3.1292 3.1815 3.2866 3.6556 5.7946 5.9844
5.8172 6.0746 0.0900 0.3263 0.5014 0.8005 0.7872 1.3226 1.6583 1.9244 2.3863 2.4852 2.7492 3.0746 3.2380 3.5530 3.7049 4.0663 5.1573 5.4496
5.6498 6.1375 0.2726 0.4664 0.4278 0.7142 0.8513 1.3867 1.6255 1.8304 2.0417 2.6356 2.9484 2.9439 3.3407 3.6884 3.9982 4.3142 5.0099 5.4641
5.8008 6.1174 6.2679 0.3298 0.3561 0.4128 0.5520 0.9526 1.4213 1.9022 2.4191 2.8332 2.8610 3.2069 3.4222 3.8602 4.0538 4.3613 4.7823 5.3624
5.6866 6.0136 6.1683 0.3030 0.5685 0.5172 0.6543 1.0040 1.2382 1.8318 2.4896 2.7126 3.0920 3.3712 3.6490 4.1989 3.9940 4.2593 4.6700 5.2140
6.0785 6.2506 6.2057 0.0796 0.0994 0.1397 0.5105 0.6604 1.2447 2.0717 2.5254 2.9080 3.2021 3.1594 3.5936 3.9621 3.9741 4.0116 4.3430 5.5872
0.4141 0.3830 0.3561 0.5189 0.3638 0.2132 0.2520 0.3594 0.8111 2.5911 2.9284 3.1056 3.2545 3.3461 3.5082 3.6242 3.4875 3.4397 3.2471 0.6645
0.9752 0.7117 0.5951 0.5113 0.2668 0.0557 0.1601 0.0541 5.6970 4.2594 3.7818 3.6633 3.3682 3.5433 3.5702 3.1781 3.1127 2.9653 2.6067 1.4573
1.0294 0.8475 0.7592 0.4781 6.2383 6.1121 5.9318 5.8341 5.4978 4.6850 4.2198 3.8612 3.2819 3.5166 3.4959 3.3560 2.8237 2.6083 2.4380 1.5357
