0.4366 0.5714 0.7987 0.8615 0.8352 0.9398 0.7546 0.7960 0.8084 0.6319 0.3681 0.4487 0.2556 0.1386 0.0492 0.1368 0.0410 6.2587 6.2076 6.2669
0.4552 0.4981 0.9276 0.9179 0.8833 0.8923 0.9134 0.8298 0.7949 0.5645 0.4220 0.6709 0.3108 0.3225 0.2034 0.3557 0.0845 6.2387 0.0191 0.1151
0.5167 0.4908 0.7576 0.6253 0.7537 0.6486 0.8124 0.8632 0.9626 0.6865 0.6612 0.5160 0.5180 0.3137 0.2556 0.2115 0.0575 0.1801 0.3758 0.2398
0.3394 0.5999 0.8550 0.6951 0.7141 0.7288 0.8667 0.7776 0.8461 0.7001 0.7390 0.5630 0.6017 0.5319 0.3335 0.3454 0.1428 0.0208 0.2322 0.3756
0.2005 0.4632 0.5560 0.5748 0.3350 0.7734 0.8359 0.6229 0.6912 0.3764 0.3164 0.4947 0.4301 0.4291 0.3602 0.1360 0.1068 0.0450 0.3637 0.3058
0.6073 0.3398 0.5558 0.3957 0.2801 0.5296 0.5557 0.5981 0.4801 0.3748 0.4593 0.3031 0.2040 0.3195 0.1998 0.1850 6.0990 6.2082 0.1660 0.4035
0.1879 0.2276 0.3053 0.3601 0.2287 0.2150 0.4151 0.4287 0.2328 0.2257 0.2775 6.2425 0.0638 6.2535 6.2596 6.1705 6.1307 0.1937 0.0735 0.2872
6.2659 6.1863 0.0506 0.0882 0.0378 0.3407 0.5253 0.0600 0.1043 6.0635 0.0009 0.1597 0.2067 6.1292 6.1891 6.0587 6.1733 6.2607 0.2230 0.0521
0.0143 6.2243 0.0110 6.1489 6.2087 0.0324 0.1443 6.2326 0.1227 6.2107 0.0104 0.1125 0.1844 0.1090 5.9762 6.1382 6.0656 6.0131 6.1021 6.1050
6.1934 6.2306 5.9879 6.2349 6.2136 0.2518 6.2644 0.1060 0.0835 0.1154 0.1047 6.2149 6.2814 6.2809 6.1677 6.1499 5.7810 6.1195 5.8530 6.0339
5.9931 6.0011 6.0745 6.1622 0.1238 0.0373 6.2718 6.2385 6.2101 6.1060 0.1775 0.0704 6.1802 6.2054 6.2328 5.9445 5.8786 5.9252 6.2358 5.9937
6.1255 5.9368 5.9626 0.0022 0.0670 5.9569 6.2440 0.0405 0.1362 6.1081 6.2114 6.1024 6.0433 6.1398 6.1071 6.0438 6.0781 5.9160 6.1072 5.8839
5.8865 5.9824 0.1664 6.1201 6.2472 0.1163 0.0861 0.0056 6.2463 6.0364 6.1065 6.2642 6.0714 5.8609 6.0288 5.9482 5.9376 5.9514 5.9204 5.7817
5.6640 6.0067 6.0569 6.1633 0.0677 0.3024 0.0393 6.2221 0.0742 0.0455 6.1541 0.0447 0.0835 0.0368 5.9583 5.7936 5.7329 5.8297 5.8150 5.4381
5.6147 5.7608 6.0380 6.1523 0.1720 0.2510 0.2217 0.1507 0.2560 0.2613 6.1960 0.1100 0.0477 6.2403 5.9157 5.7622 5.7911 5.7867 5.6092 5.6028
5.4875 5.9776 6.1031 0.1618 6.2478 0.1179 0.2080 0.2632 0.2551 0.4020 0.4999 0.0778 0.0061 0.1392 6.1202 5.8449 5.8959 5.7024 5.4891 5.5663
5.7413 6.0421 0.0110 0.2659 0.4287 0.3144 0.2756 0.4295 0.5212 0.4412 0.5551 0.2360 0.1116 6.2226 6.2723 5.8740 5.8327 5.8069 5.5678 5.4986
5.9680 0.0177 0.3528 0.3574 0.6258 0.6813 0.6362 0.3799 0.6298 0.5543 0.4447 0.4097 0.2743 0.0916 6.1745 6.0889 5.8173 5.5996 5.3320 5.8312
6.1978 0.2789 0.6591 0.7307 0.6737 0.8798 0.8960 0.8130 0.5258 0.4235 0.6049 0.4334 0.1345 0.1764 6.2614 5.9716 5.9240 5.5407 5.5115 5.8080
0.0850 0.5145 0.5731 0.6382 0.6734 0.8729 0.9568 0.7177 0.7762 0.7190 0.5846 0.3622 0.0097 0.1399 0.1217 6.0466 5.9483 5.7901 5.8054 6.0054
