5.8993 0.1270 4.3190 2.7175 3.6697 2.4607 4.8078 6.0930 4.7034 5.8172 5.4237 0.0273 5.9578 6.2279 0.2004 4.4207 5.2457 5.4002 5.3200 0.2048
5.0073 3.6433 4.4747 5.3381 4.3090 4.6710 4.3274 4.2384 4.1454 3.0663 5.1769 3.5725 4.7010 4.6081 6.2537 1.2376 0.9445 1.5143 5.0105 3.9686
5.9195 0.5789 4.7894 3.3969 3.6771 3.0688 4.0623 1.6222 1.5637 5.1461 5.9553 5.7646 6.0670 0.5030 5.9297 4.8581 6.1563 4.9042 0.0053 0.5789
5.2887 4.7514 4.6780 5.9978 4.4039 5.8076 0.1482 5.7838 1.2210 2.3263 1.4882 1.6990 0.5325 5.6099 5.9542 0.3842 0.0469 5.9312 6.2786 4.7318
5.1663 4.2012 4.2949 2.8310 2.9223 2.6762 0.7702 1.7487 0.3218 6.2052 1.0904 5.9903 0.6637 1.3335 0.9386 0.7850 0.6408 1.8016 0.1882 1.1509
5.3937 6.1506 4.8114 5.4350 4.1875 6.0034 0.0978 6.2380 0.6498 1.8114 1.3558 2.1140 0.3378 4.7466 5.8123 4.8376 5.7969 4.9475 5.1778 4.7773
0.0483 3.7650 4.1904 4.2819 4.3546 4.1409 3.6711 4.1551 3.1252 5.4637 0.9496 0.1689 0.8628 0.9583 0.0506 0.8206 6.2439 0.4937 6.1577 0.0528
6.0558 5.5231 4.6549 1.9014 3.2263 2.1568 2.4995 1.9852 2.0151 2.2006 1.9094 2.0202 1.6126 4.5906 4.7708 4.4694 5.3688 4.4348 5.9736 5.3710
5.5785 3.3243 4.2019 4.2838 3.7015 4.3596 3.9403 4.7332 3.9836 5.2258 0.8067 0.0814 0.9150 0.3876 5.9296 1.2390 6.2555 0.7959 6.1307 0.2449
6.0636 0.2082 0.0283 1.2122 2.5611 2.0759 3.2155 2.0273 3.4156 2.5706 1.1370 2.3877 1.2623 2.9369 5.5935 5.2148 5.8076 4.9785 0.2997 6.1054
5.1822 4.2947 5.8247 3.9405 3.9198 4.2356 4.8055 5.6272 3.9019 5.6501 0.8848 0.5475 0.9716 0.8709 0.2756 0.6961 1.1369 1.4584 0.9609 4.3039
0.3772 0.3677 6.2480 0.2260 5.9978 0.4695 5.4359 3.2087 4.1310 2.7082 2.4633 2.5786 1.8061 2.3144 1.9703 2.8200 0.8253 0.3478 0.6731 1.2153
5.4896 5.4270 5.9315 5.2865 6.0891 5.1271 5.7724 6.1482 4.9484 6.1178 0.4133 0.3133 1.4717 5.8310 0.7384 0.4103 0.6587 0.1976 5.5761 5.9875
4.4247 3.7259 5.8883 0.7884 0.1433 1.2571 0.9491 3.8354 3.9975 3.8042 3.0719 2.5979 1.3164 2.7466 2.0840 3.2313 2.7627 3.2980 4.7412 3.9307
5.0257 5.6697 4.9127 4.8253 4.8642 5.0658 1.6891 1.9451 2.9316 1.4276 2.3227 0.5139 1.3603 0.2116 1.2390 1.0049 1.5736 5.6232 5.6251 5.9116
3.7772 2.3543 2.5621 1.9730 2.4766 1.8554 2.4503 4.4259 3.3191 3.8558 2.6764 2.4204 3.0721 3.1550 2.2676 1.6382 2.3619 2.6125 3.7291 2.8018
3.6776 4.3847 3.6851 4.5524 3.6748 3.6640 2.6090 2.2730 2.7304 1.8381 3.1055 4.4715 3.4663 4.0053 3.1935 4.6013 3.5939 4.4624 4.2256 4.2555
3.2371 3.6705 3.1092 4.0382 4.0886 5.3941 3.8755 4.5536 3.4858 4.4257 4.0716 2.4992 2.8017 2.5072 2.2505 1.8069 2.5240 2.0726 2.7613 2.1318
3.1069 1.5182 2.7480 1.8257 3.4145 3.0169 3.9493 2.5219 2.8302 2.2043 4.1687 5.1366 4.9232 5.6809 0.2550 5.0004 5.0167 5.1867 5.7278 4.9273
3.0589 4.0975 4.4039 4.9073 4.2960 5.1478 4.7387 5.1845 4.9604 4.7534 3.9459 3.4918 4.4651 3.6755 0.2015 0.7587 6.0551 0.8804 5.9855 2.7375
