5.2909 4.9588 0.7242 4.9637 0.1230 5.8939 0.4712 0.1519 0.8438 0.3692 1.3654 0.1782 4.2489 4.5950 4.3217 5.4184 4.4197 4.3306 4.8345 4.9452
6.0819 5.3844 5.8089 0.5563 0.3590 2.0688 1.5788 2.5726 2.1755 2.9419 1.8191 2.8377 3.7072 3.1693 3.4534 3.1764 3.8007 0.5385 5.8110 0.4714
6.0343 6.1631 5.7372 5.3752 0.0154 5.4606 0.7511 0.0207 1.3389 0.0559 1.3527 6.1247 5.0389 5.8328 5.3782 5.8896 4.1534 4.1992 5.0990 5.1346
0.0144 0.7979 0.0833 0.7525 0.7102 2.1601 2.0409 2.0627 2.2250 2.8312 1.6299 2.6735 4.1893 3.6880 4.6925 4.2848 4.5894 5.8004 5.8101 6.0572
5.0654 4.8968 5.6322 4.7188 6.0956 6.1079 1.2722 0.5231 1.3832 0.3208 1.2770 5.9696 5.4973 5.7420 5.4544 0.9006 3.5143 2.6315 4.4337 4.1041
5.2403 0.2532 6.1054 0.4931 0.5199 1.5797 1.0907 2.9248 1.6024 1.9295 1.3050 2.1978 3.9462 3.5121 4.4614 3.7954 3.4865 5.6179 4.8005 6.0647
3.9790 3.5895 4.3905 3.9096 6.0445 5.3369 0.5827 0.2524 0.5477 5.8719 0.5455 5.3609 4.3907 5.1375 4.2322 1.1790 3.1707 2.3421 3.0078 2.9676
3.2460 0.6008 0.3368 0.1503 5.9391 0.4239 0.8982 2.6264 0.6530 1.0596 0.1073 2.2044 3.1539 2.2253 3.9620 3.5298 3.8867 4.4219 3.3292 4.3067
3.0016 2.6544 1.3146 1.5558 0.5006 1.9096 0.3599 5.6128 5.4876 5.2167 5.2185 4.5229 4.6624 4.6572 3.9759 4.5364 3.6561 1.5864 2.2725 1.8122
3.9051 4.6224 5.9574 5.3777 5.9447 5.6917 0.1690 0.7839 5.9086 0.9940 6.2254 1.0261 0.5470 1.0707 3.2565 1.9800 3.1022 3.3688 3.4894 4.3758
2.5246 1.3549 1.2016 1.3000 0.0839 0.8255 5.5289 5.1257 5.5461 4.6911 5.2474 4.8310 4.7334 3.7696 3.6468 3.4576 3.1344 2.0482 3.2631 2.0426
2.9642 3.9081 6.2040 4.5380 5.1865 4.8010 5.7212 0.4911 6.2067 0.7554 5.7706 6.0989 6.0679 0.0711 5.0643 5.9820 4.7832 4.7772 3.7254 3.9880
2.7503 1.2211 5.8324 1.0366 0.5501 0.8775 6.0050 4.5895 5.5558 4.8827 5.3395 4.1139 5.2655 4.0503 4.8710 3.5471 4.5276 1.6619 2.5088 1.8793
4.1619 5.5349 5.6494 4.6200 5.3570 5.1872 6.2156 0.4277 6.1918 0.6848 0.1189 6.2815 5.5170 5.9557 5.6789 0.1443 6.0668 5.7789 3.6845 3.9042
3.2610 2.8681 0.0576 0.9068 0.3681 1.4985 0.2300 4.8261 5.2872 3.7682 4.2919 3.4519 4.2095 3.2165 4.6540 3.5324 4.4421 3.2323 3.3392 2.6271
3.8905 6.0640 6.2297 5.9136 0.0432 5.6605 6.0022 0.5385 5.8336 0.1542 5.9274 6.1805 5.5561 5.7672 5.4441 6.2012 4.6325 5.5518 3.7635 5.2007
3.2642 2.6561 0.4805 6.0796 0.1763 5.3982 5.3281 4.9492 5.8876 4.7141 5.1209 4.4683 5.1787 3.5179 4.4223 4.3895 4.6527 3.6833 3.6725 3.0512
1.5436 1.1725 0.6175 1.8557 0.9645 1.3181 0.5452 0.8701 0.6042 1.1838 0.4718 1.1317 5.1425 0.6113 4.6381 2.5543 3.3855 2.2652 3.0339 1.4299
5.8684 5.2925 6.1716 5.4742 6.0824 5.3999 6.0752 5.2431 0.0714 5.9387 0.2281 5.2389 5.3059 4.9989 4.7687 4.9318 3.4013 4.8426 4.2744 5.0177
5.7657 1.1972 0.6143 1.4277 1.0232 1.8863 0.7937 1.9179 1.5229 2.2655 1.4586 2.8545 4.1592 2.8922 3.6479 2.6164 3.1360 2.3560 3.6013 1.4306
