2.6922 2.8682 2.3582 3.4041 2.3654 3.0572 2.2785 1.9727 1.1502 1.3150 0.3372 1.7031 0.4995 1.6703 1.0404 3.3903 2.9574 3.8305 2.9261 3.8891
2.0960 0.0462 1.8389 1.1679 1.6222 0.9140 2.4132 3.8555 2.9899 4.5966 5.6974 5.5095 0.2778 5.5782 6.1219 5.6707 1.5756 2.0706 2.8029 1.1682
2.8945 2.8229 1.7995 2.5670 2.1117 3.1284 2.6497 0.7202 1.4266 1.2567 0.2752 1.1799 0.7266 1.7471 0.6251 1.8957 1.3482 4.9595 3.8077 3.8012
2.3196 0.5953 0.9751 0.6999 1.3628 0.8385 2.3574 3.8758 3.1602 4.9800 6.0637 5.0011 5.8508 5.8857 0.6398 5.7276 1.2874 2.1909 2.3264 1.5132
3.8379 2.8729 2.4884 2.3383 2.6039 2.2808 2.5935 1.6067 2.9084 2.6622 0.8040 0.5130 0.3386 1.6497 0.6477 1.8331 0.2938 5.5783 2.3230 3.9246
3.7056 4.8130 3.3478 4.9043 4.2786 4.6322 3.6929 4.1803 3.1387 0.6234 1.1275 2.0538 1.0280 5.8215 6.2757 5.6158 0.4332 2.4326 1.6950 2.1709
3.7665 3.0899 3.2733 2.5921 2.9598 2.2318 2.8850 2.2602 2.6931 2.5185 1.3165 0.1565 1.2732 1.6708 0.7425 0.5176 5.7113 4.8904 5.1725 4.4118
5.4897 5.5362 4.3371 5.1439 3.6832 4.6955 4.0970 5.1912 4.6185 5.9829 0.3935 0.8580 1.3187 1.3467 0.3888 0.1663 0.0131 0.8778 6.1522 0.4156
4.4734 3.6736 4.1100 3.6584 3.6996 3.3219 3.8400 3.1352 4.6610 4.2375 5.1870 4.5287 0.0694 5.2101 0.0487 4.6445 5.0999 4.6624 5.6771 4.4363
6.1338 6.0344 4.9742 5.7955 4.9679 4.9381 4.4982 5.8236 5.5024 6.2193 5.7040 1.1680 0.6674 1.1826 6.1884 1.0605 6.0443 0.6918 6.1167 0.8641
4.9254 4.0801 3.7013 3.1553 4.0140 3.5187 3.9381 3.8386 4.7335 4.7045 6.1061 5.3494 5.5416 4.9783 6.1483 4.4562 5.2559 4.6246 5.4651 4.4073
5.9539 5.4510 5.0198 5.1675 5.7678 5.6803 6.1590 0.6848 0.3648 1.0246 1.2266 1.5142 0.8929 0.5778 1.2179 0.9863 0.9504 0.7177 0.1033 1.1387
0.1526 1.1587 5.9678 0.8206 0.5459 2.1202 6.1505 4.6743 5.9337 5.0086 1.4208 2.7000 2.1203 2.7319 1.9901 3.3247 1.5747 3.9243 5.3117 4.7543
0.6698 4.9031 5.6991 4.4732 0.1053 5.5849 5.9275 0.3781 0.2659 1.4699 0.8089 1.0530 0.4994 0.5155 1.1088 0.2131 1.4968 0.7009 0.3494 0.5801
1.9564 1.9677 1.0350 1.5412 0.9945 1.5366 6.0657 5.8862 5.8518 4.6382 0.6090 3.0240 1.0690 2.4547 2.0820 2.5888 2.1603 2.7599 0.6372 3.8485
1.5691 6.2039 0.1762 4.8599 5.7417 4.9127 0.0398 0.7929 0.0994 0.0401 0.1440 5.9796 0.9993 0.9946 1.2614 0.4437 0.7660 0.8341 0.8983 0.7103
2.0371 2.5021 1.8514 1.6542 1.6858 2.0641 0.8292 1.5481 1.1244 1.2491 0.4484 1.6651 1.4836 2.9076 2.3125 2.9052 1.8524 2.8694 2.0104 2.7613
1.5067 0.8076 1.1856 5.9268 0.3459 6.2020 6.2220 5.3549 6.1784 4.8136 5.8442 5.8348 0.5761 0.4225 1.9272 1.6019 1.4369 0.9964 1.4714 0.2072
2.1111 2.7476 1.7870 2.0977 1.0967 2.5128 1.8062 1.2193 0.6900 0.5636 0.1317 1.3023 1.0082 2.9877 2.3511 3.3631 2.7535 3.4782 2.2413 2.9230
0.8321 0.5771 1.3284 0.9692 0.8458 0.0755 0.4453 6.1904 0.5205 5.9239 6.0116 5.8960 6.2566 5.6168 0.4898 0.5758 2.3024 1.5085 1.8020 0.9607
