0.6671 0.8197 6.0849 0.8368 6.2683 1.6230 1.2234 2.0660 2.1465 1.7663 0.7351 1.7189 1.2518 2.2721 2.0248 2.0469 2.6697 1.0434 1.3411 1.4938
2.9848 3.5564 0.2168 5.5791 5.5938 5.0039 5.3909 5.3092 3.6608 4.5390 4.8404 5.6075 0.5601 0.1931 1.2804 0.4722 2.3915 2.9798 2.7083 3.5248
1.9172 0.3751 1.5346 1.7548 1.4197 1.6154 2.3580 2.5108 2.7834 2.4567 3.4370 2.9383 2.0379 2.9220 2.4373 2.7359 2.6365 1.3733 1.7089 1.3750
2.6356 3.0930 1.6833 2.8020 2.4681 4.2351 3.6598 4.8619 3.4834 4.8164 3.9907 6.0595 0.9546 0.7495 1.8450 1.0805 2.8162 3.9644 2.1430 3.5434
0.5922 0.3740 1.1089 0.6541 1.9521 1.9313 3.0033 1.9469 3.2458 2.3985 3.3484 2.4590 2.7565 3.0709 3.5748 4.4038 3.5967 1.1128 2.0812 1.1744
2.7718 4.0427 2.3400 3.1134 2.1536 4.1148 3.0454 4.2959 3.7980 4.7273 3.9963 5.0732 4.4090 4.6360 3.8804 2.7409 3.8041 4.1600 3.4433 3.9720
1.9641 1.2234 1.8261 0.1884 1.8764 1.2898 3.0378 1.8332 3.2688 2.9381 4.0400 2.6977 4.0094 2.5036 4.0144 4.6012 2.9597 2.2011 2.5121 1.4458
2.9007 2.7856 2.3889 3.4043 2.9133 4.6082 3.6489 5.2011 4.5389 5.4730 4.5633 5.5719 4.3120 4.7602 3.5992 2.7765 3.9304 4.5078 4.2101 4.2314
2.6676 0.1655 1.7618 1.0151 2.6235 1.6677 2.6907 3.6914 3.6361 3.0517 4.2180 3.4777 3.6599 3.0080 3.5310 4.8401 3.9680 2.4869 3.5096 2.3377
4.4424 3.1416 2.6600 3.4986 3.1233 3.8978 4.1342 3.7519 5.0465 4.9742 4.9482 5.0790 4.1591 4.7977 3.6796 4.2375 4.0196 4.7819 5.2549 4.4590
5.8222 0.3687 5.8449 0.2202 5.8482 6.1924 4.9813 5.9664 4.7200 2.0697 3.7419 2.6683 3.5353 2.1231 3.0746 2.2446 3.2810 1.5544 6.2004 0.6806
4.8003 3.9103 4.7328 4.2124 4.6594 4.2768 4.9480 4.4924 5.0910 5.7699 4.7836 5.4170 4.0296 5.0251 3.5810 4.9710 4.4983 4.1212 5.4785 4.5063
0.1331 0.2711 6.1057 0.3672 5.7842 5.9202 5.8884 0.2657 4.7748 3.4838 4.6870 3.8823 3.9335 3.0164 2.9056 2.7574 5.0276 0.3439 5.6356 0.6722
5.7102 4.1367 4.9741 4.4354 5.2874 4.5379 4.7541 4.5219 4.3879 5.4272 4.9588 5.0550 4.6507 5.1601 4.6211 5.1843 5.5349 4.6544 4.9150 4.5758
0.6850 0.3580 0.0534 0.8606 5.7674 1.4323 0.8692 1.4350 4.0198 3.5129 4.3554 2.8472 2.9389 2.7204 5.1795 0.0999 6.0296 0.2932 5.6293 0.6152
3.8837 2.9263 5.0810 5.1396 5.7259 5.7979 0.3434 5.1643 4.9602 5.2620 4.5290 5.3469 4.4033 0.3777 4.9157 4.1341 5.1541 4.0840 5.2278 4.6323
2.3316 0.8256 0.2322 1.1613 0.5357 2.0049 0.7954 1.8383 1.8494 2.1389 3.1361 2.5421 4.0601 4.1264 5.2166 0.2128 0.1650 0.6446 0.3924 1.1203
3.1070 3.9420 5.3346 4.4991 5.8763 5.2231 6.1126 5.8781 0.3054 5.7362 4.9590 5.3478 5.3888 6.2073 5.0618 4.2389 3.7302 3.6286 3.0252 4.2378
1.9884 1.2906 5.9808 1.0771 0.5384 1.4488 0.5337 1.6505 1.1679 1.6199 0.7821 1.8760 5.0419 3.5030 3.4761 2.5860 2.2646 1.6761 2.1357 1.2528
2.5898 3.7113 5.2419 4.9410 0.2158 5.6693 0.0809 5.6960 5.8022 5.2310 0.2116 5.0877 5.7417 5.9340 0.3235 6.1363 2.2186 3.1453 2.7291 3.2201
