3.5053 4.3837 3.5969 2.1393 3.1150 2.4045 3.5751 2.5332 2.9681 2.2632 2.6147 1.1253 2.6604 2.8073 2.3801 2.9687 3.0553 3.2990 2.5736 3.9050
2.1032 2.4447 3.3647 4.8793 3.4189 3.8188 3.8178 4.3837 3.3782 4.1873 2.5303 3.0728 2.7849 1.4723 1.5165 1.3934 1.7557 1.3333 2.6456 1.6826
2.1688 1.3331 2.8378 2.7274 2.3350 1.9791 2.9676 1.9715 2.4129 1.4301 2.3522 1.0852 2.6365 4.0583 3.0669 3.9277 3.0145 4.1712 2.8226 3.2489
2.4162 3.4345 2.5219 2.5387 2.4581 4.6435 3.2722 3.6865 2.4947 2.7401 2.8438 3.0774 3.1084 1.5001 2.0788 1.8997 2.6054 1.9310 1.8559 1.9145
1.1945 0.7820 1.3308 6.2687 1.2835 1.8447 2.3233 0.9240 1.6182 4.8094 3.7281 5.7458 3.6094 3.3929 2.2327 4.2588 3.2959 4.1549 5.8246 5.1794
2.0449 3.1699 1.7212 2.6507 2.0444 3.5797 3.0010 3.7968 2.5062 2.4930 2.8374 2.1710 1.8848 1.6996 1.7844 2.4026 1.6763 0.9451 1.5209 2.0050
0.5525 0.4089 1.5096 0.3486 0.9249 0.9941 2.4983 1.4510 1.8397 0.1897 5.5950 5.9427 6.0256 5.3807 0.4047 0.1246 0.5279 5.9840 0.9002 6.0767
1.6583 2.2604 1.9980 2.5356 2.1365 3.4149 3.3850 3.5764 2.7026 3.2771 4.3033 3.0219 1.6230 1.6825 1.8899 2.9623 1.5303 2.1718 1.4265 2.0302
1.1900 6.0909 0.9601 0.5807 0.9114 0.1962 2.0499 0.7479 1.3641 0.1489 5.9902 1.0579 0.5611 1.5243 0.7937 0.8669 0.4151 6.0741 0.8751 0.0000
1.7396 2.3342 1.4303 2.9920 2.2744 2.7966 2.2277 2.6647 1.6692 4.2577 5.8771 4.7556 0.3619 5.6126 0.5602 0.1889 1.2386 2.3979 1.7315 2.3501
1.2625 0.3116 0.5502 0.7103 1.2798 0.1713 1.4809 0.9489 0.5334 0.7998 0.1444 1.0683 0.6737 1.6613 0.7474 1.6251 1.3903 0.8709 1.0793 0.6349
1.5392 2.7184 1.8673 2.3508 2.1992 2.3801 2.0563 3.8087 0.5052 5.3823 6.1750 5.6775 0.2463 5.9102 0.0058 5.3059 1.2892 2.5589 1.6771 2.6792
1.3158 0.5016 0.8352 0.6217 1.4984 0.5351 1.3596 1.0039 0.6762 1.4447 1.0949 1.9916 1.2066 1.3562 0.6308 1.3982 0.8096 6.0791 0.3993 0.3580
2.0700 2.4240 1.3721 3.4994 1.4066 3.1690 2.3234 4.4310 5.7298 5.3321 0.3868 6.1647 0.4110 5.7434 6.1251 5.7266 1.3330 2.5904 1.4885 2.7471
1.5307 0.9880 1.0906 1.1362 1.2649 1.5618 1.2874 1.7281 1.3037 1.6574 2.0018 2.1858 1.2261 1.9307 1.3504 1.6233 1.5032 0.6734 1.7106 6.1236
2.3144 3.1624 2.4594 3.8073 6.0567 5.2635 0.3723 5.4686 0.3434 4.7608 3.5496 5.2873 0.6011 0.6362 1.9392 3.5267 2.2024 3.1050 2.1943 3.0174
1.7381 0.9947 1.8451 1.3038 0.8724 1.7007 0.3584 1.4934 1.7218 1.8510 2.7781 2.0723 1.6250 2.5565 1.2739 0.6024 1.6055 0.8823 1.1119 0.9133
1.4777 2.7920 1.6057 5.6098 0.4438 5.2337 5.8125 5.1600 3.4762 4.0248 2.6089 3.4178 1.7582 0.8986 1.5497 1.3056 1.5808 1.7517 1.5034 1.5957
1.4569 0.9367 1.9600 2.6426 1.0998 0.8391 0.3105 2.9310 3.2983 1.2558 2.2584 2.0740 1.9098 1.8589 2.3168 3.6291 2.7347 4.0347 1.4224 5.7670
2.1955 2.0173 3.5191 5.0634 4.1283 4.8964 5.3084 5.6086 4.2180 4.3186 3.6951 4.2909 3.4738 5.3550 1.7001 1.5207 2.2091 1.2168 1.8408 1.5067
