0.3136 0.4747 5.0689 5.8349 5.2303 0.1476 0.5075 0.0280 6.0192 5.6240 5.9718 5.2560 4.5419 2.5223 3.3349 1.7044 1.8892 0.9712 0.6853 0.3813
5.6384 3.6998 4.3814 3.8683 3.7570 3.5230 0.5705 1.4561 0.7895 1.3233 0.5357 4.3006 5.3297 5.4841 4.1960 4.1954 4.0226 3.6159 3.7677 3.4009
5.3570 5.4194 5.1716 5.4181 4.6274 6.1766 0.1656 5.6493 6.0905 5.2382 0.2972 0.7576 1.0159 2.4974 2.3998 2.2988 3.8658 0.2181 5.6892 0.1199
4.0903 3.5917 3.8391 3.2113 3.5812 2.8732 0.7795 1.2984 1.4152 1.8521 0.7247 0.2080 0.4170 5.3812 3.8239 5.1228 4.2502 3.5430 4.0090 3.6831
4.7419 4.9477 4.7050 5.4872 5.0031 5.6525 0.2398 5.9879 0.6813 5.8176 0.6513 2.4336 2.5187 2.9314 3.4920 2.8808 3.4959 4.6884 4.1654 5.3180
1.7226 2.1075 3.3057 2.5528 3.6983 2.4804 0.7270 1.8424 0.9812 2.5544 1.2463 0.6585 2.2784 5.6302 4.8878 5.0370 3.4380 1.8912 2.6995 1.7214
4.4703 5.3460 4.6605 5.0646 4.0985 5.2659 5.4252 5.4528 5.2196 5.8208 4.9404 3.3388 3.6148 2.9137 3.6460 2.5755 3.2779 4.7459 3.5703 4.1708
1.9367 2.2240 4.1685 3.0638 3.8110 3.1670 3.5096 2.4301 4.0408 3.2166 4.1808 0.0008 4.9648 5.3217 4.8142 4.9400 3.6053 2.8672 2.6699 2.1060
6.2039 5.4549 4.0928 4.8663 4.4751 5.4552 4.3673 4.6907 4.0628 5.1925 3.5191 3.6155 4.0238 2.8063 2.9781 3.0489 3.1595 4.4609 4.8630 5.4309
0.5426 1.5961 2.2627 2.5016 3.3774 3.1516 3.6062 2.1791 3.1142 2.3391 4.0296 5.4487 4.7040 5.7122 5.2430 5.8096 5.9301 0.3889 4.8484 1.2034
5.1066 4.6781 3.5838 4.4267 3.7851 4.8218 3.6183 4.8556 4.2950 4.4903 3.8340 3.2109 3.5804 3.3759 4.2023 3.6518 4.6140 4.0883 5.1970 4.6620
4.7796 2.1705 2.7475 1.6744 2.7870 1.8843 2.9417 2.6239 3.2969 3.0505 3.6100 4.7698 4.7139 5.6278 5.2503 5.2710 4.9562 0.3484 6.1046 1.1865
4.9629 5.2038 4.3926 4.5677 3.8206 4.7259 4.0074 4.1109 3.3388 3.1114 3.0789 2.2865 2.0041 1.9519 1.4258 2.5305 4.3833 3.5576 5.0074 4.8500
3.3441 2.4220 3.2057 2.7295 3.1386 2.2014 2.7253 2.2646 2.7116 4.3301 3.8176 5.2675 0.7635 5.8443 0.4120 6.0902 5.1915 6.1159 5.4650 1.8255
4.2809 5.1369 4.1960 5.0208 4.4375 4.8111 3.4437 4.6297 1.8357 1.9878 2.5211 2.1126 2.4382 1.9335 1.6857 3.0829 4.0824 3.9699 4.5822 5.1741
3.6197 2.3393 2.7531 2.4910 2.0196 2.2426 2.1187 2.0571 1.5634 0.8793 0.2187 0.8675 1.5000 0.3967 0.8560 0.2281 2.7980 2.2879 3.2853 2.9437
4.1154 5.1057 1.0376 0.0117 0.9049 6.2334 6.1319 5.3427 6.2791 5.1624 5.6151 4.4891 2.4203 2.6897 2.7477 2.5840 3.0922 4.6217 3.9285 5.4705
2.9366 2.4748 1.9550 2.5436 2.1088 2.1719 0.9334 2.0374 0.5743 1.7831 0.5064 1.1360 2.6030 4.5284 3.5432 3.8509 2.9836 2.7389 3.0988 2.9294
0.7130 6.1731 0.8567 0.4684 5.2558 6.1048 0.0594 5.9873 5.7164 5.6440 4.5535 3.8391 2.7635 2.2850 2.9233 1.9913 2.6761 0.3062 1.7080 0.4253
1.6515 2.8706 3.8485 3.7490 4.3211 4.0015 5.1712 4.5188 4.6103 3.9327 4.0791 3.4125 3.9135 5.0597 3.9764 4.1660 2.9934 3.1802 1.7527 2.5568
