0.9617 0.6942 5.7979 0.6374 0.2217 1.0803 0.7309 0.9803 0.2044 6.1256 5.1394 5.4704 5.6469 6.0603 5.8911 5.7718 0.1766 0.1556 0.7040 0.4656
2.3427 3.4572 5.1087 4.4450 5.2104 4.7550 5.3721 5.0604 5.9934 0.8744 5.9740 0.4904 0.1572 1.3729 1.1102 1.8964 1.0439 2.8277 1.7648 2.5608
1.0349 5.9577 5.2840 6.2250 5.7696 1.0534 0.0555 0.7379 6.0669 5.0144 5.8822 4.5569 5.5213 5.4315 5.9487 5.2805 0.2149 6.0199 0.6900 0.0552
2.5065 2.5062 3.9134 3.5635 4.4602 4.2744 5.0855 4.4344 5.7890 0.9430 6.2377 0.6348 0.6467 1.0602 0.6903 1.3782 1.8903 1.3738 1.2173 1.8498
4.3878 5.6239 4.5187 5.6981 5.6220 0.7724 5.3871 0.1334 5.7700 5.1597 5.4455 4.5949 3.9245 3.8215 2.9883 3.5215 3.1079 3.9127 1.6853 5.5499
3.8133 3.2877 3.7406 3.4886 4.7287 4.1672 4.2854 3.9987 5.3105 0.6441 0.3807 0.7707 1.8798 1.2332 2.7986 1.9718 2.1630 2.2974 2.5609 2.6724
5.9210 5.4118 4.0739 0.6450 5.4554 5.5774 5.3957 5.8215 5.7498 5.6341 0.1994 2.6991 2.1905 4.4382 3.3220 2.3947 2.9176 0.4702 1.3929 6.0182
0.8383 2.1968 4.1071 3.4864 4.0478 3.3574 4.2320 3.6321 2.4408 2.5620 1.1099 0.1729 1.5089 2.8197 3.1632 3.9700 3.1170 3.1035 1.9151 3.0076
0.2332 5.9780 4.9112 5.6451 4.5536 5.7897 5.0426 0.0262 0.7369 0.4466 0.9350 1.6960 1.4596 0.4764 2.2947 1.5645 2.1905 1.4343 1.9943 0.7988
2.4095 3.3712 3.9443 3.3939 4.1327 3.6355 4.4012 2.8389 1.7938 1.7204 0.5443 5.8947 6.1719 3.7717 3.8352 4.2898 3.1652 4.1297 2.3455 4.0564
1.9245 1.3154 1.4018 6.0691 5.2678 6.2739 5.0996 5.6685 5.9573 5.1564 0.2305 1.6658 6.2127 1.2253 2.2133 1.8794 2.2441 1.3496 1.5569 1.3096
3.4029 3.3316 2.2117 3.8138 4.9253 4.3206 4.9657 6.1053 5.6564 1.1105 6.2610 5.0090 5.2611 4.4944 3.3733 3.9271 3.6412 3.7591 2.7640 4.4210
2.4846 1.8282 1.7075 0.8234 5.3686 5.9690 5.0067 3.3592 4.2723 3.6029 0.8460 1.5326 0.2004 1.4189 3.2297 2.2699 3.0835 2.0630 2.6359 2.1228
3.5075 4.4105 3.8486 4.4607 5.1980 4.6415 4.7345 5.1564 4.7511 0.1371 0.2839 5.1004 5.5114 4.9341 4.6429 4.3879 4.2605 4.5997 3.3698 3.8401
2.7620 2.5169 2.9929 2.7733 3.7434 3.3086 3.3531 2.3815 4.3887 2.6734 1.4738 1.4439 0.3926 0.8070 6.0966 0.4637 3.9094 2.3361 3.1316 2.2380
3.6609 4.5465 3.7145 5.2691 4.2616 5.6082 5.5826 5.1811 5.3199 6.0795 0.4153 5.1856 5.0845 4.1528 4.9281 3.6697 3.6591 5.0675 3.3898 4.6801
3.2719 2.1281 3.3324 2.7744 3.5070 3.1010 5.9575 1.0440 0.1355 0.3448 6.2361 0.5414 6.1507 6.0546 5.4578 5.9197 3.8953 2.2493 2.3733 2.1785
3.6583 4.6450 3.2861 5.3280 5.6488 5.5198 5.8928 4.7334 6.0253 4.1345 4.8273 4.3318 5.3034 3.2224 4.5488 3.8366 4.3059 3.9365 3.6087 4.1197
2.6533 2.0913 2.8791 1.9321 0.3622 1.1743 0.3146 0.8686 0.2618 0.5313 4.8706 5.6843 5.6134 6.2155 5.1107 5.6383 4.8736 1.2077 2.5445 1.8467
2.3984 3.6035 3.9379 4.7043 0.4642 4.7866 5.9477 4.9775 5.1822 3.9286 4.6067 3.6933 4.9824 3.8262 4.6041 3.8492 4.9077 3.5618 2.0796 2.5667
