0.1269 5.0568 0.2983 0.1513 0.5450 0.4538 0.8936 1.6373 1.7420 1.8137 3.3670 2.9907 3.8514 3.4048 4.3197 2.6863 2.4928 3.2583 6.1947 0.2899
6.0366 0.7768 0.3538 1.3782 0.5307 6.2361 5.4280 5.3827 5.4484 5.6973 4.5310 4.9900 4.8243 6.0619 4.9687 5.6809 4.9277 5.8771 5.7563 6.2625
4.9587 4.5806 4.8831 4.7403 5.2362 4.1043 4.0783 3.9607 5.1302 3.5004 3.8698 2.8508 4.2485 3.5928 4.0046 3.1637 3.3447 3.1574 4.1878 3.1158
5.7895 0.4904 6.0972 5.8327 4.9369 5.8719 4.5585 5.6042 5.2805 5.4221 4.2416 4.5304 4.7270 5.7925 5.3362 5.5899 4.4003 6.0332 5.0369 5.8569
4.4365 4.5997 3.8258 3.4868 4.2832 3.4676 3.6626 3.1175 3.6806 2.8412 3.4488 2.5460 3.6250 2.9763 4.8862 3.4374 3.2894 3.6645 3.9493 4.0426
3.6558 2.6487 3.0172 0.8265 5.0852 5.7390 4.4361 5.5845 4.4371 5.3727 4.5205 5.1410 4.4208 5.7660 5.5974 0.1653 4.6383 1.6856 2.5367 1.6850
4.4272 5.1883 3.8239 4.4748 5.3735 3.6669 3.6516 2.9058 3.5383 2.7545 3.6270 2.5137 3.9587 4.1825 5.0287 3.7983 4.0478 4.6110 2.7009 4.9971
2.8740 3.0190 3.7133 1.5640 5.8726 5.8860 4.6698 5.4458 3.9184 4.1287 3.7311 4.5094 4.5373 6.2021 5.6996 0.2527 3.4214 1.6951 2.5703 2.2743
3.7247 4.6138 4.1069 4.6901 4.8227 3.6925 3.9911 3.3365 3.1326 2.7104 2.4579 3.3667 3.7401 3.5363 5.0521 3.5697 3.0341 3.5690 2.5401 5.2903
2.9630 2.4002 3.1153 2.7189 4.0415 2.5942 2.6661 4.9242 4.1295 5.6526 1.8327 0.9807 0.9448 0.1655 5.5689 0.0170 2.3368 1.2319 2.4542 2.4450
2.7143 3.5982 3.8488 4.9758 4.3836 5.8817 2.8372 2.1657 2.8654 3.0686 2.8378 2.7308 1.7414 3.4131 4.4686 3.2121 2.8550 3.5318 3.0032 1.6077
3.3111 3.2916 3.1803 2.9584 3.3489 2.8090 2.8770 1.7052 2.2962 1.5577 1.6869 0.4926 1.1751 6.0253 6.0990 0.2834 2.2839 1.5177 2.3624 3.7767
1.7598 1.1911 3.0233 3.8842 3.4544 3.3972 3.1545 4.3095 3.2352 3.8157 2.4717 2.9576 2.4893 2.0745 1.3240 2.4017 3.4363 5.2617 2.7557 1.5402
3.4153 4.1907 3.0777 1.6493 2.0706 1.2051 2.0416 1.7359 2.0291 0.5568 1.3253 0.0545 1.0610 0.2236 0.8711 5.2048 4.1301 2.5037 2.9037 4.0391
2.9958 2.4825 2.5385 3.6944 2.9217 3.7001 2.4438 0.0197 1.2606 1.6219 1.0334 2.0496 1.7211 1.5817 1.0172 1.2177 4.6661 3.8846 2.9866 3.2729
1.8470 1.5378 2.4375 1.8051 2.6937 1.8112 1.8316 2.5947 1.3428 0.1083 0.3828 0.0330 1.2768 5.0394 5.8411 5.1719 5.9767 0.5359 1.3878 1.0296
2.4480 3.7563 3.2858 4.3431 4.0661 4.8269 1.3500 0.3586 1.4132 2.2576 1.5256 2.5444 1.8604 1.9407 1.4280 1.9284 0.9368 2.3526 2.4180 3.0134
0.7099 1.0878 2.5834 2.1899 3.0592 2.1723 1.8757 2.1353 1.5158 0.0746 1.0603 0.9038 0.8987 6.2594 0.1378 0.2233 0.7252 6.2011 1.3726 1.0124
0.5618 4.3793 4.8766 5.7744 0.8869 6.0066 0.7518 6.0947 1.7171 2.2955 2.6815 2.6326 2.2604 2.3453 1.0294 2.5109 1.9537 2.9934 1.5656 0.0185
0.8504 1.0865 1.0733 2.1264 1.5494 2.4567 1.9922 2.1929 1.8622 4.4658 3.5224 4.9193 4.3345 5.8160 5.6982 6.0480 1.1526 0.1066 0.6794 2.9104
