6.1280 0.9971 0.7612 1.3060 5.8356 4.7445 5.7452 5.1488 5.7457 5.4398 1.6358 3.3286 1.3986 1.3377 0.6669 0.6678 0.8217 0.5429 1.7582 0.5623
4.8131 4.3060 5.6196 5.5043 6.1637 0.5645 0.2295 0.8320 0.0533 0.7566 1.2607 0.7095 1.0578 0.5316 0.2034 5.3696 5.1540 4.1297 2.6665 3.7275
6.1445 0.2364 0.0588 5.6221 5.7331 4.9921 5.5901 4.6401 5.6042 5.0474 6.0693 5.6318 1.0967 1.4282 0.8570 1.5390 1.0629 1.2950 0.8202 0.3065
1.0598 1.8458 0.2313 1.3292 0.4868 0.7536 6.1144 0.6392 0.1965 1.5929 0.8709 1.2804 0.7371 6.1036 1.2479 6.2344 1.3488 1.3272 1.6721 2.1209
0.0322 5.4434 6.1523 5.5494 5.1646 5.6354 5.4230 4.7202 5.0647 5.1329 0.5993 6.1430 0.4765 3.1579 2.3449 2.7095 1.9873 4.1596 2.5692 5.2962
1.4286 1.6572 2.1102 2.2532 2.6742 2.3997 0.1559 0.6040 6.2753 1.3681 1.6395 2.2195 0.8614 0.4036 1.1835 0.0392 1.3497 1.1710 2.0217 1.3450
2.7006 3.0727 3.1080 4.7637 3.2025 5.2777 5.7471 4.8511 5.3646 5.3702 0.4588 0.3135 1.7105 1.9269 1.9465 2.8690 2.7507 3.2965 2.7921 3.6338
1.3498 1.4922 2.8447 1.9254 2.9531 1.9448 0.3422 1.0511 5.9733 1.5192 1.1746 2.1365 1.8709 0.6659 1.3520 0.7514 2.3193 1.6395 2.0988 1.1826
2.2748 3.5041 3.8360 3.8846 3.9667 4.0531 5.3024 4.9667 5.5848 5.3823 0.4585 6.0525 1.3195 2.4942 2.3821 4.1804 3.1371 3.6553 2.3569 3.0001
1.3610 0.9355 4.2189 6.2029 4.2879 5.1676 5.9709 0.8802 0.1077 1.0808 0.4910 2.2761 1.7043 2.0654 2.4887 1.7380 2.0237 1.1675 1.9141 0.8915
3.0295 3.9678 3.2643 3.5007 4.4454 3.9743 4.9686 4.9886 5.4895 5.5691 0.1693 0.0199 0.1373 6.0156 2.8038 3.6661 2.4913 3.8567 3.2824 3.9347
2.3263 1.4901 5.5071 0.1365 6.0218 0.7531 6.0408 0.9392 0.6517 1.4759 1.3000 2.1903 1.1838 1.4620 2.5460 1.7386 1.7273 1.2767 3.1900 1.5842
3.9053 4.2240 4.5341 3.8599 6.0368 4.4246 5.1303 5.1111 6.2541 5.8705 0.2528 5.1871 0.0030 5.0175 3.1051 3.2641 2.5550 4.3928 3.2575 4.3928
3.2855 0.2080 5.8477 0.4689 0.2325 0.9003 6.1827 1.0825 0.2429 1.9262 0.9077 1.0209 0.5043 2.2778 2.1170 1.9134 1.9206 1.7684 3.3745 2.6046
3.9669 3.0249 4.1249 3.8297 5.5959 4.6553 5.6200 4.7073 5.5944 5.0596 5.8791 5.6246 0.1712 6.1517 0.8573 5.8666 1.1511 5.4527 4.1155 4.6379
4.4144 5.8777 4.5642 0.8788 0.1518 0.8804 0.0321 0.8061 6.2571 1.6287 0.8470 1.4059 1.4100 2.4926 1.7414 2.7466 2.0452 2.6184 2.8725 2.5955
5.1864 3.4000 4.1382 4.2910 5.1492 4.9763 5.6552 5.2544 6.0032 5.7161 6.1772 5.7515 0.8294 0.4870 0.6914 0.3953 0.6803 0.4480 1.9697 0.0222
5.3670 5.3268 5.4979 0.5436 5.8139 1.2097 0.0282 1.8492 0.9024 1.5250 0.4240 1.7895 1.8535 2.5366 1.7747 2.8213 2.9570 2.9849 2.2780 3.5104
0.0753 1.4959 6.1563 3.9189 5.2972 5.2650 5.6464 5.7808 6.2164 5.7313 0.2013 5.7829 0.9102 1.1470 0.7479 0.7452 1.7267 1.0643 1.9819 1.0922
5.8956 5.4381 0.0593 5.9580 5.6747 1.5599 1.3540 1.3054 0.4612 2.7421 1.7811 1.4514 0.9907 5.6575 0.1175 4.1211 3.1554 3.3244 2.7300 4.0185
