3.4900 2.7222 3.7917 0.4155 0.5649 1.3157 1.0779 1.8789 1.4725 2.2982 1.7174 2.4251 1.8140 3.1015 2.0432 2.4589 1.3263 1.8555 3.5561 2.6336
3.9411 4.8201 3.0671 3.6932 5.4391 4.8571 0.2588 5.5039 0.8176 5.8176 0.8425 0.0005 1.5112 0.2577 6.1366 6.0897 0.3224 5.2062 4.6582 5.7213
4.0599 3.0944 4.1469 5.8357 6.2618 1.1202 0.6306 1.7092 1.6910 2.6267 1.7948 3.2879 2.4622 2.7596 1.4964 2.1778 1.0830 1.7800 3.1984 3.0891
4.6381 5.1540 3.9434 4.4598 0.2733 4.7444 5.9941 5.9440 1.0821 0.1535 1.4772 0.9813 1.4199 0.0802 0.7790 0.0907 0.4812 4.6637 4.8190 4.8265
2.5662 2.1257 2.5681 1.2431 1.8180 0.6631 0.2415 4.8679 1.2311 1.8405 2.0334 2.6894 1.7386 2.8899 0.8820 0.3115 0.3464 0.7958 0.2840 1.9359
3.5395 4.1263 3.2075 3.9526 2.6749 2.5699 0.7560 0.8101 0.0848 0.1796 1.1240 0.6365 1.0599 0.4984 0.8800 3.3293 2.1217 5.1060 0.1616 5.4579
2.2173 1.8735 2.1821 1.6100 2.2157 5.5610 5.3612 4.5828 0.0144 2.9840 1.5295 2.3725 1.6650 0.8958 0.0122 6.0051 1.5346 2.1914 1.9657 1.4966
2.4623 3.6208 2.3796 3.3114 1.8978 3.2517 5.7742 0.1953 5.9437 0.6092 0.3171 5.9736 5.1657 4.8175 4.8736 3.0332 2.9758 3.9895 3.1782 3.2676
2.1346 1.5670 2.0067 0.6234 1.0906 0.3141 5.4666 4.2429 4.8683 4.0815 4.8540 4.0564 5.0393 2.9518 4.7731 0.1224 1.9261 1.6865 2.3453 1.1724
2.7301 3.6239 2.5264 2.8019 1.5157 6.1437 5.9449 6.1739 5.4292 0.0684 5.6780 6.1341 5.3562 5.6877 4.3931 3.3985 2.9744 3.9973 2.4056 3.2629
1.8401 0.9457 1.6847 1.5338 1.4377 2.5032 4.2125 3.3970 4.2870 4.1691 4.9053 3.5248 4.7334 4.3522 3.5704 3.0730 2.8322 2.6611 1.9053 1.4321
1.9362 3.7509 3.1948 4.8572 0.1303 4.9535 4.4593 4.4932 4.4485 6.0375 5.9199 5.6285 5.2033 0.9179 1.7364 1.5556 2.1695 1.5967 1.7036 0.7847
2.4243 1.8950 3.1047 1.8758 0.5188 1.3226 5.5726 5.7234 5.7073 3.4207 4.8919 3.7902 3.8531 3.8516 2.1821 3.3136 2.9515 3.6532 2.6321 3.8317
2.4253 4.7579 3.8441 4.5837 4.2066 4.5016 4.8790 3.5182 5.3161 5.9875 6.1297 0.2796 5.0140 2.2685 2.3715 0.9591 1.5925 1.2298 2.1884 1.5688
2.5897 2.1293 3.2738 2.5144 3.6679 0.5702 6.1399 0.0214 5.6305 3.2827 4.3881 3.8004 3.4616 3.2980 2.4358 2.8601 1.9286 3.1028 2.4607 3.0847
4.3401 4.5227 3.2503 3.9276 2.7910 3.7773 5.2073 4.5527 5.4603 5.8485 5.8073 0.4382 5.9709 0.1270 0.9284 0.0716 1.6343 1.3604 2.9428 5.1642
3.1634 2.1861 2.8364 1.7771 1.8139 1.1689 5.2259 0.7736 5.9953 3.3751 4.5692 4.1448 4.4918 2.6313 1.2282 2.4329 2.0827 3.5738 3.3901 2.3352
4.8680 4.8811 3.8458 4.4770 4.9601 4.0983 4.5823 4.5887 0.1424 5.7646 5.5898 6.2548 5.8210 5.8479 0.8038 0.1191 1.5884 6.0702 4.8015 5.5420
3.4146 2.5090 3.4350 1.3160 0.4185 0.9157 0.0739 1.4619 0.7314 1.8016 1.3747 2.4381 1.5409 2.4997 1.8031 2.6729 1.9891 2.1305 1.5637 2.5285
4.2845 4.6535 4.0029 4.5771 5.5834 5.5682 0.3748 5.7354 0.1499 6.1419 0.9919 0.0978 1.0723 0.3911 0.9045 0.8930 1.1210 5.0530 4.3211 4.8006
