1.7657 1.0752 1.9782 1.5772 1.8111 3.2081 2.8936 4.1070 2.5825 3.9459 2.0787 2.8331 1.8132 2.8772 2.2423 1.6767 1.4452 1.4295 1.9683 1.4347
3.1694 4.0257 3.3502 3.7344 1.8961 3.1390 2.6444 0.6296 1.2905 1.2181 1.1635 1.0249 1.3096 0.8887 2.3797 3.4376 1.8722 3.5068 3.1535 3.8253
3.1205 2.1078 2.6241 0.9654 1.8061 1.8278 3.0642 3.5681 3.3278 4.1266 2.6090 3.2834 2.7684 3.2537 2.1572 1.5090 1.5847 0.7838 1.3686 1.3016
4.1262 5.0975 3.2865 4.4408 3.2105 4.2468 2.4702 0.9367 2.0807 1.7082 1.8739 0.8396 1.9335 0.9286 3.3220 4.1648 3.3508 3.6269 2.4133 4.0208
2.9036 2.1531 2.9767 1.9356 2.3123 1.7619 2.2638 3.0031 2.1895 3.7481 2.4571 3.2944 2.5020 3.1776 2.7381 2.3017 2.4745 1.7854 2.0372 1.9174
5.1981 4.6701 5.2696 4.6316 3.3106 4.6895 1.9812 0.5384 1.6881 0.6497 1.5562 0.8530 1.5038 6.0547 1.9554 0.6352 1.7452 4.7288 3.7627 4.4754
1.0569 1.5176 0.3671 0.8793 1.3228 1.8936 2.0699 2.8842 1.9528 2.3324 2.1258 2.0763 1.6253 1.8320 2.0812 2.4771 1.6332 2.3103 2.5533 2.0338
6.1789 5.7741 0.4460 2.0672 1.3848 1.4564 0.9722 6.1928 1.2785 6.2067 1.0454 1.3540 0.7626 1.1961 0.0649 0.2283 0.3913 0.2162 6.2287 5.6533
0.8402 1.4474 0.3570 6.1943 0.4363 5.9704 0.7598 1.9931 1.5581 2.0256 1.0662 5.7497 0.6752 4.5163 5.4758 4.2635 4.7500 3.9167 3.5258 3.7616
1.3371 0.1183 0.7798 1.9773 0.9466 1.0405 0.7075 0.0183 0.0969 5.9046 0.5145 2.6278 1.3947 0.7793 5.9284 0.6096 5.2525 0.1605 1.6814 1.0098
1.9859 1.5987 1.0630 5.7956 0.6143 6.2475 0.2281 1.2107 1.2260 1.8572 0.6713 5.8588 5.3548 4.5324 4.8413 3.9860 4.1818 3.7925 1.9853 3.0224
0.8459 0.0980 1.3094 2.8531 1.2735 1.0673 0.0793 6.1059 0.2780 5.4977 0.7707 2.0018 6.1638 1.3540 0.1017 5.9393 5.5059 0.8032 1.4903 0.3523
2.1126 2.8053 0.9054 0.1114 1.1239 3.7327 2.5866 3.0942 1.9920 2.1731 0.0768 0.4195 5.4397 4.8677 5.0597 4.1701 5.5711 4.0675 1.8239 2.4047
1.2982 0.0735 1.5127 2.2391 1.8564 1.1422 1.7676 0.8307 0.9549 5.7735 5.9322 5.9002 0.0724 0.3357 0.2788 0.6980 0.9901 0.7492 1.3424 0.0037
1.6120 2.0371 1.3807 6.1535 1.3242 2.9457 2.1586 2.8493 2.2006 2.8530 1.2988 2.4354 5.8414 5.4431 0.1997 2.8383 1.7093 2.4918 2.0900 2.5583
1.9068 3.0623 1.3826 2.1961 1.8074 0.8908 1.8930 0.6155 1.9968 1.2635 0.9662 5.7884 0.7456 1.0446 0.6799 5.6112 6.0200 5.5274 0.5765 6.0750
1.0663 0.3416 0.5641 5.8314 1.7872 3.2029 2.5422 3.4768 2.1715 2.9848 2.3093 2.8297 1.5539 3.0723 1.6206 1.6326 0.6395 1.0567 0.8616 1.2463
1.5022 2.5582 2.4094 2.7057 1.5395 0.9225 2.0239 1.3499 1.2176 0.1404 0.9224 0.1912 1.2205 0.8564 1.1548 6.0622 6.1800 6.2579 6.2598 5.2327
1.3064 0.6841 1.3191 1.1710 1.7885 3.6393 2.7539 3.6076 1.9463 2.5280 1.4486 2.6403 1.2503 2.7873 1.7905 1.9457 0.9931 2.5085 1.9937 1.5793
2.4506 2.7060 2.2215 3.1245 1.5451 1.0994 2.5531 1.9873 1.8036 0.8851 1.3091 0.6288 1.2089 5.9275 2.8018 5.2959 0.5603 4.7405 2.6324 3.3285
