2.8846 3.3623 2.8574 3.9605 3.4998 4.3148 4.6721 4.5200 5.5068 4.5843 3.5309 4.1427 3.6580 4.4388 3.8987 6.0496 5.3121 6.2336 5.6477 4.1480
1.1909 0.1313 2.5228 1.4805 2.2624 1.5350 2.6354 2.1178 0.8209 1.9406 2.1062 2.6021 3.0384 3.5402 3.3751 4.0744 4.6269 4.8042 5.2265 0.6604
1.9981 3.0734 2.8844 3.5977 2.7807 2.9589 2.3046 5.9725 0.0649 5.5871 1.4557 0.6338 1.7429 1.0952 2.4632 1.7124 1.9444 2.1257 2.1910 2.5733
1.8486 1.3455 1.9764 1.7491 1.7734 0.5143 3.2264 1.6152 0.7882 1.8463 2.5393 2.8874 1.6183 2.9870 3.1939 3.8226 3.0561 3.9821 3.3626 6.0502
1.7549 1.7085 1.8214 2.8976 2.4418 3.7041 3.2677 4.8653 0.1000 5.3376 0.5238 0.4567 1.5612 0.8562 2.2235 1.4914 2.6781 2.3335 2.8579 2.8347
1.3850 5.9627 1.2829 0.3741 2.1676 0.5792 1.9216 1.5631 1.1794 1.6621 0.5616 1.4443 1.8555 3.0379 2.9724 4.0247 2.9010 4.4492 3.6538 3.7326
1.9735 2.6244 1.7707 3.1226 2.9368 3.1221 3.0335 4.8859 0.2833 5.7242 0.1400 5.3842 0.9405 0.6751 1.4582 1.2670 2.3974 2.1748 2.9753 2.3709
0.8041 6.0880 1.3619 0.5474 2.7791 2.7950 2.9654 1.9041 1.2205 1.7074 1.4877 2.2319 1.6573 2.4200 1.7631 4.0469 3.1970 4.0906 3.7860 0.1862
1.6414 2.5860 2.3350 2.5563 2.6149 1.4829 1.7363 5.9544 1.0651 0.2707 0.4580 6.0226 0.7183 6.2047 1.4035 1.6006 2.9670 2.0156 3.4972 2.9737
0.1603 0.0223 5.2996 4.9470 4.3003 4.0985 3.6583 3.5766 1.9758 2.8549 0.9783 2.4949 1.0765 3.1868 2.4954 3.9024 3.5157 4.7166 4.7830 6.0369
5.9025 4.7837 4.1211 3.2225 3.8378 1.4986 1.9653 0.5925 1.4164 0.2520 0.6484 0.0758 1.0809 0.8174 1.5737 1.2831 2.7636 3.2473 4.9469 4.2324
5.6494 1.0844 5.2875 5.8124 4.0844 4.2727 2.5597 2.8702 2.2364 2.3056 1.1300 2.8736 1.9619 3.1273 2.7900 3.0983 2.7773 6.2581 5.6649 0.1017
5.0385 4.1814 5.0949 2.7017 3.1209 2.1406 2.6269 2.1664 1.5268 0.2834 1.1547 0.2714 0.8785 1.2619 2.6467 5.9730 3.5194 3.7873 3.9689 3.5151
5.7104 0.2120 5.3202 4.7813 3.7824 4.5213 3.5821 4.0910 2.8280 2.9491 1.9405 3.0206 2.5324 3.4070 3.3316 2.9265 2.8595 1.2450 5.0670 0.3091
4.3497 3.4324 2.6519 2.8651 3.2137 2.3982 2.5231 1.5543 2.5739 0.7043 0.9547 6.2274 0.8896 0.0966 3.7066 4.6342 3.6205 4.2148 4.5276 3.7197
2.0285 1.0414 1.9078 0.1417 3.9154 4.6438 4.0735 3.2787 3.7184 4.0440 1.0238 2.5391 1.6209 2.2221 2.6223 2.1116 3.0318 2.3337 3.0760 2.0223
3.1891 3.5165 2.5382 3.1259 3.8286 3.4486 4.7210 5.2330 5.0914 5.4738 0.4850 6.1255 1.0839 4.9686 3.4987 4.3862 3.7605 4.6871 4.0244 4.2022
2.2087 1.8627 2.4908 1.7192 2.5915 0.7884 4.8801 2.1535 3.7789 2.5615 1.9311 1.9699 1.8160 1.5554 2.2802 1.5690 2.9088 1.9224 4.0976 1.8971
3.0539 3.6587 3.0996 3.8181 3.3127 4.1264 4.6969 4.2429 4.3458 4.0885 3.4631 4.1656 3.1949 4.1398 3.3277 4.0055 4.1956 4.5085 4.4957 4.3643
3.0383 1.2215 2.0990 1.7015 2.5580 0.6464 5.9725 0.4159 5.7152 0.8975 1.8353 2.1820 3.1207 1.9515 3.0147 2.4495 3.7493 2.9959 5.1364 1.2031
