5.0585 3.8866 4.6671 3.9274 5.2293 4.3283 3.3851 4.3982 3.0910 4.6728 4.3223 5.6105 0.5482 0.2603 4.9618 5.9533 4.8047 6.2186 5.4528 5.0667
4.1550 5.6574 5.1237 0.5451 5.7843 1.5685 3.3228 2.2169 2.6813 2.2332 1.9610 2.5201 1.7747 2.8596 4.0613 3.4040 4.4029 3.0885 3.2278 2.6612
4.0082 3.1534 4.2613 4.5564 4.9632 4.7661 4.4809 4.7047 3.8536 5.8734 1.9250 1.3429 0.8860 6.0716 4.9129 5.6345 4.6270 5.4935 1.8461 0.5177
4.0682 4.9092 3.4117 2.7312 4.3166 3.3059 2.8039 2.9321 2.4399 2.7940 2.3774 2.6958 1.1474 2.5781 2.6048 3.0638 3.3530 3.3403 2.8317 3.8409
2.1553 2.0685 3.7364 5.4404 4.4797 0.4175 1.0975 0.0252 1.6363 0.2313 0.9858 0.0735 0.8867 6.0035 1.4794 0.5037 1.7366 1.0895 2.0736 1.3014
2.6690 3.8606 3.2665 2.7563 3.7538 2.9181 1.7372 1.6211 1.6341 2.6806 1.8953 2.2443 1.5627 2.5142 2.2972 2.6137 2.2660 2.8762 2.8000 3.9274
1.4496 6.0710 3.9020 5.0151 4.8703 6.0562 0.4858 5.9925 1.4301 6.1957 0.8341 5.9702 0.3669 6.1639 0.7348 0.4380 0.9126 0.0285 1.1815 0.8509
2.7338 2.5003 3.1145 2.8520 4.0823 2.6222 1.8231 3.0557 1.7826 2.4349 1.6754 2.0351 1.1009 2.5148 2.0244 2.4325 1.3052 1.7384 1.9877 2.8765
2.2209 5.0797 4.2705 5.2386 4.7479 5.6025 0.6720 0.6033 1.1898 5.7874 1.3964 5.8948 0.5802 0.3135 1.4114 0.0678 0.9657 6.1645 0.6806 0.3056
2.3432 2.3704 3.6640 3.0709 3.6682 3.3229 1.2316 2.5138 1.3369 2.4474 1.8346 2.1677 1.6490 2.9968 1.5157 2.2860 1.3090 2.8794 1.8272 2.4362
5.1433 5.5095 5.2269 5.7440 4.6357 5.7483 0.1964 5.5783 0.4318 5.7656 0.9941 6.1218 0.4166 0.0958 1.1599 0.5918 0.5707 0.1631 6.0763 5.5135
3.8841 3.2282 3.9324 3.1921 3.8854 1.9868 1.2164 2.2757 0.7587 1.6350 1.0975 2.5023 1.5557 2.1372 1.5931 2.1722 1.6020 3.3995 3.9398 2.9022
4.2604 5.3989 4.8724 5.7693 4.3701 4.9446 5.9918 5.2316 0.8107 6.2639 0.5491 5.3848 0.3018 0.6699 0.5937 1.0164 6.2179 6.2151 5.1684 5.2851
3.7823 2.6081 3.5143 1.7955 3.2849 1.1990 1.2823 1.0358 0.9901 0.9825 0.6718 0.5459 0.8369 4.6602 5.8590 5.4453 5.9036 3.8816 4.0532 2.9576
4.8656 5.7020 4.6060 4.8047 4.1346 4.6519 3.2343 3.5838 2.2418 3.0689 1.6631 2.8173 1.7554 1.4027 0.3611 0.5482 5.7375 5.8345 5.0260 5.6304
4.3982 3.9243 4.2476 2.4037 3.3193 1.9893 2.4244 1.2210 2.1309 0.7130 1.6518 1.3221 1.4562 4.2953 5.3891 5.0201 5.4454 3.6731 4.2650 3.3166
5.0553 3.7251 4.3543 4.4043 4.1550 4.4268 3.3646 3.6631 2.8058 3.1845 2.1548 3.4103 2.1512 1.7318 0.8320 0.5959 5.6122 6.2149 5.4025 5.0301
5.9651 5.7282 5.5380 0.4769 5.6555 0.1751 2.9886 2.1897 2.1657 0.7897 0.7725 0.7635 0.4715 0.7199 5.9620 5.2577 5.4007 5.1303 0.0814 1.1932
5.2108 4.1652 5.3150 3.9718 4.6237 3.5738 3.5281 4.9093 2.8560 4.1342 3.9364 4.6234 5.4399 5.1305 5.6067 0.3576 5.9566 0.7248 5.9042 4.7994
5.6982 5.8090 5.4352 0.0184 6.0527 0.9120 2.7935 1.4275 2.4817 1.7509 3.4797 2.7728 2.8209 3.1413 5.0665 3.5732 4.4870 4.2291 5.5556 1.3359
