2.500000000000000000e-01 2.500000000000000000e-01 8.750000000000000000e+02
2.500000000000000000e-01 7.500000000000000000e-01 2.300000000000000000e+01
2.500000000000000000e-01 1.000000000000000000e+00 7.000000000000000000e+00
2.500000000000000000e-01 1.138889999999999958e+00 2.000000000000000000e+00
2.500000000000000000e-01 2.250000000000000000e+00 1.000000000000000000e+00
2.500000000000000000e-01 5.062500000000000000e+00 1.000000000000000000e+00
5.000000000000000000e-01 0.000000000000000000e+00 7.600000000000000000e+01
5.000000000000000000e-01 5.000000000000000000e-01 4.000000000000000000e+00
1.000000000000000000e+00 2.500000000000000000e-01 1.500000000000000000e+01
1.000000000000000000e+00 3.888900000000000134e-01 1.000000000000000000e+00
1.000000000000000000e+00 1.500000000000000000e+00 1.000000000000000000e+00
1.250000000000000000e+00 0.000000000000000000e+00 4.000000000000000000e+00
1.250000000000000000e+00 1.388900000000000134e-01 7.000000000000000000e+00
1.250000000000000000e+00 2.066329999999999778e+00 1.000000000000000000e+00
1.250000000000000000e+00 9.023239999999999483e+00 1.000000000000000000e+00
2.000000000000000000e+00 5.000000000000000000e-01 2.000000000000000000e+00
2.000000000000000000e+00 4.632649999999999935e+00 1.000000000000000000e+00
2.250000000000000000e+00 2.500000000000000000e-01 4.000000000000000000e+00
2.250000000000000000e+00 3.062500000000000000e+00 1.000000000000000000e+00
2.500000000000000000e+00 0.000000000000000000e+00 3.000000000000000000e+00
2.500000000000000000e+00 6.250000000000000000e-01 1.000000000000000000e+00
2.500000000000000000e+00 1.919999999999999929e+00 1.000000000000000000e+00
2.500000000000000000e+00 4.140620000000000189e+00 1.000000000000000000e+00
2.500000000000000000e+00 1.083247000000000071e+01 1.000000000000000000e+00
3.250000000000000000e+00 0.000000000000000000e+00 1.000000000000000000e+00
3.250000000000000000e+00 6.633000000000000007e-02 2.000000000000000000e+00
3.250000000000000000e+00 1.300000000000000044e-01 2.000000000000000000e+00
3.250000000000000000e+00 3.611099999999999866e-01 3.000000000000000000e+00
3.250000000000000000e+00 1.169999999999999929e+00 1.000000000000000000e+00
3.250000000000000000e+00 1.316119999999999957e+00 1.000000000000000000e+00
4.000000000000000000e+00 6.250000000000000000e-02 1.000000000000000000e+00
4.000000000000000000e+00 2.500000000000000000e-01 1.000000000000000000e+00
4.000000000000000000e+00 4.199999999999999845e-01 2.000000000000000000e+00
4.000000000000000000e+00 1.555560000000000054e+00 1.000000000000000000e+00
4.250000000000000000e+00 3.161200000000000121e-01 1.000000000000000000e+00
4.500000000000000000e+00 2.222200000000000009e-01 1.000000000000000000e+00
4.500000000000000000e+00 5.000000000000000000e-01 1.000000000000000000e+00
4.500000000000000000e+00 1.175000000000000000e+01 1.000000000000000000e+00
5.000000000000000000e+00 0.000000000000000000e+00 1.000000000000000000e+00
5.000000000000000000e+00 1.500000000000000000e+00 1.000000000000000000e+00
6.250000000000000000e+00 0.000000000000000000e+00 2.000000000000000000e+00
6.250000000000000000e+00 1.275499999999999967e-01 2.000000000000000000e+00
6.250000000000000000e+00 2.500000000000000000e-01 1.000000000000000000e+00
6.250000000000000000e+00 3.826499999999999901e-01 1.000000000000000000e+00
6.250000000000000000e+00 4.648800000000000154e-01 1.000000000000000000e+00
6.250000000000000000e+00 6.944399999999999462e-01 1.000000000000000000e+00
6.250000000000000000e+00 1.562500000000000000e+00 1.000000000000000000e+00
6.250000000000000000e+00 8.650520000000000209e+00 1.000000000000000000e+00
6.500000000000000000e+00 0.000000000000000000e+00 2.000000000000000000e+00
6.500000000000000000e+00 2.148799999999999877e-01 1.000000000000000000e+00
7.250000000000000000e+00 1.331630000000000091e+00 1.000000000000000000e+00
7.250000000000000000e+00 3.255539999999999878e+00 1.000000000000000000e+00
7.250000000000000000e+00 7.650520000000000209e+00 1.000000000000000000e+00
8.500000000000000000e+00 2.285320000000000018e+00 1.000000000000000000e+00
9.000000000000000000e+00 2.777999999999999914e-02 1.000000000000000000e+00
9.000000000000000000e+00 2.820099999999999829e-01 1.000000000000000000e+00
9.250000000000000000e+00 8.568099999999999605e-01 1.000000000000000000e+00
1.025000000000000000e+01 2.250000000000000000e+00 1.000000000000000000e+00
1.025000000000000000e+01 3.397839999999999971e+00 1.000000000000000000e+00
1.125000000000000000e+01 1.388900000000000134e-01 1.000000000000000000e+00
1.250000000000000000e+01 9.452000000000000679e-02 1.000000000000000000e+00
1.250000000000000000e+01 2.222220000000000084e+00 1.000000000000000000e+00
1.300000000000000000e+01 4.570299999999999918e-01 1.000000000000000000e+00
1.300000000000000000e+01 8.125000000000000000e-01 1.000000000000000000e+00
1.325000000000000000e+01 1.418000000000000094e-01 2.000000000000000000e+00
1.600000000000000000e+01 1.111100000000000004e-01 1.000000000000000000e+00
1.600000000000000000e+01 5.840279999999999916e+00 1.000000000000000000e+00
2.125000000000000000e+01 3.951399999999999912e-01 1.000000000000000000e+00
