2.500000000000000000e-01 2.500000000000000000e-01 1.094000000000000000e+03
2.500000000000000000e-01 7.500000000000000000e-01 2.400000000000000000e+01
2.500000000000000000e-01 1.000000000000000000e+00 9.000000000000000000e+00
2.500000000000000000e-01 1.138889999999999958e+00 3.000000000000000000e+00
2.500000000000000000e-01 1.312500000000000000e+00 1.000000000000000000e+00
2.500000000000000000e-01 2.250000000000000000e+00 2.000000000000000000e+00
2.500000000000000000e-01 2.875000000000000000e+00 1.000000000000000000e+00
2.500000000000000000e-01 5.062500000000000000e+00 1.000000000000000000e+00
5.000000000000000000e-01 0.000000000000000000e+00 8.500000000000000000e+01
5.000000000000000000e-01 5.000000000000000000e-01 7.000000000000000000e+00
5.000000000000000000e-01 8.888899999999999579e-01 2.000000000000000000e+00
5.000000000000000000e-01 2.000000000000000000e+00 1.000000000000000000e+00
5.000000000000000000e-01 3.750000000000000000e+00 1.000000000000000000e+00
1.000000000000000000e+00 2.500000000000000000e-01 2.200000000000000000e+01
1.000000000000000000e+00 3.888900000000000134e-01 6.000000000000000000e+00
1.000000000000000000e+00 1.500000000000000000e+00 2.000000000000000000e+00
1.000000000000000000e+00 4.312500000000000000e+00 1.000000000000000000e+00
1.250000000000000000e+00 0.000000000000000000e+00 8.000000000000000000e+00
1.250000000000000000e+00 1.388900000000000134e-01 4.000000000000000000e+00
1.250000000000000000e+00 3.125000000000000000e-01 2.000000000000000000e+00
1.250000000000000000e+00 1.250000000000000000e+00 2.000000000000000000e+00
1.250000000000000000e+00 3.316120000000000179e+00 1.000000000000000000e+00
1.250000000000000000e+00 5.036979999999999791e+00 1.000000000000000000e+00
1.250000000000000000e+00 5.390620000000000189e+00 1.000000000000000000e+00
1.250000000000000000e+00 1.745498999999999867e+01 1.000000000000000000e+00
2.000000000000000000e+00 5.000000000000000000e-01 4.000000000000000000e+00
2.000000000000000000e+00 1.611110000000000042e+00 1.000000000000000000e+00
2.000000000000000000e+00 1.425000000000000000e+01 1.000000000000000000e+00
2.250000000000000000e+00 2.500000000000000000e-01 1.400000000000000000e+01
2.250000000000000000e+00 5.277800000000000269e-01 1.000000000000000000e+00
2.250000000000000000e+00 8.750000000000000000e-01 1.000000000000000000e+00
2.250000000000000000e+00 1.066330000000000000e+00 1.000000000000000000e+00
2.500000000000000000e+00 0.000000000000000000e+00 5.000000000000000000e+00
2.500000000000000000e+00 2.777800000000000269e-01 1.000000000000000000e+00
2.500000000000000000e+00 6.250000000000000000e-01 1.000000000000000000e+00
2.500000000000000000e+00 8.163300000000000001e-01 1.000000000000000000e+00
2.500000000000000000e+00 1.919999999999999929e+00 1.000000000000000000e+00
2.500000000000000000e+00 4.000000000000000000e+00 1.000000000000000000e+00
3.250000000000000000e+00 0.000000000000000000e+00 1.000000000000000000e+00
3.250000000000000000e+00 6.633000000000000007e-02 3.000000000000000000e+00
3.250000000000000000e+00 1.265619999999999967e+00 1.000000000000000000e+00
4.000000000000000000e+00 4.199999999999999845e-01 1.000000000000000000e+00
4.000000000000000000e+00 1.000000000000000000e+00 1.000000000000000000e+00
4.250000000000000000e+00 1.700000000000000122e-01 1.000000000000000000e+00
4.250000000000000000e+00 3.161200000000000121e-01 1.000000000000000000e+00
4.250000000000000000e+00 4.722199999999999731e-01 1.000000000000000000e+00
4.250000000000000000e+00 1.062500000000000000e+00 1.000000000000000000e+00
4.250000000000000000e+00 7.385799999999999699e+00 1.000000000000000000e+00
4.500000000000000000e+00 2.222200000000000009e-01 1.000000000000000000e+00
6.250000000000000000e+00 0.000000000000000000e+00 1.000000000000000000e+00
6.250000000000000000e+00 2.500000000000000000e-01 1.000000000000000000e+00
6.250000000000000000e+00 4.648800000000000154e-01 1.000000000000000000e+00
6.500000000000000000e+00 0.000000000000000000e+00 1.000000000000000000e+00
7.250000000000000000e+00 1.479600000000000082e-01 1.000000000000000000e+00
7.250000000000000000e+00 6.562500000000000000e+00 1.000000000000000000e+00
1.000000000000000000e+01 6.250000000000000000e-01 1.000000000000000000e+00
1.125000000000000000e+01 2.551000000000000142e-02 1.000000000000000000e+00
1.125000000000000000e+01 7.811999999999999500e-02 1.000000000000000000e+00
1.225000000000000000e+01 2.500000000000000000e-01 1.000000000000000000e+00
1.300000000000000000e+01 0.000000000000000000e+00 1.000000000000000000e+00
1.525000000000000000e+01 2.883000000000000146e-02 1.000000000000000000e+00
1.850000000000000000e+01 6.400999999999999746e-02 1.000000000000000000e+00
