0 7
0 12
0 13
0 14
0 15
0 16
0 17
0 18
0 19
0 20
0 21
0 22
0 38
0 40
0 41
0 42
0 43
0 47
0 48
0 49
1 7
1 8
1 13
1 14
1 15
1 16
1 17
1 18
1 19
1 20
1 21
1 22
1 26
1 32
1 36
1 41
1 42
1 43
1 44
1 45
1 46
1 47
1 48
1 49
2 1
2 2
2 3
2 13
2 14
2 15
2 16
2 17
2 18
2 19
2 20
2 21
2 22
2 26
2 27
2 28
2 29
2 30
2 31
2 32
2 36
2 38
2 39
2 40
2 41
2 42
2 43
2 47
2 48
2 49
3 3
3 6
3 13
3 14
3 15
3 16
3 17
3 19
3 20
3 21
3 22
3 23
3 24
3 27
3 34
3 36
3 41
3 43
3 45
3 48
3 49
4 8
4 9
4 10
4 13
4 14
4 15
4 16
4 17
4 18
4 21
4 22
4 23
4 24
4 26
4 27
4 29
4 33
4 34
4 35
4 39
4 40
4 41
4 42
4 45
4 48
5 2
5 5
5 9
5 14
5 15
5 16
5 17
5 22
5 25
5 26
5 27
5 29
5 35
5 41
5 42
5 43
5 45
5 46
5 47
5 48
6 4
6 5
6 6
6 7
6 8
6 13
6 14
6 15
6 16
6 26
6 29
6 32
6 40
6 41
6 42
6 43
6 45
6 46
6 47
6 48
6 49
7 1
7 2
7 4
7 6
7 8
7 13
7 14
7 15
7 16
7 18
7 19
7 26
7 27
7 29
7 30
7 31
7 32
7 34
7 35
7 38
7 39
7 40
7 41
7 42
7 45
7 46
7 47
7 48
7 49
8 5
8 6
8 7
8 18
8 19
8 20
8 21
8 22
8 23
8 26
8 29
8 30
8 31
8 32
8 33
8 34
8 35
8 36
8 37
8 38
8 39
8 40
8 41
8 42
8 43
8 44
8 45
8 46
9 2
9 4
9 5
9 6
9 7
9 10
9 13
9 14
9 15
9 16
9 17
9 18
9 19
9 20
9 24
9 29
9 30
9 31
9 32
9 33
9 34
9 36
9 37
9 38
9 39
9 40
9 41
9 43
9 48
10 1
10 2
10 3
10 4
10 5
10 7
10 13
10 14
10 15
10 16
10 17
10 18
10 23
10 24
10 29
10 30
10 31
10 32
10 33
10 34
10 35
10 36
10 37
10 38
10 39
10 40
11 1
11 3
11 4
11 5
11 13
11 14
11 15
11 17
11 18
11 19
11 21
11 22
11 23
11 24
11 28
11 29
11 30
11 31
11 32
11 33
11 34
11 35
11 36
11 37
11 38
11 40
11 41
11 42
12 1
12 5
12 6
12 11
12 13
12 14
12 15
12 20
12 21
12 22
12 27
12 28
12 29
12 31
12 32
12 33
12 34
12 36
12 40
12 41
12 42
12 46
13 1
13 5
13 11
13 13
13 14
13 17
13 18
13 19
13 20
13 21
13 23
13 24
13 25
13 28
13 29
13 30
13 31
13 32
13 33
13 41
13 42
13 43
13 44
13 46
13 47
14 0
14 4
14 12
14 16
14 17
14 18
14 19
14 20
14 21
14 23
14 24
14 28
14 29
14 30
14 32
14 33
14 34
14 35
14 40
14 41
14 42
14 43
14 44
14 46
14 47
14 49
15 4
15 6
15 7
15 12
15 16
15 17
15 18
15 19
15 20
15 23
15 24
15 31
15 32
15 33
15 34
15 39
15 40
15 41
15 42
15 43
15 44
15 45
15 46
15 49
16 0
16 1
16 5
16 6
16 7
16 16
16 17
16 18
16 19
16 20
16 21
16 23
16 24
16 26
16 27
16 33
16 34
16 39
16 40
16 42
16 43
16 44
16 46
16 47
16 48
16 49
17 0
17 1
17 2
17 5
17 7
17 8
17 9
17 13
17 14
17 15
17 16
17 17
17 18
17 21
17 22
17 24
17 25
17 26
17 40
17 42
17 46
17 47
17 48
17 49
18 0
18 5
18 12
18 13
18 14
18 15
18 16
18 17
18 22
18 24
18 26
18 29
18 30
18 31
18 32
18 35
18 36
18 37
18 41
18 42
18 47
18 48
18 49
19 2
19 4
19 5
19 7
19 8
19 9
19 10
19 12
19 13
19 14
19 16
19 17
19 23
19 27
19 30
19 31
19 32
19 33
19 37
19 38
19 39
19 40
19 41
19 42
19 43
19 44
19 45
19 46
19 47
19 48
20 0
20 1
20 2
20 3
20 4
20 5
20 9
20 12
20 13
20 16
20 20
20 21
20 23
20 24
20 29
20 30
20 31
20 32
20 33
20 35
20 36
20 37
20 38
20 39
20 40
20 41
20 42
20 43
20 47
20 48
20 49
21 0
21 1
21 2
21 3
21 6
21 7
21 12
21 13
21 21
21 22
21 23
21 24
21 25
21 29
21 30
21 31
21 32
21 33
21 34
21 35
21 36
21 37
21 39
21 40
21 41
21 42
21 43
21 48
21 49
22 4
22 6
22 7
22 8
22 9
22 10
22 11
22 12
22 13
22 14
22 19
22 21
22 22
22 23
22 24
22 25
22 32
22 33
22 34
22 35
22 36
22 37
22 38
22 39
22 40
22 41
22 42
22 43
23 3
23 5
23 6
23 7
23 8
23 9
23 10
23 11
23 12
23 13
23 21
23 23
23 24
23 32
23 33
23 34
23 37
23 38
23 39
23 40
23 41
23 42
23 43
23 44
23 49
24 2
24 3
24 5
24 6
24 7
24 8
24 9
24 10
24 11
24 12
24 13
24 14
24 20
24 21
24 22
24 23
24 24
24 27
24 28
24 29
24 33
24 34
24 36
24 37
24 38
24 39
24 40
24 41
24 42
24 43
24 48
25 0
25 1
25 2
25 3
25 4
25 6
25 7
25 8
25 9
25 11
25 12
25 13
25 14
25 22
25 23
25 24
25 25
25 26
25 28
25 29
25 33
25 34
25 35
25 36
25 37
25 38
25 39
25 40
25 41
25 42
25 47
25 49
26 0
26 1
26 5
26 9
26 12
26 13
26 19
26 22
26 23
26 24
26 25
26 28
26 29
26 30
26 31
26 32
26 33
26 34
26 35
26 36
26 37
26 38
26 42
27 0
27 1
27 2
27 5
27 6
27 9
27 11
27 14
27 21
27 22
27 23
27 24
27 26
27 27
27 28
27 29
27 30
27 31
27 32
27 33
27 34
27 35
27 36
27 37
27 42
27 43
27 44
27 45
28 1
28 4
28 5
28 11
28 12
28 18
28 19
28 20
28 21
28 25
28 26
28 27
28 28
28 29
28 32
28 33
28 34
28 35
28 36
28 38
28 41
28 42
28 43
28 44
28 45
28 46
29 2
29 4
29 5
29 7
29 8
29 19
29 21
29 24
29 25
29 26
29 27
29 29
29 30
29 31
29 32
29 33
29 34
29 35
29 36
29 37
29 41
29 42
29 43
29 44
30 0
30 4
30 5
30 6
30 7
30 8
30 11
30 12
30 13
30 17
30 22
30 23
30 24
30 25
30 26
30 27
30 29
30 30
30 31
30 32
30 34
30 35
30 37
30 38
30 39
30 40
30 42
30 46
30 47
30 48
30 49
31 0
31 5
31 7
31 12
31 13
31 16
31 20
31 21
31 22
31 24
31 25
31 26
31 28
31 29
31 30
31 31
31 32
31 34
31 35
31 36
31 37
31 38
31 39
31 40
31 41
31 42
31 43
31 47
31 49
32 0
32 1
32 3
32 11
32 12
32 13
32 20
32 21
32 22
32 24
32 25
32 26
32 27
32 28
32 29
32 30
32 34
32 38
32 39
32 40
32 41
32 42
32 45
33 0
33 8
33 11
33 12
33 13
33 14
33 20
33 21
33 22
33 23
33 24
33 27
33 28
33 29
33 30
33 31
33 33
33 34
33 37
33 38
33 39
33 40
33 41
33 44
34 0
34 4
34 8
34 9
34 13
34 14
34 20
34 21
34 22
34 23
34 27
34 29
34 33
34 34
34 35
34 37
34 38
34 39
34 40
35 0
35 1
35 6
35 8
35 9
35 10
35 13
35 14
35 21
35 23
35 29
35 30
35 31
35 32
35 33
35 34
35 35
35 43
35 48
35 49
36 0
36 1
36 8
36 9
36 10
36 11
36 12
36 13
36 14
36 16
36 18
36 20
36 21
36 27
36 28
36 29
36 30
36 31
36 32
36 33
36 34
36 38
36 39
36 40
36 42
36 43
36 46
36 47
36 48
36 49
37 0
37 8
37 9
37 10
37 12
37 13
37 14
37 16
37 17
37 18
37 26
37 27
37 28
37 29
37 30
37 34
37 38
37 40
37 41
37 42
37 43
37 45
37 46
37 47
37 48
37 49
38 0
38 8
38 14
38 15
38 16
38 21
38 26
38 27
38 28
38 29
38 30
38 31
38 32
38 34
38 42
38 46
38 47
38 48
38 49
39 0
39 14
39 15
39 16
39 21
39 22
39 27
39 28
39 29
39 32
39 33
39 35
39 42
39 44
39 48
39 49
40 0
40 13
40 14
40 15
40 17
40 19
40 20
40 21
40 22
40 28
40 29
40 35
40 36
40 42
40 43
40 44
40 45
40 47
40 48
40 49
41 0
41 1
41 2
41 4
41 5
41 8
41 12
41 13
41 14
41 15
41 19
41 20
41 21
41 22
41 25
41 26
41 28
41 31
41 32
41 33
41 34
41 36
41 41
41 42
41 43
41 44
41 45
41 46
41 47
41 48
41 49
42 4
42 5
42 8
42 9
42 10
42 11
42 19
42 20
42 21
42 22
42 23
42 24
42 36
42 37
42 38
42 39
42 41
42 42
42 43
42 45
42 46
42 47
42 48
42 49
43 1
43 3
43 4
43 5
43 7
43 9
43 10
43 13
43 14
43 18
43 19
43 20
43 21
43 22
43 23
43 24
43 28
43 32
43 35
43 41
43 42
43 43
43 44
43 45
43 46
43 47
44 0
44 3
44 4
44 5
44 6
44 7
44 12
44 18
44 22
44 23
44 24
44 25
44 26
44 27
44 28
44 32
44 33
44 39
44 40
44 41
44 42
44 45
44 46
45 0
45 3
45 5
45 6
45 11
45 12
45 13
45 22
45 23
45 24
45 28
45 29
45 32
45 33
45 34
45 39
45 40
45 41
45 44
45 45
45 46
45 47
45 48
46 3
46 5
46 6
46 7
46 10
46 11
46 12
46 13
46 14
46 15
46 21
46 22
46 23
46 31
46 32
46 33
46 36
46 38
46 39
46 40
46 45
46 46
46 47
46 48
46 49
47 5
47 8
47 9
47 10
47 11
47 12
47 13
47 14
47 15
47 16
47 17
47 19
47 22
47 29
47 30
47 31
47 32
47 33
47 36
47 37
47 38
47 39
47 44
47 45
47 46
48 2
48 4
48 6
48 7
48 8
48 9
48 13
48 14
48 15
48 16
48 17
48 18
48 19
48 20
48 21
48 30
48 31
48 32
48 36
48 37
48 38
48 39
48 40
48 41
48 44
48 46
48 47
48 48
49 0
49 7
49 8
49 9
49 11
49 12
49 13
49 14
49 16
49 17
49 18
49 19
49 20
49 21
49 32
49 38
49 39
49 44
49 46
49 47
49 48
49 49
