0 1
0 2
0 3
0 5
0 8
0 9
0 12
0 13
0 18
0 19
0 20
0 21
0 22
0 24
0 25
0 26
0 27
0 29
0 30
0 31
0 32
0 35
0 46
0 47
0 48
0 49
1 0
1 1
1 2
1 3
1 12
1 13
1 14
1 15
1 16
1 22
1 24
1 25
1 26
1 27
1 28
1 29
1 30
1 31
1 40
1 42
1 45
1 46
1 47
1 48
1 49
2 0
2 1
2 2
2 4
2 8
2 12
2 18
2 19
2 23
2 24
2 26
2 27
2 28
2 29
2 30
2 34
2 39
2 45
2 46
2 47
2 48
2 49
3 0
3 4
3 5
3 6
3 8
3 9
3 12
3 18
3 19
3 21
3 23
3 26
3 27
3 30
3 34
3 38
3 39
3 41
3 42
3 44
3 45
3 46
3 47
3 48
3 49
4 5
4 8
4 16
4 17
4 18
4 19
4 22
4 23
4 24
4 25
4 29
4 35
4 37
4 38
4 39
4 40
4 41
4 42
4 44
4 45
4 46
4 47
4 48
4 49
5 3
5 8
5 15
5 16
5 17
5 18
5 19
5 23
5 24
5 25
5 27
5 29
5 34
5 36
5 37
5 38
5 39
5 41
5 42
5 43
5 44
5 45
5 48
6 7
6 12
6 13
6 17
6 18
6 19
6 20
6 22
6 24
6 25
6 27
6 28
6 30
6 31
6 32
6 33
6 34
6 35
6 37
6 39
6 40
6 41
6 45
7 1
7 7
7 8
7 9
7 12
7 13
7 15
7 16
7 17
7 18
7 19
7 20
7 23
7 24
7 25
7 26
7 27
7 34
7 35
7 39
7 40
7 41
8 0
8 1
8 2
8 7
8 8
8 9
8 12
8 13
8 15
8 16
8 19
8 20
8 26
8 27
8 28
8 33
8 34
8 35
8 42
8 47
8 49
9 0
9 1
9 2
9 8
9 9
9 13
9 15
9 22
9 23
9 26
9 27
9 28
9 34
9 35
9 39
9 42
9 46
9 47
9 48
9 49
10 0
10 1
10 2
10 4
10 8
10 10
10 11
10 12
10 13
10 14
10 21
10 22
10 23
10 24
10 26
10 30
10 34
10 35
10 36
10 39
10 40
10 45
10 46
10 49
11 0
11 5
11 8
11 9
11 11
11 12
11 13
11 14
11 15
11 18
11 19
11 20
11 21
11 22
11 23
11 25
11 26
11 27
11 30
11 31
11 32
11 36
11 37
11 38
11 39
11 40
11 41
11 45
11 46
12 2
12 3
12 5
12 11
12 12
12 13
12 14
12 15
12 20
12 22
12 23
12 24
12 25
12 26
12 27
12 31
12 32
12 38
12 39
12 40
12 41
12 42
12 44
12 45
12 46
13 1
13 5
13 10
13 11
13 12
13 13
13 14
13 15
13 17
13 18
13 20
13 25
13 31
13 32
13 33
13 34
13 37
13 38
13 39
13 40
13 41
13 42
13 43
13 44
13 45
14 3
14 5
14 6
14 7
14 8
14 9
14 10
14 11
14 12
14 13
14 14
14 15
14 16
14 17
14 19
14 20
14 21
14 22
14 23
14 24
14 25
14 31
14 32
14 33
14 37
14 38
14 39
14 40
14 41
14 43
15 5
15 6
15 7
15 8
15 9
15 10
15 13
15 14
15 15
15 16
15 17
15 18
15 21
15 22
15 23
15 24
15 27
15 28
15 29
15 30
15 31
15 32
15 35
15 36
15 37
15 40
15 41
15 45
15 47
15 48
16 6
16 7
16 8
16 9
16 10
16 14
16 15
16 16
16 17
16 20
16 21
16 22
16 23
16 26
16 27
16 28
16 29
16 30
16 31
16 32
16 34
16 35
16 36
16 37
16 40
16 41
17 2
17 3
17 7
17 9
17 10
17 11
17 12
17 15
17 17
17 18
17 20
17 21
17 24
17 25
17 26
17 27
17 29
17 30
17 34
17 36
17 37
17 38
17 44
18 2
18 3
18 4
18 7
18 8
18 9
18 10
18 11
18 13
18 29
18 34
18 36
18 38
18 39
18 43
18 44
18 45
18 46
18 47
19 0
19 3
19 4
19 5
19 7
19 8
19 9
19 10
19 11
19 17
19 23
19 32
19 33
19 34
19 39
19 40
19 43
19 44
19 45
19 46
19 47
19 49
20 0
20 3
20 4
20 5
20 6
20 7
20 8
20 9
20 10
20 14
20 17
20 27
20 28
20 29
20 32
20 33
20 43
20 44
20 45
20 46
20 47
20 48
21 3
21 4
21 5
21 6
21 7
21 8
21 9
21 10
21 11
21 12
21 13
21 14
21 15
21 17
21 22
21 23
21 24
21 26
21 27
21 31
21 32
21 33
21 34
21 37
21 38
21 39
21 43
21 44
21 46
21 47
21 48
22 1
22 5
22 6
22 7
22 8
22 12
22 13
22 14
22 15
22 23
22 25
22 31
22 32
22 33
22 34
22 35
22 36
22 37
22 38
22 39
22 40
22 47
22 48
23 2
23 3
23 4
23 5
23 6
23 9
23 10
23 11
23 19
23 20
23 21
23 22
23 23
23 24
23 27
23 32
23 33
23 34
23 35
23 36
23 37
23 39
23 44
23 45
23 46
23 47
23 48
24 9
24 10
24 21
24 22
24 23
24 26
24 37
24 44
24 45
24 46
24 47
25 1
25 9
25 10
25 12
25 13
25 22
25 23
25 25
25 26
25 28
25 29
25 32
25 39
25 46
26 0
26 1
26 3
26 4
26 7
26 13
26 23
26 24
26 25
26 26
26 27
26 28
26 29
26 32
26 33
26 37
26 48
26 49
27 0
27 4
27 15
27 19
27 20
27 23
27 24
27 25
27 26
27 27
27 28
27 29
27 30
27 31
27 32
27 33
27 34
27 35
27 37
27 41
27 46
27 47
27 48
27 49
28 0
28 2
28 3
28 4
28 10
28 11
28 15
28 16
28 18
28 19
28 20
28 23
28 24
28 25
28 26
28 30
28 31
28 32
28 34
28 35
28 36
28 37
28 38
28 39
28 40
28 41
28 48
28 49
29 2
29 3
29 4
29 6
29 19
29 20
29 21
29 22
29 23
29 25
29 26
29 27
29 28
29 29
29 30
29 31
29 32
29 33
29 34
29 35
29 38
29 39
29 40
29 42
29 43
29 44
29 45
30 1
30 2
30 3
30 4
30 5
30 6
30 7
30 8
30 9
30 10
30 19
30 20
30 21
30 22
30 23
30 24
30 25
30 26
30 27
30 28
30 30
30 31
30 32
30 33
30 34
30 35
30 36
30 38
30 39
30 40
30 42
30 46
31 0
31 3
31 4
31 5
31 7
31 8
31 9
31 10
31 11
31 12
31 15
31 16
31 17
31 19
31 21
31 22
31 23
31 26
31 27
31 28
31 29
31 30
31 31
31 33
31 34
31 35
31 36
31 38
31 39
31 40
31 41
31 42
31 43
31 48
32 0
32 2
32 3
32 6
32 7
32 8
32 9
32 10
32 11
32 12
32 14
32 15
32 16
32 17
32 18
32 19
32 20
32 21
32 22
32 23
32 24
32 28
32 32
32 33
32 34
32 36
32 37
32 38
32 40
32 41
32 42
32 45
32 46
32 47
32 48
32 49
33 0
33 1
33 7
33 8
33 10
33 11
33 12
33 13
33 14
33 15
33 16
33 17
33 18
33 19
33 22
33 23
33 24
33 25
33 26
33 30
33 32
33 38
33 40
33 41
33 42
33 46
33 47
33 48
33 49
34 0
34 2
34 3
34 4
34 5
34 11
34 12
34 13
34 14
34 15
34 16
34 17
34 18
34 22
34 23
34 24
34 25
34 26
34 27
34 36
34 38
34 39
34 40
34 41
34 42
34 45
34 46
34 47
34 49
35 0
35 1
35 2
35 3
35 4
35 5
35 7
35 11
35 12
35 13
35 19
35 20
35 21
35 22
35 23
35 24
35 25
35 27
35 28
35 29
35 36
35 38
35 39
35 40
35 41
35 42
35 43
35 44
35 45
35 46
35 47
35 48
35 49
36 0
36 1
36 2
36 3
36 4
36 5
36 6
36 12
36 15
36 19
36 20
36 21
36 22
36 23
36 24
36 25
36 27
36 28
36 29
36 30
36 33
36 34
36 35
36 36
36 37
36 38
36 39
36 40
36 41
36 42
36 43
36 44
36 45
36 47
36 48
36 49
37 0
37 4
37 5
37 9
37 10
37 15
37 18
37 19
37 20
37 21
37 22
37 23
37 24
37 28
37 29
37 30
37 37
37 38
37 39
37 41
37 42
37 43
37 44
37 45
37 46
37 49
38 2
38 3
38 4
38 5
38 6
38 7
38 8
38 9
38 10
38 11
38 18
38 19
38 20
38 21
38 22
38 30
38 34
38 37
38 38
38 39
38 40
38 41
38 42
38 43
38 44
38 45
38 46
39 1
39 2
39 4
39 6
39 7
39 8
39 9
39 10
39 19
39 20
39 26
39 27
39 28
39 29
39 30
39 32
39 33
39 34
39 35
39 36
39 37
39 38
39 39
39 40
39 41
39 42
39 43
39 44
39 45
39 46
39 47
39 48
39 49
40 0
40 1
40 2
40 7
40 8
40 9
40 10
40 11
40 12
40 13
40 14
40 19
40 24
40 26
40 27
40 28
40 29
40 30
40 31
40 32
40 33
40 34
40 35
40 40
40 41
40 42
40 43
40 44
40 45
40 46
40 47
40 48
41 0
41 1
41 4
41 6
41 7
41 8
41 9
41 10
41 11
41 12
41 13
41 14
41 16
41 18
41 19
41 21
41 23
41 24
41 26
41 27
41 29
41 30
41 31
41 32
41 33
41 35
41 36
41 37
41 38
41 39
41 40
41 41
41 42
41 43
41 44
41 47
41 48
42 0
42 1
42 2
42 3
42 4
42 5
42 8
42 9
42 10
42 11
42 12
42 14
42 17
42 18
42 19
42 20
42 25
42 28
42 35
42 36
42 37
42 38
42 39
42 40
42 41
42 42
42 43
42 45
42 46
42 47
42 48
42 49
43 0
43 2
43 3
43 4
43 5
43 7
43 8
43 9
43 10
43 11
43 14
43 15
43 16
43 32
43 36
43 37
43 38
43 39
43 40
43 41
43 42
43 43
43 45
43 46
43 49
44 0
44 1
44 2
44 3
44 4
44 5
44 6
44 7
44 8
44 9
44 10
44 13
44 14
44 15
44 16
44 18
44 20
44 21
44 22
44 24
44 27
44 28
44 31
44 34
44 35
44 37
44 38
44 39
44 40
44 41
44 42
44 43
44 44
44 45
44 46
44 47
44 48
45 0
45 1
45 2
45 3
45 4
45 5
45 8
45 9
45 10
45 13
45 14
45 15
45 16
45 17
45 20
45 22
45 23
45 24
45 27
45 34
45 35
45 36
45 37
45 38
45 39
45 40
45 41
45 42
45 43
45 44
45 45
45 46
45 47
46 1
46 3
46 4
46 8
46 13
46 14
46 19
46 20
46 21
46 22
46 23
46 24
46 32
46 34
46 35
46 37
46 38
46 41
46 45
46 46
47 0
47 3
47 7
47 8
47 13
47 14
47 16
47 17
47 18
47 23
47 24
47 25
47 34
47 35
47 37
47 38
47 42
47 46
47 48
47 49
48 0
48 1
48 2
48 3
48 17
48 18
48 19
48 24
48 25
48 26
48 29
48 34
48 35
48 43
48 44
48 45
48 46
48 47
48 48
48 49
49 0
49 1
49 2
49 3
49 4
49 5
49 7
49 8
49 9
49 13
49 19
49 20
49 21
49 22
49 23
49 24
49 25
49 31
49 35
49 36
49 41
49 43
49 45
49 46
49 47
49 48
49 49
