5.0296 4.9624 5.3039 5.5659 5.0408 4.7617 4.2940 4.0690 4.2612 4.6074 5.1475 0.6469 0.8981 1.7618 2.3936 3.8369 4.2241 4.0642 4.4439 4.7867
5.2634 5.1357 5.2427 5.0263 5.2699 5.0161 5.0234 4.9129 4.9753 4.7865 5.3281 6.0555 0.1310 0.6029 5.8519 4.9694 4.9917 4.5334 4.5452 5.0400
5.3800 5.4592 5.6363 4.9283 5.2282 4.7653 4.6744 4.6329 4.9219 4.9450 5.4744 5.9705 5.9525 5.9616 6.0431 5.5979 5.1559 5.1281 4.7573 5.3093
5.2246 5.7056 5.3220 5.4933 5.7284 5.3759 4.8967 4.7291 4.8090 5.0902 5.7301 5.8864 5.9958 6.2669 6.1415 0.1941 6.1475 5.6431 5.7533 5.3302
5.6048 5.6417 5.4257 5.5229 5.8619 4.9273 5.1724 5.3929 4.9113 5.0799 5.8294 5.8921 5.9600 0.1764 0.0636 6.2676 5.9501 5.8508 5.9977 5.1705
6.1276 5.8189 6.2352 5.8746 5.7649 5.1368 5.3215 5.3810 5.2113 5.1836 5.7028 5.9030 0.1793 0.4449 6.1028 5.6516 5.7385 6.1136 5.6041 6.0306
0.0034 6.1907 5.7447 6.2344 5.6406 5.3917 5.1975 5.5777 5.4625 5.7122 5.9354 0.1508 0.0468 5.8938 0.1349 0.0572 6.1160 5.8722 5.5627 5.9614
6.1707 6.2003 6.0942 5.6836 5.7063 5.4101 5.1831 5.2083 5.4223 5.2695 5.3067 5.9405 5.8776 6.2175 0.0542 0.1405 6.0894 5.7171 5.9058 6.0331
6.1568 6.2224 6.0981 6.1250 5.6409 5.8783 5.6784 5.2184 5.6229 5.4599 5.4223 5.8852 5.9007 5.9080 5.7592 6.0487 6.2174 5.7590 5.4950 5.9311
6.2672 0.0690 5.7041 5.8846 5.5605 5.7851 5.8284 5.5590 5.4059 5.2707 4.9556 5.5170 5.6674 5.8637 5.9350 5.9092 6.1566 5.9364 5.3417 5.3790
6.0944 5.8719 5.8781 6.1418 6.0180 5.9126 5.5860 5.2655 5.0354 5.0408 5.1872 5.3503 5.0350 5.4475 5.5949 5.5208 5.4551 5.4771 4.8824 5.3267
5.2283 5.5160 5.7213 0.0100 5.8787 5.9904 5.4615 5.1219 5.1177 4.9102 5.3377 4.9274 4.9878 5.2769 5.4400 5.1145 5.1559 5.4054 5.2973 5.4340
5.3931 5.6464 5.8059 5.8417 6.1598 5.9528 5.7120 5.3717 5.1496 5.2565 4.8354 4.7402 4.7920 4.9555 4.8253 5.1252 5.2217 4.9864 4.8257 5.2278
5.3549 5.7310 5.4585 6.0206 6.1431 5.8032 5.5055 5.0349 5.1362 4.8096 5.1459 4.3070 4.2060 4.6042 4.5848 4.5936 4.8550 4.8169 4.8125 4.7985
5.3965 5.5249 5.7248 5.5842 5.7420 5.0617 5.4515 4.8364 4.3903 4.5743 4.3089 4.1024 3.7910 4.3552 4.3853 4.3255 4.1548 4.1757 4.2477 4.9657
4.6493 4.8855 4.4337 4.9919 5.0810 4.6265 5.1166 4.6664 3.9913 4.2607 4.2693 3.6370 3.9363 4.1887 4.2943 3.9789 4.0694 3.9328 4.1575 4.5933
4.6740 5.1143 4.6309 4.3084 4.0397 4.6147 4.6671 4.5982 4.4964 4.3111 4.1298 3.3520 3.9296 3.7994 3.4952 3.9364 3.4138 3.9030 3.8989 4.3979
4.7085 4.9626 5.2733 4.7153 4.2951 4.8052 4.3117 4.3854 4.2071 4.2943 3.5522 3.2762 3.2635 3.0429 3.0928 2.8898 3.7762 3.7070 3.5841 4.6829
4.5389 4.6503 4.8782 4.9367 4.4477 4.0965 3.5772 3.8118 3.9559 4.0985 3.4871 3.0079 2.5718 2.4667 2.5536 3.1377 3.4474 3.2615 3.7460 4.3393
4.6410 4.8945 5.0038 5.1276 4.8776 4.2744 4.2875 3.7287 3.8097 4.1998 3.7964 2.9945 2.6716 2.6694 2.7266 3.1856 3.4626 3.6461 4.6008 4.2585
