0.4286 0.1309 0.5173 0.9210 1.6275 1.7495 2.1775 2.4347 2.0722 1.9787 2.0491 1.9077 2.5371 2.7637 2.5667 2.7506 2.1925 1.3523 0.7527 0.5919
5.0917 0.1906 0.0712 0.2895 1.8203 1.8499 2.6608 2.3503 1.9175 2.3831 2.2196 2.1455 2.6659 2.9044 3.0968 3.3453 4.0066 4.6987 4.6871 5.8069
5.6339 5.7249 5.5148 5.7683 3.8565 3.1180 2.4126 2.1432 2.4132 2.5737 2.2966 2.3325 2.9593 3.3391 3.7846 3.7012 3.9856 4.5973 4.7041 5.1810
5.3122 4.9834 4.8663 4.3575 3.8891 3.4987 2.8204 3.0775 2.9948 2.5953 2.7344 2.7201 3.0809 3.2735 3.9155 3.8774 4.4258 4.7248 4.7927 5.2051
5.6525 4.9413 4.9591 4.3171 4.1160 4.0657 3.2110 3.1454 3.4174 3.3278 3.2615 2.6993 3.1865 3.8955 4.2912 4.4172 4.7238 4.9144 4.9801 5.1798
5.1985 4.9269 4.8138 4.4938 4.3318 4.0043 3.9424 3.5683 3.7646 3.0788 3.4719 3.2275 3.3145 3.7723 4.2521 5.0342 4.6669 4.9398 5.1153 5.2358
4.9347 4.8307 5.2061 4.7397 4.3007 4.1836 4.2290 3.9060 4.0137 3.9485 3.7927 3.7833 3.6982 4.1582 4.3340 4.5270 4.7222 4.4259 5.1907 5.4952
5.0548 5.1723 5.3993 5.4409 4.8566 4.6373 4.9396 4.6452 4.3332 4.2321 4.0442 4.0050 3.6390 4.2110 4.3593 5.1193 5.2385 5.0450 5.5279 5.5774
5.6247 5.8300 5.9494 5.7840 5.1266 4.9814 5.6568 5.2659 4.5570 4.4837 4.5679 4.2997 4.1068 4.1730 4.3880 5.0827 5.4776 5.4240 6.1088 5.7834
5.9916 0.2163 6.0906 5.6072 5.8038 5.6053 5.8245 5.4950 5.4640 4.9739 4.8878 4.4559 4.5876 4.7683 4.6330 5.5119 5.9362 6.1395 6.0248 0.0294
0.3685 6.2721 0.1425 6.0572 5.5271 5.9467 6.0002 5.6045 5.4920 5.7593 5.4546 5.6180 5.4034 5.6077 5.4833 5.7334 5.8193 6.1199 0.3428 0.1831
0.7676 0.4962 0.4410 6.2027 0.2478 5.9453 6.0365 5.8075 5.9099 6.0991 5.7608 5.6586 0.0811 6.0544 5.4291 6.0405 0.2434 0.0422 0.2947 1.0115
1.1036 0.8674 0.7524 0.1792 0.1211 0.2684 0.1405 5.8601 0.3351 0.0293 6.2138 6.1801 6.1290 5.9755 5.8875 0.1031 0.4852 0.6098 1.0972 1.1973
1.4184 1.0447 0.5579 0.4069 0.4197 0.0852 6.0622 0.1014 0.2621 0.1509 0.4847 6.2164 6.0916 6.1109 0.1183 0.3931 0.8004 1.1669 0.7040 1.3923
0.8713 0.9731 0.9655 0.6246 0.7105 0.1604 0.4448 0.7186 0.4714 0.7855 0.7261 0.1389 0.3113 0.3838 0.3452 0.8834 1.0958 1.0892 0.6505 0.6917
1.0810 0.9567 1.2427 1.0476 0.8729 1.0896 1.0270 0.9782 1.0277 1.0940 0.6800 0.7735 0.4909 0.9833 1.0162 1.1887 0.9634 1.2743 0.9415 1.2243
1.8642 1.2756 1.5516 1.1052 1.4014 1.7465 1.1795 0.9641 1.3694 1.4039 1.2886 0.9931 0.5168 0.8678 1.1312 1.8496 1.2824 1.4055 1.1794 1.2581
1.9155 1.3346 1.1611 1.3469 1.8181 2.1892 1.7653 1.4627 1.2671 1.2897 1.4066 1.3539 1.2027 1.1711 1.2447 1.2080 0.9956 1.0388 1.0484 1.2723
1.3567 1.0704 1.3004 1.2467 1.5212 1.8873 1.9041 1.9453 1.8573 1.5002 1.5337 1.6990 1.3320 1.6065 1.9667 1.6087 1.3001 0.6448 0.9515 1.3999
0.8467 0.6459 0.9070 1.4197 1.4597 2.4132 2.2326 2.1148 2.2431 1.7939 1.6044 1.7228 1.7304 2.0680 2.1395 1.3943 1.3262 1.2830 1.0045 0.8382
