3.0372 2.9076 2.5934 3.8258 4.2752 4.1658 4.2849 4.0161 3.9949 3.8580 3.1024 2.5952 2.1286 2.6531 1.8557 2.0543 2.2933 2.4982 2.7118 2.8618
3.2312 2.6947 2.3936 3.1599 3.9319 3.9457 4.4460 4.3082 4.4624 4.0212 3.6170 2.1291 1.8612 1.8506 2.5169 2.1635 2.3558 2.5579 2.5631 2.8601
3.0085 2.7662 3.1605 3.3646 3.6863 4.1700 4.6028 4.7627 4.7625 5.0083 5.0919 0.6153 1.1330 1.1469 1.9205 2.1986 2.4371 2.8648 2.9488 2.8700
3.0311 3.4709 3.2835 3.3090 3.2050 3.5349 4.0862 4.4549 4.8520 5.2458 5.0979 5.9715 0.7179 0.8903 1.7045 2.0936 2.7595 2.6494 2.6897 2.5143
2.6072 3.0602 3.2829 3.3487 3.2221 3.6200 4.1658 3.4707 4.3742 4.8838 5.5096 6.0515 0.2277 0.4939 1.1666 1.4868 2.0483 2.9460 2.4736 2.1564
3.1139 3.0550 3.5061 3.8438 3.5992 3.6885 3.9946 3.7053 4.4675 4.9281 5.0939 5.6689 0.2889 0.6182 0.5479 1.4933 1.9637 2.6282 2.5963 2.8058
3.0239 3.3021 2.8483 3.4516 3.5418 3.8215 3.8393 4.2911 4.6690 4.8578 4.7387 5.4710 6.0835 5.5663 5.9809 6.2683 3.1980 2.8151 2.6342 3.0846
3.2556 3.6915 3.6082 3.3299 3.5258 3.5923 3.8872 4.4304 4.4726 4.3502 4.9728 5.4442 5.9547 5.3030 5.5136 5.3611 4.3750 3.2594 3.2032 3.3417
2.7373 3.0308 3.8218 3.5340 3.3548 3.1923 3.6063 4.0967 4.5007 3.9850 4.5952 4.5703 4.8795 5.0536 5.2616 4.5910 4.3359 3.6735 3.2885 2.7705
2.9478 3.3252 3.6188 3.8757 3.7782 3.4776 3.4617 3.9262 3.9656 3.8162 4.3818 4.5148 4.9314 4.8160 5.0099 4.2700 3.6124 3.3569 3.4752 2.8827
3.4793 3.8162 3.7023 3.7864 3.4637 3.1184 3.7227 4.0549 4.6044 3.8756 3.9610 3.5917 4.1783 4.0311 3.4903 3.9449 3.7417 3.5955 3.1724 3.4439
3.7142 3.3416 3.5089 3.8918 3.3956 3.0545 3.2630 3.8554 4.0496 3.2336 3.6782 3.3783 2.8769 2.6702 2.5510 2.9447 3.0916 3.6223 3.0333 3.5372
3.5307 3.6724 3.8745 3.5874 3.4646 3.5106 3.3814 3.7237 3.5630 3.3392 3.3751 2.7932 2.6712 2.7455 2.1073 2.4265 2.9696 3.2253 3.1194 3.7929
3.4555 3.7853 3.8678 3.2801 3.8722 3.7563 3.9486 3.6241 3.6433 3.2902 3.0456 2.8979 2.3192 2.3396 2.5758 2.5585 2.6443 2.6941 3.2787 3.0939
3.5902 3.8070 3.4965 3.7615 3.3401 3.5010 3.8230 3.6854 3.4917 3.6001 2.8751 2.6260 2.2507 2.4423 2.7012 2.4009 3.0106 2.9210 2.9015 3.0565
3.6246 3.5968 3.3399 3.5827 3.5307 3.4306 3.7321 3.8013 3.8927 3.4651 2.7446 2.5602 2.2725 2.5288 2.1942 2.5146 2.5562 3.2161 3.2997 3.3304
3.5710 3.6211 3.5854 3.8685 3.7643 3.5268 3.7670 3.9126 3.4234 3.5024 3.0064 2.6449 2.2488 2.1589 2.3313 2.3658 2.6582 3.1809 3.3493 3.2657
3.4762 3.6728 4.1510 4.3608 4.0740 4.2309 4.3892 4.1930 3.7763 3.6145 2.7202 2.3124 2.4850 2.4569 2.3916 2.3228 2.6963 2.9721 3.3988 3.3279
3.2151 3.7190 3.6538 3.3995 3.7324 3.4970 4.0908 3.6177 3.4715 3.4841 3.0469 2.5413 2.6196 2.3537 2.2476 2.1506 1.8796 2.5114 2.6329 3.4373
3.1795 3.2941 2.9114 3.6026 3.3795 3.7315 4.2177 4.1597 3.8520 3.3520 3.0100 2.5662 2.4768 2.5167 1.9783 2.2891 2.4586 2.4150 2.7053 2.8506
