4.1112 3.6942 4.4428 4.4553 4.2975 4.2313 3.8401 3.7608 4.3797 4.2855 4.6044 4.3511 4.6066 5.9516 0.7435 1.2738 1.6301 2.1207 2.7628 2.9039
4.3304 4.4825 4.5865 4.3838 4.0670 4.3085 4.2424 3.8888 3.8247 4.3780 4.8149 4.8747 5.0932 5.4604 0.0329 0.8835 1.4086 1.3128 2.5792 2.9811
4.9004 4.7566 4.9618 4.7887 4.5787 4.4807 3.7536 3.7901 4.1064 4.4637 4.6102 4.6679 5.4977 5.9635 6.0415 0.3495 0.7617 0.7712 0.0575 5.5797
5.1633 4.6561 4.9102 4.2722 4.5111 3.7349 3.9968 4.0258 4.2989 4.5888 4.7887 4.5505 5.3254 6.0754 6.1842 0.3328 0.1422 0.1125 0.3103 5.8799
5.9769 5.0504 4.8196 4.4361 4.8811 3.9723 3.9571 3.6631 4.0984 4.2285 4.6955 5.1637 5.4482 5.5331 5.7731 5.8153 6.1110 6.1426 6.0478 6.1815
6.0825 5.3633 5.2809 5.1765 4.6973 4.3347 3.9406 4.1562 4.0143 4.1301 4.1422 4.9722 5.0381 5.4911 5.3910 5.1106 5.3585 0.0511 6.1895 5.8878
0.0100 5.5612 5.3851 5.1349 5.1606 4.5534 4.2378 3.8424 3.7427 3.8812 4.3378 4.7868 4.7149 4.3309 5.0083 4.8008 4.9685 5.8430 6.1999 6.2211
5.9671 5.7472 5.6459 5.7506 5.6439 5.1135 4.5729 3.6983 3.1803 3.5103 3.6402 4.1121 4.2333 4.4700 4.4541 5.6373 5.8101 0.0320 6.0926 6.2173
0.2204 5.9627 5.9898 5.8067 5.6209 5.3451 4.3820 3.2870 3.1833 3.6210 4.0351 4.0811 4.2132 4.0320 4.9579 5.5016 6.0946 0.0350 0.0064 0.0730
0.6582 6.2138 0.1461 0.1996 6.0113 0.2270 1.5657 2.5168 3.0096 3.2336 3.5592 3.6256 3.7492 3.8840 4.5596 5.2913 0.2490 0.4507 0.6088 0.3582
0.4878 0.6372 0.4003 0.1718 0.3394 0.5669 1.2175 1.9748 2.2328 2.8149 3.1256 3.4815 3.6841 3.8778 4.2115 3.7337 3.1019 1.8022 1.1039 0.9412
1.0320 0.5560 1.0591 0.4891 0.7597 1.4755 1.3853 1.9104 2.6715 2.8140 2.9638 3.0410 3.6489 3.2733 4.1926 3.4480 2.9102 2.0028 1.4103 1.0395
1.4957 1.2477 1.2672 1.6465 1.6078 1.6847 1.3549 2.2449 2.4305 2.9907 3.4121 3.3714 3.0658 3.4920 3.8653 3.6379 3.1919 2.1759 1.9060 1.2399
1.9125 1.7017 1.6051 1.6730 1.8450 1.9485 2.0298 2.1910 2.4873 3.6605 3.1261 3.1890 3.1649 3.5403 3.2827 3.5266 2.9030 2.4714 2.7418 1.5629
2.1058 2.2815 1.4622 1.9891 2.1922 2.3353 2.6016 2.5634 3.3157 3.9171 3.1386 3.8618 3.1143 3.3491 3.4691 2.9337 3.0131 2.6529 2.7245 2.4606
2.8060 2.2788 2.3977 2.8640 2.6297 2.5319 3.2143 2.9520 2.8570 2.8116 3.3099 3.7187 3.6150 3.3210 3.6445 3.0892 2.9815 2.8299 2.6048 3.2199
2.9924 3.2983 2.6958 3.0270 3.0265 3.5827 3.2475 3.1854 3.2358 3.1517 3.5668 3.6560 3.8422 3.6809 3.7098 3.3435 3.1504 3.0771 2.6422 3.1520
3.0268 3.2198 2.9600 2.9467 3.1708 3.4610 3.5352 3.2164 3.3885 3.3359 3.4214 4.0051 3.6493 3.6620 3.4365 3.0776 3.0890 2.5701 2.7559 2.8662
3.1353 4.0022 3.7072 3.7452 3.4721 3.9330 3.4814 3.3780 3.7737 4.2441 4.1277 3.9935 3.6028 3.2001 2.7781 2.4654 2.8862 2.9071 2.6372 2.5251
3.2466 3.8384 4.1473 3.8095 3.7255 3.3315 3.3148 3.4323 4.2492 4.5588 4.0738 4.0191 3.9106 3.2547 2.5892 1.9084 2.4224 2.4187 2.4968 2.5898
