0.3248 0.5356 0.3822 0.4378 0.0336 0.2180 0.2744 0.4516 0.6247 0.6101 0.8911 0.5302 0.5210 0.6476 0.3918 0.5568 0.6534 0.6634 0.5376 6.2772
0.2985 0.2429 0.0071 6.2432 0.1506 0.2397 0.6561 0.0787 0.2967 0.4317 0.3156 6.2445 0.2816 0.5393 6.1337 0.3068 6.1847 0.5059 5.9964 0.5442
0.4534 0.3845 5.9155 5.8473 0.2236 0.1976 0.4963 0.5577 0.1781 0.2198 0.0348 0.2646 0.5482 6.1996 0.4850 6.2333 0.1581 0.3934 0.6171 0.5309
0.8109 0.9305 6.2267 6.1992 0.8696 0.7348 0.0015 0.8593 0.3996 0.1898 0.3005 0.3957 0.5054 0.3940 1.1733 0.8166 0.8642 0.6878 1.0396 0.7908
0.9445 1.3247 0.3047 0.0800 0.7518 1.2711 1.2151 1.4444 1.3851 0.7850 0.1211 0.4222 0.5393 0.9238 0.9880 0.3544 0.6172 1.0620 1.0932 1.1717
0.8233 0.2105 6.2507 0.1057 0.4467 0.6182 0.9434 0.9251 1.2057 1.3420 1.4361 0.9988 1.2172 1.2352 1.0328 0.7251 0.6475 0.6866 1.0933 0.8177
1.1915 0.2486 0.0859 0.3916 0.7306 1.0807 1.1866 1.4136 1.3285 1.5393 2.0030 1.8563 1.5281 1.7332 1.6977 0.9370 1.0294 0.5312 0.6129 0.9681
0.9456 5.9810 6.0692 6.0151 0.3261 0.9993 1.2902 1.4408 1.6072 2.0069 2.1084 2.5161 2.1250 2.3295 2.2364 1.6717 1.6946 1.0665 0.8904 0.9452
0.4091 6.0013 5.7941 5.7860 5.9811 1.5944 2.2099 2.2387 2.4545 2.0294 2.0896 2.0463 2.1009 2.2849 2.3240 1.8405 1.1700 0.9583 0.9688 0.9837
6.2477 5.7578 5.7552 5.7300 5.2018 3.2706 3.1043 2.4213 2.6541 2.5902 2.4963 2.0176 2.4968 2.5154 1.9582 1.6404 0.8056 1.1071 0.5056 0.1136
6.1271 6.1201 5.6936 5.5379 5.2521 3.8216 3.5707 3.1550 2.4210 2.7128 2.1043 2.4105 3.0622 2.8593 1.9987 1.6252 0.9879 0.5461 0.3133 0.2818
0.1371 6.0105 5.9121 5.3549 4.7639 3.9185 3.4453 3.3551 3.2272 2.4621 1.8539 2.4468 2.3576 2.4044 2.0753 2.1836 1.4977 1.1673 0.8150 0.4098
0.1357 0.0187 5.9696 5.6311 5.2414 4.7758 3.2185 3.0977 2.7133 2.1319 2.3087 2.3553 2.9467 2.2969 1.5432 1.7120 1.3420 1.0137 0.3019 0.4048
0.1315 6.1704 6.1277 5.7165 5.9368 5.6861 0.5163 1.2428 1.4064 1.7348 2.4532 1.8884 2.2541 2.1736 1.3387 1.5822 1.2374 0.9825 0.7902 0.6103
0.6254 0.5660 0.5318 6.2674 0.3717 6.1171 0.1609 0.8872 0.9721 1.3311 2.2174 2.0895 1.9767 2.4176 1.9040 1.9405 1.4885 1.4208 1.0301 0.5650
0.7080 0.5409 0.7616 0.2080 0.3216 6.2058 0.3544 0.6693 0.9907 1.2081 1.9894 2.2065 2.4775 2.4019 2.1465 1.7228 1.5470 1.3373 1.0205 0.8029
1.3924 0.9561 1.1232 0.4770 0.7030 0.3668 0.8132 0.5611 0.9044 0.6393 0.8619 1.9770 1.6697 1.7729 1.9522 1.2477 1.4947 0.6620 0.8017 0.9128
0.5354 0.7947 0.8088 0.8978 0.8642 0.3242 0.3698 0.2059 0.2859 0.4307 0.8339 1.2378 1.4000 1.3240 1.1756 1.6027 1.2525 0.9380 0.5231 0.5995
0.3710 1.0573 0.6921 0.8451 0.5491 0.6012 0.4410 0.3445 0.2002 0.0500 0.8183 0.8776 1.1650 0.7933 1.3614 1.3962 0.9073 0.6534 0.3591 0.2011
0.0120 0.3288 0.6246 0.7797 0.2938 0.3787 0.9206 0.5370 0.3374 0.5618 1.1422 0.8453 1.3984 0.8176 1.0143 0.8393 0.3333 0.7121 0.2981 0.1130
