3.7211 3.7919 4.0222 4.1172 4.3205 4.5799 4.8918 4.5598 4.5463 5.0594 5.1560 4.5695 4.2638 2.8167 3.3046 2.7676 2.3945 2.5671 3.1424 3.4212
3.3477 3.4431 4.1798 4.3422 4.4612 5.2569 4.8887 4.7370 4.7933 5.0533 4.8846 4.2111 3.8686 3.2240 2.7726 2.8018 2.8047 3.3681 3.0647 3.5106
3.3213 3.7237 4.1787 4.7100 5.2825 5.6269 5.2630 5.2729 5.1794 5.0082 4.7483 4.1726 3.8426 3.4033 3.2435 3.4897 3.4450 3.1914 3.6130 3.4380
3.7016 4.1961 4.4064 4.6245 5.3579 5.0259 4.8113 5.4157 5.1035 5.0094 4.8232 4.3250 3.9435 3.9298 4.5146 3.9003 3.7171 3.6753 3.4219 3.8524
3.9770 4.0325 4.7194 5.1111 4.8828 4.8640 4.8743 5.0963 5.7295 5.4372 4.9218 4.6525 4.4764 4.7102 4.3564 3.9820 4.0236 4.0074 4.0682 3.8733
3.6288 3.6396 4.6448 5.2200 5.4372 5.2668 4.9229 5.5645 5.0602 5.1332 4.4722 5.2024 4.7653 5.0103 4.4320 4.1819 4.1867 3.9495 3.5914 3.9297
3.0879 3.3722 5.6490 5.5520 5.9162 5.2713 5.1680 5.7999 5.2998 5.1458 4.8957 4.9986 4.8875 4.5384 3.9450 4.2522 4.2810 3.8335 3.4767 3.5628
2.5098 2.0553 0.3909 0.2054 5.9903 5.9131 5.7840 5.2696 5.3181 5.4323 5.1432 5.0292 4.5798 4.6381 4.3306 4.4107 3.9912 3.8760 3.5331 3.1378
1.8212 1.3278 0.5684 0.1707 6.2464 0.1143 5.7230 5.4373 5.5024 5.3958 5.1265 4.5299 4.0134 4.3928 4.0666 3.3541 3.3893 3.6263 3.1521 2.4427
1.8145 0.7964 0.6726 0.4499 0.1123 6.1524 6.0592 5.8817 5.8381 5.8394 4.9223 4.5515 4.2917 3.9508 3.2554 3.5033 3.0978 2.8862 2.4896 1.8309
1.0190 1.1412 0.7156 0.2203 6.1815 5.9179 5.9265 5.4752 5.5902 5.9881 5.5397 4.7695 4.1887 3.8652 3.6411 3.5137 2.6655 2.3283 2.4229 1.2338
0.8285 0.4488 0.1181 0.3708 6.1799 6.0443 5.6888 5.3750 5.2357 5.5013 5.4533 5.3029 3.9797 2.4371 2.6870 2.3572 1.9883 1.8221 1.5860 1.1025
0.5955 0.3969 0.1321 6.1563 5.8435 5.5896 5.1681 5.2422 5.6779 5.4362 5.5309 5.8613 1.1612 1.9168 1.9897 1.5765 1.4778 1.2741 1.2161 1.0143
0.4884 0.3164 6.2222 5.4056 5.9496 5.9179 5.8084 5.4512 5.7035 5.9231 0.3957 0.4456 0.8821 1.1069 1.6594 1.8538 1.5753 1.2577 1.1049 0.6168
0.2487 6.1464 0.0572 5.6407 6.0721 5.7435 6.0556 5.2116 5.5601 5.6550 5.8532 0.5698 0.8227 1.1926 1.7299 1.7305 1.8278 1.2863 0.9460 0.4215
0.5175 0.2561 6.0145 6.1787 6.0818 5.4339 5.8465 5.3206 0.0715 0.0364 0.1696 0.4913 0.0471 0.9043 1.5119 1.4888 1.9187 1.9304 1.3950 0.9710
0.7239 0.0963 6.0506 5.9453 5.5534 5.5358 5.9894 5.8104 5.8554 5.7713 6.2795 0.4332 0.1896 0.6162 1.1082 1.2918 1.7889 1.9445 1.5016 1.1995
1.9615 0.3480 5.4776 5.4534 5.0617 5.7335 5.4533 5.3766 5.5068 5.5627 5.1100 6.0420 0.3153 0.6954 1.0422 1.8663 2.1779 1.9359 1.9129 1.5493
3.0863 3.6793 4.3693 4.8657 5.0776 5.0009 4.8535 4.9235 4.9671 5.8737 5.6966 6.1476 0.6762 1.5677 2.2642 2.2585 2.1137 2.0701 2.0847 2.3365
3.3774 3.4308 3.7432 4.2705 4.8944 4.7819 4.9052 4.8643 5.3203 5.5484 5.4745 5.7317 0.4756 2.3792 2.9570 2.4192 2.2829 2.3845 2.5813 2.9956
