5.0517 4.8169 4.6518 5.2333 5.0242 4.8417 4.4531 4.3171 4.2395 3.8844 3.5884 4.0246 3.2656 3.2599 5.6401 0.1199 5.8063 6.1493 5.2475 5.3270
5.2929 5.0840 5.0639 4.8893 4.6962 4.7069 4.8469 4.2961 4.0563 3.7613 3.3710 3.0496 2.8468 2.8102 0.8313 0.4130 0.1959 6.0860 5.7391 5.5050
5.1632 5.5379 5.1121 4.7941 4.6863 4.3530 4.4539 4.5666 4.1996 4.0215 3.4671 3.0479 2.8346 2.1411 1.3128 1.1563 0.7522 6.0222 6.0953 5.6907
5.2544 5.1523 5.1976 4.7896 4.7559 4.1922 4.4947 4.7332 3.9033 3.8275 3.1141 2.8623 2.4506 2.2048 1.7515 1.3978 1.1740 6.2589 5.5813 5.3223
4.4900 4.5699 4.5686 4.5150 4.4852 4.6703 4.2034 4.2208 3.4288 3.1568 3.3522 2.8722 2.4356 2.2188 1.8023 2.1562 1.7481 1.2107 5.5988 4.5442
4.2653 4.2810 4.6960 4.9204 4.8457 5.1462 4.7018 4.6517 4.4500 3.2790 2.9118 3.0670 2.8172 1.9150 2.3732 2.9697 2.1541 2.5682 4.0945 4.3154
4.2763 4.6157 4.7130 4.9202 4.7565 5.2965 4.9650 5.2728 5.2514 3.1049 2.7657 3.1078 2.8432 2.4566 2.1815 1.9917 2.2967 2.9583 3.0776 3.6206
3.6458 4.1156 4.2973 4.6063 4.4443 4.7791 5.1357 5.2678 6.2616 1.5837 2.2415 2.3061 2.5217 1.9198 2.5463 1.8544 2.7832 2.6567 2.8130 3.4507
4.2669 4.0923 4.5501 4.6170 4.9524 4.6871 5.1665 5.8697 0.2057 0.9745 1.1726 1.6665 2.2325 2.6168 2.6115 2.0881 2.5028 3.0556 3.2831 3.4793
3.9933 4.2863 4.6824 4.7464 4.8778 4.9513 5.5780 0.0181 0.2620 0.7910 1.2648 1.6514 1.7977 2.7318 2.8189 2.4165 2.6228 3.0559 3.4417 3.4249
4.1171 4.1809 4.5115 4.4825 5.0065 5.4252 5.6975 0.2833 5.9531 0.4066 0.7863 2.2077 2.2281 2.5032 3.2852 2.5348 2.5082 3.6311 3.7858 3.5029
4.1498 4.2183 4.5361 4.3878 4.6604 5.5777 5.7173 6.2618 5.6101 6.0408 1.0347 2.4284 2.5288 2.8754 3.1869 3.3553 3.4907 3.4195 3.7855 3.9485
4.1157 4.5513 3.9658 4.4744 4.7122 4.8741 5.0652 5.5249 5.4260 5.1929 5.0562 3.5529 3.0519 3.2855 3.5788 3.8327 3.6916 3.7779 3.9204 4.1747
4.3481 4.2687 4.1279 4.0887 4.4423 4.7733 4.4778 5.3789 5.1075 4.8570 4.5253 3.8616 3.1693 3.7614 3.5762 3.9004 4.0706 4.6224 4.3257 4.3583
4.4516 4.2228 3.6438 3.5260 4.4444 4.8402 4.8088 4.7822 4.5043 4.3255 4.2595 4.3928 4.0337 4.0988 3.9268 4.0180 3.8322 4.1747 3.7537 4.3258
3.8291 4.1179 4.3054 4.3513 4.2682 4.2186 4.6787 4.9728 4.2675 4.1295 4.4219 4.7125 4.0098 4.3494 4.3493 4.5288 4.3566 3.9869 4.4344 4.4763
4.5990 4.0884 4.6608 4.6881 5.2504 4.6635 4.6125 5.0184 4.1339 4.1771 4.6006 4.6100 4.1356 4.2472 4.7856 4.5595 4.3768 4.8437 4.5901 4.8365
4.8169 4.6625 4.7815 4.7687 5.1616 5.3468 4.8442 4.5431 3.8773 3.8693 4.0730 4.5011 4.0764 4.0716 4.5701 4.6149 4.7328 4.7088 4.7249 4.7648
4.7316 4.6068 4.7437 4.9906 5.4749 5.3859 5.0851 4.4224 4.1082 4.1226 4.2631 4.2094 4.2835 4.1126 4.9798 5.2229 4.7110 5.1006 5.1546 5.5036
5.3831 4.7799 4.6949 5.5903 5.6096 5.2424 4.9474 4.5435 4.3827 4.3387 4.3567 4.3017 4.3136 4.3555 4.9914 5.4831 5.2981 5.1709 5.3008 5.0076
