0.1127 6.2048 6.1622 0.2244 0.5615 0.9500 1.2800 1.0699 1.0038 1.7166 2.5668 3.5103 3.8621 4.1323 4.4894 4.7850 5.0544 5.0865 5.3570 5.7774
6.0371 5.8714 5.9104 0.3042 0.3884 0.6495 1.4352 1.2545 1.2488 2.0664 2.5545 3.2735 3.6396 3.7519 4.2187 3.7831 4.9710 4.7441 5.3962 5.8453
5.6280 0.0518 0.2430 0.5464 0.4857 0.3728 0.6539 1.5393 1.5037 1.9440 2.9620 3.1963 3.4711 3.6285 4.0175 4.0568 4.6784 4.8188 5.5668 5.5363
5.8057 0.1936 0.1743 0.4499 0.3923 0.3471 0.7298 1.4280 1.5826 2.1930 2.4899 2.5327 2.9718 3.3100 3.6582 4.3546 4.8409 5.1400 5.2039 5.2183
6.0264 0.0648 6.1779 0.0879 0.5057 0.7661 1.1959 1.0711 1.7897 1.9271 1.8866 2.6423 2.3559 2.9105 3.3710 4.0640 4.3678 4.9986 4.8861 5.5148
5.9759 6.1455 0.2632 0.4862 0.4288 0.3430 0.9060 1.1437 1.6293 1.8126 1.9405 2.3443 2.6735 2.6841 2.9368 3.4903 3.5775 3.5900 4.1713 4.2427
0.4219 0.0339 0.0677 0.4801 0.6751 0.7071 0.8934 0.9976 1.7551 2.1207 1.9554 2.4196 2.2515 2.0664 2.9173 2.8683 2.9525 2.7666 3.0260 2.9291
0.6469 0.5561 0.2401 0.2989 0.8705 1.0951 0.6230 0.5394 1.6270 1.4156 1.7641 1.6716 2.0977 2.0500 2.5559 2.1438 2.5497 2.6136 3.1519 2.0284
1.3335 0.7886 0.7136 0.0507 0.3525 0.4748 0.5741 0.2561 1.5355 1.4956 1.8419 1.9555 1.9145 1.8823 2.1439 1.6717 2.3450 2.4241 2.6322 1.9905
1.7392 1.4433 1.1442 0.7704 0.4958 0.3476 1.0529 0.4125 1.3248 1.1624 1.7811 1.4266 0.8303 1.0446 1.3357 1.2740 1.9105 1.7175 1.9693 1.8219
0.9047 1.3310 0.4907 0.4700 0.8960 0.1727 0.0765 0.4090 0.7170 0.7959 0.8602 1.2153 0.6635 1.3409 1.3491 1.6189 1.5138 2.1653 1.5657 1.8578
1.1881 0.7950 0.7597 0.8810 0.7430 0.5262 0.5028 0.6584 0.8816 0.4346 0.6389 0.7113 1.0473 1.0896 1.1110 1.4763 1.1448 1.2241 1.4530 1.4325
0.6289 0.5924 0.6764 0.6606 0.4548 0.1399 0.6410 0.8498 0.1147 0.2961 0.4434 6.2598 0.7040 1.1034 0.8507 1.0885 0.4753 1.0631 0.8066 0.8522
0.6133 0.6694 0.8996 0.7858 0.4908 0.4906 0.6951 0.6388 0.3387 0.2496 0.2420 0.6241 0.2693 0.5559 0.4489 0.6142 0.2957 0.8394 0.5696 0.8384
0.3993 0.1959 0.7049 0.6959 0.5134 0.5593 0.5868 0.7407 0.4053 0.7382 0.2971 0.2230 0.1742 0.1760 0.5143 0.6929 0.8557 0.2507 0.3813 0.3406
0.5891 0.4933 0.3469 0.1733 0.4181 0.3157 0.2701 0.4945 0.3504 0.4583 0.6028 0.5627 0.0914 0.2341 0.1475 0.6567 0.8277 0.6838 0.4811 0.1677
0.7887 0.5270 0.4428 0.2153 0.8216 0.6885 0.3483 0.2700 0.0798 0.3468 0.2298 0.1185 5.6463 5.9522 6.0029 0.2307 5.8413 5.8584 0.4941 6.1217
0.1635 0.2487 0.5091 0.4492 1.1587 1.1432 0.7152 0.9223 0.5560 0.3615 0.5367 5.7863 5.1938 5.5099 5.6770 5.5854 5.5456 4.8990 5.3049 6.0216
0.0966 0.0829 0.4777 0.5602 0.8374 0.8954 0.7334 0.8214 1.1333 1.2661 1.0002 5.0338 4.5857 5.2323 5.2031 4.7662 5.3931 5.0598 5.3259 0.0437
5.8535 6.0568 0.1948 0.4146 0.8697 0.8324 1.3346 1.0667 1.3940 1.7874 2.5443 3.8335 3.9905 4.3125 4.6010 4.6247 4.8257 5.6423 5.5026 6.1503
