2.2315 2.2412 2.3424 2.5378 2.6123 2.5672 2.7887 3.1331 2.8010 3.3837 3.7878 3.5903 4.0307 3.9869 3.5245 3.0437 3.0601 3.0499 2.7366 2.2664
2.8445 2.8481 2.5824 2.9108 3.0095 3.3714 3.4283 3.1789 3.2931 4.0031 3.9025 4.1049 3.9138 3.8911 3.4407 2.8272 3.3447 3.5262 3.2795 3.2026
2.7794 2.8433 3.2342 3.6496 3.3096 3.5635 3.6377 3.3853 3.7415 3.8364 4.6222 4.3292 4.4038 4.1658 4.0529 3.5619 3.5174 3.7560 3.3135 3.1330
3.3995 3.1854 3.1838 3.4142 3.7202 3.9199 4.1442 4.1106 4.0658 4.5304 4.9548 5.0082 5.1070 4.8256 4.9946 3.9193 4.2467 4.2123 3.4164 3.3474
3.4957 3.0991 2.9769 3.2369 3.7852 3.7116 3.9837 4.3118 4.4278 5.2695 5.1605 5.7345 5.2310 5.3073 5.5175 4.4656 4.0370 4.0492 3.5386 3.6668
3.3381 3.0970 2.8364 2.9243 3.8047 4.0502 4.0458 4.9296 4.8161 5.7771 5.6542 6.2191 6.0319 5.6183 5.4025 5.1096 4.6578 4.6165 3.7308 3.8067
2.7770 2.5978 2.3605 2.5113 3.5015 3.9631 5.1544 4.7738 5.4777 6.1971 5.3612 6.1429 6.1978 5.9684 5.7244 5.6090 5.2820 5.2742 3.2990 3.1936
2.2803 2.5985 2.6210 2.7503 2.9218 3.9933 5.4141 5.6097 5.8923 0.2321 0.1713 0.1359 6.2630 6.1874 0.0865 6.0031 0.0841 0.3995 2.9022 2.5371
2.7682 2.7871 2.4299 2.7097 2.6243 1.8514 0.8471 0.1330 0.6500 0.4675 0.7274 0.7635 0.5667 0.5507 0.3711 0.4633 0.9173 0.7415 2.1602 2.2893
2.2720 2.4143 2.8965 2.1480 2.6252 1.8826 1.1213 0.5759 0.6111 0.6378 0.7431 1.2374 1.0461 0.6354 0.7819 0.5658 1.3213 1.6939 2.4726 2.3716
2.2232 2.2748 2.5844 2.4166 2.2851 1.5593 0.7528 0.9331 0.5232 0.7948 0.9811 0.4967 0.6904 0.6591 0.9537 0.6928 1.0374 1.8090 2.2018 2.1778
2.2460 2.2872 1.8514 2.0172 1.7553 1.3970 0.9408 0.7722 0.8433 0.7677 0.7076 0.3616 0.5889 1.0592 0.8344 1.1946 1.3308 2.0761 2.1111 1.8999
1.6974 1.7814 1.8787 1.5236 1.1034 1.5530 1.1696 1.5346 1.0690 0.7034 1.0671 1.1296 0.8813 0.7439 1.1119 1.4677 1.2707 1.1134 1.5692 1.5748
1.3406 1.4189 1.0072 0.7088 1.2112 1.1247 1.0685 1.3771 0.7519 1.1467 1.4103 1.2090 0.8134 0.7332 1.4553 1.4057 1.0487 1.5137 1.1677 1.6144
1.4989 1.0016 0.5383 0.4694 0.6258 0.8739 0.9895 1.1391 1.1023 1.2041 1.6926 1.6279 1.4237 1.2955 1.8368 1.4167 1.4948 1.9125 1.5294 1.0860
1.3197 0.8321 0.3893 0.4927 0.7621 0.6578 0.8967 0.8958 1.6380 1.8824 1.9310 1.6969 1.4788 1.5966 2.3641 2.4233 1.7295 1.8995 1.8971 1.3084
1.2498 1.3251 0.7309 0.5863 0.9057 0.8947 1.2023 1.0125 1.0286 1.9024 1.4863 1.9099 2.0017 2.0801 2.3064 2.2610 1.9603 1.9818 1.9307 1.7269
1.0748 1.3037 1.2274 1.1937 1.3106 1.6436 1.6956 1.4634 1.9608 1.8781 1.9974 2.3086 2.1759 2.0675 2.0016 2.5719 2.1041 2.0009 1.6573 1.6673
1.5985 1.4494 0.9821 0.9237 1.1574 1.7732 2.0712 1.3423 2.4092 2.3961 2.0962 1.9582 2.2176 2.3425 2.7608 2.7448 2.4692 1.8255 1.4804 1.7045
1.9635 1.6744 1.7115 1.8358 2.0222 2.6546 2.8092 2.6078 2.5368 2.5619 3.1625 3.0783 2.8239 2.8212 2.8743 2.9588 2.4824 2.4270 2.2239 2.3940
