0.9092 1.1700 0.4506 0.2170 6.1926 5.6134 4.5472 5.0555 5.0592 5.2935 5.4730 5.4275 5.7081 5.3833 5.8457 0.1609 5.6205 5.6978 5.8840 0.9629
0.6846 0.9803 0.7869 0.7426 0.1996 6.0028 5.3112 5.2273 5.3402 5.2327 5.4672 5.2823 5.3708 5.7753 5.7871 5.9448 6.2808 5.9646 0.3488 0.9327
0.5140 1.0755 1.1118 0.7912 0.1350 6.1347 4.8227 4.7385 5.1554 5.1503 5.0254 5.1988 5.2998 5.6904 5.3340 5.5130 6.0587 0.1009 0.3696 0.4631
0.7433 1.0200 1.1544 0.3816 0.2200 5.7360 5.0557 5.3098 4.8543 4.8270 4.7967 4.8973 5.3943 5.3715 5.1540 6.1801 5.4222 0.1552 0.2215 0.1638
0.5715 1.0949 0.8775 0.9148 0.4485 6.2379 5.2969 5.1123 4.9140 4.4790 4.6128 4.9567 5.1034 5.4872 6.1062 0.1089 0.1198 0.0963 0.3100 0.3687
0.9701 1.1567 0.7705 0.7018 0.3114 0.4357 6.0851 5.1203 5.2168 4.7858 5.0865 4.7763 5.1008 5.5738 5.8230 0.2824 0.2265 0.1957 0.2253 0.7426
0.6676 0.7378 0.2411 0.5547 6.2405 5.8273 6.1023 5.4695 4.9382 4.7102 4.7998 4.9179 5.0197 5.7930 0.0554 0.4031 0.6679 0.4507 0.6978 1.0789
0.5025 0.5150 0.2996 0.1326 6.1500 5.7683 5.4780 5.1689 4.9306 4.4802 4.6454 4.6179 5.3906 6.0030 0.5240 0.7988 0.5975 0.7345 0.1906 0.9908
1.0427 0.4540 0.4679 0.3162 6.0754 5.8253 5.0588 5.0276 4.4443 4.1321 4.7184 4.5757 5.1863 0.1378 0.7308 0.8602 1.0073 0.6942 0.4615 0.8847
1.1742 0.8610 0.3386 0.2047 5.9919 5.6032 5.4948 5.0200 4.8297 4.8521 4.7334 4.8560 5.6285 0.3032 1.0923 0.7527 0.5788 0.7979 0.7700 0.7387
0.5291 0.1124 0.0114 0.2737 5.8569 5.7215 5.1660 5.0088 5.0372 5.0450 5.0753 4.9030 5.5954 6.2413 0.3900 0.1589 0.1380 0.2596 0.3223 0.5696
0.7999 6.1944 6.0514 0.0285 6.0285 5.7049 5.2460 5.4853 4.8504 5.2345 5.3002 5.3956 5.5712 0.0670 0.3998 0.4464 0.0343 0.4194 0.7615 0.3077
0.4415 6.2654 6.0794 0.1159 5.9093 5.2589 5.3876 5.9260 5.5529 5.4832 5.5368 5.9975 5.8172 6.2553 6.2336 0.1639 0.6017 0.6099 0.4696 0.4972
6.0951 5.8674 5.6715 5.8329 5.4827 5.6343 5.4332 5.3994 5.6602 5.9999 5.1733 5.7040 5.8241 6.1153 0.1404 6.1441 0.0315 6.1693 0.0536 0.4477
0.5771 0.1182 0.0653 6.0883 5.2883 5.6401 5.1640 5.2580 5.8955 6.2312 5.5896 5.2317 5.5885 6.1658 0.1877 0.0476 0.0352 0.3626 0.1454 0.4028
0.4044 0.0156 0.1031 6.2777 5.4377 5.4148 5.6976 5.9578 6.2023 6.0280 5.5090 4.8447 5.3623 5.7492 5.9398 6.0627 6.2674 0.2128 0.2772 0.4682
6.1937 6.2187 0.1772 6.0406 5.3393 5.5299 5.5758 5.5462 5.6208 5.5093 5.4617 5.0054 5.3379 6.2141 0.0371 0.1579 6.1591 6.0397 0.6222 0.3052
0.4418 0.0932 0.0080 5.8078 5.6696 5.2776 4.9998 5.2859 4.8030 5.5856 5.4214 4.9911 0.0355 0.0059 0.4636 0.4291 0.2591 0.2067 0.2068 0.4228
0.2441 6.2259 0.4087 6.0041 5.7046 5.1422 4.9236 5.0301 4.8545 5.0161 5.1051 5.1578 5.6801 5.9113 6.0811 6.2463 6.0505 0.0094 0.5985 0.8620
0.7344 0.6616 0.6837 6.0395 5.9462 5.1010 4.9303 5.3637 4.7871 5.3993 4.9196 5.2558 5.3013 6.1208 5.8662 5.8660 5.8149 6.2288 0.2644 1.0505
