5.1835 5.0454 4.9992 5.1267 5.4425 4.8648 5.9069 5.3649 5.0077 4.2837 3.4493 3.1616 3.4356 3.0261 3.1798 2.4213 3.2408 4.6257 4.7347 5.1580
5.6256 5.1210 5.7379 5.8145 5.4898 5.4968 5.8912 5.9432 5.8719 0.8808 2.1078 2.3872 2.1369 2.5137 2.2717 2.0954 1.8370 5.8853 5.5108 5.6110
5.4718 5.2663 5.8026 5.8627 5.7835 6.1775 0.2583 0.4262 0.5604 1.0677 1.7600 2.2229 1.8823 2.3181 2.2125 1.4800 0.9790 0.4569 5.7278 5.6125
5.1346 5.1702 5.2593 5.2627 5.6326 0.0468 0.2407 0.3704 0.5846 1.1726 1.5631 1.4987 1.8616 1.9208 1.7815 1.1749 0.5244 0.1653 5.9197 5.6932
5.2162 4.9557 5.3886 5.6452 5.9356 6.1471 6.1141 0.8146 1.2455 1.3626 1.3109 1.5460 1.6984 1.6061 0.7875 0.9607 0.7155 0.4051 5.7453 5.5803
5.1741 5.3473 5.0748 5.6693 5.8846 6.1207 6.2392 0.6521 0.6024 0.9185 1.2925 1.0488 1.3516 0.8568 0.7151 0.7625 0.5307 6.0919 5.3051 5.3450
5.5264 5.4477 5.2377 5.5963 6.2586 0.0687 6.0079 1.0293 0.8886 0.7152 0.6943 1.0618 1.1417 0.6189 0.7294 0.4466 0.0638 5.8114 5.5655 5.8733
5.1449 4.9295 5.2271 5.5028 6.1173 6.1790 0.0392 6.2287 0.4387 0.4625 0.2176 0.6910 0.4611 0.5086 1.0598 0.4553 6.2340 5.5137 5.1818 5.1518
4.9896 4.9323 4.9413 5.3633 5.5955 5.8996 5.8855 5.4940 5.2498 5.5564 5.5807 6.2159 6.1954 0.3541 0.1940 0.0489 6.1644 5.6733 5.3646 4.9944
4.2495 4.6485 5.3071 5.3573 5.0627 5.5201 5.5875 5.1931 5.5068 5.4457 5.4213 6.2113 5.9264 6.0294 6.1871 6.0567 5.0700 5.9012 5.1111 4.3209
5.1310 4.8887 5.3523 5.1191 5.2505 5.3610 5.5109 5.5709 4.9718 5.1763 5.3002 5.5203 5.6852 5.7265 5.6709 5.0842 4.9105 5.3098 4.6483 4.2970
4.9700 4.8547 5.0394 5.2352 5.1165 5.1218 5.1879 5.1423 5.1400 5.0127 5.1238 4.9951 5.3595 5.3830 5.2086 5.1477 4.9356 4.6845 4.2506 4.6867
4.8495 5.0865 4.8186 4.8965 4.7241 5.1256 5.1097 4.8327 5.0860 4.7408 4.6363 5.2438 5.5508 5.4004 5.3885 5.1957 4.6879 4.8304 4.6501 4.8703
4.8949 5.1756 5.3329 4.8311 5.3430 5.5416 5.2132 5.1550 4.7533 4.5554 4.7288 4.9719 5.3754 5.4697 5.2471 5.0637 5.0027 4.8605 5.0760 4.9289
4.3969 5.0686 4.9248 4.7964 5.2063 5.1349 4.9473 5.0666 5.0645 5.3938 4.8251 4.5593 4.9273 4.9534 4.6875 5.0422 5.2296 4.5909 4.6520 4.5685
4.9134 4.5941 5.2913 4.7712 4.6978 5.1317 4.9179 4.8811 4.7561 5.0965 4.6493 4.3550 4.9632 4.8170 4.5614 4.2112 4.4860 4.8990 4.4691 4.9311
4.4270 4.9383 5.2201 4.7029 4.7953 5.1975 5.0470 4.4984 4.8888 4.4670 4.6325 4.4251 4.5912 4.4132 4.6404 4.4834 4.2782 4.3378 4.5134 4.4923
4.8671 4.9224 4.7314 5.2437 4.9807 4.9292 5.2280 5.2809 4.6312 4.3659 4.1232 4.3856 4.9132 3.9119 3.5090 3.7582 4.0770 3.8522 4.5874 4.2978
4.9738 4.6891 5.1793 5.7080 5.1087 4.8462 4.8914 5.1955 4.9972 4.2549 3.9607 4.1481 4.1017 3.2089 3.4363 3.2330 3.5709 4.0311 4.5491 4.6182
4.8714 4.9082 5.0777 5.2243 5.0388 4.9914 5.6811 5.2981 5.0116 4.5709 3.8856 3.6242 3.5525 3.5546 3.1897 3.2895 3.4700 4.5619 4.4801 4.6480
