2.5923 5.8183 0.2432 1.2271 0.5426 1.2430 0.2440 5.6253 5.4879 4.3481 3.8893 5.7514 4.9092 5.0370 4.2150 3.8566 4.6632 4.1860 5.4920 3.7914
1.2455 0.5336 0.2559 0.6300 0.2910 0.7721 0.3402 3.2958 5.7001 4.2096 3.3116 5.7010 5.1933 5.0866 3.7715 4.3640 4.8915 4.1356 5.0889 3.4848
3.1232 4.6632 0.0769 1.4720 1.1240 5.5612 6.0521 0.0891 4.2877 3.8247 4.0808 3.4858 4.0845 2.7557 3.2639 3.3390 4.3440 5.7496 5.3192 3.7262
0.4650 5.1355 6.1336 1.0044 0.0626 5.4736 4.7436 4.8232 4.5188 3.7891 4.1654 2.9227 2.9079 2.2379 1.6911 4.3635 5.3022 5.7480 5.0156 5.0360
5.6130 4.5378 4.4033 0.2744 4.2387 5.8639 4.8540 5.0635 4.4725 5.0449 5.1411 3.5498 2.6132 6.2275 6.2368 5.4498 5.0154 5.2355 5.7296 4.6082
4.2097 3.6900 3.6814 5.0539 5.8156 3.7788 2.8928 3.8944 4.0131 2.5382 0.3069 4.9871 5.6144 0.0021 4.9366 4.9965 2.0129 1.7476 2.1254 2.6944
5.1632 3.7487 5.5384 4.9975 5.9397 4.8537 3.7046 3.5486 2.2093 3.4872 5.4600 0.4847 5.5868 0.6155 5.7798 5.8952 5.7245 1.9361 2.4957 2.2433
2.7679 4.1505 4.6450 4.0906 0.7218 4.5801 2.6581 3.4481 2.6531 3.6664 4.8983 4.8321 4.3562 0.3073 0.1893 0.8023 0.1510 0.2130 2.9344 2.3807
3.5386 3.8064 3.6925 4.4994 2.5329 2.4761 2.8692 3.0072 2.5987 4.0279 2.0816 1.4884 1.9985 0.6482 0.9488 1.8419 0.2758 5.4648 3.4598 2.7630
3.8206 4.6631 3.9858 4.2051 3.3117 2.9250 2.7654 3.4855 4.7316 1.9478 3.0940 1.5978 0.2325 2.0407 1.7996 1.1482 0.6824 0.7887 2.2628 3.3999
4.0671 4.0775 3.9517 4.6099 3.2151 3.0679 0.8591 3.5298 2.3553 2.6864 2.1929 2.9100 3.7809 3.0183 2.1687 1.9848 0.4220 6.2580 2.7158 3.7826
3.3204 3.2764 4.5123 5.6490 3.6154 2.9014 1.4496 1.5494 1.9709 3.3059 3.2436 3.1230 4.3848 3.4902 4.0688 4.1234 3.5597 1.9210 2.8602 5.7423
3.4109 4.3519 4.4848 6.2211 5.3072 1.7122 1.7816 1.1981 0.7859 1.4556 1.8881 1.8785 3.8568 3.3765 3.4791 3.0507 2.5331 1.4412 1.9556 6.0599
3.1549 4.4139 3.9753 5.9479 0.2738 1.5131 1.9163 0.7990 3.3097 1.3739 1.1543 2.4342 1.3784 2.2712 3.0878 2.9078 2.5443 2.6256 3.4516 1.0441
3.3957 2.9735 5.9794 5.9105 5.6266 0.4107 1.2115 1.2598 1.7502 1.1122 1.4073 2.2108 2.8674 1.7616 3.3646 3.9458 3.8471 2.6107 3.4632 5.0779
4.2992 3.5820 5.1988 0.0959 0.3036 0.3813 0.4781 0.7703 1.7027 1.9225 1.6922 1.8002 2.8786 0.1799 3.6576 4.0979 3.0785 4.2847 4.1030 4.4208
0.3501 4.6495 4.1881 4.2892 3.0060 3.0035 2.3221 5.0378 4.8803 5.8852 5.2522 4.6994 4.5051 4.9256 4.1596 4.1267 3.0165 4.1020 3.1170 4.1346
5.7359 5.7057 5.1472 4.3448 3.5065 3.2794 4.2447 4.9386 5.2195 5.6247 4.6360 5.4785 5.0934 5.1536 5.8380 4.8965 2.2264 2.9275 3.3455 1.2410
6.2068 5.4271 4.5339 5.2839 4.0021 3.8504 4.1378 4.3799 5.1630 5.2083 4.3226 5.0121 6.2750 5.4279 3.9412 4.0189 5.6786 2.4938 3.1892 2.1130
3.2851 5.3504 5.2982 2.5683 2.3383 3.2840 1.1469 0.4836 5.8207 4.8116 4.8236 5.9560 4.8579 5.3527 4.3903 3.4021 4.3950 2.7118 1.9782 1.7286
