0.1525 4.8490 5.4884 5.0838 5.4358 5.0306 4.0139 4.3918 5.2108 5.2014 5.8162 0.6521 2.0809 2.0877 2.6502 2.4344 2.9627 2.5415 1.2376 1.8312
6.0323 5.4195 4.6782 5.5698 5.0307 4.1257 4.2153 3.1446 0.2757 5.5519 1.3031 1.4832 1.7960 2.2544 2.1331 2.5707 3.6939 4.1011 0.7869 0.2102
0.9521 4.6948 5.0827 4.7925 5.0001 5.2744 4.6200 2.6096 0.4639 1.2349 0.3780 1.1630 1.8236 2.1942 1.8186 2.0046 3.9895 4.6063 5.6107 0.2782
4.3911 4.9858 4.8088 5.0684 0.5626 6.1158 0.6603 1.4601 0.0909 0.5576 1.1413 1.0435 2.5376 1.4260 1.5496 3.6336 3.9490 4.9803 3.3398 3.8266
6.2802 3.5673 6.1775 0.0345 0.5133 0.4528 0.2922 0.9587 0.4935 0.2616 0.2429 6.1982 0.2180 3.3933 1.6627 2.5040 3.0203 2.7600 2.7474 4.5142
5.1954 0.0422 4.4508 0.8487 0.5803 1.4202 2.9171 1.7033 0.8326 0.3260 1.1116 5.8114 6.0847 2.6053 1.9611 4.6793 5.0908 4.2772 5.2847 4.2737
0.6012 5.8797 0.8098 1.5561 1.2933 1.7994 1.8602 2.2681 0.4607 0.9720 1.2134 1.8528 1.2414 3.0843 3.9741 3.7590 3.9017 2.9708 2.3995 1.9076
0.0910 5.0827 0.7688 1.1896 1.8906 1.5634 0.1498 0.3686 6.0455 0.4575 5.1563 3.1067 1.5071 2.3324 4.1515 4.0176 3.9900 2.7730 3.3677 0.7511
1.3733 1.0168 1.5306 1.4325 1.7037 0.9888 5.9018 3.1363 4.5752 4.0840 5.1441 5.0207 6.2337 0.1698 6.2291 6.0961 4.0865 3.3357 2.8674 1.5773
1.8730 1.5862 0.3072 0.4586 0.7540 0.1245 1.1855 2.9445 3.8970 2.6708 3.3495 3.3214 2.1964 0.9494 5.8087 5.5795 0.2789 2.5372 2.5248 2.2786
2.6120 1.5672 0.2840 0.7344 0.7734 0.4793 1.5045 3.6558 3.1443 3.4673 2.8756 3.4879 2.3422 0.4248 0.4860 6.1549 1.0122 2.1736 2.4258 3.7136
3.7307 0.0140 0.4126 6.1043 1.3407 0.3095 2.4151 3.9311 2.8851 1.9991 3.4946 1.9952 2.2478 0.3364 0.3499 5.6786 1.0914 1.8366 1.9245 1.0733
0.9383 0.3064 1.7175 6.1839 5.8141 6.1562 4.2530 3.5292 3.1345 3.0487 2.2878 1.8623 2.2791 0.3819 6.2081 5.6113 0.9542 3.1244 2.9958 6.0952
5.7779 0.4831 0.6638 1.5071 6.1808 0.0887 2.1359 2.6538 3.4874 3.4105 3.7235 4.3502 0.1629 0.6300 5.7602 5.6094 6.1757 5.7387 4.7248 5.6344
4.6645 5.5748 0.7817 0.8593 0.4496 5.3226 2.6645 2.7630 5.3204 0.7967 1.4529 1.2292 1.6075 0.8575 5.9809 5.4114 5.6363 5.3532 4.8284 4.5797
4.0318 5.1036 4.6159 2.9382 5.9752 4.7735 0.2375 6.2352 0.8596 1.5838 6.0823 1.0286 0.1167 0.8281 6.2580 4.1282 5.2314 4.2778 4.2491 4.3245
2.0534 2.4708 3.1353 3.3066 4.9936 4.7048 6.0057 1.0753 1.4959 2.1824 0.9987 1.0628 0.3673 2.7901 2.4791 3.8058 3.5662 3.9928 3.0256 2.7395
2.1694 2.6753 3.5612 2.5496 4.5355 5.5554 5.2833 6.2066 1.1825 1.1986 1.2362 0.3504 0.1803 1.6988 2.4789 1.4977 3.0838 2.7057 3.6075 3.0400
1.4670 3.2394 2.6487 1.1419 4.8790 5.8574 5.4563 0.2103 0.2516 0.4273 6.2051 0.4081 1.3766 2.5182 2.2917 2.3219 3.1778 1.7037 2.1588 1.7613
0.5434 5.7868 2.1214 3.4956 4.7395 4.7801 4.8697 5.8332 5.3012 4.8628 5.8572 5.9492 1.6175 2.3381 3.4259 2.2618 2.4522 2.5805 1.8334 2.4587
