1.2242 2.3058 1.8534 2.7008 1.7680 2.1794 3.2221 5.4904 5.0484 4.1637 4.2124 3.1869 5.3660 3.8281 4.0561 4.1858 4.3691 4.7018 5.3433 0.7909
5.8788 1.7602 1.8340 1.7985 1.6047 2.5608 4.6760 4.2897 4.8470 2.6184 4.6369 3.1288 2.8867 3.7796 3.5764 3.9909 4.3148 4.3188 5.7682 5.2449
6.1851 6.2096 0.7330 1.2700 2.4218 2.3787 0.3695 5.6437 4.4872 4.9742 4.7979 3.1131 4.5117 4.1135 4.2430 2.8706 3.2415 5.7856 5.0807 5.1521
0.9307 5.5692 0.2337 0.8672 4.7842 4.6063 6.0007 4.0510 4.2425 3.4180 5.2710 4.4077 3.8690 4.5195 4.6876 4.8362 5.1371 5.0914 5.2280 0.6920
5.1305 4.6634 1.0082 0.4482 4.1415 5.8633 6.1529 2.3440 2.9774 3.1129 2.8592 3.2802 4.0248 4.9399 4.5437 3.6039 4.3194 5.1820 4.3626 4.8995
4.8285 5.5004 4.6717 1.4977 4.4026 6.0426 0.9284 1.6831 5.0315 3.8146 4.3177 5.2836 4.3783 3.6784 3.3883 3.2392 4.0509 4.1609 4.5148 5.4265
5.4663 5.7903 4.9674 6.2068 2.9486 2.4407 2.7111 4.8083 5.1861 3.4427 4.6131 4.1058 3.7500 3.1735 3.4746 3.3295 3.3620 5.6526 5.5590 5.0154
4.3853 4.7050 5.0799 4.5229 4.5649 2.1504 3.1415 0.5019 1.2620 2.7252 3.9881 2.8736 4.6781 3.7927 3.0403 4.4818 3.6855 5.0574 5.5537 5.2842
2.9573 3.4898 1.3847 0.5186 1.8796 2.5179 2.7610 0.7372 1.1772 2.1959 2.4537 2.4493 4.0915 2.5215 4.0502 3.7779 3.8463 5.2723 6.0811 1.3968
2.1202 2.9837 0.1254 5.1744 1.6716 1.6809 2.0949 2.0202 2.1844 1.3177 1.8307 2.5276 2.7876 0.8719 3.3488 3.6916 4.8395 3.8858 3.2836 2.2633
2.8272 3.5665 4.8854 4.3172 1.6177 2.5043 3.1122 1.7910 1.7269 0.7593 1.7629 1.6380 0.2924 3.2042 2.9612 5.6229 4.6536 3.3414 3.5486 2.0555
2.9100 3.3557 5.3607 0.6921 4.5943 3.3993 2.4984 3.5457 2.3751 1.7063 2.5988 3.0311 1.8529 1.5833 1.6254 1.1080 2.8351 4.0420 3.8139 2.0457
3.7577 4.0809 5.9695 0.6473 2.4426 2.3569 2.0858 3.2715 3.0492 4.8695 0.8353 1.8089 1.8541 1.8669 1.9830 1.4068 1.5957 3.6058 5.4115 3.8339
3.9626 4.3898 5.5777 0.5682 2.1421 2.3624 2.0200 3.2528 1.4844 3.0410 1.8273 1.6767 2.2022 1.8316 1.9012 2.4664 2.0897 2.9102 4.0930 5.6011
5.9947 0.3472 0.6233 0.9087 5.5657 3.3175 4.2015 3.9190 5.0180 3.1925 2.3462 1.9095 4.2539 4.1519 3.0548 2.3410 2.4619 3.5327 2.8181 5.6175
6.1738 0.0098 0.6403 1.3056 0.5521 1.8575 0.2304 4.3651 5.7126 3.4353 0.5116 1.3777 1.2203 3.0270 3.3745 3.2673 2.3576 2.4986 2.0890 1.9945
0.6269 1.2415 1.7499 0.4250 0.2168 1.0323 0.6893 4.5988 4.3258 3.2379 2.3834 1.8670 3.0232 3.0312 3.6958 3.1902 3.3864 3.0474 1.8867 6.2354
0.4965 0.0396 2.0334 1.5506 1.6786 0.9699 0.0159 5.3370 4.6135 3.3397 2.4062 3.0678 6.2468 3.7690 3.3292 2.7994 3.2480 3.1959 3.4797 0.9197
0.2708 1.0957 1.9522 2.2492 2.1042 2.0408 3.7886 5.2478 3.9909 2.5701 2.9491 1.4921 2.2384 3.9263 3.3363 2.5118 3.4899 4.9181 3.4927 4.9740
0.5762 0.4595 0.6271 0.7401 5.4068 0.9529 3.3207 4.5908 3.3461 2.9159 3.9180 2.6480 3.1740 2.7257 3.1334 3.1385 3.4073 3.3921 2.7877 0.5806
