2.8732 1.8663 0.7972 1.2868 4.5098 5.4731 3.7541 3.8592 1.6473 1.5296 0.6755 1.5737 1.4139 2.2519 3.5242 4.5411 5.1811 5.5036 0.5588 2.9644
3.3790 2.9599 1.3926 2.1883 4.2019 4.3483 3.6782 2.9903 1.5609 2.3008 1.4956 1.5463 1.4769 1.8472 2.2857 5.5096 5.2699 5.5659 3.7655 2.6811
3.3781 3.2952 3.7483 3.1877 1.0784 1.1394 3.1292 3.1172 4.2935 4.2160 1.8019 1.2943 5.9687 1.7919 3.0070 4.5231 3.8744 3.9023 4.5938 3.2287
3.4092 2.9652 3.7292 3.1325 2.7181 2.4632 1.9636 2.2543 2.3569 2.8055 1.2457 0.8093 2.0148 2.1872 3.4741 4.3447 4.1791 1.2328 5.0293 2.2170
3.7968 3.3347 2.5964 2.9930 3.0855 2.4399 1.5088 2.7587 3.3654 2.5814 2.2998 0.4930 1.1277 1.8579 2.5573 2.4900 4.0300 3.2171 4.5949 3.7348
2.6729 1.6299 2.0563 3.2562 2.7010 0.6057 5.5864 1.7269 1.8710 1.7416 0.7309 0.8697 2.0951 1.2866 2.3448 3.1009 2.6414 2.5378 4.4857 3.3758
3.2216 1.6194 1.7887 0.5641 1.5477 0.5593 1.5405 2.7302 3.8513 2.3118 1.5292 1.8487 0.6843 1.4845 1.5682 3.0314 1.8817 0.8212 3.7320 4.2963
1.4761 1.6207 0.1453 5.9641 5.6148 5.5013 3.7309 3.4426 3.5665 2.8251 1.5413 1.3161 1.1644 1.6877 1.6049 2.9752 1.8799 1.0119 1.8293 1.0012
1.7085 0.1676 6.1423 4.8997 5.2373 4.8288 3.3300 4.2495 3.0231 3.0514 5.7499 5.2002 5.9099 6.2445 1.4662 6.2382 0.2407 3.0843 1.5474 1.9947
1.6426 0.0555 5.5021 4.6774 4.9145 3.1052 3.9138 5.1453 3.0149 3.6689 0.0531 1.2211 0.1656 1.1719 0.4223 4.3286 2.4135 2.2751 1.4585 1.5314
1.4510 0.3935 5.6132 4.7510 4.5228 4.5013 4.6227 2.4221 2.0177 2.8741 0.9984 1.2881 2.3111 1.8551 1.5564 3.1138 2.4047 0.5854 1.6520 1.9636
1.0367 1.7146 6.0965 5.2202 5.5363 4.6748 3.7406 4.0241 1.9532 0.2121 1.0483 1.6863 3.1985 2.2903 2.8802 2.6931 2.1208 2.9850 2.9527 2.0332
1.0989 1.9034 0.6189 4.6369 4.7766 6.0532 2.3674 2.3377 5.9666 0.0652 1.8243 2.6414 3.4880 2.5628 2.6360 3.2310 2.7360 2.4694 2.6733 1.3876
0.9857 1.8544 3.4584 2.9236 0.1118 5.3790 5.5521 4.0627 5.2868 5.0752 4.4252 3.9701 3.5050 2.5677 2.6254 2.6892 2.1923 2.3549 4.0031 1.7561
2.0726 1.4576 3.1352 6.0072 0.2881 0.0436 5.7760 4.8037 3.7194 4.2197 4.1926 4.5840 3.4815 3.4935 2.3478 6.2379 0.5510 2.6452 2.5103 2.5394
1.2039 1.2017 0.0262 1.3662 5.4075 0.9700 1.0258 2.3948 2.8278 4.5980 6.2250 4.4752 4.2470 5.3517 5.9253 0.0705 6.2628 0.6784 1.3330 1.3960
2.9086 0.3238 1.1349 5.8687 0.2337 5.8143 2.0011 1.6572 1.6395 0.7238 6.0785 3.7636 4.8947 4.4028 5.8335 5.4178 0.1233 0.2201 6.2534 2.2036
1.9658 1.2428 0.4547 0.1387 6.0643 0.7997 0.8911 0.7215 0.3814 0.6642 0.1815 3.8895 3.1648 3.8418 4.6831 5.2355 5.7244 5.9824 1.1104 0.6048
1.5264 0.5645 0.8333 0.6240 5.9150 0.8281 3.8206 0.3653 0.9531 0.7022 5.7181 4.0689 4.9199 3.8811 3.9846 4.4755 4.0304 5.8652 0.8220 1.5760
2.5150 1.6554 0.9092 1.4447 2.5997 0.8241 6.0249 0.2203 0.5049 6.1183 2.5638 2.7045 3.3852 3.6074 3.5220 3.8058 4.3612 4.5822 3.2554 2.6833
