3.0440 3.1427 4.3033 2.5785 2.8100 2.3264 5.2814 0.3716 0.7638 0.7642 5.0808 4.0146 1.3909 2.0552 2.1874 1.8931 2.9938 3.2446 0.1343 3.9496
3.6494 2.9213 4.8747 2.9474 2.2026 3.3190 1.7538 0.9089 6.1975 6.1893 4.6409 0.0718 1.1286 2.2250 5.3712 2.2208 2.9003 3.3027 4.5903 3.5377
2.6339 4.2520 4.4967 4.0150 5.1585 4.7698 4.1632 3.9301 5.3124 5.7653 4.8402 5.6241 6.2722 2.4101 3.3344 4.6229 4.8722 5.7726 4.2728 4.2973
3.9843 3.8449 3.1090 2.5379 3.6548 4.2009 3.3668 5.1371 5.3702 4.3488 4.6390 4.8146 3.8128 4.1835 4.5235 4.1864 4.8410 4.5417 3.7788 4.4855
3.0814 3.2872 3.2481 3.4482 3.4829 4.6990 3.0287 4.8558 4.3156 4.6736 4.5296 4.3324 4.7821 3.8253 4.8959 4.2626 5.1648 4.2203 4.1966 4.6245
2.4898 1.4829 2.5972 4.7095 3.7599 3.8971 4.3600 4.1579 4.4783 5.1022 3.7507 3.7053 5.7904 3.4910 2.8270 4.3404 4.3280 2.9319 5.1771 4.0713
2.3997 2.1845 2.8403 3.7335 3.8635 3.6280 3.1622 3.8329 2.7896 3.2607 2.7608 4.4229 4.6248 3.5379 4.2910 4.3592 4.4521 3.7816 1.4532 2.6340
2.2072 1.9879 3.1383 4.0808 3.0811 5.4252 4.5947 3.1144 6.0861 3.5093 0.7056 0.7412 5.9337 4.2016 4.3310 4.2361 5.3309 5.0865 0.0214 1.8504
4.0336 3.8677 3.3382 4.8414 5.4002 4.8928 4.2499 4.0549 5.4301 2.6422 1.3070 0.4033 6.2813 4.6399 5.0853 5.1184 4.9301 4.4628 6.0270 1.8489
4.5611 5.6928 4.9324 5.9608 0.8554 5.5028 3.6840 5.1171 6.1191 0.3173 1.3363 0.5058 0.4586 6.2580 5.9791 5.8613 5.5454 4.2926 5.6444 5.5199
0.2191 5.9079 0.4979 5.7827 4.6278 0.5782 0.0357 0.5280 0.0368 1.3581 1.1953 1.8108 5.9832 5.5168 0.0048 0.0641 4.7111 3.0496 4.2066 5.4648
5.4960 6.2286 5.2306 5.8508 5.9841 1.7795 1.3334 2.4743 1.6403 1.8096 1.3908 1.8765 1.1649 6.1205 6.1557 5.3297 3.9413 4.0740 3.9316 5.4114
5.3824 5.3789 1.5136 6.2283 1.6539 1.0203 1.0742 0.8327 1.0070 1.3708 1.9909 1.4698 1.7015 0.7209 1.2013 1.2125 2.4482 3.2195 3.9547 5.2409
4.3941 3.0851 6.1152 1.1509 1.0033 1.1046 0.9276 0.4010 2.1607 1.4779 1.2025 0.8970 1.6284 2.0440 1.9270 1.3864 1.6610 1.7042 3.4216 4.2825
2.7010 3.9836 5.4927 0.8450 0.3724 5.4293 0.2273 5.0223 4.4194 1.3105 0.8530 0.3803 1.3949 1.4032 1.7157 0.7664 2.8426 4.5563 3.3871 3.2979
4.5690 4.2069 6.0857 2.2347 5.3932 5.7378 5.0214 4.6034 2.9630 2.0238 1.5149 0.1941 1.7206 1.6960 2.9241 3.1646 2.2706 4.2454 4.8801 3.8949
3.1638 3.7025 3.6492 2.7439 6.2773 5.5938 5.2301 5.4436 1.9691 5.6840 0.8225 0.0333 0.0217 0.3875 5.6700 4.3220 4.1838 4.8263 4.3072 4.1142
3.7130 1.8639 3.0701 3.5644 4.9354 5.3519 4.7885 4.6724 3.3834 0.3999 6.1245 0.4675 6.1621 6.0905 4.1831 3.7858 4.2581 4.9646 5.1827 4.0834
3.0189 2.0239 2.5343 2.8759 4.9518 3.5961 4.2276 4.6818 4.5366 2.0249 1.2826 2.2791 0.9244 6.0521 4.7221 4.3314 4.1256 4.0996 4.8033 2.7373
2.1170 2.7165 3.1648 3.9483 3.9287 4.2700 4.5851 4.6854 4.9567 1.9891 2.1811 2.2200 2.1119 0.6871 2.6869 3.2234 3.7864 3.4438 3.7462 2.7376
