6.0492 0.9694 5.6712 5.1268 6.2397 1.3971 3.7382 2.7508 1.9101 1.3037 3.2887 0.9846 6.1072 6.2385 1.6647 0.6485 1.2162 1.7434 1.4236 1.9762
0.5517 5.0922 5.8694 0.1063 5.7507 4.6763 3.6409 1.2218 0.5966 2.8893 3.4608 2.8981 5.8885 0.0590 0.3782 2.2567 0.6774 1.0064 1.0105 0.4471
6.1181 5.8925 6.0719 0.0728 6.1156 3.9368 3.1407 3.8687 3.3261 1.8869 2.7911 2.1233 6.1879 4.1318 5.0155 2.9235 2.8012 1.2470 1.1832 0.1825
5.5629 6.1129 0.5915 4.4226 4.2825 4.7147 2.7843 2.6071 2.2734 3.1107 2.6394 1.9967 2.8534 2.9037 3.7849 3.2073 2.9384 1.7529 1.0655 1.4264
6.2575 4.8907 5.4499 6.0313 5.9763 4.9230 5.5193 2.9281 3.0544 2.3697 2.5314 2.8235 2.2003 1.8975 2.2647 4.6571 6.1668 2.3223 1.1885 1.3735
0.9124 0.7543 5.0323 3.8033 6.1571 6.1944 4.7549 5.1684 4.2498 3.2946 2.6391 2.5442 2.2499 3.1567 1.7280 0.8345 0.5637 1.3354 2.1085 0.4935
0.0946 1.1120 2.8546 4.1111 4.8915 1.7635 4.1055 3.5682 3.2383 2.9087 1.9802 3.2926 2.5082 2.9216 1.3117 1.5279 3.4542 0.0623 1.1566 0.8823
5.6969 0.1928 4.7334 3.9441 4.3382 3.6633 3.4600 3.5495 2.9500 3.4934 2.0106 0.8277 1.2473 1.4730 0.4481 3.3391 2.2506 2.3465 2.0455 1.1403
1.5078 0.4450 5.4503 4.4475 4.5561 4.5098 3.9883 3.5919 2.7982 3.0306 2.4071 2.3443 3.5656 4.9647 3.8915 3.2244 2.5755 2.7607 1.8391 2.2205
5.8032 5.4620 5.8003 5.2680 4.7983 3.9884 3.5720 2.4980 2.0430 1.9828 2.7664 2.8325 2.3576 2.1932 2.8545 2.0723 1.5490 1.8012 1.5801 0.7818
3.1861 5.0176 1.4703 4.3850 4.4499 3.1469 4.2097 4.0237 1.1266 1.8183 2.8967 3.5474 3.3566 2.0699 0.1813 0.6882 0.9553 3.9040 4.3126 2.5375
2.0265 3.2760 1.5743 3.6278 4.4843 3.1729 2.5896 3.2762 5.2682 4.6252 3.6034 3.6907 2.6853 1.2280 0.6078 0.5705 0.0298 4.3515 3.1781 2.9381
0.5980 4.9440 2.8051 3.3237 2.7989 0.5917 1.1834 4.3415 4.6753 4.9653 4.3789 2.3649 1.2176 2.3564 0.2478 0.2654 4.2520 4.4919 4.1702 4.4237
3.0258 5.2756 4.4810 4.1076 2.3432 2.0854 0.0295 0.0487 5.2647 5.5461 5.3635 5.7346 1.4107 1.8622 0.7262 5.7323 3.9631 4.0278 4.3815 4.1354
4.4921 4.0252 3.0443 3.1513 1.6795 6.1405 0.2891 0.3550 0.8131 0.5323 0.6262 1.7896 1.6399 0.2442 5.1354 5.2767 4.5415 4.6640 4.2206 4.4184
5.6561 0.1794 3.8088 3.5693 2.6610 0.2894 0.2966 2.9047 6.1080 0.8170 0.5050 1.1629 0.8682 1.0288 5.0050 4.4545 4.5771 5.9853 4.3616 4.4353
5.0646 5.3807 5.2753 3.5209 1.2021 0.1549 6.0610 4.8999 0.4727 0.6619 1.0419 1.2319 1.2324 0.9595 0.1191 5.2977 3.8983 4.9347 3.4679 4.1259
4.7903 4.5550 5.0131 1.5474 2.4868 0.0550 4.5311 4.2648 5.9658 1.0434 1.0985 0.0229 0.7473 0.4050 0.7133 1.1390 2.9051 2.4968 3.0072 4.7231
5.2522 5.3220 5.3010 2.4717 3.1500 0.5844 1.3341 1.3116 1.8247 1.4818 1.6384 0.5976 1.2246 4.9206 0.1949 1.2097 0.4624 1.4820 0.6717 5.2939
0.9428 0.4231 5.8631 0.3836 4.4933 0.9427 2.3452 2.9675 2.4067 2.8830 3.1567 1.6741 0.3049 5.8317 1.3485 1.3887 0.6163 1.0985 1.5969 0.3010
