3.4120 5.4693 4.8128 3.2250 2.5654 3.0607 2.2465 1.8444 1.0483 1.0768 2.5691 2.6274 2.9489 3.9288 3.9689 3.5733 4.3059 4.7352 4.7553 5.0189
4.2979 5.2778 4.4507 1.1855 2.3505 2.4434 1.7425 1.8971 0.7810 1.6175 1.6054 1.9662 3.4353 3.8723 4.9806 5.0831 3.8622 5.0928 4.8457 5.2827
6.1584 4.7685 4.0052 2.0956 3.4895 3.6322 1.9780 2.4565 1.8129 1.7387 0.4385 1.2267 1.9817 4.6485 5.3766 3.7752 3.2438 3.1331 2.5307 6.2034
0.3480 4.9152 5.0265 2.5022 2.0748 3.6457 1.9302 2.1357 1.0247 1.2226 1.0592 2.1790 1.7561 3.3634 1.2667 3.8410 2.9805 2.7238 3.1615 2.7595
3.0867 0.0979 6.2627 1.9641 1.5146 2.5220 2.0097 1.1280 1.1510 1.1440 1.4640 1.0437 1.7828 2.3310 1.5307 1.2530 1.5265 1.2577 1.7158 2.3907
3.0478 0.9997 1.6853 1.7690 2.0792 1.7177 1.4520 2.8689 0.5163 6.2086 5.3663 5.5097 1.2772 1.2154 1.4235 1.4753 1.5084 0.9563 2.2068 2.4614
1.2197 0.5099 1.1945 2.4182 0.9443 1.1888 1.0512 1.4779 0.8996 0.3200 0.3802 1.4764 2.2012 1.4347 1.1510 1.0077 0.6700 1.9684 3.2328 0.9100
2.1249 1.6040 1.3296 1.9889 3.0046 2.1149 0.5198 1.0925 2.0967 1.5004 0.7641 0.5841 0.5561 0.7390 2.7093 0.1443 5.0481 4.2903 3.8099 1.7186
2.6201 1.9121 1.4669 2.3927 2.7664 0.8137 0.8776 0.7245 1.1352 0.1534 0.5989 1.1679 0.3565 5.6687 5.8285 5.0331 4.3755 4.7490 4.9395 3.4881
3.2240 3.4250 3.0512 2.5221 1.4538 0.9179 0.4250 1.2237 1.1829 0.5516 5.8455 0.0390 0.1742 0.7237 4.9284 5.1655 2.6429 5.1902 5.0185 4.5648
4.0842 2.6405 3.4178 2.0203 0.7123 1.1756 1.0209 0.5148 2.2269 1.1269 0.0486 0.9888 6.1764 0.2098 0.2480 1.2314 1.7995 2.3618 4.5306 3.5142
3.9376 2.3206 2.9458 2.6257 2.1185 1.5445 0.8776 1.0137 0.7511 1.0679 0.4693 0.6611 4.9861 6.0515 0.3926 0.1974 1.0054 1.3031 5.0829 0.3085
4.1303 2.7753 2.5242 2.0270 2.9802 1.5961 3.0368 0.7764 5.8906 2.2228 0.9897 6.0941 1.2132 1.1693 0.2132 2.0150 0.9803 0.7907 6.0390 5.5827
2.4205 0.0740 0.8720 1.8445 1.6887 1.0559 2.8488 5.9310 5.2896 5.8893 0.2345 1.6636 1.7400 0.3629 1.8171 2.1013 2.2428 1.0316 1.5514 0.3668
1.2508 4.1671 1.6697 2.3022 1.5113 2.3868 2.8422 2.2414 5.0885 3.1032 5.7564 0.6742 2.2399 1.5310 1.6964 2.2313 1.7122 1.7854 1.6331 2.0334
2.4529 3.9447 3.9222 4.0544 2.9175 2.1823 3.2337 2.3401 3.9299 4.4996 4.8855 0.2552 1.4521 1.2895 2.1536 1.7078 0.4014 1.5258 0.5451 2.2125
3.0743 4.3371 2.3971 0.8992 2.7462 2.0183 1.7941 1.9009 3.2626 4.1276 3.3002 2.3407 1.7884 1.7080 1.7778 1.0540 2.2508 2.3643 2.0602 3.7139
3.8188 2.0176 2.3185 1.9187 3.6467 2.5553 1.7540 2.3143 4.7923 3.7316 3.2093 3.2694 3.7775 1.4387 0.9238 2.1886 2.0111 2.0385 1.7715 2.8321
2.7010 4.1560 3.1356 1.4543 2.1279 0.5852 2.4499 4.8374 4.3807 3.8184 4.5074 5.1672 0.2777 0.9068 6.2823 2.1426 2.4220 3.5015 3.7030 2.4046
3.2483 3.9492 3.3659 1.3898 1.2740 2.7632 2.3333 4.0726 4.2481 4.3065 4.6167 4.5592 5.7885 1.0031 0.3884 4.3870 3.8504 4.3327 4.7777 2.9627
