3.7433 3.4702 2.3496 1.3320 0.7256 2.1147 1.9496 0.7799 0.9003 0.7094 5.1397 6.1099 0.6196 5.5467 5.6738 5.8251 3.9089 4.8105 3.3335 2.1608
3.6223 5.5508 4.6882 0.9907 2.5145 2.0511 2.1940 1.5726 2.4208 1.4289 6.1001 0.7041 0.0780 0.5412 2.8495 3.5353 4.7482 4.2935 4.3115 3.7914
2.7120 3.1287 2.2999 1.9804 2.6073 1.2762 1.7189 2.1491 1.5649 2.4831 1.5733 1.2796 1.4105 2.2232 2.1789 3.0202 4.0555 4.1141 3.9730 3.6572
3.1039 1.5433 1.1715 1.2635 1.5505 1.4075 1.9194 2.1888 1.8233 2.5313 2.8475 2.8994 3.1220 3.2734 2.6705 3.7585 5.5583 1.6936 4.1000 3.4167
1.3358 0.9997 1.7021 1.3392 5.7285 2.2354 1.5307 1.8205 1.9071 2.2003 2.9034 3.6214 3.3258 3.9091 3.3949 3.9337 4.6023 4.6576 4.5151 4.3266
1.0896 2.1496 1.5648 2.3158 1.4231 1.5122 0.7216 2.0071 3.3632 2.0279 2.7648 3.9514 4.5926 3.0045 4.1736 4.7569 4.2085 5.2118 4.1685 5.9807
0.6705 1.3966 1.5233 0.6163 0.7535 5.2656 2.7866 2.9209 3.6889 2.7148 2.3769 2.5275 2.5571 4.1103 4.1019 3.5819 3.1700 2.8761 5.5031 0.0641
6.0663 5.1844 4.2754 3.1629 3.6067 5.5876 2.9990 3.5999 2.3495 2.9523 2.3788 2.5029 1.7523 1.4840 3.1307 2.5177 3.3767 0.1449 6.1868 0.7809
0.5237 4.7199 4.9227 3.6841 3.2949 3.9131 3.6000 4.3578 4.2616 3.8027 2.1413 2.6932 1.4956 1.1054 1.7879 1.8273 5.0566 6.1255 6.0506 6.1560
6.0976 4.0506 5.3675 4.3885 4.8767 3.8608 3.7921 4.9780 4.5207 1.3380 0.3624 1.8434 1.3904 1.2271 1.1459 2.3723 5.9817 0.4693 0.9837 1.7200
6.1275 4.3887 4.7639 4.9323 3.6405 4.2936 4.2606 4.3208 1.0851 1.7859 1.2856 6.1955 5.7497 1.1568 1.0219 6.1140 0.3163 0.9133 1.0154 0.8262
1.2957 3.2885 4.7184 4.1398 4.3517 4.3062 4.1878 5.3189 2.2019 1.3278 1.0476 0.3233 6.2423 1.1293 1.0941 5.1516 0.2887 0.7405 2.3038 2.1251
2.7997 3.5522 4.9452 5.8201 4.7046 6.0709 4.8093 4.6162 5.2640 0.5745 0.7266 2.7956 5.3053 0.4299 0.6094 5.6936 0.1031 0.6667 2.3657 1.9411
2.5007 0.7473 5.8882 4.8548 4.8661 3.8544 3.5199 2.9788 0.6523 0.6857 5.7420 5.3802 6.2086 0.1848 1.0120 4.6759 0.0675 1.5092 1.5281 2.4680
2.2350 1.3964 0.0972 5.9830 5.5928 5.3415 4.3784 3.4933 0.6522 0.7482 5.2850 0.2816 1.9120 0.2563 0.1763 0.5684 0.2373 1.0236 2.9933 3.0110
6.1337 1.3489 6.1305 5.8177 4.2431 5.0645 6.2388 5.4880 0.9925 1.1872 0.3548 5.7208 1.1269 0.2504 0.6695 6.0655 1.6970 6.2621 6.1480 4.3591
0.2853 3.8589 2.5290 5.6045 4.2114 2.7842 6.0374 6.2047 0.4454 0.9419 0.7897 5.9911 5.2805 4.8203 5.6342 4.3268 0.4659 5.4472 5.6079 4.7522
1.4253 4.3883 6.1493 0.4224 5.1904 4.9162 0.1773 0.6451 1.1255 0.5774 5.8155 4.7336 4.6371 4.8505 4.9123 5.5651 3.5327 6.2117 1.2979 3.4740
2.3586 2.3584 1.3357 0.4112 1.4189 0.9072 0.1580 6.0746 0.5556 0.4114 4.9345 4.8869 5.9531 4.9420 5.3461 5.4247 5.2119 5.7192 2.3776 2.3649
3.7895 2.3584 1.0544 2.2542 0.6404 0.7430 1.0089 1.2553 6.1126 5.8063 4.4765 0.1615 0.2026 0.1508 5.8461 6.1191 5.6783 0.1939 1.8168 1.8820
