4.5318 4.6360 4.7112 5.7834 4.4869 4.5574 4.0337 2.7530 3.4021 3.9225 4.5375 4.2486 3.8772 4.9271 1.0445 0.4762 4.4497 5.3122 4.1561 4.2320
4.8056 4.1097 5.2274 5.7827 4.6844 5.1326 3.0359 3.9716 4.0895 2.7072 4.0482 3.7414 3.6716 4.8594 4.8273 4.5655 4.4938 4.8424 3.6050 5.1488
4.3192 0.2670 4.0546 2.7274 3.0538 4.2036 3.5113 3.8154 3.5521 3.6598 2.7882 2.7718 3.7658 5.0236 4.5891 5.4999 4.7756 5.0450 3.7719 4.4870
4.6880 4.8276 3.8111 2.9181 4.1466 4.4903 3.6772 3.3276 3.3308 3.8779 3.3118 5.1935 5.1938 5.9447 0.7097 6.2202 5.8138 4.5996 5.2176 4.0076
3.1606 0.8633 2.9572 3.5906 4.1345 3.6281 2.5666 2.4031 1.9216 2.7108 3.8623 5.7527 0.3067 5.3877 5.0250 5.8493 4.8905 5.1079 5.8829 5.5585
2.7983 1.8898 1.0928 3.2755 3.3068 3.5458 4.4598 3.3011 3.5960 3.3870 5.2226 5.8863 4.6420 4.7130 4.8262 5.8121 5.0157 4.4695 5.0413 4.1898
3.0871 0.0212 0.8579 1.8479 4.1300 5.3277 2.0201 3.0085 2.8133 5.0001 4.7712 3.7954 3.3466 4.1289 3.6533 4.9736 3.8657 5.5443 5.3651 6.0561
5.8403 0.5173 0.7395 1.7847 2.6464 1.0066 6.1630 0.4702 0.1292 5.4725 4.5486 3.0391 2.9456 2.7280 4.6993 3.9680 4.3043 5.2511 5.1132 0.0756
0.3604 0.8416 2.6783 3.2036 1.2200 0.5597 5.5541 4.8410 4.1687 4.5461 4.1985 2.9263 3.3245 4.1621 4.6926 4.1482 0.5162 0.5815 5.8794 0.3102
0.0886 5.3697 2.9176 2.8097 0.2426 6.1323 3.5628 4.6750 4.6444 4.9446 4.3869 4.5829 0.4544 5.3167 4.7044 4.4437 0.6702 0.3462 0.9000 0.9302
5.7951 5.9866 5.3680 5.6487 5.9414 4.8519 3.8791 4.7813 4.9822 4.4937 4.9621 5.0049 5.5802 5.7044 5.8605 5.0208 0.2813 1.1163 0.5548 0.4556
0.2719 5.4323 5.2343 5.5475 5.9937 0.2999 4.3166 4.8895 5.0277 3.7547 4.6049 5.1771 6.2792 4.0236 1.2635 0.9191 1.5116 0.8091 5.4625 5.4343
5.8257 4.6125 3.4838 4.7596 3.7116 5.3212 5.1908 5.1892 2.1233 0.5681 4.5013 3.8067 4.8901 0.9712 0.4129 0.4829 2.8041 1.6365 0.8885 5.3830
3.9236 3.8265 3.2649 3.6146 5.0880 5.0572 4.3609 3.1951 1.3293 1.5931 0.5962 1.3024 1.4210 1.6534 1.5001 1.8674 2.4997 1.7112 0.9533 6.2547
3.9574 4.3889 5.1312 3.8445 4.4726 4.7748 4.8235 5.3509 0.1599 1.8236 0.9748 0.8717 1.8258 1.5628 2.0849 2.5842 1.4410 1.2305 0.1152 5.2279
5.0958 4.2974 3.9964 5.1786 5.4203 5.0621 5.0282 5.7658 5.6748 4.6239 0.1816 6.1166 1.7401 2.5218 1.9785 2.1832 1.0424 1.6790 6.0559 5.2243
3.1471 3.6810 3.4765 5.3101 5.0285 5.7754 5.4786 6.2326 5.2823 4.7912 5.2947 5.1039 1.3146 1.8453 2.1194 1.2969 0.9324 2.4573 5.4106 4.5851
5.0997 4.4004 4.2150 4.6942 4.6297 5.0362 0.5992 5.8985 0.7416 0.2963 5.7760 0.4451 4.9631 5.8720 1.5693 1.2401 1.3784 3.3261 4.0412 5.1419
5.1245 5.8269 4.3121 4.2961 4.0053 3.7659 3.9530 2.8398 1.6505 0.0116 4.8896 5.6189 4.5414 5.3363 6.1085 5.9657 0.4202 3.7933 4.5230 5.3508
4.5579 4.4978 4.8822 3.9087 3.7674 2.8784 3.3723 3.2433 2.9047 0.2525 0.8016 4.5264 6.2190 5.5390 0.6220 0.8407 6.2333 5.3757 4.7563 4.6049
