0 2
0 3
0 5
0 6
0 9
0 23
0 24
0 25
0 30
0 31
0 47
0 48
0 49
1 0
1 1
1 2
1 3
1 4
1 5
1 15
1 16
1 21
1 23
1 24
1 25
1 26
1 27
1 28
1 29
1 30
1 46
1 47
1 48
1 49
2 2
2 3
2 4
2 5
2 10
2 11
2 15
2 16
2 17
2 20
2 24
2 25
2 26
2 27
2 28
2 29
2 38
2 39
2 46
2 47
2 48
2 49
3 4
3 5
3 7
3 10
3 11
3 12
3 13
3 17
3 20
3 24
3 25
3 26
3 27
3 28
3 29
3 43
3 45
3 46
3 47
3 48
4 5
4 7
4 9
4 10
4 11
4 12
4 13
4 14
4 15
4 18
4 19
4 20
4 21
4 24
4 25
4 26
4 27
4 28
4 29
4 30
4 31
4 37
4 38
4 43
4 45
4 46
4 47
4 48
5 2
5 3
5 10
5 11
5 12
5 13
5 14
5 15
5 18
5 19
5 20
5 21
5 22
5 23
5 24
5 25
5 26
5 29
5 30
5 31
5 32
5 37
5 38
5 39
5 40
5 41
5 42
5 43
5 44
5 49
6 2
6 7
6 10
6 11
6 12
6 18
6 19
6 20
6 21
6 22
6 23
6 24
6 25
6 26
6 30
6 31
6 35
6 36
6 38
6 39
6 40
6 41
6 42
6 43
6 44
6 45
6 46
7 9
7 10
7 11
7 14
7 15
7 16
7 17
7 18
7 19
7 20
7 21
7 22
7 23
7 24
7 25
7 26
7 27
7 28
7 29
7 31
7 33
7 34
7 35
7 36
7 38
7 39
7 40
7 41
7 42
7 43
7 44
7 45
7 46
7 47
8 6
8 9
8 10
8 15
8 16
8 17
8 18
8 19
8 20
8 21
8 22
8 23
8 24
8 25
8 26
8 27
8 30
8 31
8 32
8 33
8 34
8 35
8 36
8 40
8 41
8 42
8 43
8 44
8 46
8 47
9 0
9 1
9 3
9 9
9 12
9 14
9 15
9 16
9 17
9 18
9 20
9 22
9 23
9 25
9 26
9 27
9 28
9 31
9 32
9 33
9 34
9 35
9 36
9 37
9 38
9 39
9 40
9 41
9 42
9 43
9 45
9 46
10 0
10 1
10 2
10 12
10 14
10 15
10 16
10 17
10 18
10 19
10 20
10 21
10 25
10 26
10 27
10 28
10 29
10 30
10 31
10 32
10 33
10 34
10 35
10 36
10 37
10 38
10 39
10 40
10 41
10 45
10 46
10 49
11 1
11 6
11 8
11 9
11 15
11 16
11 17
11 18
11 19
11 20
11 21
11 22
11 23
11 25
11 29
11 30
11 31
11 32
11 33
11 34
11 35
11 36
11 37
11 38
11 39
11 40
11 41
11 42
11 43
11 44
11 45
12 1
12 12
12 15
12 16
12 17
12 18
12 19
12 20
12 21
12 22
12 23
12 24
12 29
12 30
12 31
12 32
12 33
12 34
12 35
12 36
12 37
12 38
12 39
12 40
12 41
12 42
12 43
12 44
12 45
13 8
13 9
13 10
13 11
13 14
13 15
13 16
13 18
13 20
13 21
13 22
13 23
13 24
13 25
13 26
13 27
13 30
13 31
13 32
13 33
13 34
13 36
13 37
13 38
13 39
13 40
13 42
13 43
13 44
13 45
14 7
14 8
14 9
14 10
14 13
14 14
14 15
14 16
14 18
14 20
14 21
14 22
14 23
14 30
14 31
14 32
14 33
14 39
14 40
14 41
14 42
14 43
14 44
15 0
15 4
15 7
15 8
15 9
15 10
15 13
15 14
15 15
15 16
15 19
15 20
15 21
15 22
15 23
15 27
15 30
15 31
15 32
15 33
15 34
15 38
15 39
15 40
15 41
15 42
15 43
15 44
15 48
15 49
16 0
16 1
16 4
16 5
16 7
16 8
16 12
16 13
16 14
16 15
16 16
16 17
16 18
16 19
16 20
16 21
16 23
16 24
16 27
16 31
16 33
16 34
16 37
16 39
16 42
16 48
16 49
17 0
17 4
17 5
17 6
17 7
17 8
17 9
17 11
17 12
17 13
17 16
17 17
17 18
17 19
17 20
17 22
17 23
17 24
17 33
17 34
17 38
17 39
17 40
17 41
17 44
18 1
18 2
18 4
18 5
18 7
18 8
18 9
18 11
18 12
18 13
18 14
18 15
18 16
18 17
18 18
18 19
18 20
18 21
18 22
18 23
18 24
18 28
18 39
18 40
18 41
18 42
18 43
18 44
18 46
19 1
19 2
19 3
19 7
19 8
19 14
19 15
19 16
19 17
19 18
19 19
19 20
19 21
19 24
19 27
19 28
19 29
19 30
19 31
19 32
19 33
19 34
19 38
19 39
19 40
19 41
19 42
19 43
20 1
20 2
20 3
20 6
20 7
20 8
20 13
20 14
20 15
20 16
20 17
20 19
20 20
20 24
20 27
20 28
20 29
20 30
20 31
20 32
20 33
20 34
20 35
20 36
20 37
20 40
20 41
20 42
20 43
20 45
20 46
21 0
21 1
21 2
21 3
21 6
21 7
21 8
21 12
21 13
21 14
21 15
21 16
21 17
21 19
21 20
21 24
21 26
21 27
21 29
21 30
21 31
21 32
21 34
21 35
21 36
21 38
21 39
21 40
21 41
21 43
21 44
21 45
21 46
21 47
21 48
21 49
22 0
22 1
22 6
22 7
22 8
22 13
22 14
22 15
22 17
22 18
22 20
22 26
22 27
22 30
22 31
22 34
22 35
22 36
22 37
22 38
22 40
22 41
22 42
22 43
22 44
22 45
22 46
22 47
22 48
23 6
23 7
23 8
23 9
23 10
23 17
23 18
23 19
23 20
23 27
23 31
23 35
23 36
23 37
23 38
23 41
23 42
23 43
23 44
23 46
23 47
23 48
24 0
24 1
24 2
24 3
24 4
24 6
24 7
24 8
24 9
24 10
24 16
24 17
24 18
24 19
24 20
24 21
24 22
24 23
24 24
24 27
24 36
24 37
24 38
24 40
24 41
24 42
24 43
24 48
24 49
25 0
25 1
25 2
25 3
25 4
25 7
25 8
25 9
25 13
25 14
25 15
25 16
25 17
25 18
25 19
25 20
25 21
25 22
25 23
25 24
25 25
25 26
25 37
25 38
25 39
25 41
25 42
25 49
26 0
26 2
26 3
26 4
26 5
26 7
26 8
26 9
26 14
26 15
26 16
26 18
26 19
26 21
26 22
26 23
26 24
26 25
26 26
26 27
26 28
26 33
26 34
26 37
26 38
26 39
26 40
26 47
26 49
27 0
27 2
27 3
27 4
27 5
27 6
27 7
27 8
27 9
27 10
27 11
27 12
27 13
27 14
27 15
27 16
27 17
27 18
27 19
27 20
27 21
27 22
27 23
27 25
27 26
27 28
27 31
27 34
27 38
27 39
27 40
27 41
27 45
28 1
28 2
28 3
28 4
28 5
28 6
28 7
28 8
28 12
28 13
28 15
28 17
28 18
28 19
28 20
28 21
28 22
28 23
28 24
28 26
28 31
28 39
28 40
28 45
28 49
29 1
29 2
29 3
29 4
29 5
29 6
29 7
29 8
29 9
29 10
29 11
29 12
29 13
29 14
29 15
29 17
29 21
29 22
29 23
29 24
29 25
29 26
29 27
29 38
29 39
29 40
30 1
30 2
30 3
30 4
30 6
30 8
30 9
30 12
30 13
30 14
30 15
30 16
30 17
30 21
30 22
30 23
30 24
30 26
30 27
30 28
30 29
30 33
31 0
31 1
31 2
31 3
31 8
31 9
31 12
31 13
31 14
31 15
31 16
31 17
31 21
31 22
31 23
31 24
31 25
31 26
31 27
31 28
31 33
31 34
31 37
31 38
32 1
32 3
32 7
32 8
32 9
32 14
32 15
32 16
32 21
32 22
32 23
32 24
32 25
32 26
32 27
32 28
32 29
32 32
32 33
32 34
32 35
32 36
32 37
32 38
32 39
32 46
32 48
32 49
33 0
33 1
33 2
33 3
33 13
33 14
33 15
33 16
33 21
33 22
33 26
33 27
33 28
33 29
33 30
33 31
33 32
33 33
33 34
33 35
33 36
33 37
33 39
33 40
33 43
33 44
33 45
33 46
33 47
33 48
33 49
34 0
34 1
34 3
34 5
34 6
34 7
34 8
34 15
34 16
34 20
34 21
34 22
34 23
34 28
34 29
34 30
34 31
34 32
34 33
34 34
34 35
34 36
34 37
34 39
34 40
34 41
34 43
34 44
34 45
34 46
35 0
35 1
35 2
35 3
35 5
35 6
35 7
35 8
35 15
35 16
35 19
35 20
35 21
35 22
35 23
35 24
35 29
35 30
35 31
35 32
35 33
35 34
35 35
35 36
35 39
35 40
35 41
35 42
35 43
35 44
35 45
35 48
36 1
36 2
36 3
36 4
36 5
36 6
36 14
36 16
36 17
36 21
36 22
36 23
36 24
36 29
36 30
36 31
36 35
36 36
36 40
36 41
36 42
36 44
36 45
36 46
36 47
36 48
36 49
37 1
37 2
37 3
37 4
37 5
37 8
37 14
37 15
37 16
37 17
37 20
37 21
37 22
37 34
37 35
37 36
37 37
37 38
37 39
37 40
37 41
37 42
37 43
37 44
37 45
37 46
37 47
37 48
37 49
38 1
38 2
38 3
38 4
38 5
38 6
38 14
38 15
38 16
38 19
38 20
38 21
38 22
38 23
38 25
38 28
38 29
38 37
38 38
38 39
38 40
38 41
38 42
38 43
38 44
38 45
38 46
38 47
38 48
39 1
39 2
39 3
39 4
39 5
39 14
39 15
39 16
39 17
39 19
39 20
39 21
39 22
39 23
39 28
39 29
39 30
39 31
39 37
39 38
39 39
39 40
39 41
39 43
39 45
39 46
39 47
40 2
40 11
40 12
40 14
40 15
40 16
40 17
40 18
40 19
40 21
40 22
40 23
40 24
40 26
40 29
40 30
40 31
40 37
40 38
40 40
40 43
40 46
40 47
41 2
41 8
41 9
41 12
41 15
41 16
41 18
41 19
41 20
41 21
41 22
41 28
41 29
41 30
41 36
41 37
41 38
41 39
41 40
41 43
41 44
42 8
42 9
42 10
42 13
42 14
42 15
42 16
42 17
42 18
42 19
42 21
42 27
42 35
42 47
43 7
43 8
43 10
43 11
43 12
43 13
43 14
43 15
43 16
43 19
43 24
43 37
43 42
43 44
43 45
43 47
44 6
44 7
44 8
44 9
44 10
44 11
44 12
44 13
44 14
44 15
44 18
44 19
44 20
44 23
44 24
44 34
44 35
44 36
44 37
44 48
45 2
45 3
45 4
45 7
45 8
45 9
45 10
45 11
45 12
45 13
45 14
45 15
45 18
45 24
45 36
45 37
45 39
45 40
45 41
45 42
45 48
46 7
46 8
46 9
46 10
46 12
46 15
46 23
46 24
46 25
46 26
46 27
46 36
46 37
46 38
46 41
46 42
46 43
47 2
47 3
47 6
47 7
47 14
47 16
47 17
47 20
47 23
47 24
47 26
47 27
47 28
47 41
47 42
47 43
47 46
48 3
48 7
48 13
48 16
48 17
48 20
48 22
48 23
48 24
48 34
48 35
49 22
49 23
49 24
49 30
49 39
49 41
49 48
49 49
