0 7
0 8
0 9
0 10
0 11
0 12
0 16
0 17
0 20
0 21
0 22
0 23
0 24
0 25
0 26
0 27
0 28
0 29
0 30
0 31
0 32
0 33
0 38
0 39
0 40
0 41
0 42
1 6
1 9
1 10
1 11
1 12
1 13
1 14
1 15
1 16
1 22
1 23
1 24
1 25
1 26
1 27
1 28
1 29
1 30
1 31
1 32
1 33
1 37
1 38
1 39
1 40
1 41
1 42
1 43
1 44
2 1
2 6
2 9
2 10
2 11
2 12
2 13
2 14
2 15
2 16
2 17
2 23
2 24
2 25
2 28
2 29
2 30
2 31
2 38
2 39
2 40
2 41
2 43
2 44
2 45
3 6
3 7
3 8
3 9
3 10
3 11
3 12
3 13
3 14
3 16
3 22
3 23
3 24
3 25
3 26
3 27
3 28
3 29
3 30
3 31
3 36
3 37
3 38
3 39
3 40
3 41
3 42
3 43
3 44
3 45
3 46
3 47
3 48
3 49
4 8
4 10
4 11
4 12
4 13
4 14
4 15
4 16
4 17
4 21
4 25
4 26
4 27
4 28
4 30
4 31
4 35
4 37
4 38
4 39
4 40
4 41
4 42
4 43
4 44
4 45
4 46
4 47
4 48
4 49
5 8
5 9
5 10
5 11
5 12
5 13
5 14
5 15
5 30
5 31
5 35
5 38
5 39
5 40
5 41
5 45
5 46
5 47
5 48
5 49
6 7
6 8
6 9
6 10
6 11
6 12
6 13
6 14
6 16
6 17
6 18
6 24
6 25
6 26
6 27
6 30
6 31
6 32
6 35
6 36
6 37
6 38
6 39
6 40
6 41
6 45
6 46
6 48
7 7
7 8
7 9
7 10
7 11
7 12
7 13
7 14
7 15
7 16
7 17
7 18
7 24
7 25
7 30
7 31
7 35
7 36
7 37
7 39
7 40
7 45
7 48
7 49
8 9
8 10
8 11
8 12
8 13
8 16
8 25
8 28
8 36
8 37
8 43
8 44
8 45
8 46
9 9
9 10
9 12
9 13
9 17
9 18
9 25
9 26
9 27
9 28
9 32
9 42
9 43
9 44
9 45
9 46
9 47
10 8
10 9
10 10
10 14
10 15
10 17
10 18
10 19
10 20
10 21
10 24
10 25
10 26
10 27
10 29
10 42
10 43
10 44
10 45
10 46
10 47
10 48
11 15
11 16
11 17
11 18
11 19
11 20
11 21
11 22
11 23
11 25
11 26
11 27
11 28
11 29
11 39
11 40
11 42
11 43
11 44
11 45
11 46
11 47
11 48
12 0
12 2
12 15
12 17
12 18
12 19
12 20
12 21
12 22
12 26
12 27
12 28
12 29
12 30
12 31
12 38
12 39
12 40
12 42
12 43
12 44
12 45
12 46
12 47
12 48
12 49
13 0
13 1
13 2
13 3
13 8
13 9
13 10
13 15
13 16
13 17
13 18
13 19
13 20
13 21
13 24
13 26
13 27
13 28
13 29
13 30
13 38
13 39
13 43
13 44
13 45
13 46
13 47
13 48
13 49
14 0
14 1
14 2
14 3
14 8
14 9
14 10
14 12
14 15
14 16
14 17
14 18
14 19
14 20
14 21
14 22
14 23
14 25
14 26
14 27
14 28
14 29
14 30
14 38
14 39
14 42
14 43
14 44
14 45
14 46
14 47
14 48
15 2
15 3
15 10
15 11
15 12
15 13
15 14
15 15
15 16
15 17
15 18
15 19
15 20
15 21
15 22
15 23
15 24
15 25
15 26
15 27
15 28
15 29
15 33
15 34
15 41
15 42
15 43
15 44
15 45
15 46
15 47
16 5
16 6
16 11
16 12
16 13
16 14
16 15
16 16
16 17
16 18
16 19
16 20
16 21
16 22
16 25
16 26
16 27
16 28
16 29
16 39
16 40
16 41
16 42
16 43
16 44
16 45
16 46
16 47
17 7
17 8
17 9
17 10
17 11
17 13
17 14
17 15
17 16
17 17
17 18
17 19
17 20
17 21
17 22
17 26
17 27
17 28
17 29
17 30
17 42
17 43
17 44
17 45
17 46
17 47
18 6
18 7
18 8
18 9
18 10
18 11
18 13
18 14
18 15
18 16
18 17
18 18
18 19
18 20
18 21
18 22
18 23
18 26
18 27
18 28
18 29
18 30
18 38
18 42
18 43
18 44
18 45
18 46
18 47
19 0
19 2
19 7
19 8
19 9
19 10
19 11
19 12
19 13
19 14
19 15
19 16
19 17
19 18
19 19
19 20
19 21
19 22
19 23
19 26
19 27
19 28
19 29
19 30
19 31
19 37
19 38
19 39
19 40
19 41
19 42
19 44
19 45
19 46
19 47
19 48
20 0
20 1
20 2
20 3
20 7
20 8
20 9
20 10
20 11
20 12
20 13
20 14
20 15
20 16
20 17
20 18
20 19
20 20
20 21
20 23
20 24
20 25
20 28
20 29
20 30
20 31
20 33
20 37
20 38
20 39
20 40
20 42
20 43
20 44
20 45
20 46
20 47
20 48
20 49
21 0
21 1
21 3
21 7
21 8
21 9
21 10
21 11
21 12
21 13
21 14
21 15
21 16
21 17
21 18
21 19
21 20
21 21
21 23
21 24
21 25
21 26
21 27
21 28
21 29
21 30
21 37
21 38
21 43
21 44
21 45
21 46
21 47
21 48
21 49
22 0
22 1
22 2
22 3
22 4
22 6
22 10
22 11
22 12
22 13
22 14
22 15
22 16
22 18
22 19
22 20
22 21
22 25
22 26
22 27
22 28
22 29
22 30
22 31
22 32
22 37
22 38
22 39
22 42
22 43
22 44
22 45
22 46
22 47
22 48
22 49
23 0
23 1
23 2
23 3
23 11
23 12
23 13
23 14
23 18
23 19
23 20
23 21
23 22
23 23
23 24
23 26
23 29
23 30
23 31
23 37
23 38
23 39
23 41
23 42
23 43
23 44
23 45
23 46
23 47
23 48
23 49
24 0
24 1
24 2
24 3
24 6
24 10
24 11
24 12
24 13
24 18
24 19
24 21
24 22
24 23
24 28
24 29
24 41
24 42
24 43
24 44
24 45
24 48
25 0
25 1
25 2
25 9
25 10
25 11
25 15
25 16
25 18
25 19
25 20
25 22
25 27
25 31
25 42
25 43
25 44
25 45
25 48
26 0
26 2
26 3
26 10
26 11
26 12
26 16
26 18
26 19
26 20
26 21
26 22
26 23
26 24
26 25
26 26
26 27
26 28
26 31
26 32
26 33
26 34
26 40
26 41
26 43
26 44
26 45
27 0
27 1
27 2
27 3
27 8
27 11
27 12
27 13
27 19
27 20
27 21
27 22
27 23
27 24
27 25
27 26
27 27
27 39
27 40
27 42
27 43
27 44
27 45
27 46
27 47
27 48
27 49
28 0
28 3
28 8
28 19
28 20
28 21
28 22
28 23
28 24
28 25
28 26
28 27
28 30
28 39
28 40
28 42
28 43
28 44
28 45
28 46
28 47
28 48
29 3
29 4
29 19
29 22
29 23
29 24
29 25
29 26
29 27
29 34
29 42
29 43
29 44
29 45
29 46
29 47
29 48
30 3
30 4
30 8
30 9
30 12
30 14
30 15
30 16
30 19
30 20
30 22
30 23
30 24
30 25
30 26
30 27
30 28
30 35
30 36
30 42
30 44
30 45
30 46
30 47
30 48
30 49
31 0
31 6
31 7
31 8
31 9
31 14
31 15
31 16
31 19
31 20
31 22
31 23
31 24
31 25
31 26
31 28
31 29
31 36
31 42
31 43
31 44
31 45
31 46
31 47
31 48
31 49
32 6
32 10
32 11
32 12
32 13
32 14
32 15
32 16
32 17
32 18
32 19
32 20
32 21
32 22
32 23
32 25
32 26
32 34
32 35
32 36
32 37
32 38
32 43
32 44
32 45
32 46
32 47
32 48
32 49
33 6
33 7
33 11
33 12
33 13
33 15
33 16
33 17
33 18
33 19
33 20
33 21
33 22
33 23
33 24
33 26
33 35
33 36
33 42
33 43
33 44
33 45
33 46
33 47
33 48
33 49
34 11
34 12
34 13
34 14
34 15
34 16
34 17
34 22
34 23
34 24
34 25
34 26
34 35
34 36
34 39
34 40
34 43
34 44
34 45
34 46
34 47
34 48
34 49
35 11
35 12
35 13
35 14
35 15
35 16
35 17
35 18
35 19
35 20
35 33
35 35
35 36
35 37
35 38
35 39
35 40
35 41
35 42
35 43
35 44
35 45
35 46
35 47
35 48
35 49
36 10
36 11
36 12
36 13
36 14
36 15
36 27
36 32
36 33
36 35
36 36
36 37
36 38
36 39
36 40
36 41
36 43
36 44
36 45
36 46
36 47
36 48
36 49
37 1
37 2
37 11
37 12
37 13
37 32
37 33
37 35
37 36
37 37
37 38
37 39
37 40
37 41
37 42
37 43
37 44
37 45
37 46
37 47
37 48
38 4
38 11
38 12
38 13
38 14
38 15
38 16
38 23
38 24
38 31
38 32
38 33
38 34
38 35
38 36
38 37
38 38
38 39
38 40
38 41
38 42
38 43
38 44
38 45
38 46
38 47
38 48
39 3
39 7
39 11
39 12
39 13
39 14
39 15
39 16
39 20
39 22
39 23
39 24
39 31
39 32
39 33
39 34
39 35
39 36
39 37
39 38
39 39
39 40
39 41
39 42
39 43
39 44
39 45
39 46
40 0
40 1
40 5
40 6
40 11
40 12
40 13
40 14
40 17
40 19
40 20
40 21
40 31
40 32
40 33
40 34
40 35
40 36
40 37
40 38
40 39
40 40
40 41
40 42
40 43
40 45
40 46
41 5
41 9
41 11
41 12
41 13
41 17
41 18
41 19
41 20
41 21
41 22
41 25
41 31
41 32
41 33
41 34
41 35
41 36
41 37
41 39
41 40
41 41
41 42
41 43
41 44
41 45
41 46
41 47
42 10
42 11
42 12
42 17
42 18
42 19
42 21
42 24
42 25
42 26
42 27
42 28
42 29
42 30
42 31
42 32
42 33
42 34
42 35
42 36
42 37
42 38
42 39
42 42
42 43
42 44
42 45
42 46
43 1
43 2
43 5
43 6
43 11
43 12
43 13
43 16
43 17
43 18
43 19
43 21
43 24
43 25
43 26
43 27
43 29
43 30
43 32
43 33
43 34
43 35
43 36
43 37
43 42
43 43
43 44
43 46
44 0
44 6
44 7
44 8
44 9
44 10
44 11
44 12
44 13
44 16
44 17
44 18
44 19
44 20
44 21
44 23
44 24
44 25
44 26
44 27
44 29
44 30
44 31
44 32
44 34
44 35
44 36
44 37
44 41
44 42
44 44
44 49
45 6
45 7
45 8
45 9
45 10
45 11
45 17
45 18
45 19
45 20
45 21
45 22
45 23
45 24
45 25
45 26
45 27
45 28
45 29
45 30
45 31
45 34
45 35
45 36
45 37
45 39
45 40
45 42
45 48
45 49
46 3
46 8
46 9
46 10
46 18
46 19
46 20
46 21
46 22
46 23
46 24
46 25
46 26
46 27
46 28
46 29
46 30
46 34
46 35
46 36
46 37
46 38
46 39
46 40
46 42
47 2
47 3
47 13
47 18
47 19
47 20
47 21
47 22
47 23
47 24
47 25
47 27
47 28
47 29
47 30
47 31
47 34
47 36
47 37
47 39
47 40
47 41
48 3
48 4
48 6
48 7
48 8
48 9
48 10
48 11
48 12
48 13
48 14
48 15
48 20
48 21
48 22
48 23
48 24
48 25
48 26
48 27
48 28
48 29
48 30
48 31
48 32
48 33
48 37
48 39
48 40
48 41
49 3
49 4
49 6
49 7
49 8
49 9
49 10
49 11
49 12
49 16
49 20
49 21
49 22
49 23
49 24
49 25
49 26
49 27
49 28
49 29
49 30
49 31
49 32
49 33
49 39
49 40
49 41
49 42
49 49
