0 5
0 6
0 9
0 10
0 11
0 15
0 16
0 24
0 25
0 26
0 27
0 28
0 29
0 30
0 31
0 35
0 36
0 37
0 38
0 43
0 44
0 45
0 46
0 47
1 0
1 1
1 4
1 5
1 10
1 11
1 13
1 14
1 15
1 16
1 17
1 18
1 19
1 20
1 23
1 24
1 26
1 27
1 28
1 29
1 30
1 33
1 34
1 35
1 38
1 39
1 41
1 42
1 43
1 44
1 45
1 46
1 47
1 48
1 49
2 0
2 1
2 2
2 4
2 5
2 6
2 7
2 8
2 10
2 11
2 14
2 15
2 16
2 19
2 24
2 27
2 28
2 30
2 31
2 32
2 33
2 34
2 38
2 39
2 40
2 41
2 42
2 43
2 44
2 46
2 47
2 48
2 49
3 2
3 3
3 4
3 5
3 6
3 7
3 9
3 10
3 11
3 16
3 23
3 24
3 29
3 30
3 31
3 32
3 33
3 34
3 38
3 39
3 40
3 41
3 42
3 43
3 44
3 46
3 47
3 48
4 0
4 1
4 2
4 3
4 4
4 5
4 6
4 9
4 10
4 19
4 21
4 23
4 24
4 25
4 29
4 30
4 31
4 32
4 33
4 34
4 37
4 40
4 41
4 42
4 43
4 48
5 0
5 2
5 17
5 18
5 19
5 20
5 21
5 23
5 25
5 26
5 29
5 30
5 32
5 33
5 34
5 35
5 39
5 40
5 41
6 0
6 18
6 19
6 20
6 23
6 25
6 26
6 27
6 31
6 32
6 33
6 34
6 35
6 36
6 37
6 39
6 40
6 41
6 46
6 47
6 49
7 0
7 1
7 8
7 9
7 11
7 13
7 20
7 21
7 24
7 25
7 31
7 32
7 33
7 34
7 35
7 36
7 37
7 41
7 42
7 43
7 44
7 49
8 3
8 4
8 6
8 7
8 8
8 9
8 10
8 11
8 14
8 15
8 16
8 17
8 23
8 24
8 25
8 30
8 31
8 32
8 33
8 34
8 35
8 36
8 37
8 43
8 44
8 49
9 0
9 1
9 2
9 3
9 4
9 6
9 7
9 8
9 9
9 10
9 11
9 14
9 15
9 16
9 32
9 33
9 34
9 35
9 36
9 37
9 42
9 43
9 44
10 0
10 2
10 5
10 8
10 9
10 10
10 11
10 12
10 13
10 16
10 35
10 36
10 37
10 38
10 39
10 40
10 41
10 43
11 0
11 7
11 8
11 9
11 10
11 11
11 12
11 13
11 15
11 16
11 35
11 36
11 37
11 38
11 40
11 41
11 42
11 43
11 44
12 7
12 8
12 9
12 12
12 13
12 14
12 16
12 22
12 31
12 35
12 36
12 40
12 42
12 43
12 49
13 11
13 12
13 13
13 16
13 17
13 20
13 22
13 23
13 24
13 30
13 31
13 34
13 35
13 36
13 42
14 4
14 5
14 6
14 7
14 11
14 12
14 13
14 14
14 20
14 23
14 24
14 25
14 26
14 31
14 34
14 35
14 36
14 37
14 46
14 47
15 4
15 5
15 6
15 7
15 8
15 11
15 12
15 18
15 19
15 20
15 21
15 22
15 23
15 24
15 25
15 26
15 27
15 36
15 37
15 46
16 6
16 7
16 11
16 16
16 17
16 18
16 19
16 20
16 21
16 22
16 23
16 24
16 25
16 26
16 27
16 28
16 29
16 30
16 31
16 32
16 33
16 34
16 35
16 36
16 37
16 38
16 39
16 42
16 43
16 44
16 46
16 47
17 5
17 6
17 7
17 8
17 9
17 14
17 15
17 16
17 21
17 22
17 23
17 25
17 26
17 27
17 28
17 29
17 30
17 31
17 32
17 33
17 34
17 35
17 36
17 37
17 39
17 40
17 41
17 42
17 43
17 44
18 2
18 6
18 7
18 8
18 9
18 10
18 11
18 13
18 14
18 15
18 16
18 17
18 19
18 20
18 21
18 22
18 23
18 27
18 28
18 29
18 30
18 32
18 39
18 41
18 42
18 43
18 44
19 0
19 1
19 6
19 7
19 8
19 9
19 10
19 12
19 14
19 20
19 21
19 22
19 23
19 24
19 27
19 28
19 29
19 30
19 31
19 39
19 41
19 42
19 43
19 48
20 0
20 1
20 2
20 5
20 6
20 7
20 8
20 9
20 14
20 15
20 18
20 22
20 23
20 24
20 28
20 30
20 31
20 34
20 35
20 36
20 37
20 39
20 40
20 41
20 42
20 43
21 0
21 1
21 2
21 4
21 5
21 6
21 7
21 8
21 9
21 14
21 20
21 21
21 22
21 29
21 30
21 31
21 32
21 33
21 34
21 35
21 37
21 38
21 39
21 40
21 41
21 42
21 43
21 44
22 0
22 1
22 2
22 3
22 4
22 5
22 6
22 10
22 11
22 13
22 14
22 18
22 21
22 23
22 24
22 28
22 29
22 30
22 31
22 32
22 33
22 34
22 35
22 36
22 37
22 38
22 39
22 42
22 43
22 44
22 45
23 1
23 3
23 4
23 5
23 6
23 10
23 11
23 12
23 13
23 21
23 22
23 23
23 24
23 26
23 27
23 28
23 29
23 32
23 33
23 34
23 35
23 36
23 37
23 38
23 39
23 41
23 45
24 2
24 3
24 4
24 5
24 6
24 7
24 12
24 26
24 27
24 28
24 29
24 31
24 32
24 33
24 34
24 37
24 45
24 48
24 49
25 0
25 1
25 2
25 3
25 4
25 5
25 6
25 7
25 8
25 27
25 28
25 30
25 31
25 32
25 33
25 40
25 44
25 45
25 46
25 47
25 48
25 49
26 0
26 1
26 2
26 20
26 21
26 25
26 26
26 27
26 28
26 29
26 30
26 35
26 45
26 46
26 47
26 49
27 0
27 1
27 2
27 3
27 4
27 5
27 13
27 14
27 15
27 16
27 17
27 18
27 21
27 22
27 23
27 24
27 25
27 27
27 28
27 29
27 30
27 34
27 35
27 39
27 40
27 42
27 44
27 45
27 46
27 47
28 0
28 1
28 2
28 3
28 8
28 9
28 12
28 13
28 14
28 15
28 16
28 17
28 18
28 19
28 21
28 22
28 23
28 24
28 26
28 27
28 28
28 39
28 40
28 41
28 42
28 43
28 44
28 45
28 46
28 47
28 48
29 1
29 2
29 4
29 5
29 8
29 10
29 11
29 12
29 13
29 16
29 17
29 18
29 19
29 22
29 23
29 24
29 25
29 26
29 27
29 28
29 29
29 31
29 34
29 35
29 36
29 39
29 43
29 44
29 45
29 46
29 47
30 4
30 7
30 10
30 11
30 12
30 13
30 14
30 15
30 16
30 18
30 19
30 20
30 24
30 25
30 26
30 27
30 28
30 29
30 30
30 31
30 32
30 33
30 34
30 39
30 40
30 41
30 42
30 43
30 44
30 46
30 47
31 2
31 7
31 10
31 11
31 12
31 13
31 14
31 15
31 16
31 17
31 18
31 19
31 20
31 23
31 24
31 27
31 30
31 31
31 33
31 34
31 39
31 40
31 41
31 42
31 43
31 44
32 4
32 5
32 10
32 11
32 12
32 13
32 14
32 16
32 17
32 20
32 23
32 24
32 26
32 27
32 28
32 30
32 33
32 34
32 35
32 38
32 39
32 40
32 41
32 42
32 43
32 44
32 45
33 5
33 6
33 7
33 9
33 10
33 11
33 12
33 14
33 16
33 17
33 19
33 20
33 21
33 22
33 24
33 25
33 26
33 27
33 28
33 29
33 32
33 33
33 34
33 38
33 39
33 40
33 41
33 42
33 44
34 3
34 5
34 6
34 7
34 9
34 12
34 13
34 19
34 20
34 21
34 22
34 23
34 24
34 25
34 27
34 28
34 29
34 30
34 34
34 38
34 39
34 40
34 41
34 42
34 44
34 45
34 46
34 47
35 5
35 8
35 9
35 14
35 20
35 21
35 22
35 23
35 24
35 27
35 30
35 32
35 33
35 34
35 35
35 36
35 37
35 38
35 40
35 42
35 45
35 46
36 4
36 5
36 14
36 15
36 16
36 20
36 21
36 22
36 23
36 24
36 30
36 31
36 32
36 33
36 34
36 36
36 38
36 39
36 40
36 44
36 45
36 46
37 4
37 9
37 12
37 13
37 14
37 15
37 16
37 17
37 21
37 22
37 27
37 31
37 32
37 33
37 34
37 36
37 37
37 38
37 39
37 40
37 43
37 44
37 45
37 46
38 1
38 2
38 3
38 4
38 6
38 9
38 10
38 13
38 16
38 17
38 20
38 21
38 22
38 24
38 31
38 32
38 36
38 37
38 38
38 39
38 40
38 41
38 42
38 45
38 46
38 49
39 1
39 2
39 3
39 4
39 5
39 6
39 10
39 11
39 12
39 13
39 16
39 17
39 18
39 21
39 32
39 36
39 42
39 43
39 44
39 45
39 46
39 47
40 0
40 1
40 2
40 3
40 4
40 5
40 6
40 8
40 9
40 10
40 11
40 13
40 14
40 15
40 16
40 17
40 20
40 21
40 23
40 24
40 25
40 28
40 31
40 32
40 38
40 42
40 43
40 44
40 45
40 46
40 47
40 48
41 2
41 3
41 4
41 7
41 8
41 9
41 10
41 14
41 15
41 16
41 20
41 21
41 22
41 23
41 24
41 25
41 26
41 30
41 33
41 38
41 39
41 40
41 42
41 43
41 44
41 45
41 46
41 47
42 2
42 3
42 6
42 7
42 9
42 10
42 16
42 17
42 21
42 22
42 23
42 25
42 26
42 30
42 33
42 34
42 35
42 38
42 39
42 40
42 41
42 43
42 46
42 47
42 48
42 49
43 3
43 5
43 6
43 7
43 8
43 9
43 10
43 12
43 13
43 15
43 16
43 17
43 25
43 26
43 27
43 32
43 33
43 34
43 37
43 39
43 40
43 41
43 42
43 43
43 44
43 46
43 47
43 48
43 49
44 1
44 2
44 3
44 4
44 5
44 6
44 7
44 8
44 9
44 10
44 11
44 12
44 13
44 14
44 15
44 16
44 17
44 21
44 23
44 31
44 32
44 33
44 37
44 39
44 41
44 42
44 43
44 44
44 45
44 46
44 47
45 0
45 1
45 3
45 5
45 11
45 12
45 13
45 14
45 15
45 16
45 33
45 34
45 35
45 37
45 39
45 41
45 42
45 43
45 44
45 45
45 46
45 47
45 48
45 49
46 0
46 1
46 2
46 3
46 5
46 6
46 7
46 9
46 11
46 12
46 13
46 15
46 16
46 17
46 33
46 34
46 35
46 40
46 41
46 44
46 47
46 48
46 49
47 0
47 3
47 4
47 5
47 6
47 11
47 12
47 13
47 14
47 15
47 16
47 17
47 24
47 33
47 34
47 35
47 36
47 37
47 47
48 3
48 4
48 5
48 6
48 11
48 12
48 13
48 16
48 23
48 24
48 29
48 30
48 31
48 32
48 33
48 36
48 37
48 42
48 43
48 44
48 45
48 46
49 5
49 6
49 7
49 8
49 10
49 11
49 12
49 13
49 14
49 24
49 25
49 26
49 27
49 28
49 29
49 30
49 31
49 32
49 35
49 36
49 42
49 43
49 44
49 45
49 46
