0 0
0 1
0 2
0 4
0 5
0 6
0 7
0 9
0 19
0 20
0 21
0 22
0 26
0 27
0 28
0 29
0 33
0 36
0 37
0 38
0 39
0 40
0 41
0 42
0 43
0 44
0 46
0 47
0 48
1 0
1 1
1 2
1 3
1 5
1 9
1 18
1 19
1 20
1 21
1 22
1 26
1 28
1 29
1 30
1 31
1 32
1 33
1 34
1 36
1 37
1 39
1 40
1 41
1 42
1 44
1 45
1 46
1 47
1 49
2 2
2 5
2 7
2 8
2 12
2 13
2 17
2 18
2 19
2 20
2 21
2 22
2 23
2 24
2 25
2 27
2 28
2 29
2 30
2 31
2 33
2 34
2 35
2 36
2 37
2 38
2 39
2 40
2 41
2 42
2 43
2 44
2 45
2 47
3 7
3 8
3 9
3 12
3 13
3 14
3 15
3 16
3 17
3 18
3 19
3 21
3 22
3 24
3 25
3 28
3 30
3 35
3 36
3 38
3 39
3 40
3 41
3 42
3 43
3 44
3 45
4 0
4 1
4 2
4 3
4 6
4 8
4 9
4 11
4 12
4 13
4 15
4 16
4 17
4 18
4 19
4 21
4 22
4 25
4 27
4 34
4 35
4 36
4 40
4 41
4 42
4 43
4 44
5 0
5 1
5 2
5 3
5 5
5 6
5 9
5 11
5 12
5 13
5 14
5 15
5 16
5 17
5 19
5 20
5 21
5 26
5 27
5 28
5 29
5 35
5 36
5 37
5 40
5 41
5 42
5 44
6 0
6 1
6 5
6 6
6 12
6 13
6 14
6 15
6 16
6 17
6 18
6 19
6 20
6 25
6 27
6 28
6 29
6 32
6 36
6 37
6 38
6 39
6 40
6 41
6 42
6 45
7 0
7 1
7 10
7 11
7 12
7 13
7 14
7 15
7 16
7 17
7 18
7 19
7 20
7 24
7 25
7 26
7 28
7 32
7 37
7 38
7 39
7 40
7 41
7 42
7 47
7 48
8 0
8 1
8 2
8 3
8 11
8 12
8 14
8 17
8 18
8 19
8 20
8 24
8 25
8 26
8 27
8 28
8 32
8 33
8 34
8 37
8 38
8 40
8 41
8 42
8 46
8 47
8 48
8 49
9 0
9 2
9 3
9 11
9 12
9 13
9 14
9 15
9 16
9 17
9 18
9 19
9 20
9 24
9 25
9 26
9 27
9 33
9 36
9 37
9 38
9 42
9 43
9 44
9 46
9 47
9 48
9 49
10 2
10 3
10 4
10 5
10 7
10 8
10 11
10 12
10 14
10 15
10 19
10 20
10 21
10 22
10 23
10 24
10 25
10 26
10 27
10 28
10 30
10 35
10 36
10 38
10 45
10 47
10 48
10 49
11 0
11 3
11 5
11 7
11 8
11 9
11 10
11 11
11 12
11 13
11 14
11 15
11 18
11 19
11 21
11 22
11 23
11 25
11 26
11 27
11 29
11 31
11 32
11 35
11 36
11 47
11 48
11 49
12 0
12 1
12 3
12 5
12 7
12 9
12 10
12 11
12 12
12 14
12 19
12 20
12 21
12 22
12 25
12 26
12 27
12 29
12 33
12 34
12 35
12 36
12 37
12 48
12 49
13 5
13 6
13 7
13 10
13 11
13 12
13 19
13 21
13 22
13 23
13 24
13 26
13 27
13 28
13 29
13 32
13 33
13 34
13 36
13 43
13 48
14 1
14 2
14 4
14 5
14 6
14 7
14 8
14 10
14 11
14 12
14 13
14 18
14 19
14 20
14 21
14 24
14 25
14 27
14 28
14 29
14 30
14 32
14 33
14 34
14 35
14 38
14 48
15 0
15 1
15 2
15 3
15 4
15 5
15 6
15 7
15 8
15 9
15 10
15 11
15 12
15 13
15 14
15 15
15 16
15 17
15 20
15 25
15 26
15 28
15 33
15 34
15 35
15 36
15 47
15 49
16 2
16 3
16 4
16 5
16 6
16 7
16 8
16 9
16 10
16 11
16 12
16 13
16 16
16 17
16 18
16 26
16 27
16 28
16 29
16 35
16 36
16 37
16 38
16 42
16 46
16 47
17 4
17 5
17 6
17 7
17 8
17 9
17 10
17 11
17 12
17 13
17 16
17 17
17 18
17 23
17 29
17 30
17 32
17 38
17 43
18 3
18 4
18 6
18 7
18 8
18 9
18 10
18 11
18 12
18 18
18 19
18 22
18 23
18 27
18 31
18 32
18 38
18 43
18 48
19 0
19 3
19 4
19 5
19 7
19 8
19 9
19 10
19 11
19 12
19 15
19 18
19 19
19 21
19 22
19 23
19 24
19 25
19 27
19 32
19 39
19 43
19 48
19 49
20 0
20 3
20 4
20 5
20 6
20 7
20 8
20 9
20 10
20 11
20 12
20 13
20 14
20 18
20 19
20 20
20 21
20 22
20 23
20 29
20 32
20 33
20 37
20 38
20 39
20 41
20 42
20 43
20 44
20 45
20 46
20 47
20 49
21 0
21 1
21 2
21 3
21 4
21 5
21 6
21 7
21 8
21 9
21 10
21 11
21 12
21 13
21 14
21 15
21 18
21 19
21 20
21 25
21 26
21 30
21 31
21 36
21 38
21 40
21 41
21 42
21 43
21 45
21 46
21 47
21 48
21 49
22 0
22 1
22 2
22 3
22 4
22 5
22 6
22 7
22 8
22 9
22 11
22 12
22 15
22 16
22 19
22 20
22 23
22 24
22 28
22 29
22 30
22 31
22 35
22 36
22 37
22 38
22 39
22 40
22 41
22 42
22 43
22 47
22 48
22 49
23 0
23 1
23 2
23 3
23 4
23 5
23 7
23 8
23 9
23 10
23 11
23 12
23 13
23 14
23 15
23 16
23 17
23 21
23 23
23 24
23 26
23 29
23 30
23 31
23 35
23 36
23 37
23 38
23 41
23 42
23 47
23 48
23 49
24 0
24 1
24 2
24 3
24 4
24 5
24 6
24 7
24 8
24 10
24 11
24 12
24 13
24 14
24 15
24 16
24 17
24 18
24 20
24 21
24 22
24 24
24 26
24 30
24 31
24 32
24 37
24 38
24 42
24 43
24 44
24 46
24 48
24 49
25 0
25 1
25 2
25 3
25 4
25 5
25 6
25 7
25 8
25 9
25 10
25 11
25 12
25 13
25 14
25 15
25 16
25 17
25 21
25 24
25 31
25 32
25 33
25 34
25 35
25 36
25 37
25 38
25 39
25 41
25 42
25 43
26 1
26 2
26 3
26 4
26 5
26 6
26 8
26 9
26 10
26 11
26 13
26 16
26 19
26 21
26 23
26 31
26 32
26 34
26 35
26 36
26 39
26 41
26 42
26 43
26 44
26 46
26 47
27 3
27 4
27 5
27 6
27 9
27 27
27 30
27 31
27 32
27 33
27 34
27 35
27 37
27 38
27 41
27 42
27 43
27 44
27 45
27 46
28 1
28 2
28 3
28 4
28 5
28 6
28 8
28 11
28 22
28 27
28 28
28 29
28 30
28 31
28 32
28 33
28 42
28 43
28 44
28 47
29 2
29 3
29 5
29 6
29 8
29 9
29 11
29 22
29 23
29 30
29 31
29 32
29 47
30 0
30 4
30 5
30 6
30 7
30 13
30 14
30 20
30 23
30 27
30 30
30 31
30 35
30 36
30 42
30 46
30 47
31 4
31 5
31 6
31 13
31 14
31 15
31 16
31 17
31 19
31 23
31 25
31 26
31 27
31 31
31 37
31 39
31 40
31 42
31 46
31 47
31 48
31 49
32 3
32 4
32 5
32 6
32 10
32 13
32 14
32 15
32 16
32 17
32 19
32 23
32 25
32 26
32 32
32 34
32 37
32 39
32 40
32 41
32 42
32 46
32 48
32 49
33 4
33 5
33 15
33 16
33 17
33 18
33 19
33 21
33 25
33 26
33 27
33 35
33 36
33 39
33 40
33 41
33 46
33 47
33 48
33 49
34 4
34 7
34 15
34 16
34 17
34 18
34 19
34 23
34 24
34 34
34 35
34 36
34 37
34 38
34 39
34 41
34 48
34 49
35 1
35 4
35 7
35 15
35 17
35 18
35 19
35 28
35 29
35 34
35 35
35 38
35 43
35 44
35 46
35 47
35 48
36 3
36 7
36 8
36 9
36 13
36 14
36 15
36 16
36 17
36 18
36 23
36 25
36 26
36 34
36 35
36 36
36 38
36 45
36 46
36 47
36 48
36 49
37 0
37 9
37 10
37 14
37 15
37 16
37 17
37 18
37 19
37 20
37 21
37 25
37 28
37 41
37 46
37 48
37 49
38 2
38 8
38 9
38 14
38 15
38 16
38 18
38 19
38 20
38 21
38 23
38 25
38 26
38 27
38 28
38 39
38 40
38 41
38 49
39 0
39 7
39 8
39 9
39 12
39 13
39 14
39 15
39 16
39 18
39 19
39 20
39 21
39 22
39 23
39 24
39 27
39 28
39 39
39 40
39 41
39 43
39 49
40 9
40 10
40 12
40 13
40 14
40 15
40 16
40 17
40 18
40 19
40 20
40 22
40 25
40 26
40 27
40 28
40 29
40 30
40 31
40 33
40 36
40 37
40 38
40 39
40 41
41 1
41 2
41 4
41 5
41 14
41 15
41 16
41 17
41 18
41 19
41 22
41 23
41 26
41 27
41 28
41 29
41 30
41 31
41 36
41 37
41 41
41 47
41 48
42 1
42 2
42 3
42 4
42 5
42 6
42 12
42 15
42 16
42 17
42 18
42 19
42 20
42 21
42 25
42 26
42 28
42 30
42 31
42 36
42 37
42 38
42 40
42 47
42 48
42 49
43 0
43 2
43 3
43 4
43 5
43 6
43 14
43 15
43 17
43 18
43 19
43 20
43 21
43 25
43 26
43 28
43 31
43 32
43 33
43 35
43 36
43 37
43 40
43 41
43 42
43 43
43 48
43 49
44 2
44 3
44 4
44 5
44 15
44 16
44 17
44 18
44 21
44 22
44 24
44 28
44 31
44 33
44 34
44 35
44 36
44 37
44 38
44 39
44 40
44 41
44 42
44 43
44 44
44 46
44 47
44 48
45 0
45 1
45 2
45 3
45 4
45 5
45 13
45 14
45 15
45 16
45 17
45 23
45 24
45 29
45 30
45 31
45 32
45 33
45 34
45 35
45 36
45 37
45 38
45 39
45 40
45 41
45 42
45 46
45 47
45 48
45 49
46 0
46 1
46 2
46 4
46 8
46 14
46 15
46 16
46 20
46 21
46 23
46 24
46 26
46 32
46 34
46 35
46 36
46 37
46 38
46 39
46 40
46 41
46 44
46 45
46 46
46 47
46 48
46 49
47 3
47 4
47 5
47 8
47 9
47 11
47 14
47 15
47 17
47 23
47 24
47 26
47 27
47 32
47 33
47 34
47 35
47 36
47 37
47 39
47 40
47 41
47 47
47 48
47 49
48 0
48 1
48 3
48 8
48 9
48 10
48 11
48 12
48 16
48 17
48 20
48 21
48 26
48 27
48 28
48 29
48 30
48 33
48 34
48 35
48 36
48 37
48 38
48 39
48 40
48 41
48 42
48 43
48 44
48 48
48 49
49 0
49 1
49 2
49 3
49 6
49 7
49 9
49 10
49 16
49 18
49 20
49 23
49 26
49 27
49 28
49 29
49 30
49 32
49 33
49 34
49 35
49 36
49 37
49 38
49 39
49 40
49 41
49 42
49 43
49 44
49 45
49 46
49 47
49 48
49 49
