0 0
0 1
0 2
0 14
0 16
0 21
0 22
0 26
0 32
0 33
0 35
0 36
0 39
0 40
0 41
0 42
0 43
0 47
0 49
1 0
1 1
1 4
1 15
1 21
1 22
1 23
1 24
1 26
1 32
1 33
1 34
1 35
1 36
1 39
1 40
1 41
1 42
1 45
2 1
2 11
2 14
2 15
2 21
2 22
2 23
2 24
2 26
2 31
2 33
2 35
2 39
2 40
2 41
2 42
2 43
2 44
3 5
3 11
3 21
3 22
3 23
3 24
3 26
3 28
3 29
3 33
3 35
3 36
3 37
3 38
3 39
3 41
3 42
3 43
3 48
4 6
4 7
4 8
4 9
4 11
4 21
4 22
4 23
4 28
4 29
4 30
4 34
4 35
4 36
4 37
4 38
4 39
4 40
4 41
4 42
4 43
5 0
5 1
5 2
5 6
5 7
5 17
5 21
5 22
5 23
5 25
5 27
5 28
5 29
5 30
5 34
5 35
5 36
5 37
5 38
5 39
5 40
5 41
5 42
5 46
6 0
6 1
6 2
6 3
6 6
6 7
6 15
6 21
6 22
6 23
6 26
6 27
6 28
6 29
6 30
6 34
6 35
6 36
6 37
6 40
6 41
6 43
6 44
6 46
7 0
7 1
7 15
7 17
7 18
7 27
7 28
7 29
7 30
7 34
7 35
7 36
7 37
7 38
7 39
7 40
7 41
7 42
7 43
7 44
7 47
8 8
8 9
8 14
8 15
8 17
8 18
8 19
8 27
8 28
8 29
8 30
8 31
8 32
8 34
8 35
8 36
8 44
8 45
8 46
8 47
8 48
9 7
9 15
9 16
9 17
9 18
9 21
9 27
9 28
9 29
9 30
9 31
9 32
9 34
9 35
9 40
9 42
9 43
9 44
9 46
9 47
10 0
10 4
10 11
10 12
10 14
10 15
10 16
10 17
10 18
10 24
10 25
10 27
10 28
10 29
10 30
10 31
10 32
10 33
10 38
10 42
10 43
10 44
10 45
10 46
11 0
11 1
11 2
11 3
11 5
11 6
11 7
11 14
11 15
11 16
11 18
11 24
11 25
11 26
11 27
11 28
11 29
11 30
11 31
11 32
11 33
11 34
11 38
11 40
11 41
11 42
11 43
11 44
11 45
11 46
11 47
12 0
12 1
12 2
12 3
12 4
12 7
12 8
12 9
12 10
12 11
12 12
12 14
12 15
12 16
12 24
12 25
12 26
12 27
12 28
12 30
12 31
12 32
12 33
12 34
12 40
12 41
12 43
12 44
12 45
12 46
12 49
13 0
13 1
13 2
13 3
13 4
13 8
13 9
13 10
13 11
13 12
13 14
13 15
13 16
13 17
13 23
13 24
13 25
13 26
13 27
13 28
13 29
13 30
13 31
13 32
13 33
13 40
13 41
13 42
13 43
13 45
13 46
13 48
13 49
14 0
14 1
14 2
14 3
14 4
14 8
14 9
14 10
14 12
14 13
14 14
14 15
14 16
14 17
14 18
14 20
14 21
14 22
14 23
14 26
14 27
14 28
14 29
14 30
14 31
14 36
14 38
14 40
14 41
14 42
14 43
14 44
14 45
14 46
14 47
15 0
15 1
15 2
15 3
15 4
15 5
15 9
15 10
15 11
15 12
15 13
15 14
15 15
15 16
15 19
15 21
15 22
15 23
15 24
15 25
15 26
15 27
15 28
15 29
15 30
15 31
15 33
15 34
15 40
15 41
15 42
15 43
15 44
15 45
15 47
15 48
15 49
16 0
16 1
16 2
16 3
16 4
16 5
16 6
16 7
16 18
16 19
16 20
16 22
16 23
16 24
16 25
16 26
16 27
16 28
16 29
16 31
16 32
16 33
16 34
16 35
16 36
16 39
16 40
16 41
16 43
16 44
16 45
16 49
17 0
17 1
17 2
17 3
17 4
17 5
17 6
17 7
17 10
17 17
17 18
17 19
17 20
17 21
17 22
17 23
17 24
17 25
17 27
17 28
17 29
17 31
17 32
17 33
17 34
17 42
17 43
17 44
18 0
18 1
18 2
18 3
18 5
18 10
18 11
18 14
18 15
18 16
18 17
18 18
18 19
18 20
18 21
18 22
18 23
18 24
18 25
18 26
18 27
18 28
18 29
18 31
18 33
18 38
18 46
18 47
19 0
19 1
19 2
19 3
19 8
19 10
19 11
19 12
19 14
19 15
19 16
19 17
19 18
19 19
19 20
19 21
19 22
19 23
19 24
19 26
19 27
19 28
19 29
19 30
19 31
19 44
19 45
20 0
20 1
20 2
20 3
20 10
20 11
20 12
20 13
20 14
20 15
20 16
20 18
20 20
20 21
20 22
20 23
20 25
20 26
20 27
20 28
20 29
20 30
20 47
20 48
20 49
21 0
21 1
21 2
21 3
21 4
21 5
21 9
21 10
21 12
21 13
21 20
21 21
21 24
21 25
21 26
21 27
21 28
21 29
21 45
21 46
21 47
21 48
21 49
22 0
22 1
22 2
22 3
22 4
22 5
22 11
22 12
22 13
22 24
22 25
22 26
22 27
22 28
22 29
22 42
22 44
22 45
22 46
22 47
22 48
22 49
23 0
23 1
23 3
23 4
23 5
23 6
23 7
23 11
23 12
23 13
23 22
23 23
23 24
23 25
23 26
23 27
23 28
23 29
23 30
23 34
23 38
23 44
23 45
23 46
23 47
23 48
23 49
24 0
24 1
24 2
24 3
24 4
24 5
24 6
24 7
24 8
24 9
24 10
24 11
24 12
24 13
24 14
24 16
24 22
24 23
24 24
24 25
24 26
24 27
24 28
24 29
24 30
24 33
24 36
24 37
24 38
24 44
24 45
24 46
24 47
24 48
25 0
25 1
25 2
25 3
25 4
25 5
25 6
25 7
25 8
25 9
25 10
25 11
25 12
25 13
25 14
25 15
25 16
25 23
25 24
25 25
25 26
25 27
25 28
25 29
25 30
25 31
25 32
25 34
25 35
25 36
25 37
25 38
25 39
25 40
25 46
25 47
25 48
25 49
26 0
26 1
26 2
26 4
26 5
26 6
26 9
26 10
26 11
26 12
26 15
26 16
26 17
26 24
26 25
26 27
26 28
26 29
26 31
26 36
26 38
26 39
26 40
26 46
26 47
26 48
26 49
27 0
27 1
27 2
27 3
27 5
27 6
27 7
27 8
27 9
27 10
27 12
27 15
27 16
27 17
27 21
27 24
27 25
27 26
27 27
27 29
27 30
27 31
27 36
27 37
27 38
27 39
27 40
27 41
27 42
27 46
27 47
27 48
27 49
28 2
28 3
28 4
28 5
28 7
28 10
28 11
28 17
28 19
28 20
28 21
28 24
28 25
28 26
28 29
28 30
28 31
28 32
28 33
28 36
28 37
28 39
28 40
28 41
28 42
28 43
28 44
28 48
29 2
29 3
29 4
29 5
29 6
29 7
29 8
29 10
29 11
29 19
29 20
29 21
29 24
29 25
29 26
29 29
29 30
29 31
29 32
29 33
29 48
30 0
30 1
30 2
30 3
30 10
30 11
30 18
30 19
30 20
30 21
30 24
30 25
30 26
30 28
30 29
30 30
30 31
30 32
30 33
30 34
30 37
30 48
30 49
31 0
31 1
31 2
31 3
31 4
31 6
31 8
31 10
31 13
31 14
31 19
31 21
31 23
31 24
31 25
31 28
31 29
31 32
31 33
31 38
31 40
31 41
31 48
31 49
32 0
32 2
32 3
32 4
32 8
32 9
32 10
32 13
32 14
32 15
32 16
32 19
32 20
32 21
32 22
32 23
32 25
32 28
32 29
32 30
32 32
32 34
32 35
32 36
32 37
32 38
32 40
32 41
32 46
32 48
32 49
33 3
33 4
33 8
33 9
33 10
33 11
33 12
33 13
33 14
33 15
33 16
33 21
33 22
33 23
33 24
33 25
33 28
33 29
33 30
33 35
33 36
33 37
33 38
33 41
33 42
33 43
33 44
33 45
33 46
33 47
33 48
34 9
34 10
34 11
34 12
34 13
34 14
34 15
34 16
34 19
34 20
34 21
34 22
34 23
34 24
34 26
34 30
34 31
34 35
34 36
34 37
34 38
34 41
34 42
34 43
34 44
34 47
34 48
35 5
35 6
35 7
35 8
35 9
35 10
35 11
35 12
35 13
35 14
35 15
35 16
35 20
35 21
35 22
35 24
35 34
35 35
35 36
35 40
35 41
35 42
35 43
35 44
35 46
35 47
35 48
36 5
36 11
36 12
36 13
36 14
36 15
36 16
36 17
36 18
36 19
36 20
36 21
36 22
36 35
36 36
36 37
36 38
36 42
36 43
36 48
36 49
37 0
37 5
37 6
37 7
37 11
37 12
37 13
37 14
37 15
37 16
37 17
37 20
37 21
37 22
37 35
37 36
37 37
37 38
37 43
37 46
37 48
37 49
38 8
38 11
38 14
38 15
38 20
38 21
38 36
38 37
38 38
38 43
38 46
38 48
38 49
39 0
39 11
39 14
39 15
39 16
39 17
39 18
39 19
39 35
39 46
39 47
39 48
39 49
40 0
40 11
40 17
40 18
40 19
40 21
40 22
40 24
40 26
40 32
40 35
40 36
40 42
40 45
40 46
40 47
40 48
40 49
41 0
41 1
41 10
41 11
41 18
41 20
41 22
41 23
41 26
41 35
41 36
41 37
41 38
41 45
41 46
41 47
41 48
41 49
42 1
42 10
42 18
42 20
42 21
42 22
42 23
42 24
42 25
42 26
42 27
42 33
42 34
42 35
42 36
42 38
42 40
42 41
42 42
42 45
42 46
42 47
42 48
42 49
43 0
43 1
43 2
43 3
43 4
43 9
43 10
43 11
43 12
43 20
43 21
43 22
43 23
43 25
43 26
43 27
43 28
43 33
43 34
43 35
43 36
43 39
43 40
43 41
43 46
43 47
43 48
43 49
44 0
44 1
44 2
44 4
44 5
44 6
44 7
44 8
44 9
44 10
44 11
44 12
44 18
44 19
44 20
44 21
44 22
44 23
44 24
44 25
44 29
44 31
44 32
44 34
44 35
44 36
44 37
44 40
44 41
44 42
44 43
44 44
44 45
44 46
44 47
44 48
44 49
45 0
45 1
45 5
45 6
45 7
45 8
45 9
45 10
45 11
45 12
45 13
45 15
45 16
45 17
45 18
45 19
45 20
45 21
45 22
45 23
45 30
45 31
45 34
45 35
45 36
45 37
45 41
45 42
45 43
45 44
45 45
45 46
45 47
45 48
45 49
46 0
46 1
46 5
46 6
46 8
46 10
46 11
46 12
46 14
46 15
46 16
46 17
46 18
46 19
46 20
46 21
46 22
46 23
46 30
46 31
46 32
46 34
46 35
46 37
46 41
46 43
46 44
46 45
46 46
46 47
46 48
46 49
47 1
47 3
47 4
47 5
47 6
47 13
47 14
47 15
47 16
47 18
47 19
47 20
47 21
47 22
47 23
47 29
47 31
47 32
47 34
47 35
47 36
47 38
47 40
47 41
47 42
47 43
47 44
47 45
47 46
47 47
47 48
47 49
48 1
48 3
48 5
48 6
48 7
48 12
48 13
48 14
48 16
48 23
48 24
48 26
48 28
48 31
48 32
48 34
48 35
48 40
48 41
48 42
48 43
48 44
48 45
48 46
48 47
48 48
48 49
49 3
49 6
49 12
49 14
49 15
49 16
49 17
49 18
49 22
49 24
49 25
49 32
49 40
49 41
49 42
49 43
49 44
49 45
49 46
49 47
