0 3
0 5
0 6
0 11
0 12
0 13
0 14
0 17
0 18
0 22
0 26
0 27
0 28
0 29
0 30
0 36
0 37
0 39
0 40
0 41
0 42
0 43
0 44
0 45
0 49
1 0
1 1
1 2
1 3
1 4
1 5
1 11
1 13
1 14
1 15
1 16
1 17
1 24
1 27
1 28
1 34
1 36
1 37
1 39
1 40
1 41
1 42
1 43
1 44
1 45
1 47
1 48
1 49
2 0
2 2
2 3
2 14
2 15
2 16
2 17
2 23
2 24
2 28
2 38
2 39
2 40
2 41
2 46
2 47
2 48
2 49
3 17
3 22
3 23
3 24
3 28
3 31
3 38
3 39
3 40
3 41
3 44
3 46
4 2
4 8
4 13
4 18
4 30
4 31
4 35
4 37
4 38
4 39
4 40
4 41
4 44
4 45
4 46
4 47
5 0
5 8
5 9
5 16
5 17
5 18
5 20
5 29
5 30
5 38
5 39
5 40
5 41
5 43
5 44
5 45
5 46
5 47
5 48
5 49
6 0
6 1
6 4
6 8
6 9
6 11
6 13
6 14
6 15
6 16
6 17
6 18
6 26
6 28
6 29
6 30
6 31
6 32
6 37
6 38
6 39
6 40
6 41
6 42
6 45
6 48
6 49
7 0
7 1
7 2
7 4
7 9
7 12
7 15
7 16
7 17
7 20
7 25
7 26
7 27
7 28
7 29
7 30
7 31
7 32
7 33
7 34
7 38
7 39
7 40
7 41
7 44
7 49
8 1
8 2
8 3
8 4
8 5
8 10
8 11
8 12
8 13
8 15
8 16
8 17
8 20
8 21
8 22
8 23
8 24
8 25
8 26
8 27
8 28
8 29
8 30
8 31
8 32
8 33
8 34
8 35
8 36
8 38
8 39
8 40
8 41
8 42
8 43
8 44
9 3
9 4
9 10
9 11
9 12
9 13
9 14
9 15
9 16
9 17
9 19
9 20
9 21
9 22
9 23
9 24
9 26
9 27
9 28
9 29
9 30
9 31
9 32
9 33
9 34
9 35
9 36
9 37
9 38
9 39
9 40
9 41
9 42
9 44
9 45
10 3
10 4
10 5
10 7
10 10
10 11
10 12
10 13
10 14
10 16
10 20
10 21
10 22
10 23
10 24
10 25
10 26
10 27
10 28
10 29
10 31
10 32
10 33
10 34
10 35
10 36
10 37
10 40
10 42
10 48
10 49
11 0
11 2
11 3
11 4
11 5
11 6
11 7
11 16
11 18
11 19
11 20
11 21
11 22
11 27
11 28
11 29
11 31
11 32
11 33
11 34
11 35
11 36
11 40
11 41
11 42
11 43
11 48
11 49
12 0
12 5
12 6
12 7
12 8
12 13
12 14
12 15
12 16
12 17
12 18
12 19
12 20
12 21
12 22
12 28
12 29
12 30
12 31
12 32
12 33
12 34
12 35
12 36
12 37
12 38
12 42
12 43
12 49
13 0
13 6
13 7
13 8
13 14
13 15
13 16
13 17
13 19
13 20
13 21
13 22
13 26
13 27
13 28
13 29
13 30
13 31
13 32
13 33
13 34
13 35
13 36
13 37
13 38
13 42
13 49
14 5
14 6
14 7
14 8
14 9
14 12
14 14
14 15
14 16
14 17
14 18
14 19
14 20
14 21
14 22
14 23
14 27
14 28
14 29
14 30
14 31
14 33
14 35
14 36
14 37
14 38
14 45
14 48
15 5
15 6
15 7
15 8
15 9
15 14
15 15
15 16
15 17
15 20
15 21
15 22
15 23
15 27
15 30
15 37
15 48
15 49
16 1
16 6
16 7
16 8
16 9
16 10
16 11
16 12
16 13
16 14
16 15
16 16
16 17
16 19
16 20
16 21
16 22
16 23
16 26
16 29
16 30
16 34
16 37
16 38
16 44
16 45
16 48
17 2
17 3
17 6
17 7
17 8
17 9
17 10
17 11
17 12
17 13
17 14
17 15
17 16
17 17
17 20
17 21
17 22
17 29
17 30
17 31
17 32
17 34
17 35
17 36
17 37
17 43
17 44
17 45
17 46
18 1
18 2
18 3
18 5
18 6
18 9
18 11
18 12
18 13
18 14
18 15
18 16
18 19
18 20
18 22
18 29
18 32
18 35
18 36
18 37
18 39
18 44
18 45
18 46
19 0
19 1
19 2
19 5
19 7
19 9
19 10
19 13
19 15
19 16
19 20
19 21
19 22
19 23
19 24
19 28
19 29
19 34
19 37
19 39
19 44
19 47
19 48
20 0
20 1
20 2
20 3
20 16
20 17
20 20
20 21
20 22
20 23
20 24
20 25
20 28
20 29
20 34
20 37
20 38
20 39
20 49
21 0
21 1
21 2
21 3
21 11
21 18
21 20
21 21
21 22
21 23
21 24
21 25
21 27
21 28
21 39
21 40
21 48
21 49
22 0
22 1
22 2
22 3
22 9
22 10
22 11
22 16
22 17
22 20
22 25
22 26
22 27
22 28
22 29
22 33
22 43
22 45
22 47
22 48
22 49
23 0
23 1
23 2
23 3
23 4
23 6
23 7
23 9
23 10
23 11
23 12
23 13
23 14
23 16
23 17
23 18
23 19
23 20
23 21
23 25
23 26
23 29
23 40
23 43
23 44
23 45
23 46
23 47
23 49
24 0
24 1
24 2
24 3
24 4
24 5
24 7
24 8
24 9
24 10
24 11
24 12
24 13
24 14
24 16
24 17
24 18
24 19
24 20
24 21
24 24
24 29
24 39
24 40
24 41
24 42
24 43
24 44
24 45
24 46
24 47
25 2
25 3
25 7
25 8
25 9
25 10
25 11
25 12
25 19
25 20
25 21
25 22
25 26
25 33
25 34
25 38
25 40
25 42
25 43
25 44
25 45
25 46
25 47
26 0
26 1
26 6
26 7
26 8
26 10
26 11
26 13
26 15
26 16
26 18
26 19
26 20
26 21
26 29
26 39
26 40
26 43
26 44
26 45
26 46
26 47
26 48
26 49
27 2
27 3
27 6
27 7
27 10
27 11
27 14
27 15
27 16
27 17
27 18
27 19
27 21
27 23
27 25
27 26
27 35
27 36
27 37
27 38
27 39
27 44
27 45
27 46
27 47
28 3
28 4
28 8
28 9
28 10
28 11
28 12
28 14
28 15
28 17
28 19
28 21
28 22
28 23
28 26
28 27
28 29
28 30
28 31
28 32
28 34
28 35
28 36
28 37
28 38
28 39
28 40
28 41
28 45
28 46
28 47
28 48
29 0
29 1
29 2
29 3
29 4
29 5
29 7
29 10
29 11
29 12
29 19
29 22
29 33
29 35
29 36
29 37
29 38
29 39
29 40
29 45
29 46
29 47
29 49
30 1
30 2
30 3
30 6
30 7
30 8
30 9
30 10
30 19
30 22
30 23
30 24
30 25
30 27
30 33
30 34
30 35
30 39
30 40
30 41
30 42
30 45
30 46
30 47
30 48
30 49
31 0
31 1
31 2
31 3
31 7
31 17
31 19
31 20
31 21
31 22
31 23
31 24
31 33
31 38
31 39
31 40
31 41
31 45
31 46
31 47
31 48
31 49
32 0
32 1
32 2
32 3
32 6
32 7
32 8
32 16
32 17
32 19
32 20
32 21
32 22
32 23
32 24
32 25
32 26
32 31
32 39
32 40
32 41
32 42
32 43
32 47
32 48
32 49
33 0
33 1
33 2
33 5
33 6
33 7
33 8
33 14
33 15
33 16
33 18
33 19
33 20
33 21
33 22
33 23
33 24
33 25
33 26
33 40
33 41
33 42
33 43
33 44
33 45
33 47
33 48
33 49
34 0
34 1
34 2
34 7
34 8
34 12
34 13
34 14
34 15
34 16
34 17
34 18
34 19
34 20
34 21
34 22
34 23
34 24
34 25
34 26
34 27
34 28
34 34
34 41
34 42
34 43
34 44
34 45
34 49
35 6
35 7
35 8
35 9
35 11
35 12
35 13
35 14
35 19
35 20
35 21
35 22
35 23
35 24
35 25
35 26
35 27
35 28
35 36
35 39
35 41
35 42
35 43
35 44
35 45
36 0
36 5
36 6
36 7
36 8
36 9
36 11
36 14
36 15
36 21
36 22
36 24
36 25
36 26
36 27
36 28
36 38
36 41
36 42
37 0
37 1
37 2
37 3
37 4
37 5
37 8
37 10
37 11
37 12
37 13
37 14
37 21
37 22
37 23
37 24
37 25
37 26
37 27
37 28
37 29
37 30
37 31
37 40
37 41
38 2
38 3
38 4
38 5
38 7
38 8
38 9
38 10
38 11
38 12
38 13
38 21
38 22
38 23
38 24
38 25
38 26
38 27
38 28
38 29
38 30
38 31
38 43
38 45
39 0
39 4
39 5
39 7
39 8
39 9
39 10
39 11
39 12
39 13
39 14
39 15
39 17
39 21
39 22
39 23
39 24
39 25
39 26
39 27
39 28
39 29
39 30
39 44
39 45
39 47
39 49
40 0
40 1
40 5
40 6
40 7
40 8
40 11
40 13
40 14
40 15
40 20
40 21
40 22
40 23
40 24
40 25
40 26
40 27
40 28
40 29
40 30
40 35
40 44
40 45
40 46
40 47
40 49
41 0
41 1
41 6
41 8
41 13
41 20
41 21
41 22
41 23
41 24
41 25
41 26
41 27
41 28
41 29
41 32
41 33
41 43
41 44
41 45
41 46
41 47
41 48
42 0
42 1
42 3
42 4
42 5
42 6
42 7
42 16
42 17
42 18
42 20
42 21
42 22
42 24
42 25
42 26
42 32
42 33
42 34
42 35
42 40
42 41
42 42
42 43
42 44
42 45
42 46
42 47
42 48
42 49
43 0
43 1
43 2
43 3
43 4
43 5
43 6
43 7
43 11
43 12
43 13
43 14
43 15
43 16
43 17
43 20
43 21
43 22
43 24
43 25
43 30
43 31
43 32
43 33
43 34
43 35
43 36
43 38
43 43
43 44
43 45
43 46
43 47
43 48
43 49
44 0
44 1
44 2
44 4
44 5
44 6
44 7
44 8
44 9
44 12
44 13
44 22
44 23
44 25
44 30
44 33
44 34
44 35
44 36
44 37
44 38
44 39
44 45
44 46
44 48
44 49
45 0
45 1
45 2
45 3
45 4
45 5
45 6
45 7
45 8
45 9
45 10
45 12
45 30
45 33
45 34
45 35
45 36
45 37
45 38
45 39
45 40
45 41
45 43
45 47
45 48
45 49
46 0
46 1
46 2
46 4
46 5
46 6
46 7
46 8
46 9
46 10
46 11
46 12
46 13
46 14
46 17
46 32
46 33
46 34
46 35
46 36
46 37
46 38
46 41
46 42
46 43
46 44
46 49
47 0
47 2
47 3
47 6
47 7
47 10
47 11
47 12
47 13
47 14
47 15
47 21
47 26
47 27
47 29
47 30
47 32
47 36
47 38
47 39
47 40
47 41
47 42
47 43
47 48
47 49
48 0
48 1
48 2
48 3
48 4
48 5
48 7
48 8
48 9
48 10
48 11
48 12
48 13
48 16
48 17
48 18
48 19
48 20
48 30
48 32
48 39
48 40
48 41
48 42
48 43
48 44
48 47
48 49
49 0
49 1
49 3
49 5
49 7
49 8
49 11
49 12
49 13
49 17
49 18
49 19
49 26
49 27
49 28
49 29
49 30
49 39
49 40
49 42
49 43
49 44
49 49
