2.500000000000000000e-01 2.500000000000000000e-01 7.320000000000000000e+02
2.500000000000000000e-01 7.500000000000000000e-01 9.000000000000000000e+00
2.500000000000000000e-01 1.000000000000000000e+00 3.000000000000000000e+00
2.500000000000000000e-01 1.312500000000000000e+00 1.000000000000000000e+00
2.500000000000000000e-01 2.250000000000000000e+00 2.000000000000000000e+00
2.500000000000000000e-01 2.875000000000000000e+00 2.000000000000000000e+00
2.500000000000000000e-01 3.066329999999999778e+00 1.000000000000000000e+00
5.000000000000000000e-01 0.000000000000000000e+00 7.700000000000000000e+01
5.000000000000000000e-01 5.000000000000000000e-01 7.000000000000000000e+00
5.000000000000000000e-01 7.500000000000000000e-01 1.000000000000000000e+00
5.000000000000000000e-01 8.888899999999999579e-01 2.000000000000000000e+00
5.000000000000000000e-01 2.000000000000000000e+00 1.000000000000000000e+00
5.000000000000000000e-01 2.625000000000000000e+00 1.000000000000000000e+00
1.000000000000000000e+00 2.500000000000000000e-01 2.000000000000000000e+01
1.000000000000000000e+00 3.888900000000000134e-01 2.000000000000000000e+00
1.000000000000000000e+00 5.625000000000000000e-01 3.000000000000000000e+00
1.000000000000000000e+00 1.500000000000000000e+00 1.000000000000000000e+00
1.000000000000000000e+00 1.777779999999999916e+00 2.000000000000000000e+00
1.000000000000000000e+00 3.062500000000000000e+00 1.000000000000000000e+00
1.000000000000000000e+00 4.555559999999999832e+00 1.000000000000000000e+00
1.000000000000000000e+00 5.500000000000000000e+00 1.000000000000000000e+00
1.250000000000000000e+00 0.000000000000000000e+00 1.000000000000000000e+01
1.250000000000000000e+00 1.388900000000000134e-01 1.300000000000000000e+01
1.250000000000000000e+00 3.125000000000000000e-01 3.000000000000000000e+00
1.250000000000000000e+00 1.250000000000000000e+00 2.000000000000000000e+00
1.250000000000000000e+00 1.875000000000000000e+00 1.000000000000000000e+00
1.250000000000000000e+00 2.812500000000000000e+00 2.000000000000000000e+00
2.000000000000000000e+00 0.000000000000000000e+00 1.000000000000000000e+00
2.000000000000000000e+00 5.000000000000000000e-01 2.000000000000000000e+00
2.000000000000000000e+00 2.062500000000000000e+00 1.000000000000000000e+00
2.000000000000000000e+00 2.515620000000000189e+00 1.000000000000000000e+00
2.000000000000000000e+00 6.839999999999999858e+00 1.000000000000000000e+00
2.250000000000000000e+00 2.500000000000000000e-01 1.500000000000000000e+01
2.250000000000000000e+00 1.129999999999999893e+00 1.000000000000000000e+00
2.250000000000000000e+00 3.387760000000000105e+00 1.000000000000000000e+00
2.250000000000000000e+00 1.631400999999999968e+01 1.000000000000000000e+00
2.500000000000000000e+00 0.000000000000000000e+00 6.000000000000000000e+00
2.500000000000000000e+00 2.777800000000000269e-01 1.000000000000000000e+00
2.500000000000000000e+00 8.163300000000000001e-01 3.000000000000000000e+00
3.250000000000000000e+00 0.000000000000000000e+00 1.000000000000000000e+00
3.250000000000000000e+00 6.633000000000000007e-02 4.000000000000000000e+00
3.250000000000000000e+00 1.300000000000000044e-01 1.000000000000000000e+00
3.250000000000000000e+00 3.611099999999999866e-01 1.000000000000000000e+00
3.250000000000000000e+00 8.125000000000000000e-01 1.000000000000000000e+00
3.250000000000000000e+00 1.316119999999999957e+00 1.000000000000000000e+00
3.250000000000000000e+00 3.250000000000000000e+00 1.000000000000000000e+00
4.000000000000000000e+00 6.250000000000000000e-02 3.000000000000000000e+00
4.000000000000000000e+00 2.500000000000000000e-01 1.000000000000000000e+00
4.000000000000000000e+00 5.156199999999999672e-01 2.000000000000000000e+00
4.000000000000000000e+00 6.944399999999999462e-01 1.000000000000000000e+00
4.000000000000000000e+00 9.429750000000000298e+00 1.000000000000000000e+00
4.250000000000000000e+00 1.700000000000000122e-01 1.000000000000000000e+00
4.500000000000000000e+00 5.000000000000000000e-01 1.000000000000000000e+00
5.000000000000000000e+00 3.125000000000000000e-01 1.000000000000000000e+00
5.000000000000000000e+00 6.377599999999999936e-01 1.000000000000000000e+00
5.000000000000000000e+00 4.132229999999999848e+00 1.000000000000000000e+00
6.250000000000000000e+00 0.000000000000000000e+00 1.000000000000000000e+00
6.250000000000000000e+00 3.697999999999999898e-02 1.000000000000000000e+00
6.250000000000000000e+00 3.906200000000000228e-01 1.000000000000000000e+00
6.250000000000000000e+00 2.658319999999999794e+00 1.000000000000000000e+00
6.250000000000000000e+00 1.000000000000000000e+01 1.000000000000000000e+00
6.500000000000000000e+00 0.000000000000000000e+00 1.000000000000000000e+00
6.500000000000000000e+00 2.148799999999999877e-01 1.000000000000000000e+00
6.500000000000000000e+00 2.632229999999999848e+00 1.000000000000000000e+00
7.250000000000000000e+00 1.479600000000000082e-01 1.000000000000000000e+00
7.250000000000000000e+00 3.474849999999999994e+00 1.000000000000000000e+00
7.250000000000000000e+00 5.867280000000000051e+00 1.000000000000000000e+00
8.500000000000000000e+00 2.285320000000000018e+00 1.000000000000000000e+00
9.000000000000000000e+00 2.777999999999999914e-02 1.000000000000000000e+00
9.000000000000000000e+00 2.500000000000000000e-01 2.000000000000000000e+00
9.000000000000000000e+00 8.211470000000000269e+00 1.000000000000000000e+00
1.000000000000000000e+01 4.591799999999999771e-01 1.000000000000000000e+00
1.025000000000000000e+01 2.091800000000000048e-01 1.000000000000000000e+00
1.125000000000000000e+01 3.857999999999999763e-01 1.000000000000000000e+00
1.250000000000000000e+01 0.000000000000000000e+00 1.000000000000000000e+00
1.250000000000000000e+01 1.122069999999999901e+00 1.000000000000000000e+00
1.300000000000000000e+01 2.031199999999999950e-01 1.000000000000000000e+00
1.450000000000000000e+01 1.272980000000000000e+00 1.000000000000000000e+00
1.525000000000000000e+01 5.276999999999999746e-02 1.000000000000000000e+00
1.600000000000000000e+01 1.111100000000000004e-01 1.000000000000000000e+00
1.625000000000000000e+01 9.614700000000000468e-01 1.000000000000000000e+00
