0 0
0 1
0 2
0 3
0 4
0 5
0 7
0 8
0 9
0 10
0 11
0 12
0 15
0 31
0 32
0 34
0 35
0 36
0 38
0 39
0 40
0 41
0 42
0 44
0 45
0 46
0 47
0 48
0 49
1 0
1 1
1 2
1 3
1 4
1 9
1 10
1 11
1 12
1 15
1 22
1 31
1 32
1 33
1 34
1 35
1 36
1 37
1 38
1 39
1 40
1 41
1 42
1 43
1 44
1 45
1 46
1 47
1 48
1 49
2 1
2 2
2 3
2 4
2 10
2 12
2 20
2 21
2 24
2 29
2 32
2 33
2 34
2 35
2 36
2 37
2 38
2 42
2 43
2 44
2 45
2 46
2 47
2 48
2 49
3 1
3 2
3 3
3 4
3 5
3 14
3 15
3 20
3 21
3 23
3 24
3 32
3 33
3 34
3 36
3 37
3 38
3 39
3 40
3 41
3 42
3 43
3 44
3 45
3 46
3 48
3 49
4 0
4 1
4 2
4 3
4 4
4 12
4 16
4 20
4 22
4 35
4 36
4 37
4 38
4 39
4 40
4 41
4 42
4 43
4 44
4 45
4 46
4 47
4 48
4 49
5 0
5 1
5 2
5 3
5 4
5 19
5 35
5 36
5 37
5 38
5 39
5 43
5 44
5 45
5 46
5 47
5 48
5 49
6 0
6 1
6 2
6 3
6 4
6 5
6 35
6 36
6 37
6 38
6 39
6 40
6 41
6 42
6 43
6 44
6 45
6 46
6 47
6 48
6 49
7 0
7 1
7 2
7 3
7 4
7 31
7 36
7 37
7 38
7 39
7 40
7 41
7 42
7 43
7 44
7 45
7 46
7 47
7 48
7 49
8 0
8 2
8 3
8 4
8 6
8 25
8 36
8 37
8 38
8 40
8 41
8 42
8 43
8 45
8 46
8 47
8 48
8 49
9 0
9 1
9 2
9 3
9 4
9 7
9 21
9 25
9 26
9 38
9 40
9 41
9 42
9 44
9 45
9 46
9 47
9 48
9 49
10 0
10 1
10 2
10 3
10 4
10 5
10 6
10 11
10 21
10 22
10 25
10 26
10 27
10 36
10 37
10 39
10 40
10 41
10 42
10 43
10 44
10 45
10 46
10 47
10 48
10 49
11 0
11 1
11 2
11 5
11 6
11 21
11 22
11 23
11 24
11 25
11 26
11 27
11 30
11 35
11 36
11 37
11 38
11 42
11 43
11 44
11 45
11 47
11 48
11 49
12 0
12 1
12 2
12 5
12 6
12 17
12 22
12 23
12 24
12 25
12 26
12 27
12 30
12 31
12 32
12 36
12 37
12 38
12 39
12 40
12 41
12 42
12 43
12 44
12 48
12 49
13 0
13 1
13 5
13 6
13 18
13 23
13 24
13 26
13 27
13 28
13 29
13 30
13 31
13 32
13 33
13 35
13 36
13 37
13 38
13 39
13 40
13 41
13 42
13 43
13 44
13 48
13 49
14 0
14 5
14 6
14 24
14 25
14 26
14 27
14 28
14 29
14 30
14 31
14 32
14 33
14 35
14 36
14 37
14 38
14 39
14 40
14 41
14 42
14 43
14 44
14 45
14 46
14 47
14 48
14 49
15 5
15 10
15 20
15 22
15 24
15 26
15 27
15 28
15 29
15 30
15 31
15 32
15 33
15 34
15 35
15 36
15 37
15 39
15 40
15 41
15 42
15 43
15 44
15 45
15 46
15 47
15 48
15 49
16 8
16 9
16 10
16 19
16 20
16 26
16 27
16 28
16 29
16 30
16 32
16 33
16 34
16 35
16 36
16 37
16 38
16 39
16 40
16 41
16 42
16 43
16 44
16 45
16 46
16 47
16 48
16 49
17 7
17 8
17 9
17 10
17 14
17 15
17 17
17 18
17 19
17 20
17 26
17 27
17 28
17 30
17 31
17 32
17 33
17 36
17 37
17 38
17 39
17 40
17 42
17 43
17 44
17 45
17 46
17 47
17 48
18 2
18 3
18 4
18 7
18 8
18 9
18 10
18 11
18 12
18 13
18 14
18 15
18 17
18 18
18 19
18 20
18 21
18 22
18 23
18 25
18 26
18 27
18 28
18 30
18 31
18 32
18 33
18 37
18 38
18 39
18 41
18 42
18 43
18 46
18 47
19 2
19 3
19 4
19 7
19 8
19 9
19 10
19 11
19 12
19 13
19 14
19 15
19 16
19 17
19 18
19 19
19 20
19 21
19 23
19 24
19 25
19 26
19 27
19 28
19 29
19 30
19 31
19 32
19 33
19 34
19 35
19 36
19 37
19 38
19 39
19 40
19 41
19 42
19 43
19 46
19 49
20 3
20 4
20 6
20 7
20 8
20 10
20 11
20 12
20 13
20 14
20 15
20 16
20 17
20 18
20 19
20 20
20 21
20 22
20 23
20 24
20 25
20 26
20 27
20 28
20 29
20 30
20 31
20 32
20 33
20 34
20 35
20 36
20 37
20 38
20 39
20 40
20 41
20 42
20 43
20 44
21 0
21 3
21 4
21 5
21 6
21 7
21 8
21 9
21 10
21 11
21 12
21 13
21 14
21 15
21 16
21 17
21 18
21 19
21 20
21 22
21 23
21 24
21 25
21 26
21 27
21 28
21 29
21 30
21 31
21 32
21 33
21 34
21 35
21 36
21 37
21 38
21 39
21 40
21 41
21 42
21 43
21 44
21 45
22 3
22 4
22 5
22 6
22 7
22 8
22 10
22 11
22 12
22 13
22 14
22 15
22 16
22 17
22 18
22 19
22 20
22 22
22 23
22 24
22 25
22 26
22 27
22 28
22 29
22 30
22 31
22 32
22 33
22 34
22 35
22 36
22 37
22 38
22 39
22 40
22 41
22 42
22 43
22 44
22 45
23 2
23 3
23 4
23 5
23 6
23 7
23 8
23 10
23 11
23 12
23 13
23 14
23 15
23 16
23 17
23 18
23 20
23 21
23 22
23 23
23 24
23 25
23 26
23 28
23 29
23 30
23 31
23 32
23 33
23 34
23 35
23 36
23 37
23 38
23 39
23 40
23 41
23 42
23 43
23 44
23 45
24 0
24 1
24 2
24 3
24 4
24 5
24 6
24 7
24 9
24 10
24 11
24 15
24 20
24 21
24 22
24 23
24 24
24 25
24 26
24 27
24 28
24 30
24 31
24 32
24 33
24 34
24 35
24 36
24 37
24 38
24 39
24 40
24 41
24 42
24 43
24 45
24 46
24 47
25 0
25 1
25 2
25 3
25 4
25 5
25 6
25 7
25 8
25 9
25 10
25 11
25 20
25 21
25 23
25 25
25 26
25 27
25 28
25 29
25 30
25 31
25 32
25 33
25 34
25 35
25 36
25 37
25 38
25 39
25 40
25 41
25 43
25 44
25 45
25 46
25 47
25 48
26 0
26 1
26 2
26 3
26 4
26 5
26 6
26 7
26 8
26 9
26 10
26 16
26 18
26 20
26 21
26 23
26 24
26 26
26 27
26 28
26 29
26 30
26 34
26 35
26 36
26 37
26 38
26 39
26 40
26 41
26 42
26 43
26 44
26 45
26 46
26 47
26 48
26 49
27 0
27 1
27 2
27 3
27 4
27 5
27 6
27 7
27 8
27 9
27 10
27 15
27 27
27 28
27 29
27 34
27 36
27 37
27 38
27 39
27 40
27 41
27 42
27 43
27 44
27 45
27 46
27 47
27 48
27 49
28 0
28 1
28 2
28 3
28 4
28 5
28 6
28 7
28 8
28 9
28 10
28 15
28 28
28 29
28 34
28 37
28 38
28 39
28 40
28 44
28 45
28 46
28 47
28 48
28 49
29 0
29 1
29 2
29 3
29 4
29 5
29 6
29 10
29 16
29 17
29 18
29 23
29 34
29 38
29 39
29 45
29 46
29 48
29 49
30 0
30 2
30 3
30 4
30 5
30 15
30 16
30 17
30 18
30 19
30 36
30 37
30 38
30 39
30 40
30 41
30 42
30 43
30 45
30 46
30 47
30 48
30 49
31 0
31 1
31 2
31 3
31 4
31 5
31 16
31 17
31 18
31 19
31 34
31 35
31 37
31 38
31 39
31 40
31 41
31 42
31 43
31 44
31 45
31 46
31 47
31 48
31 49
32 0
32 1
32 2
32 3
32 4
32 5
32 6
32 7
32 8
32 15
32 16
32 17
32 19
32 22
32 34
32 35
32 36
32 37
32 38
32 39
32 40
32 42
32 43
32 44
32 45
32 46
32 47
32 48
32 49
33 0
33 1
33 2
33 3
33 5
33 6
33 8
33 15
33 16
33 17
33 31
33 33
33 34
33 35
33 36
33 37
33 38
33 39
33 40
33 41
33 42
33 43
33 44
33 45
33 46
33 47
33 48
33 49
34 1
34 2
34 8
34 16
34 17
34 22
34 25
34 33
34 34
34 35
34 36
34 37
34 38
34 39
34 40
34 41
34 42
34 43
34 44
34 45
34 46
34 47
34 48
34 49
35 0
35 1
35 2
35 3
35 8
35 9
35 10
35 11
35 16
35 17
35 18
35 24
35 25
35 30
35 31
35 32
35 33
35 34
35 35
35 36
35 37
35 38
35 39
35 40
35 41
35 42
35 43
35 44
35 45
35 46
35 47
35 48
35 49
36 0
36 1
36 2
36 8
36 9
36 10
36 11
36 12
36 13
36 16
36 17
36 18
36 19
36 24
36 25
36 30
36 31
36 32
36 33
36 34
36 35
36 36
36 37
36 38
36 39
36 40
36 41
36 42
36 43
36 44
36 45
36 46
36 47
36 48
36 49
37 0
37 1
37 2
37 3
37 8
37 9
37 10
37 11
37 15
37 16
37 17
37 18
37 19
37 20
37 21
37 35
37 36
37 37
37 38
37 39
37 40
37 41
37 42
37 43
37 44
37 45
37 46
37 47
37 48
37 49
38 0
38 1
38 2
38 3
38 9
38 10
38 11
38 12
38 13
38 14
38 18
38 19
38 25
38 35
38 36
38 37
38 38
38 39
38 40
38 41
38 42
38 44
38 45
38 46
38 47
38 48
38 49
39 0
39 1
39 2
39 3
39 5
39 8
39 9
39 10
39 11
39 12
39 13
39 14
39 23
39 24
39 34
39 35
39 36
39 37
39 38
39 39
39 40
39 41
39 42
39 43
39 44
39 45
39 47
39 48
39 49
40 0
40 1
40 2
40 3
40 5
40 6
40 8
40 9
40 10
40 11
40 12
40 13
40 14
40 23
40 24
40 34
40 35
40 36
40 37
40 38
40 39
40 40
40 41
40 42
40 43
40 44
40 45
40 46
40 47
40 48
40 49
41 0
41 1
41 2
41 3
41 4
41 8
41 10
41 11
41 12
41 13
41 32
41 33
41 34
41 35
41 36
41 37
41 38
41 39
41 40
41 41
41 42
41 43
41 44
41 45
41 49
42 0
42 1
42 2
42 3
42 4
42 5
42 8
42 10
42 11
42 12
42 31
42 32
42 33
42 34
42 35
42 36
42 37
42 39
42 42
42 43
42 44
42 45
42 49
43 1
43 2
43 3
43 4
43 5
43 9
43 10
43 11
43 12
43 35
43 36
43 38
43 39
43 40
43 41
43 42
43 43
43 44
43 45
43 46
43 47
43 48
43 49
44 0
44 5
44 6
44 7
44 8
44 9
44 10
44 11
44 12
44 25
44 35
44 36
44 40
44 41
44 42
44 43
44 44
44 45
44 46
44 47
44 48
44 49
45 0
45 1
45 3
45 5
45 6
45 7
45 8
45 9
45 11
45 12
45 13
45 18
45 19
45 25
45 35
45 36
45 37
45 38
45 39
45 40
45 41
45 42
45 43
45 44
45 45
45 46
45 48
45 49
46 0
46 1
46 2
46 6
46 7
46 9
46 10
46 11
46 12
46 13
46 14
46 18
46 19
46 20
46 22
46 23
46 34
46 35
46 36
46 37
46 38
46 39
46 40
46 41
46 42
46 43
46 44
46 45
46 46
46 47
46 48
47 0
47 1
47 2
47 6
47 7
47 8
47 9
47 10
47 11
47 12
47 13
47 14
47 15
47 16
47 17
47 18
47 19
47 23
47 34
47 35
47 36
47 37
47 38
47 39
47 40
47 41
47 42
47 43
47 44
47 45
47 46
47 47
47 48
48 0
48 1
48 2
48 8
48 9
48 11
48 12
48 13
48 14
48 15
48 16
48 17
48 23
48 34
48 36
48 37
48 38
48 39
48 40
48 41
48 42
48 43
48 45
48 46
48 47
48 48
49 0
49 1
49 2
49 8
49 9
49 10
49 11
49 12
49 23
49 30
49 31
49 34
49 36
49 37
49 38
49 39
49 40
49 41
49 43
49 45
49 46
49 47
49 48
49 49
