4.1808 1.7423 0.0940 6.0126 4.5407 4.9804 0.3259 0.0328 4.5321 4.6752 2.4543 4.9402 4.5586 5.3148 1.8265 5.7995 6.0660 0.1914 5.5276 4.7889
5.6491 1.1271 0.0261 5.4712 1.2181 5.4680 5.3633 5.8876 5.0580 6.1274 0.2774 0.5612 3.6750 3.1204 2.8638 4.7785 4.2119 3.7866 4.6749 4.3450
0.3722 1.4105 0.9302 5.4045 4.5848 5.4313 5.9827 5.4119 6.1125 5.7478 2.2868 2.4896 2.9608 4.5444 2.2391 6.1263 0.5122 6.0998 0.1214 1.3589
0.4509 2.1730 0.3374 0.5465 0.6357 5.0583 5.0711 6.0259 0.3805 2.3648 1.8593 2.5509 1.2327 0.3664 5.8272 0.0589 0.1296 5.9483 0.0973 0.8653
4.7772 4.3612 5.7683 4.3084 4.8414 5.1844 5.2053 6.1764 0.8043 0.5006 0.7661 2.1924 0.3779 1.2472 1.4417 0.8823 4.7243 6.0114 0.2192 6.1272
3.6273 0.6924 1.1562 4.6204 5.2818 0.2536 0.3868 5.5034 1.5259 2.3052 1.1598 1.4256 0.7181 3.3495 2.2497 1.3279 5.5021 6.1721 5.7953 5.8570
1.7181 2.0929 2.8263 3.1512 0.8813 0.1318 0.1970 6.1159 1.0841 2.4815 1.8682 2.2169 0.8423 5.3758 6.0654 0.5073 5.9742 0.2390 5.5173 6.2789
2.6953 1.8681 2.4970 4.1719 0.4884 5.6746 0.4808 1.4137 1.9591 2.0273 1.0800 1.6298 6.1929 6.2078 3.0761 2.1977 1.7692 2.9748 3.1456 3.2801
2.4454 3.2896 2.0592 1.9748 5.5999 0.2373 5.1183 6.0459 3.2873 2.0003 2.0441 2.9528 3.2075 4.3031 1.7002 2.3900 3.4968 4.0910 3.1272 3.5107
2.5479 2.5316 2.4470 6.2822 5.7588 4.7100 5.1237 0.9821 1.8809 2.3123 1.7228 3.0708 2.4425 1.8522 1.0744 2.5135 2.3828 3.5603 2.1130 3.2764
5.1312 2.5846 1.9061 0.0314 6.0334 3.5137 4.1827 2.4660 2.7909 4.1785 2.8924 2.8515 2.1083 2.9508 1.6226 2.3798 2.8482 3.7004 2.6020 3.8759
3.3341 0.9638 1.4147 6.1921 0.9440 2.9352 2.1820 1.3475 1.2078 3.0694 2.8731 3.0327 3.1312 1.9854 0.9974 1.8365 2.1365 1.7313 2.0001 4.6323
2.9554 0.0249 5.7456 5.1650 5.9478 0.1552 5.2407 4.1305 5.4475 4.7046 2.7903 3.3880 2.8701 1.6085 0.5971 3.0236 2.5962 2.0564 2.0203 2.7256
2.8760 6.1400 0.7474 5.5981 5.9000 0.7022 5.2374 3.2373 4.4022 3.4156 2.3486 2.6508 3.4275 2.6247 1.4603 2.0980 2.0884 3.8016 3.8968 2.6434
3.2488 4.3244 1.9553 5.7181 0.2689 0.5340 5.5944 5.3161 4.6679 2.4657 3.0603 1.5041 2.7600 3.3164 1.8227 0.6723 4.3072 3.1256 2.8354 3.9626
3.6031 5.3039 4.8807 5.6177 5.3915 6.2353 5.5449 0.2372 5.1193 3.8438 3.2409 3.8333 3.8927 4.9492 5.1896 1.0831 2.8172 2.9344 4.5562 3.9677
3.0697 3.3885 4.4710 4.2759 4.4144 4.8761 5.5902 5.1144 5.7501 2.1381 5.9170 4.1472 4.3363 5.6241 5.5124 5.6985 2.9435 2.9231 3.7886 4.2003
4.7334 4.4913 3.9977 3.6928 4.5404 5.0954 5.8644 5.3186 5.6053 4.3177 5.5605 5.6825 4.2587 5.2842 4.8743 5.2513 5.4562 3.5311 4.3025 3.2665
4.4329 5.0190 4.1611 2.5602 3.0348 1.1458 5.2766 6.2578 5.5540 4.6355 5.2720 5.6805 4.6268 4.8327 5.2962 5.4358 4.7755 4.2164 5.2069 3.8186
3.1131 1.9570 4.4441 4.5157 5.1691 6.0614 0.0710 0.4168 1.2638 3.8758 4.5648 4.5396 5.1356 5.0206 5.6144 5.8045 5.3728 4.2584 4.2446 4.1023
