4.2742 4.7445 0.9229 4.1171 4.0310 4.2629 3.7727 5.1230 2.6619 4.1150 2.3243 1.7174 3.7945 4.1772 3.6764 0.3961 5.4555 5.6825 6.1989 0.6819
5.7948 1.2390 0.3562 5.7565 4.5863 3.1020 3.7688 2.2598 2.6782 3.0359 1.4529 2.5785 6.0381 0.4837 4.5136 6.0936 4.4257 5.5613 4.4544 0.9572
0.8589 1.4740 1.6184 4.5634 4.0421 3.4355 2.4858 1.9062 4.3696 3.5829 3.6518 2.1907 0.3419 5.6095 5.8269 5.9609 5.8585 0.3618 0.1068 0.0809
1.0868 0.8569 2.7469 2.1125 3.7443 3.7533 4.0407 2.8255 3.4283 3.2515 2.9632 1.9464 1.2090 4.7529 5.6211 0.0194 5.5989 5.2987 4.3188 0.1628
2.0689 2.7710 0.9169 1.4750 2.6601 1.9174 4.8916 3.8101 3.0751 3.0248 1.9109 2.7157 2.7183 3.1937 4.0520 2.9944 4.0359 3.6217 2.7401 0.9249
0.2105 0.9641 2.4155 2.5460 2.1109 0.9031 3.8704 4.2047 3.1308 1.5607 2.2569 4.3127 4.3152 2.8085 5.0888 2.0484 1.5815 3.5123 4.5120 0.1890
5.0395 6.2072 0.4478 1.3861 1.1217 0.9999 3.3752 5.1433 5.4208 4.4191 5.3899 5.5575 4.3308 4.0121 4.1559 3.5543 2.5511 4.3122 4.7214 0.3820
1.1249 0.7334 0.1382 5.4985 5.8786 6.0765 4.9886 5.9830 5.2327 4.5920 4.5004 5.9652 0.1367 5.6013 5.3321 6.0201 2.8600 2.9908 1.5884 0.5540
1.6996 0.7761 5.0792 0.5652 2.2135 3.2130 2.9832 5.1068 5.4344 4.3662 4.6833 5.8892 5.6545 3.5322 2.1422 3.5610 2.8934 3.7162 1.9773 1.7309
0.2860 1.7133 5.9529 1.2414 0.9989 2.9528 3.4577 4.4338 4.8230 3.6940 4.4327 3.4909 3.9383 4.2256 3.0922 3.6740 3.2930 1.1714 1.8557 0.9735
6.2618 1.3454 0.2877 1.4868 1.9676 3.3088 3.7420 1.3779 0.7490 0.7574 3.6484 4.6686 2.9427 4.8196 3.7163 2.6394 1.9425 2.2729 1.4883 0.8171
1.0084 0.9130 2.5741 3.0266 2.3987 2.9386 3.0309 2.1213 1.2742 4.4058 0.9148 0.9611 0.0586 5.9855 4.2245 1.8242 1.9952 1.9018 1.2399 1.3980
5.7500 3.4333 3.8000 3.7974 2.0397 2.5825 1.6883 2.6219 5.9895 5.5345 1.0865 1.8098 1.5663 4.3160 5.5966 1.6514 2.3714 6.1371 0.4990 0.4084
4.5917 4.1315 3.4628 3.4852 5.8646 5.9502 5.9968 4.8338 5.4405 5.2773 4.6546 5.2157 0.4346 5.4719 0.1945 0.2797 2.2517 3.0007 3.8270 4.9232
3.9500 3.9645 3.5444 3.6875 6.1787 6.0266 5.2982 5.2446 0.8831 0.2402 5.3715 5.7196 2.8985 4.8529 0.2944 2.4213 2.2660 4.1411 6.0737 4.4977
4.4507 3.8575 3.2273 3.1662 1.4685 1.2625 3.8637 5.2955 0.2256 6.0341 5.3862 5.1646 0.4667 1.1654 3.1370 5.1035 4.4910 4.6042 4.8327 5.4848
3.3356 5.1074 5.0967 5.1588 1.7338 3.1977 2.3889 0.0455 5.5516 0.5690 0.9707 0.8357 1.5045 1.5803 6.0726 6.2170 5.6035 1.5726 2.9194 3.8256
4.9012 0.2258 0.1321 5.1251 3.4033 2.7845 2.2864 1.2837 1.6999 1.1377 0.3553 1.8396 0.2752 5.7061 2.4046 1.2326 5.4679 1.0869 3.1036 2.4152
5.7820 5.6279 5.8666 3.8408 4.8954 3.3543 2.0516 3.0763 0.9718 1.1547 0.8946 0.3567 1.2822 1.3174 3.1450 1.5521 0.7722 0.9523 0.2492 4.7816
4.7966 4.8463 4.4849 4.6539 5.1505 5.2625 3.8342 5.3633 5.0664 0.1312 5.8929 0.7031 5.6881 4.5080 2.9297 5.3557 1.0023 1.3758 1.9069 5.2512
