4.8563 1.9008 0.1339 3.8528 5.2925 4.8202 4.4485 3.1859 2.9121 4.1332 3.8701 3.6365 3.3858 1.9475 3.4254 5.1063 0.6664 0.2712 0.6415 4.6089
3.8531 1.2123 2.1836 2.4099 6.1049 3.4095 3.4934 3.0243 3.6765 5.2330 4.0067 3.3951 3.0425 1.8202 3.1984 0.6438 0.6370 1.5463 5.4545 3.1689
2.7608 1.8799 1.6436 1.0970 1.6440 3.3577 3.3186 1.8604 0.9374 5.2244 3.5683 4.7200 2.4415 0.9545 1.5410 0.4709 4.7322 2.7208 3.1279 1.8316
6.0442 0.5110 5.7275 5.7379 4.7900 3.8468 4.2774 0.4569 6.0744 5.5762 4.0709 2.8793 2.6036 1.8139 1.8070 3.6450 5.1841 5.2955 4.1382 1.4182
1.5958 2.1081 2.6651 4.3160 4.2964 3.4634 1.8170 5.9853 1.4198 4.8248 5.7324 4.7268 3.9110 0.0668 1.0823 0.5133 2.6725 4.7077 2.8683 5.6415
2.8885 2.4507 3.0902 5.3207 1.6694 3.1195 1.9643 2.0834 2.4371 4.0219 4.3870 4.3166 5.6215 6.0925 5.5827 0.4526 1.8662 3.1752 4.2796 4.5574
0.7097 2.7748 1.9271 3.5951 5.0559 4.0730 1.7730 1.3638 1.8964 2.8205 5.1074 2.4754 3.2292 1.4145 6.2209 0.8683 4.9516 4.6651 4.1212 3.9266
3.2049 1.3572 2.5068 3.2943 3.6800 2.6842 2.5286 2.4888 2.3509 3.1346 3.0763 2.6250 2.3197 0.9892 0.0843 0.3861 6.0313 5.1317 4.2750 4.8279
4.6430 4.8606 1.8764 1.5743 0.5409 3.8458 2.0493 0.7027 1.2411 0.6435 1.1956 1.3298 3.6546 0.3405 5.8621 5.1499 6.2363 6.0513 5.8351 0.2591
0.9100 4.4318 3.1277 2.4792 2.0765 0.8360 1.1692 2.5298 1.0261 0.7823 0.7958 1.5601 2.2516 0.4019 0.7390 0.0834 5.8848 5.5619 4.7680 0.0774
4.2366 1.4102 2.0084 5.0465 4.9236 0.4983 0.7494 2.0970 1.0799 1.5661 0.2891 0.8841 2.1439 2.0018 2.9381 3.2460 3.8256 5.0812 5.0029 6.2278
2.0293 1.1949 1.5665 3.9919 4.1411 1.5406 1.0176 1.4446 0.4873 0.4641 6.2706 6.0402 0.4451 3.2748 3.1936 2.5896 2.5900 0.2072 5.4044 0.3333
0.6999 0.2798 6.1784 0.1160 4.0181 2.2211 1.1434 0.4313 5.8819 5.4205 4.0100 4.6910 0.4614 2.9031 2.9177 2.5600 2.7929 0.0331 3.4694 4.2912
0.0261 5.7105 4.8828 0.6605 6.0296 5.3302 6.1921 0.9741 5.9085 5.4143 3.4270 5.1909 5.4611 4.3781 2.7699 2.7414 1.7790 0.0469 0.7245 0.3114
5.8372 5.4813 4.3070 0.9815 0.5738 1.3070 2.3462 2.2619 5.7700 5.5859 5.0205 5.9677 3.1845 3.3479 2.4739 0.3945 3.3965 5.4382 5.0917 5.4130
3.6492 5.1113 5.0402 5.8478 4.9840 3.1791 2.8087 2.7143 5.8936 6.2163 5.0570 5.4718 4.2813 2.4234 2.2029 1.2482 3.9684 3.2744 4.1778 5.4373
5.6823 0.3752 4.5275 4.0787 4.2265 2.8863 2.1026 3.1260 0.4124 0.9729 5.5702 5.0578 0.2699 1.8068 1.4216 1.7233 2.3216 3.4724 5.0899 4.3410
5.8055 6.1320 4.9356 4.6403 4.3506 2.1838 2.8466 3.5656 6.2071 1.3177 4.8033 5.4532 6.1504 6.2283 1.2458 2.2176 0.4348 1.2549 3.6018 4.8070
5.0425 1.7567 6.1675 0.5876 0.1508 4.2991 4.3536 3.8556 6.0399 5.3372 4.6746 3.6949 3.8649 3.4925 3.1693 3.6480 0.8139 1.4599 2.8624 4.5883
5.4440 1.3207 0.2799 1.4202 6.1168 5.1161 3.1591 2.6996 1.7578 3.9995 2.6821 2.9123 1.8174 2.4190 2.8059 3.3253 1.3584 0.7842 1.2776 6.0586
