0.9193 0.1022 4.9968 3.3560 4.8449 3.4899 4.4772 2.1434 5.9864 3.9035 4.8170 6.1177 1.9239 3.9646 2.8761 6.0152 4.8041 4.9809 1.4158 3.0788
4.7129 5.1779 5.1423 4.5196 4.3213 4.8740 4.0461 3.7812 4.9444 4.9890 1.2057 1.6221 1.9167 2.7632 4.5130 4.3106 5.3831 4.1510 1.9028 2.2800
4.9355 4.6621 4.3073 0.8004 3.4356 5.1795 5.2244 6.2345 4.5471 5.6990 1.5840 2.3909 3.2271 4.2506 6.0956 6.1797 5.2213 4.5198 4.1837 4.4817
5.5381 0.8309 5.6222 3.4138 3.6247 4.4523 4.1037 1.4478 5.5406 4.3844 3.7226 2.8887 1.6213 2.3602 0.1502 5.3578 4.9762 4.6716 5.5331 4.1804
4.5370 4.4319 2.4765 5.8261 4.2779 3.8227 4.1823 2.8175 5.6697 4.9622 4.8000 5.4566 2.3542 2.1555 0.3871 0.1293 4.2830 5.3154 4.9548 3.6003
3.0716 2.7259 1.2211 4.7070 2.3557 4.1858 3.9545 3.9944 5.3431 2.3690 3.2571 5.9293 3.3072 0.9922 0.6122 0.7991 1.9197 3.0183 2.9309 3.3173
4.8448 3.9137 3.7955 3.0713 3.6221 5.0154 3.4576 4.4723 3.2895 2.1105 2.6521 2.6111 2.7363 1.3588 2.0591 5.8382 4.4339 2.8669 3.0895 3.6636
4.0292 3.8734 2.5797 2.3556 3.4652 4.0167 2.9995 2.7814 3.0224 2.3287 1.8782 3.1964 4.9749 0.8099 1.5508 1.5306 2.5127 3.1773 3.1056 3.3611
3.9623 3.7606 4.6480 3.5981 3.7696 3.2418 2.8917 2.5030 3.6251 2.0914 1.3423 2.3382 2.3448 1.7520 1.1887 6.1522 4.2291 2.8556 3.1167 3.7816
3.9580 4.5563 4.1567 4.7101 2.2125 3.2187 3.4550 3.4552 4.3597 2.4093 1.5697 0.7099 1.1088 1.7942 2.4903 4.1705 3.6938 3.1246 3.4107 4.0565
3.2070 4.3877 3.8773 4.9016 1.6646 1.7518 3.3918 2.8994 3.1244 2.6300 1.2223 0.0654 0.1087 2.5203 2.2707 2.3588 5.0323 4.1030 2.8068 3.3270
4.5255 3.9144 4.3264 3.4644 0.8792 1.1932 2.5001 4.1302 6.2550 1.9249 3.7430 3.8331 5.5702 6.2795 1.9233 2.9190 3.9723 4.6666 3.4011 4.9981
4.1323 0.7385 5.3664 1.1299 0.1582 5.8682 0.7591 0.6053 0.2853 0.5395 4.6002 4.5646 5.5345 5.6777 6.2656 2.2251 3.8230 2.7345 4.7373 4.0350
3.3899 2.3360 4.0266 1.3000 0.9566 0.8120 0.2612 5.9812 0.4234 1.3257 0.6233 6.2134 5.3940 5.0667 3.9461 2.8112 4.1898 2.9851 1.7759 1.7690
4.8246 4.5839 2.1668 2.6045 1.7548 1.3671 0.6372 0.6327 6.2389 0.5754 0.7203 5.6732 5.1055 5.9705 4.3735 4.6943 5.0151 3.1937 5.7963 5.9333
3.5123 0.7652 0.5793 1.2670 2.4455 1.5569 5.7430 1.8169 0.2239 6.2651 0.3241 5.6032 6.0575 5.9096 4.0962 5.0563 0.6673 3.2622 2.9056 5.8707
3.9879 0.8720 0.1460 0.9518 1.7319 0.7979 6.0934 0.5256 1.2833 2.7257 3.2276 5.4539 0.4658 5.8463 5.6441 4.7940 2.1580 1.7386 0.6582 6.2335
0.9286 1.0472 0.7879 1.4260 0.8916 1.2783 2.9110 4.1469 4.1065 3.4536 3.3282 5.6710 5.4097 4.6708 4.3856 3.2832 2.1436 3.5549 1.7021 1.1712
4.7153 0.5865 0.6132 5.5764 6.0624 5.2542 6.1798 4.0935 4.3943 3.4712 3.8907 2.9198 3.5766 3.4741 3.1257 4.6184 4.8397 0.1522 0.2941 0.2247
5.9578 0.1280 6.1161 6.1868 0.1027 5.4232 4.3172 3.1026 5.1736 4.4317 4.0797 1.7852 4.1152 3.5241 3.5387 4.4894 6.1929 5.4759 1.7568 1.0746
