3.2402 4.4817 3.4805 3.2720 3.5348 3.2253 2.1845 3.4622 3.5904 4.8584 5.5827 0.8747 1.2095 3.4576 3.7726 3.8811 4.2058 4.2803 1.0261 6.2206
4.8693 4.1075 3.6623 2.3751 2.7977 3.5861 1.7158 3.4397 2.9279 5.9901 6.1808 6.0138 1.3475 3.1389 3.6071 3.9595 4.3887 5.2533 5.3515 5.3772
1.3081 1.9716 2.5797 3.7118 3.2336 3.6627 5.4040 4.4589 3.6243 1.6043 0.2416 0.4707 5.9137 5.1534 2.2750 3.0208 3.5142 3.4782 4.9370 1.5800
5.6713 5.4103 3.3814 4.0721 3.0713 4.2367 4.5547 4.7941 4.2271 5.9246 1.9508 2.8857 1.3761 2.6023 1.9681 1.8645 1.8091 3.3364 3.3414 0.0194
5.3922 5.6258 5.3061 3.1541 3.8513 3.7743 3.9730 3.4843 3.6610 0.7459 2.0400 3.3640 2.3797 2.8535 2.3031 2.2544 2.7681 2.3042 2.0279 1.2267
1.5826 1.5345 2.1077 1.4403 2.4674 3.1826 3.8400 2.9688 4.3451 3.9112 3.4103 2.6133 6.1669 1.1282 0.4932 1.8805 2.4490 4.5115 5.9451 0.7365
0.9774 4.9094 1.3335 1.0177 1.8903 1.8628 2.0153 3.7972 3.3202 2.3225 3.9915 6.1078 1.6548 0.9596 5.2231 3.1058 3.3517 3.7762 5.5659 0.3390
1.8256 2.7314 0.5090 0.6457 5.2515 2.7449 3.8538 5.0956 5.8968 6.0092 2.2728 5.5954 4.9855 5.2293 5.7755 4.8113 5.0260 5.2156 0.5510 1.3145
2.1805 2.0324 0.3592 1.1931 4.0362 4.9616 0.4807 4.9205 3.9305 1.5753 1.2785 5.9109 5.8544 3.8329 4.7214 4.3967 4.5277 5.4222 6.1067 1.4299
1.6000 1.7923 1.3094 1.8943 4.2824 4.4134 4.0131 5.1128 4.7457 4.4038 2.3542 5.3395 4.2869 5.2917 4.5168 4.2706 4.8193 5.4179 5.9819 0.3800
0.3777 0.3514 4.8642 4.6403 3.9240 4.9388 5.7073 5.0002 3.3478 2.5923 2.9944 4.6692 3.0579 4.6856 4.0446 4.6651 5.8394 5.3652 5.4270 0.1392
5.6612 5.7658 0.7811 4.2819 5.2596 3.6356 4.4252 3.6503 2.1696 3.0152 1.6830 4.9609 3.6241 4.8675 4.8446 5.6502 0.9797 5.9092 0.2363 0.3265
0.2691 5.5625 4.8146 5.2341 4.2743 3.6692 2.7777 3.0817 4.6847 5.3659 2.6019 2.2222 4.2984 0.4118 1.3001 0.4127 1.5922 1.0973 3.7594 0.2921
6.1396 5.1981 4.1827 3.9195 2.7744 3.1848 2.4747 1.7537 2.9957 3.1410 3.6351 2.8210 3.3979 0.9127 2.8561 2.3275 3.3658 0.1570 1.7707 0.0027
0.6906 3.7503 0.0723 1.2325 0.8949 0.7406 3.2720 2.6828 3.8420 3.7419 2.9407 2.0775 1.2904 0.6014 0.7707 1.3604 3.7653 1.2352 1.6709 6.1507
2.4452 1.4384 1.7877 1.8340 1.5112 5.2696 0.4183 1.8456 2.2932 2.7951 4.5476 3.7971 5.3759 5.8644 0.5402 1.3620 0.7452 0.1030 5.9569 5.9991
1.2932 2.9127 2.0339 1.7518 2.2729 3.2280 2.9164 2.0230 2.5594 2.9003 3.6034 3.2454 2.0933 1.2641 2.0916 2.8442 0.3156 6.2779 5.7303 0.8421
2.4305 3.4170 4.7345 4.3159 1.6829 2.3414 2.8457 3.9310 1.5140 2.1109 1.2508 3.7520 1.5177 1.6293 2.2573 0.9820 0.8505 1.1017 0.1559 2.6180
3.9120 2.7349 3.6183 4.3117 2.1643 2.2965 3.6399 2.5726 3.2823 1.6923 2.2094 3.6133 2.8039 2.8023 3.4156 5.6460 5.8202 0.1588 0.3717 1.1939
3.8089 3.9799 3.0129 2.7208 4.1527 2.6309 3.3823 2.7437 2.9616 5.5985 4.3500 4.6268 1.5615 4.2641 4.4222 5.0051 6.2671 6.1934 5.2299 4.9942
