2.1511 1.5250 0.0041 5.8489 3.7229 1.6722 3.3945 3.2811 3.6035 1.6080 1.5883 1.2266 0.4722 0.2537 1.5240 2.1106 0.8561 4.3009 4.0025 3.7219
2.0539 6.2012 1.6180 4.2019 3.2384 2.3414 3.2358 3.8013 5.1052 4.8488 2.0168 2.2358 0.2053 0.8059 2.2020 3.5643 2.2099 4.5976 4.4957 4.4919
6.1799 5.7675 1.2133 6.0861 0.2185 2.5125 2.9783 4.2338 3.5562 3.2738 3.2585 4.4811 0.3251 1.7809 4.4737 1.9537 1.0390 5.1228 3.8938 6.2041
1.9263 6.2446 1.3327 0.8877 0.8529 2.7100 3.6487 3.2227 2.9829 2.4419 3.5043 6.0169 0.3800 1.9096 2.5759 3.0434 4.5655 5.6515 4.9870 1.0825
6.2486 1.4983 1.4675 1.1306 1.1643 2.7855 2.4878 2.8164 2.1414 1.8678 3.5410 0.1696 0.8236 3.0969 2.5775 4.8060 4.6653 4.8726 4.8406 4.6074
5.2168 0.3309 0.5108 0.8760 1.0061 1.2202 1.3864 2.2759 3.2896 1.7228 2.6035 2.7095 2.4472 1.1658 1.9625 3.9677 5.0326 5.1941 4.5660 4.6288
0.7921 1.0582 1.1055 1.5969 3.7349 0.6247 6.2494 2.4510 2.4290 2.0764 2.4667 2.0247 5.4987 2.0408 2.4322 0.3237 2.0177 1.0790 4.5694 6.2001
5.7420 1.4004 6.0887 4.2558 4.1281 5.2642 4.2109 3.9608 2.9450 3.1517 3.0050 1.8689 0.3948 2.0403 0.6654 0.5943 1.0097 1.3496 0.3557 0.0952
0.3336 1.6728 5.8470 3.6764 3.9392 4.5958 4.3321 3.2478 3.7312 2.7758 2.2575 1.2218 0.2929 5.3662 0.1761 0.7484 0.9539 5.9353 5.8941 5.7156
0.6551 0.4385 5.9108 5.8254 0.1486 3.3886 3.8016 3.3674 1.9626 2.9683 1.2883 0.6268 0.2964 5.9322 0.3465 1.1061 0.3615 1.1984 0.7161 6.1612
4.9462 0.1018 0.6040 5.0840 6.1987 4.9589 3.4985 5.7170 1.2933 0.7993 0.7915 0.6797 1.2273 6.1103 6.1077 5.7071 0.3247 0.8603 0.3812 0.2594
2.0379 5.3495 6.0195 5.7811 3.9035 5.9017 3.8906 2.0864 2.0948 1.4174 1.2044 0.0112 0.2784 5.9137 5.5222 5.4895 0.2348 1.1075 0.7418 1.2839
2.5617 0.9901 0.8781 1.0963 4.1840 0.0237 5.3907 4.8060 2.5196 0.3998 0.9290 1.2720 1.1572 5.1360 5.5038 4.8896 5.7407 6.2114 4.3467 2.2070
2.6636 1.6434 2.2459 2.1653 3.6530 3.3283 1.9727 2.7942 3.0236 1.3512 2.1830 0.6068 3.0673 3.8533 3.8239 5.1577 5.8238 4.3962 3.1123 2.9629
1.1169 1.1612 2.4061 2.8659 4.0550 5.8341 2.0967 3.0052 2.1479 0.6804 5.6662 1.2085 2.1897 3.5976 5.8521 5.3386 5.1361 4.8673 3.6547 4.6487
0.6045 1.0030 1.2313 2.4037 2.6931 3.8683 3.6905 2.1690 1.3357 0.6558 0.3230 0.7561 3.2258 5.2830 6.1815 5.4120 4.6901 2.8809 3.4255 4.9547
0.4304 0.9291 1.6144 2.6213 2.8806 3.7053 5.0807 1.2159 1.1617 1.1878 5.8847 0.9800 3.1029 5.5964 4.7180 6.2455 3.9716 3.2557 1.9973 5.8518
4.2644 0.4814 6.1738 1.2574 3.1716 3.3675 4.1205 0.5976 0.7136 1.0991 0.9512 5.3536 4.3733 5.5226 5.0477 5.1161 5.4027 4.2835 5.3237 5.0252
5.1278 4.8009 4.8159 0.3751 4.3820 3.2063 3.2655 5.8252 1.1282 5.6373 4.9303 5.5748 1.7523 4.5417 4.5960 4.8636 5.8707 5.2993 0.9315 3.2491
3.2419 3.2939 2.0804 1.4107 3.3691 1.2605 3.6017 1.6882 0.6019 5.8993 1.3006 4.4906 0.1608 0.2595 0.7902 1.6475 4.6781 4.6397 4.1338 4.0165
