5.0815 5.1890 5.3935 0.2369 1.5250 4.7424 1.4776 0.6488 3.6128 4.7094 4.4286 4.4691 4.8387 5.4065 5.1940 5.6609 2.1868 4.0400 3.5424 0.2729
5.7449 1.2131 5.5384 2.8238 0.5012 6.0240 0.1950 0.8031 0.9421 0.7216 3.3280 5.5899 5.0521 5.7330 4.9978 5.3704 4.5437 2.4742 2.5029 3.2958
3.4903 4.6683 5.0515 4.0051 2.3546 4.4091 0.2828 0.4501 1.1166 1.8111 3.3323 5.4759 0.0353 5.6291 4.5541 4.1961 5.4613 0.0882 5.3459 4.0605
2.3987 3.8557 4.1358 4.0159 2.7790 4.4100 6.1800 1.9255 1.5251 0.8814 4.3978 5.2095 5.9646 4.3295 3.4324 4.5690 3.7127 0.5583 1.6518 2.8297
3.1779 4.3243 4.5544 5.1238 5.2846 5.5468 1.1435 1.6887 2.9617 3.2391 3.2817 5.8865 5.3058 5.3818 2.4448 3.6616 2.8749 3.1993 2.1584 2.2076
3.6518 4.0878 0.3576 0.9840 5.3988 5.3965 1.9362 1.1414 2.1457 4.7494 2.5971 1.1240 5.4270 5.9520 0.0205 5.8216 2.2505 2.7097 2.2079 3.4666
4.1223 4.1618 5.3337 5.5425 6.2552 3.3331 3.1396 0.9455 0.4474 1.6450 3.1693 2.3487 5.5375 3.6001 6.1105 0.1979 0.5971 0.1304 4.9369 3.7073
4.0405 4.0779 3.9375 1.3215 0.2626 0.6309 3.5724 3.0108 4.4630 2.6179 1.7710 2.6036 5.6180 4.8348 0.9518 1.5348 2.0818 0.6071 5.5469 4.0541
4.9445 5.2310 0.8162 1.3033 1.2163 2.7293 3.3392 2.8039 4.5264 2.0085 2.4953 4.2053 3.5567 5.4088 0.7543 0.7145 2.1524 0.0832 0.8864 5.3492
3.0997 0.3405 0.2061 0.2867 6.2188 1.2074 2.8816 3.0511 4.2293 3.1242 0.6118 5.1175 4.0376 4.1000 3.5714 2.4374 1.1413 5.8502 1.2411 1.5384
0.3997 0.7407 0.0504 0.3092 5.1448 0.0437 2.2449 3.2796 4.2989 4.0196 1.3687 4.8328 5.3598 4.5187 2.4314 3.0606 1.8831 5.7950 0.3399 0.2076
6.0249 1.6698 5.0571 6.2296 6.0953 0.3625 0.2294 4.9313 5.4849 4.1876 0.9349 5.8225 1.4828 0.2536 0.0844 6.0078 0.9427 2.0151 1.4461 0.9925
5.7850 5.9470 1.7277 0.6564 0.8065 1.0152 1.9839 0.9786 5.4565 3.7327 0.5272 5.9129 5.5939 6.2015 6.1370 0.4397 1.8620 3.7354 1.8872 1.5358
5.7251 5.5652 3.6707 2.0061 0.0466 2.2106 2.3557 0.8599 3.9058 3.3576 5.9169 5.3262 3.4405 2.4499 2.7549 2.1457 2.4293 1.0133 1.0619 1.0320
2.6107 0.7120 1.7326 4.5578 4.9555 3.0727 1.8665 1.4189 0.6262 1.2479 0.8387 1.5755 1.9506 0.9533 1.0470 2.0438 3.2298 0.1579 2.2725 0.0202
5.5020 0.6579 3.8020 5.4254 4.2444 3.9339 1.8710 1.9408 1.9552 1.0420 0.8568 1.1853 2.2112 1.0772 1.1833 3.9231 3.9631 4.5716 1.5000 4.5727
6.2493 5.1100 3.9547 3.1190 4.8720 4.2005 1.9902 2.1681 0.8820 6.0386 1.1101 1.5138 2.0595 2.6059 1.3304 6.1805 5.6181 5.7493 5.1173 4.1322
6.2189 0.3464 2.8315 1.3679 1.4061 5.0649 4.1820 4.0973 1.6976 5.6919 1.9667 0.2690 0.3098 1.4263 0.0482 1.4127 4.7907 5.4382 5.6079 0.5139
5.7562 0.2123 5.7966 3.4062 2.3961 3.8141 2.4821 2.2750 2.7903 0.9931 1.0517 1.5797 5.1342 5.3129 0.2533 0.2637 5.2487 3.7636 3.6472 6.1092
5.1192 5.6641 0.1875 1.6256 3.7879 2.8802 2.1937 4.1309 4.2601 4.8223 5.3525 4.0981 4.6548 3.8833 5.4714 2.8670 3.8644 3.5045 1.8446 0.3057
