0.1458 0.2059 5.8787 6.2410 0.0228 0.2962 2.3285 0.4674 0.4673 5.2891 1.0806 0.8796 1.8583 4.1660 3.1777 0.6781 1.2265 1.1578 1.2163 6.2154
5.6234 0.5059 5.9718 0.7995 6.2044 0.6823 0.3705 3.1336 2.5896 1.4148 5.7592 1.5660 2.4566 2.7565 2.6968 2.8841 2.4272 2.7614 2.8468 0.2935
3.5931 5.7743 0.2156 5.0416 3.5584 0.7564 0.0758 3.4309 2.4717 2.5187 5.6689 5.2894 3.0425 3.8117 4.2551 5.4388 3.7063 2.7235 2.3254 1.1430
5.6509 4.8370 5.8379 5.3566 5.3256 5.3032 5.3327 6.1119 1.4203 3.8204 5.2263 5.7374 4.3034 4.7860 0.7622 0.2391 4.8421 4.7470 3.5102 4.9028
4.6583 3.1157 4.5690 5.6615 4.8138 0.8404 4.9496 0.5777 0.7325 4.1551 5.2291 5.7886 3.3642 1.4338 1.6877 4.5782 4.0403 3.9249 3.2131 3.4428
4.8950 5.3786 5.4712 4.7457 5.1538 0.0807 5.2403 5.9483 0.4129 5.7951 3.3784 5.5676 5.5517 4.9762 0.9639 3.5706 2.6847 2.9432 3.7856 2.2659
2.8849 1.8124 3.0654 5.0840 1.4559 0.1970 5.5865 4.9830 5.1039 5.1556 3.6867 3.3062 4.8109 4.1807 5.2518 5.8200 5.9019 4.1824 4.5440 2.6099
3.7037 3.3795 5.3461 5.4387 2.0389 5.0256 5.3607 3.2993 3.3527 0.9033 5.0218 5.2043 5.4139 5.8013 5.3783 4.7390 5.2451 4.0797 4.8816 4.9062
4.7970 2.1612 1.2382 1.4594 5.3757 4.5614 4.6379 2.7889 4.4713 0.6151 5.8971 5.9477 5.7948 0.8356 0.1966 5.6231 5.8230 0.0194 4.9311 4.7641
3.6594 1.8326 1.8418 3.6122 4.9606 0.1926 5.4872 5.1303 4.6962 5.0193 4.4215 2.7645 4.2561 0.8681 0.9248 0.5521 4.7570 4.9142 2.7368 1.7616
3.3153 2.9079 2.6304 3.0369 3.7004 5.7613 3.5498 0.0931 5.0536 3.3856 4.2174 3.3439 5.2591 6.0335 4.7551 5.5340 4.7597 4.2579 3.2238 1.9738
2.9582 3.1538 3.3513 3.9953 3.9534 6.0644 6.1065 5.5971 4.7849 3.1133 4.0601 2.8316 1.6576 1.4618 4.7609 4.7232 5.4208 5.0803 2.5170 2.5596
0.4237 2.6161 2.5895 4.4231 6.0177 1.3860 0.1205 0.5565 0.2796 2.8973 3.1353 2.9756 1.4822 1.4948 3.5625 4.5025 4.7861 5.1699 4.1787 1.9416
2.9220 4.9143 0.3863 0.1700 3.0966 5.9287 5.9295 5.4736 5.7043 2.5595 2.0948 2.1992 2.0593 1.2808 5.0063 2.8231 3.8860 5.0410 1.0031 2.6505
1.6691 3.6445 4.7926 5.3174 5.4033 4.0549 6.2455 5.1018 3.6509 2.7193 2.1504 1.6384 1.6837 2.5070 5.8868 0.2662 1.5130 1.5983 1.3911 2.1453
1.7606 2.6920 4.5525 5.9476 5.4941 5.6094 0.4240 4.9358 3.1395 4.1616 2.4631 1.6512 3.6150 5.5200 0.4227 0.3239 2.3846 1.1613 1.2669 2.0870
1.4450 1.9538 1.0930 5.9435 5.2921 0.3030 1.0721 5.2870 1.5419 0.6931 1.3985 1.3979 2.9087 4.4312 5.9038 5.9990 2.2748 2.1496 1.7890 1.5150
0.5435 1.5209 5.2961 1.9384 0.5685 0.8168 0.0065 5.9611 0.7704 0.8628 1.5177 3.3812 2.9792 3.9596 6.0595 0.4892 0.9184 0.4509 2.1005 2.5860
1.4029 0.8347 0.2257 2.1574 1.9143 1.8081 0.0372 1.2714 0.7262 0.6787 1.5727 1.1683 2.5722 2.6620 4.6202 0.7109 5.7545 5.7427 1.4579 1.1055
6.1958 0.4266 2.8299 1.3832 6.2699 0.0912 2.6569 5.1020 1.2837 0.6222 1.4989 2.5089 3.5168 3.9144 1.2297 3.0078 5.8415 6.1179 1.6039 1.1159
