5.3769 5.9203 5.6579 4.6795 5.0630 3.9998 2.5216 3.1519 0.1118 5.7506 0.9042 2.2801 2.4975 5.7737 3.8943 6.1796 6.0161 5.5096 5.8222 5.9001
2.7304 0.3637 0.2459 0.0437 2.3171 3.4905 2.9711 3.8741 4.2960 2.3530 5.3305 0.3738 1.2469 1.3205 1.5902 4.8442 0.0393 5.5830 0.3390 2.6830
3.5548 4.6814 0.4095 0.4526 0.7663 0.4555 1.4804 6.0732 1.6103 2.1552 2.4190 1.3696 0.6589 0.9746 1.1492 5.3914 5.8239 0.4025 1.4950 1.4960
0.5884 4.5213 4.5627 5.9903 5.0595 0.9298 0.8198 0.4330 6.1028 1.1221 1.2945 0.9482 0.4969 0.8354 1.9553 2.3851 3.1908 2.4384 0.4061 6.0857
0.4992 5.5973 6.0563 1.7032 4.4902 0.4668 2.8589 0.6554 1.2530 1.0619 5.6533 0.2584 5.6217 0.0639 3.5975 0.0057 0.6412 5.3082 5.0592 5.1214
0.3733 6.2318 5.7736 2.1450 3.3250 1.7992 3.5217 1.6567 2.0390 2.5700 5.6842 5.7841 5.7461 0.2929 2.6933 0.9279 0.4064 5.5764 3.4268 5.3314
5.3009 4.0210 5.6794 4.1922 3.2603 1.0305 2.6649 0.6716 5.9574 1.7640 0.6459 4.9982 5.0488 6.2363 5.9838 2.5094 1.9302 1.2736 4.1091 3.6266
3.2215 2.3039 3.4222 5.2360 3.2250 1.2433 0.9520 0.2931 0.3879 1.1360 0.6876 5.8978 5.5538 1.0893 4.3704 1.4036 2.5947 1.7484 3.3448 1.9932
5.1340 4.6758 5.0861 5.0950 0.5092 1.5173 1.6510 0.6308 1.4230 1.3951 6.2103 4.6108 1.5975 0.2850 6.0322 1.2703 2.0715 3.2578 5.5845 1.5403
1.5322 4.5067 3.3923 4.3749 0.8393 1.4816 1.6255 0.2189 1.1949 1.4612 1.5149 5.1017 0.0854 1.1474 5.5576 2.0722 5.8929 5.9220 0.3382 5.1815
2.1661 4.4657 1.2502 0.6485 0.8930 0.1392 2.6335 1.0850 2.1647 1.3615 0.9910 5.4733 4.9956 0.1973 5.6249 4.2465 3.0627 0.9239 5.7525 2.8499
1.8978 5.2678 4.0072 5.5966 6.0865 0.7337 1.6673 2.5631 3.8653 4.0203 1.8134 0.6946 6.1305 5.8506 2.0655 4.0876 1.0296 1.6652 5.6043 4.2211
1.1803 2.1517 3.4915 5.5947 4.8153 1.6175 1.3546 4.0950 3.6184 2.8745 3.3332 2.9846 3.9754 5.9845 2.5688 2.4303 1.9689 1.8274 0.8509 0.2736
2.0698 1.7686 1.9801 1.9109 0.8264 1.8125 0.8416 2.8872 3.0126 3.4587 3.6019 5.1124 6.1580 1.2888 4.4306 4.1516 5.5166 2.1635 1.5638 5.0045
1.4738 2.0260 2.2684 3.1228 0.9690 1.8172 4.0015 3.7978 0.6271 1.4682 0.2325 6.1899 5.3112 4.5967 3.8586 4.2661 4.5929 6.1196 0.1899 0.1585
2.9562 3.1779 1.5435 3.5457 2.3491 1.6596 2.6504 2.4562 1.4449 1.6779 1.5075 1.6709 6.0034 5.0394 3.7606 5.2656 1.6512 4.3249 0.4746 5.1573
1.1510 6.1955 5.2511 2.8063 3.5342 3.6817 2.0654 3.4635 0.7360 3.6727 2.8982 1.5933 6.2438 4.7186 3.9239 5.9848 1.3963 2.3325 0.8034 5.1359
0.5254 5.7485 5.7342 4.0198 3.5105 3.8958 3.9556 4.1286 6.1695 5.2613 1.7207 0.5514 0.3755 5.6311 4.7908 4.6997 3.1886 4.3694 0.4840 1.2025
0.0910 0.7633 4.0485 3.4583 3.6736 3.9046 5.2966 4.6694 4.3449 3.0231 2.1144 0.3958 1.8515 0.3186 5.1325 4.5330 4.1431 5.1923 6.2714 0.9094
5.6100 4.5037 4.2254 3.0379 2.2457 5.4692 5.5656 4.1448 6.2078 4.0740 2.6006 1.6404 1.6055 3.5414 4.9426 5.2632 4.4459 4.3356 0.4147 1.8366
