1.4403 1.6775 6.1890 1.5481 1.8030 2.7331 1.3869 2.6954 3.2773 1.0061 2.1114 4.4686 4.2856 1.5232 1.7149 0.9347 0.6496 2.1573 2.0844 2.5402
2.0748 3.9296 3.8770 2.5529 2.0369 1.7580 3.7086 4.1006 4.8692 2.3605 2.6062 4.2504 4.8602 0.2338 1.1871 1.7730 1.7464 2.7109 2.3636 1.5553
1.6989 4.8746 5.2968 4.9250 1.4443 0.7653 1.8252 2.4103 4.2357 3.9432 2.2869 5.7405 0.5280 0.5977 1.1533 2.4547 2.8698 2.6742 3.9605 1.0921
5.4882 0.6385 6.2011 0.3382 0.4468 5.9672 1.9289 2.7614 5.1013 0.5154 2.0926 6.0747 1.6525 1.4566 1.7194 2.8466 2.9912 3.8223 3.5746 4.9911
4.0748 5.3653 5.6868 4.8534 5.5936 0.2402 6.0967 5.2839 5.1160 0.8366 2.3365 3.1814 0.9374 6.0508 2.3214 3.5019 3.1059 4.0439 4.1045 5.0512
3.7465 4.8800 4.8091 0.2562 0.9607 0.3095 0.7888 5.2619 4.7684 2.3291 2.5717 2.2263 2.5330 5.2415 5.4982 6.1640 4.0512 4.5435 4.9088 3.8209
3.8542 4.9045 5.4427 4.3169 4.9508 6.1586 4.4081 5.3431 3.7633 3.3647 2.1559 0.6088 6.2568 4.9390 0.1929 5.5933 3.8494 5.0145 4.6015 2.9681
5.6210 4.3099 3.8267 5.8038 4.2611 4.7419 4.6430 4.8049 2.8399 3.3643 2.6125 1.3316 1.0287 2.6443 0.9197 6.0480 3.4292 4.2436 4.6117 4.7920
3.9159 4.9336 2.7289 4.2894 3.2708 5.2528 4.3179 4.3869 4.4601 2.4176 1.8336 1.5664 2.5614 1.8010 5.6911 0.4987 5.7069 5.3239 3.9800 2.1122
4.5634 4.1314 4.6087 3.9940 2.8877 4.4068 4.9002 3.0465 4.5723 2.6800 4.2498 1.5990 1.4777 2.1142 4.8956 3.9523 5.0626 0.7758 4.8054 4.8966
4.6287 4.9882 4.9993 2.8594 3.3833 1.2812 0.2124 1.6057 1.1320 1.7650 3.0918 2.9586 4.9126 0.0776 5.2791 5.5240 5.5624 3.4952 3.7792 3.6630
5.0273 5.8227 5.1962 0.5103 0.7961 0.6095 1.3848 1.2159 1.9867 0.8989 1.9916 0.1031 5.3847 2.4054 0.6452 1.7357 2.1940 0.3106 5.4679 4.1644
4.4128 5.0821 5.3023 0.4414 0.0468 1.2729 0.9379 0.4153 3.2622 2.8782 2.9062 5.3023 0.4119 0.8533 5.5446 5.8160 0.5420 0.4652 0.8048 4.0417
2.2307 3.4115 5.8242 5.6732 1.3596 1.7431 4.0751 3.9490 2.8278 3.2876 3.0417 4.2762 4.2396 1.6416 5.1574 4.8240 0.8594 0.4662 0.5124 1.0518
1.7796 2.1453 1.7011 4.1242 1.2430 1.8323 3.4794 2.7633 2.8257 1.6306 6.2123 1.8468 5.2983 4.4014 6.2627 4.5495 0.6467 0.5061 0.4244 5.5456
6.0033 4.8703 0.6650 0.6830 0.8732 1.9299 1.4929 1.7941 3.3714 2.1695 1.3737 2.3491 2.5952 4.7406 0.5418 0.0924 6.2315 0.7070 4.2910 3.3194
2.1561 3.7944 4.3101 5.8444 4.2593 5.5522 5.0715 5.9748 4.8939 0.6559 2.1888 2.1893 1.7010 5.4170 0.0041 0.9335 1.6420 1.2063 4.0897 1.4021
3.7520 1.6662 2.7501 3.0359 5.2296 0.4037 5.1598 4.4831 1.8094 1.0972 2.2255 1.1513 2.1037 1.0662 2.9744 1.7440 2.5243 2.8687 2.6493 3.9062
2.4585 2.2827 2.2866 0.0002 0.4167 2.9459 4.0801 5.2416 1.3804 2.6169 1.0216 1.7009 5.1262 1.9351 3.7008 2.0703 3.1053 2.3665 2.3031 3.5667
2.9404 3.4492 1.1370 6.1512 2.3268 2.4798 2.0570 3.7824 0.5386 0.5555 1.8601 1.2533 5.8312 1.3191 1.6584 1.6074 0.7796 2.5822 3.1334 3.8581
