5.2684 5.6261 5.9547 5.7136 5.4953 1.0453 5.2301 4.9963 4.6703 5.8842 4.0565 1.6538 1.5725 1.0020 0.1074 1.1878 5.5514 4.6646 1.1028 0.6181
5.4767 1.3951 5.1255 5.6519 5.9631 4.4161 4.4034 4.3558 5.1580 5.9045 4.9169 4.3642 1.5772 1.1859 0.7755 1.4777 0.6047 1.1562 5.8344 5.5049
4.6327 4.1927 4.5591 3.7377 4.7112 5.1696 3.8833 4.1219 4.6650 5.1581 4.3561 5.0573 6.2216 5.2270 6.1997 2.5836 2.1965 1.3402 1.0755 6.2116
6.1869 2.1131 4.4916 4.2978 3.7343 4.3927 4.6998 3.5516 1.1079 0.9886 2.5575 1.4569 5.7474 0.2475 5.7204 2.8892 3.2400 2.6395 5.3852 5.4303
6.0104 2.8708 4.6508 3.6345 3.6613 2.4532 4.9000 1.7965 1.3827 0.2472 0.9449 1.0112 0.8127 0.3253 5.9704 0.7544 0.5867 1.0908 6.0240 5.0560
5.3695 4.6858 3.4908 2.4830 1.3290 2.5904 4.6997 2.5945 2.4545 2.7637 2.3779 0.0857 6.0019 0.2326 5.2887 6.0768 1.3557 2.1166 0.8492 5.1993
6.0471 0.0025 5.9308 2.5762 3.0476 3.4102 2.4189 1.7783 2.2106 2.8534 4.4769 4.8532 5.5460 4.3991 5.2033 3.7957 0.6836 1.2122 0.1127 5.8106
0.2668 0.1864 5.3037 2.3258 2.2666 1.1038 4.4308 5.7058 4.9491 5.9614 4.3878 4.4363 4.8567 1.5483 0.4413 3.7000 2.8022 2.1002 4.0713 5.7598
0.5038 0.4590 5.8830 1.7664 1.8186 0.5509 5.7831 5.6485 5.3678 6.0875 3.2660 5.2708 6.0289 1.3150 5.7386 4.5648 3.7853 2.5110 2.8809 0.6189
5.2672 0.8989 0.1056 2.8596 1.7000 1.8528 1.0791 0.2608 0.7057 1.0136 4.9957 6.0641 0.5793 0.9407 0.5534 5.4758 5.1196 3.3732 1.7347 1.6448
0.9347 0.4031 6.1704 4.7991 0.9746 0.2815 1.0877 1.0698 6.2636 5.1271 4.3097 5.4573 0.7223 0.8662 1.0825 1.1715 6.1948 5.4027 2.1838 1.8170
4.9439 0.4420 5.7440 0.8774 5.2089 0.9201 5.8171 6.0607 5.0114 4.9515 2.3092 5.7542 4.7944 1.1314 0.5338 5.7401 1.2250 2.6795 1.6465 3.3109
5.3515 4.7596 5.2621 0.0644 3.4783 1.3132 5.5579 5.8137 5.9591 5.3596 2.1068 0.0598 0.5324 1.2268 0.7744 0.2873 1.5059 2.1101 3.4693 4.5785
0.9114 1.2126 1.2279 1.1135 1.1881 2.0741 0.4754 6.1574 4.8296 5.5885 3.7140 4.1298 4.6940 4.0024 5.3991 5.8010 1.5671 3.2434 2.4744 1.1483
0.7640 1.5628 0.3374 0.6168 0.9447 2.6546 2.4476 0.6471 2.2078 5.0559 3.9670 4.6900 3.8085 1.1442 1.5079 0.9566 3.3179 2.4570 4.4875 5.4248
1.3202 1.6117 5.3722 3.2210 0.5163 3.1027 4.4306 2.4130 3.8416 0.6575 1.3749 0.4073 5.8556 1.2540 3.0511 4.5799 3.5502 3.5376 4.7110 4.9924
0.1059 0.1079 0.3535 2.4623 0.8878 5.9809 4.7267 4.3831 4.2188 4.2345 1.4583 4.4166 1.3259 2.1698 1.4715 3.5713 3.1174 5.0860 5.1008 4.6305
5.7759 5.5375 4.7698 4.6647 6.1613 0.2823 1.8662 3.7743 3.7432 2.8014 1.8540 2.6708 6.1553 0.4030 5.9362 5.6063 5.4032 6.1894 5.1998 4.1561
4.2366 5.4129 5.6910 5.8507 0.9646 0.6822 5.4682 0.0975 4.1281 0.8752 1.9076 2.1204 1.4772 0.1823 0.5046 5.5877 0.7465 5.5518 4.4969 5.5067
3.7102 6.1623 5.1932 6.0495 0.9008 0.6102 4.1535 3.6665 4.7775 6.0041 5.4128 4.0914 0.8796 1.5795 0.2784 6.0436 2.3636 6.2804 4.4109 4.0363
