0 0
0 1
0 2
0 4
0 5
0 6
0 7
0 8
0 9
0 10
0 11
0 12
0 13
0 14
0 15
0 16
0 17
0 24
0 25
0 26
0 27
0 35
0 38
0 39
0 49
1 0
1 4
1 5
1 6
1 7
1 8
1 9
1 10
1 11
1 12
1 13
1 14
1 25
1 26
1 27
1 33
1 34
1 39
1 43
1 44
1 47
2 2
2 3
2 4
2 5
2 6
2 7
2 8
2 10
2 12
2 25
2 26
2 27
2 32
2 33
2 34
2 35
2 36
2 37
2 39
2 42
2 43
3 2
3 3
3 4
3 5
3 6
3 7
3 8
3 11
3 12
3 15
3 26
3 27
3 28
3 37
3 38
3 41
3 42
3 43
4 0
4 2
4 3
4 4
4 5
4 6
4 7
4 8
4 10
4 11
4 12
4 15
4 30
4 37
4 40
4 41
4 42
5 0
5 2
5 3
5 4
5 5
5 6
5 7
5 8
5 9
5 10
5 11
5 12
5 13
5 15
5 29
5 30
5 31
5 32
6 0
6 1
6 2
6 3
6 4
6 8
6 9
6 10
6 11
6 12
6 13
6 15
6 29
6 30
6 31
6 40
6 42
6 43
6 44
7 1
7 2
7 3
7 4
7 8
7 9
7 10
7 11
7 12
7 13
7 14
7 15
7 24
7 25
7 29
7 30
7 31
7 32
7 33
7 34
7 36
7 39
7 40
7 42
7 43
7 44
7 45
7 46
7 47
7 48
8 0
8 1
8 2
8 3
8 4
8 6
8 7
8 8
8 9
8 10
8 11
8 12
8 13
8 14
8 15
8 16
8 22
8 24
8 25
8 29
8 30
8 31
8 32
8 33
8 34
8 39
8 40
8 44
8 45
8 46
8 47
8 48
8 49
9 0
9 1
9 2
9 3
9 4
9 5
9 6
9 7
9 8
9 9
9 10
9 11
9 12
9 13
9 14
9 15
9 25
9 26
9 28
9 29
9 30
9 31
9 32
9 33
9 34
9 44
9 45
9 46
9 47
9 49
10 0
10 1
10 2
10 3
10 4
10 5
10 6
10 7
10 8
10 9
10 10
10 11
10 12
10 13
10 14
10 15
10 16
10 20
10 25
10 26
10 28
10 29
10 30
10 31
10 32
10 33
10 34
10 44
10 45
10 46
10 47
10 48
10 49
11 0
11 1
11 2
11 3
11 4
11 6
11 7
11 8
11 9
11 10
11 11
11 12
11 13
11 14
11 15
11 20
11 30
11 31
11 34
11 35
11 36
11 38
11 44
11 45
11 46
11 47
11 48
11 49
12 0
12 1
12 2
12 3
12 4
12 5
12 6
12 7
12 8
12 9
12 10
12 11
12 12
12 13
12 14
12 15
12 27
12 35
12 36
12 37
12 39
12 40
12 41
12 45
12 46
12 47
12 48
12 49
13 0
13 1
13 2
13 3
13 4
13 5
13 6
13 7
13 8
13 9
13 10
13 11
13 12
13 13
13 15
13 16
13 27
13 31
13 35
13 36
13 46
13 47
13 48
13 49
14 0
14 1
14 2
14 8
14 9
14 10
14 11
14 12
14 13
14 22
14 31
14 34
14 35
14 45
14 46
14 47
14 48
14 49
15 0
15 1
15 9
15 10
15 11
15 12
15 13
15 21
15 22
15 23
15 24
15 31
15 32
15 35
15 42
15 48
15 49
16 0
16 1
16 9
16 10
16 11
16 12
16 16
16 19
16 20
16 21
16 23
16 24
16 41
16 42
17 1
17 2
17 3
17 5
17 8
17 9
17 10
17 14
17 15
17 16
17 18
17 19
17 20
17 21
17 22
17 23
17 24
18 1
18 2
18 3
18 4
18 5
18 6
18 7
18 8
18 9
18 10
18 13
18 14
18 15
18 16
18 17
18 18
18 19
18 20
18 21
18 22
18 23
18 24
18 28
18 34
18 35
18 36
18 42
18 43
18 44
18 45
19 2
19 3
19 4
19 5
19 6
19 7
19 8
19 9
19 10
19 13
19 14
19 15
19 16
19 17
19 18
19 19
19 20
19 21
19 22
19 23
19 24
19 31
19 32
19 33
19 34
19 35
19 36
19 37
19 46
19 47
20 3
20 4
20 5
20 6
20 7
20 8
20 9
20 10
20 11
20 12
20 13
20 14
20 15
20 16
20 17
20 18
20 19
20 20
20 22
20 23
20 24
20 30
20 31
20 32
20 33
20 34
20 35
20 36
20 37
20 46
20 47
20 48
20 49
21 3
21 4
21 5
21 6
21 7
21 8
21 9
21 10
21 11
21 12
21 13
21 14
21 15
21 16
21 17
21 18
21 19
21 20
21 21
21 22
21 23
21 24
21 29
21 31
21 32
21 33
21 34
21 46
21 47
22 1
22 2
22 3
22 4
22 6
22 7
22 8
22 9
22 10
22 11
22 12
22 13
22 14
22 15
22 16
22 17
22 18
22 20
22 21
22 22
22 23
22 24
22 27
22 28
22 29
22 30
22 31
22 32
22 35
23 1
23 2
23 3
23 4
23 5
23 6
23 7
23 8
23 9
23 10
23 11
23 12
23 13
23 14
23 15
23 16
23 17
23 18
23 19
23 20
23 21
23 22
23 23
23 24
23 25
23 27
23 28
23 29
23 30
23 33
23 34
23 35
24 2
24 3
24 4
24 5
24 6
24 7
24 8
24 9
24 10
24 11
24 12
24 13
24 14
24 15
24 17
24 18
24 19
24 23
24 24
24 25
24 26
24 27
24 28
24 29
24 30
24 33
24 34
24 35
25 0
25 1
25 2
25 3
25 4
25 5
25 6
25 7
25 8
25 9
25 10
25 11
25 12
25 13
25 14
25 15
25 16
25 17
25 18
25 19
25 24
25 25
25 26
25 27
25 28
25 29
25 30
25 31
25 32
25 33
25 34
25 36
25 49
26 0
26 1
26 2
26 3
26 4
26 5
26 6
26 7
26 8
26 9
26 10
26 11
26 12
26 13
26 14
26 15
26 16
26 17
26 18
26 19
26 20
26 23
26 24
26 25
26 26
26 27
26 28
26 29
26 30
26 31
26 32
26 33
26 34
26 36
26 37
27 0
27 1
27 2
27 3
27 4
27 5
27 6
27 7
27 8
27 9
27 13
27 14
27 15
27 16
27 17
27 18
27 19
27 20
27 21
27 22
27 23
27 24
27 25
27 26
27 27
27 28
27 29
27 30
27 31
27 32
27 34
27 37
27 49
28 0
28 1
28 2
28 3
28 4
28 5
28 7
28 8
28 9
28 10
28 13
28 14
28 15
28 16
28 17
28 18
28 19
28 20
28 21
28 22
28 23
28 24
28 25
28 26
28 27
28 28
28 29
28 30
28 31
28 32
29 2
29 8
29 9
29 10
29 12
29 13
29 14
29 15
29 16
29 17
29 18
29 19
29 20
29 21
29 23
29 24
29 25
29 26
29 29
29 30
29 31
29 32
29 33
29 34
30 4
30 8
30 9
30 10
30 12
30 13
30 14
30 15
30 16
30 17
30 18
30 19
30 20
30 21
30 22
30 23
30 24
30 25
30 26
30 31
30 32
30 33
30 34
30 41
31 4
31 5
31 6
31 8
31 9
31 10
31 11
31 12
31 13
31 14
31 15
31 16
31 17
31 18
31 19
31 20
31 21
31 22
31 23
31 24
31 25
31 26
31 32
31 39
31 40
31 46
32 2
32 3
32 4
32 5
32 7
32 8
32 9
32 10
32 11
32 12
32 13
32 14
32 15
32 16
32 17
32 18
32 19
32 21
32 22
32 23
32 24
32 25
32 26
32 35
32 39
32 43
32 44
32 45
32 46
32 47
32 48
32 49
33 1
33 2
33 3
33 4
33 5
33 6
33 7
33 9
33 10
33 11
33 12
33 13
33 14
33 15
33 16
33 17
33 20
33 21
33 22
33 23
33 24
33 25
33 26
33 27
33 28
33 30
33 31
33 35
33 36
33 38
33 44
33 45
34 1
34 2
34 3
34 4
34 5
34 6
34 7
34 8
34 9
34 10
34 11
34 12
34 13
34 14
34 15
34 16
34 17
34 18
34 19
34 20
34 21
34 22
34 23
34 24
34 25
34 26
34 27
34 30
34 31
34 32
34 38
34 41
34 44
34 45
35 0
35 1
35 2
35 3
35 4
35 5
35 6
35 7
35 8
35 9
35 10
35 11
35 12
35 13
35 14
35 15
35 16
35 17
35 18
35 19
35 20
35 21
35 22
35 23
35 24
35 25
35 26
35 27
35 29
35 30
35 31
35 32
35 37
35 38
35 44
35 49
36 0
36 1
36 2
36 3
36 4
36 5
36 6
36 7
36 8
36 9
36 10
36 11
36 12
36 13
36 14
36 15
36 16
36 17
36 18
36 19
36 20
36 21
36 22
36 23
36 24
36 25
36 26
36 27
36 29
36 30
36 31
36 38
36 39
36 40
36 43
36 49
37 0
37 1
37 2
37 3
37 4
37 5
37 6
37 7
37 8
37 9
37 10
37 11
37 12
37 13
37 14
37 15
37 18
37 19
37 20
37 21
37 22
37 23
37 24
37 25
37 30
37 36
37 38
37 47
37 49
38 1
38 2
38 3
38 5
38 6
38 8
38 9
38 10
38 11
38 12
38 13
38 14
38 15
38 16
38 17
38 18
38 19
38 20
38 21
38 22
38 23
38 24
38 25
38 29
38 43
38 44
38 45
38 46
38 47
38 48
39 2
39 3
39 4
39 5
39 6
39 7
39 8
39 9
39 10
39 11
39 12
39 13
39 14
39 15
39 16
39 19
39 20
39 21
39 24
39 25
39 26
39 44
39 45
39 46
39 47
39 48
40 1
40 2
40 3
40 4
40 5
40 6
40 7
40 8
40 9
40 10
40 11
40 12
40 13
40 14
40 16
40 19
40 20
40 21
40 25
40 26
40 27
40 34
40 35
40 45
40 46
40 47
40 48
40 49
41 1
41 2
41 3
41 4
41 5
41 6
41 9
41 10
41 11
41 12
41 13
41 14
41 15
41 16
41 17
41 19
41 20
41 21
41 25
41 26
41 27
41 46
41 47
41 48
41 49
42 0
42 1
42 2
42 3
42 4
42 5
42 6
42 9
42 10
42 11
42 12
42 13
42 14
42 15
42 16
42 17
42 18
42 19
42 20
42 21
42 22
42 25
42 26
42 30
42 31
42 46
42 47
42 48
42 49
43 0
43 1
43 2
43 3
43 4
43 5
43 6
43 7
43 8
43 9
43 10
43 11
43 12
43 13
43 14
43 15
43 16
43 17
43 18
43 19
43 20
43 21
43 23
43 24
43 25
43 26
43 27
43 28
43 29
43 30
43 31
43 39
43 48
43 49
44 0
44 1
44 2
44 3
44 4
44 5
44 6
44 7
44 8
44 9
44 10
44 11
44 12
44 13
44 14
44 15
44 16
44 17
44 18
44 21
44 23
44 24
44 25
44 26
44 27
44 28
44 29
44 30
44 32
44 33
44 36
44 48
45 0
45 1
45 2
45 3
45 4
45 5
45 6
45 7
45 8
45 9
45 10
45 12
45 13
45 14
45 15
45 16
45 17
45 18
45 22
45 23
45 24
45 25
45 26
45 27
45 28
45 29
45 30
45 31
45 32
45 36
45 48
45 49
46 0
46 1
46 2
46 3
46 4
46 5
46 6
46 7
46 8
46 9
46 10
46 11
46 12
46 13
46 14
46 15
46 16
46 17
46 18
46 22
46 23
46 24
46 25
46 26
46 27
46 28
46 29
46 39
46 49
47 0
47 1
47 2
47 3
47 4
47 6
47 7
47 8
47 9
47 10
47 11
47 12
47 13
47 14
47 15
47 16
47 17
47 18
47 22
47 23
47 24
47 26
47 27
47 28
47 43
48 0
48 1
48 2
48 3
48 4
48 5
48 6
48 7
48 8
48 9
48 10
48 11
48 12
48 13
48 14
48 15
48 16
48 17
48 18
48 19
48 20
48 21
48 22
48 23
48 24
48 25
48 26
48 27
48 28
48 29
48 30
48 36
49 0
49 2
49 3
49 4
49 5
49 6
49 7
49 8
49 9
49 10
49 11
49 12
49 13
49 14
49 15
49 16
49 17
49 18
49 21
49 23
49 24
49 25
49 26
49 27
49 29
49 30
