4.2725 3.4420 2.9904 3.4492 4.0881 0.3680 1.4082 1.7920 1.0383 0.1896 0.4807 5.9171 5.6430 4.3904 4.0510 5.1485 5.6429 4.6064 4.7020 4.1555
3.0354 3.4833 3.5396 3.9819 4.2043 1.0065 0.5181 0.5392 0.3228 1.5022 0.6686 5.4782 5.4034 4.9306 4.8985 4.7271 5.2810 5.6345 5.7094 5.8077
2.5885 3.6170 3.3320 2.4355 3.3729 1.6825 0.7416 0.6088 0.6598 0.5406 6.2397 5.5830 4.9842 5.0257 4.2712 3.8717 5.5950 6.1880 5.7344 5.6667
3.1267 3.8204 3.4874 3.7294 3.4009 0.9617 2.8523 5.6727 5.8712 0.3770 3.7121 4.0112 4.7118 3.6911 3.9177 4.3027 5.0434 3.6121 2.8755 3.5014
4.8416 2.3268 2.7995 3.5357 2.5426 2.6037 3.2496 3.8313 4.6796 4.9240 4.7565 5.3483 3.6361 2.9797 4.4954 4.7232 4.3938 4.6602 3.4979 3.5886
3.1232 2.3507 2.9494 2.0113 2.3316 2.8803 3.0966 4.2992 4.4810 4.8766 4.3101 5.0594 3.3149 3.6967 3.5599 3.5974 4.4513 3.0370 3.7289 3.3815
2.7732 1.8878 3.7975 3.7235 2.9828 2.1968 2.9517 3.6392 4.1565 1.5179 3.2808 3.9147 3.6761 2.7062 2.5206 3.0513 3.1217 2.1229 2.5714 3.0288
2.8467 2.1208 2.9482 2.4744 1.3862 3.2994 3.6612 3.7867 5.7058 0.1064 4.1878 3.0028 3.3834 2.9596 2.0056 1.5225 1.8585 0.3866 1.1483 2.4264
2.8806 2.8650 3.7708 2.1279 1.7349 2.0295 3.6980 1.6821 5.6574 5.4305 3.7483 3.1959 1.9869 1.3402 2.4707 1.8886 1.7413 2.3307 1.9343 3.0765
2.8749 3.7772 3.9250 3.1167 1.6636 0.8072 2.0230 1.6387 1.5323 1.8132 2.6652 2.5680 2.0634 1.3148 2.1596 1.9448 1.7659 1.9273 0.3861 2.7154
3.3526 3.7565 2.6747 3.2716 3.7020 1.4582 1.7695 1.2192 0.8645 1.1177 2.0375 2.2119 1.3548 1.5485 2.3947 2.7780 3.1285 4.0705 2.5941 2.3592
3.3049 3.8881 2.6738 2.7658 5.1611 2.5828 1.8438 0.9559 1.4249 1.6129 1.5169 3.4730 1.1852 0.6586 2.1633 2.6172 4.0396 4.9064 4.1053 2.2253
4.3572 3.5962 2.5763 1.9127 2.5937 2.0452 2.8454 3.4133 1.4652 2.0285 1.4936 1.2106 1.7058 2.0178 1.8241 0.7695 4.5621 4.4002 5.0322 3.9308
3.1264 3.2486 3.1924 2.9329 1.6583 1.1916 1.9569 1.5655 1.8513 1.7508 0.4761 6.0601 1.2473 2.0702 1.4592 2.3337 4.5610 4.1011 4.5772 3.7083
4.3838 3.7135 4.2380 3.1860 3.2122 3.2497 3.4465 3.2687 1.7981 1.8983 1.2338 1.3596 2.2156 2.4412 2.9689 3.3755 3.5997 4.7839 3.9031 3.9385
3.8091 4.5671 5.0535 3.4481 1.5293 2.9619 3.6599 2.3277 1.7891 2.3236 2.4507 1.3092 2.3200 2.6707 2.7328 2.4834 4.6355 4.1868 4.3155 3.6197
4.0451 5.5682 4.4558 5.8903 1.4802 0.6657 0.6884 1.0093 1.3290 1.8590 2.0681 2.3380 3.9278 2.2181 2.0310 1.3227 2.7397 3.8344 5.5016 4.9710
4.1986 5.2244 1.2926 0.6944 1.4033 4.8446 4.4610 1.1404 0.7652 4.7940 5.5724 4.3683 3.8176 3.6339 4.1461 3.7039 0.7078 3.5750 5.2289 5.1470
4.6468 4.7023 4.2441 1.5028 0.7970 0.4790 6.2774 0.0231 0.0930 5.0879 0.4787 0.8234 3.2681 3.8358 4.8410 4.8898 5.6639 5.2961 6.1368 6.1869
5.3671 4.8677 4.6606 6.0985 5.7919 5.8324 1.3350 0.2202 0.5146 6.2829 0.6754 5.0012 4.4630 3.8680 3.5691 1.4729 5.8320 6.0912 5.6656 4.1086
