4.7970 2.6785 3.5013 2.4189 2.1700 2.0066 2.3489 3.0944 1.3445 0.8224 0.4468 5.5730 5.2069 4.9392 4.6699 3.6497 4.5012 5.4086 4.4376 4.9043
3.1478 2.2778 6.0136 2.4586 2.1928 2.0703 3.1006 2.0299 1.2460 0.4071 0.3681 5.6234 4.5319 3.5199 3.7445 3.3348 3.8524 4.7924 5.0693 6.1252
4.1193 0.9410 0.2349 6.1453 1.4314 1.7529 0.9780 0.4014 0.6299 0.2299 0.0042 4.8124 3.9969 3.7827 3.1196 3.5032 5.0071 4.5075 4.3035 3.4994
5.2123 6.1178 5.5030 5.5961 6.1503 5.0458 1.4197 4.7849 0.0663 6.0182 6.0112 5.6652 3.6530 3.2172 2.7423 2.2706 3.9504 3.3556 4.4083 3.6940
4.0658 4.8258 4.6981 5.5909 6.0438 5.8101 5.7616 5.2177 5.7236 0.0286 0.9838 0.2117 2.4437 3.4817 2.6274 2.3485 1.9068 4.0487 4.7857 4.1040
5.6487 5.3065 5.9943 5.4247 5.9497 5.7531 5.9007 4.5076 5.2138 4.6908 0.4047 2.0544 1.7829 2.3682 2.6865 1.3588 2.5702 5.4164 4.7290 5.2640
5.7928 5.8367 5.3144 5.6844 0.3738 6.0175 0.4785 4.8829 5.4446 6.0223 0.8642 1.7496 2.1895 2.2051 2.1620 0.6883 6.0377 5.4645 4.4524 6.2312
6.1658 5.3789 5.2775 4.9793 6.1966 0.2246 0.2549 4.9114 4.9303 0.0982 0.4867 2.1079 2.9404 1.5547 1.5085 3.2196 3.2921 5.3022 4.7309 4.6462
4.8620 4.5272 4.0198 4.8033 0.6196 0.5707 6.0661 5.4929 4.7736 0.0593 5.8905 1.1594 2.4980 2.4153 1.9459 3.8247 4.5886 5.7434 5.8267 4.7901
5.6325 0.5350 4.4499 4.6108 5.0845 0.2623 5.5123 5.0682 5.0649 0.2580 1.2392 2.5313 2.9860 3.0694 2.1616 4.8841 5.6523 4.8941 4.6941 5.1662
1.8541 2.3817 2.7500 2.9980 3.3882 5.9523 5.2120 5.8962 1.3258 1.3780 1.4898 2.4819 3.1615 2.6614 2.3713 1.7690 5.5970 5.2811 4.3103 4.7592
2.6851 3.0708 3.6502 3.1472 4.8849 5.0908 5.4668 5.8810 1.9282 5.0012 2.6087 2.4228 3.1183 3.6997 1.5503 3.2421 5.0954 4.9229 4.6679 4.5638
2.7268 2.7365 2.8698 2.9716 3.6567 5.2652 6.0452 5.3668 3.5958 4.5012 3.6798 4.4873 2.8546 4.1779 3.7271 3.8408 2.8402 4.1960 3.8391 3.7957
3.8161 2.3860 4.8697 3.7308 3.6992 4.3411 2.9147 2.4540 3.3891 3.0242 4.0641 1.7236 2.3287 3.3594 3.6487 4.2766 4.3166 3.7419 4.1777 3.5243
2.9616 4.3343 4.1248 4.1032 3.6490 3.0696 2.4409 4.3982 4.3376 4.2732 2.8907 2.1513 3.6419 2.9045 3.5603 4.5785 4.7090 4.3407 3.8287 3.2242
2.9395 4.2593 3.5428 3.4217 3.5908 3.1997 3.2642 1.4704 2.3130 1.7973 3.3089 3.4071 2.8819 3.6967 3.6119 3.8432 4.2051 4.4772 3.6253 2.9978
2.9661 3.4051 3.6003 2.6968 3.2652 2.4934 2.8133 2.5765 2.6743 1.5474 3.6013 3.6713 3.6968 3.3152 3.4459 2.9121 4.6656 3.7772 3.4789 3.3280
3.5638 2.8548 3.3101 3.5734 3.8489 3.3070 2.6594 1.6439 2.2590 1.2817 3.2675 3.9277 4.1182 4.6240 3.3310 4.0505 4.3462 3.8687 3.9363 2.9706
3.7856 3.8173 2.4739 3.3065 3.8881 3.1389 3.0307 1.2099 0.9261 1.1192 1.8407 6.0290 5.3052 4.7615 4.3701 4.6310 4.7155 4.6261 4.1749 3.6029
3.5653 2.7863 2.3065 3.2176 2.5418 3.5202 2.2814 2.1692 1.2740 1.0062 0.8729 1.5825 5.0855 4.7966 4.9271 4.1338 4.8258 4.9565 3.9666 3.8794
