5.3734 4.4187 3.7745 4.5527 5.8969 5.7528 5.3248 5.6870 5.2583 3.1852 3.8232 4.0479 4.7940 5.4039 4.4213 5.4890 5.2130 5.3831 5.7103 5.4477
4.7539 2.6244 3.7165 3.5928 3.9689 3.6409 4.3410 5.4178 5.2280 3.4850 4.1282 4.1001 3.2626 4.1178 3.7888 4.3850 4.8152 5.6385 4.9106 5.8783
5.0468 3.0305 2.4036 3.1397 3.8512 3.8027 4.7909 4.5813 3.9608 3.4297 3.2445 2.3802 3.9958 4.8241 3.9553 5.2078 6.1343 5.6503 6.0706 5.2890
4.3283 4.9653 1.6387 2.2935 4.7394 3.5387 3.8487 4.3088 4.1026 3.4513 3.6322 2.4248 2.9228 3.4047 2.8507 4.6768 5.1407 6.0310 5.6260 4.6000
3.9671 4.9232 4.6638 3.2133 1.3542 2.8310 2.1777 2.3980 1.4942 2.0252 2.9743 2.4969 2.1762 6.0106 4.5575 4.0155 4.6816 4.1957 4.7366 4.2568
3.0937 2.3989 3.4310 3.9836 1.9040 2.3541 0.6162 1.1108 1.0535 1.8585 2.6796 3.1551 4.9583 4.4504 5.1626 0.3852 5.2349 4.8291 3.1679 3.2021
1.8304 2.5006 2.9175 3.0255 2.3297 3.0251 2.5938 1.9193 0.8543 0.7569 0.8380 1.2839 3.7454 4.1098 3.7533 3.5030 4.1841 4.2819 3.2862 3.2889
4.2469 3.2669 2.5467 2.8420 3.5495 3.4448 1.9505 1.2628 6.1836 0.2360 0.4858 5.9207 4.5643 3.1284 3.0702 3.5375 2.6467 4.5520 4.7856 4.0397
4.3478 3.8312 3.2610 2.0408 2.2580 3.2835 5.8006 5.1093 6.2150 1.0661 5.2562 5.3378 4.1884 3.0480 1.8370 2.1807 2.5049 5.2587 4.3852 3.8802
4.4574 4.7168 4.7308 2.8253 2.8403 4.5334 4.8723 5.1214 0.4547 0.9786 5.5504 6.0344 3.5950 2.6783 0.9384 0.6283 0.7867 5.5882 5.1863 4.7737
3.6454 3.3906 4.4443 2.9210 3.1673 4.1329 4.1707 5.3566 5.4950 6.0544 5.1076 4.6344 2.2650 2.0945 2.3666 1.6156 1.7007 0.1177 4.4721 0.8352
3.3328 3.9246 3.7283 2.9187 3.0708 3.2343 3.3818 3.7838 5.1893 5.0332 3.7041 4.3369 2.1704 2.2249 1.7560 3.3522 1.5610 4.0684 4.4066 1.2036
3.5075 3.0985 4.4615 3.8905 3.7300 3.8118 2.7322 3.7334 4.9838 3.9703 1.5196 1.1340 0.0650 0.8529 2.3312 3.0344 5.0124 4.0769 3.6828 2.4498
3.0056 2.8455 2.6326 3.5966 4.0389 1.4998 2.8774 4.1494 4.5515 6.0230 1.2391 1.2965 2.2895 0.9069 2.3683 3.1968 2.4404 3.5284 1.9803 2.5504
2.6736 2.9114 3.5428 4.3510 4.6297 3.5137 3.7173 4.0019 2.6204 0.6727 0.5393 0.5402 1.5438 1.3861 0.9104 2.1342 1.6334 2.9289 2.5429 2.5351
4.1702 3.3234 3.4738 3.4244 2.8623 3.1084 1.7845 5.1710 6.0841 5.5970 0.6144 0.6015 1.0206 1.8242 1.7438 3.0924 4.8871 2.9449 3.9002 3.0815
4.0591 3.7101 3.0457 3.5836 3.1959 2.7527 3.4632 5.4969 5.5246 5.1500 5.3387 4.6793 5.0433 5.5614 0.4010 5.2865 5.7286 4.0203 4.1426 3.7741
4.0198 3.0645 2.7589 3.5337 5.3424 1.7145 0.2679 5.4373 5.7924 5.6283 5.8063 6.2789 0.2777 0.4983 6.2082 0.3275 0.1471 4.2836 3.9491 4.3776
5.6982 4.7406 3.5987 0.9795 5.7005 3.4634 5.5052 4.6386 4.4702 5.1743 4.0394 5.5020 5.9967 5.6081 5.0954 5.9152 0.8606 6.0944 4.1957 5.1910
5.6843 4.1732 3.7599 4.3523 5.4337 5.6015 4.6771 5.1756 4.2877 3.0984 4.0524 4.2656 4.9437 5.3852 5.3858 0.9816 0.9412 6.2577 3.9483 5.9931
