1.5115 2.0201 1.3263 1.7665 2.0797 1.8786 1.1668 0.8527 1.1348 1.4631 1.8258 2.2896 1.5526 3.9093 3.7224 2.4343 3.2084 2.0089 1.5086 1.3252
0.8034 1.2794 1.0133 1.0860 2.5570 2.2274 0.8139 0.3124 2.5267 2.5630 1.6025 2.3341 1.7101 3.3585 3.3664 2.3174 2.6169 2.5488 1.5650 1.6237
2.3501 1.9490 2.2095 1.1219 1.8984 2.2004 2.6113 2.7702 1.8536 1.8021 1.6950 2.3505 2.7508 2.4069 3.3695 2.7556 0.8734 1.9787 1.5250 2.3478
2.6399 3.0809 1.7375 3.0539 2.9653 3.7117 3.1832 2.1804 2.0216 3.0696 2.3270 2.7179 1.8621 2.8602 2.7591 2.4650 0.3613 5.5080 2.6703 2.4446
3.8439 4.1784 3.8637 3.4096 3.3220 3.3298 2.5306 2.8269 1.7120 3.0164 3.3705 3.1350 5.8201 1.0173 6.0101 0.2594 6.2396 3.0838 2.2027 2.6319
3.3741 2.9537 3.3305 3.5473 3.9450 2.7449 1.9123 2.4767 2.0198 2.2195 4.1393 5.7847 0.4153 0.2560 6.2385 5.8226 5.3092 3.7672 4.1568 3.8711
4.0461 2.5000 5.1160 4.1690 3.1945 1.7360 2.4020 2.1439 1.7938 3.1370 5.1596 6.0648 0.3651 5.4526 5.5440 0.9598 4.6753 4.8810 4.0377 3.0397
3.5506 2.4289 3.2720 4.1160 4.2216 4.4078 4.1807 0.0051 5.9109 0.3475 4.7681 4.8812 5.0224 5.1531 5.4469 5.7098 5.5480 5.4284 4.1090 4.0186
3.1887 3.2501 3.6909 5.4040 4.6776 2.7014 3.5472 4.1604 5.4437 1.0974 5.1853 5.3360 0.6746 0.0040 0.6323 6.2298 5.5150 5.5846 4.4097 3.7574
3.3858 2.9828 2.4067 2.6443 4.2588 3.2355 2.1859 4.4112 4.8700 4.0341 4.7988 5.0301 5.5336 6.2446 6.1571 1.6985 0.5102 5.1173 5.0535 5.5456
5.9180 0.6765 0.5443 3.6143 3.5845 2.0671 3.6062 4.4123 4.0273 5.2500 4.4643 5.7039 5.3142 6.0387 5.5932 0.8556 0.9094 5.3354 5.1557 5.5839
0.0985 0.1282 0.7412 3.0736 3.3406 1.8069 3.1194 4.1666 3.7304 6.1014 4.7686 1.0258 4.3221 4.1130 5.4137 5.7596 6.1852 5.9604 5.2231 0.2955
0.0583 0.6081 1.1626 1.6185 5.7141 0.5249 5.5279 4.7570 4.5962 3.8986 4.6944 4.3675 2.1832 2.1620 3.5443 5.6380 0.3198 5.3349 5.1140 0.1291
1.0118 0.0418 5.8032 6.0772 5.5030 6.2318 6.1852 6.0079 2.9602 3.8760 4.9554 5.0188 3.1563 2.9012 5.3007 4.8988 3.7925 2.8628 1.8614 0.3708
0.4610 1.2034 0.7002 0.8921 6.1076 0.0642 0.5805 0.8122 0.7534 0.0230 6.1951 1.6039 3.2112 2.9570 2.8762 1.8993 2.1397 1.3388 1.5874 1.8034
1.3049 1.0305 0.4866 0.2059 6.0049 0.7447 6.1956 3.8884 0.9174 0.4935 1.8136 1.8724 1.4908 0.9567 1.9979 2.0944 1.8664 0.9395 0.4844 1.5554
1.9796 0.8762 6.2173 0.8116 5.8353 5.9427 5.7033 3.3121 0.7636 1.5584 2.3468 3.2232 1.6206 1.5806 3.1820 2.6256 0.9961 0.5783 0.6581 2.1929
0.6613 1.0201 0.0949 1.5999 0.9523 6.2448 5.6314 5.0240 2.0122 1.4099 2.0977 1.1540 2.6709 3.5362 3.3455 3.7456 5.5642 5.9780 0.9802 0.6950
1.5215 1.8744 1.4057 2.0494 0.9134 0.4701 6.1625 6.0468 2.2195 0.9944 0.8053 2.2613 2.4873 3.9497 3.1769 3.4679 3.5999 2.2773 0.5807 0.7597
0.8236 2.4082 2.3167 1.7025 1.0891 0.8312 1.0128 0.2048 1.0587 1.3864 1.9152 3.7293 3.3451 2.5616 4.7617 3.7132 2.9512 1.9309 0.8171 0.5704
