0.5540 5.8077 4.1748 3.9994 4.7276 5.1536 4.9122 4.1820 3.2960 4.1268 3.7439 3.2567 2.8936 0.6029 4.7013 3.3075 4.2092 2.1484 1.8521 2.4538
1.0365 4.9168 4.3734 3.9821 5.7083 5.8974 4.2136 3.5255 3.8312 3.7361 3.5426 3.8013 2.9947 3.7841 4.8438 4.5715 3.8255 1.3067 1.0360 2.2035
6.1538 4.1496 6.0691 4.7523 5.3996 5.5112 2.5381 3.9201 4.3224 4.0392 3.8751 4.9169 5.1728 3.8603 4.7753 3.7174 4.7835 5.1406 0.4823 0.8464
0.7276 5.5018 0.2695 5.7669 5.6977 6.0967 0.3240 2.2137 3.1142 2.1875 3.5676 4.3210 4.5774 4.6102 5.1516 4.5001 5.0181 0.8735 6.2207 1.0528
4.7303 0.3381 5.7340 5.2406 2.1091 6.0490 5.8485 1.2645 1.8406 1.8435 0.7598 2.0652 3.6683 3.7859 3.1702 4.0855 0.4590 5.9652 4.5044 5.5332
5.6656 5.5946 5.4522 3.4414 1.7852 0.0373 5.7681 0.9158 1.1391 1.2240 4.2161 3.1539 3.7174 3.8995 4.6996 3.9332 3.7592 3.5135 0.5986 0.5997
5.5509 5.4786 5.5994 1.0351 1.8098 1.2200 0.2919 1.1621 1.4299 2.5849 3.4545 3.9086 3.7683 4.6190 4.4994 4.6791 2.6301 0.6975 0.2272 0.3973
3.7920 3.1737 2.6414 2.0786 1.4465 1.8032 1.7624 1.9624 2.2856 2.9853 3.9997 3.2409 3.5024 5.1497 4.2838 4.5137 2.9454 1.6656 1.2404 2.0590
4.1684 3.5832 2.2775 2.7182 2.2333 1.9953 1.9011 1.9748 2.0913 2.5667 4.2257 4.2896 4.0959 4.6696 4.8963 4.9967 3.9437 1.8547 1.7220 2.0362
3.9652 3.4078 1.5140 2.0963 1.7008 1.3775 0.0380 3.5831 2.9418 4.3687 4.1636 4.3542 3.6680 4.1620 5.5163 5.1030 5.0523 1.9088 1.8141 2.1295
4.2391 2.8973 2.2926 1.5270 1.1887 0.6232 0.6568 1.9256 2.7500 2.4120 2.7716 3.8089 4.2514 4.3821 0.2160 4.6029 5.5256 5.8735 1.3707 1.3629
5.8643 3.9173 5.0469 2.8025 1.6352 1.9165 0.4658 1.9994 2.5517 2.4871 2.9259 2.9737 4.8959 5.3470 5.2151 5.7842 5.9026 0.0252 5.8222 5.4485
4.4457 4.7391 4.2983 1.3175 2.9043 2.0559 2.2218 2.6612 2.3107 2.8881 3.3986 3.6993 5.0856 4.1071 4.9993 5.4546 0.2076 0.4913 4.8835 4.9351
5.4746 5.1494 5.5912 2.9670 0.8551 2.1267 2.5091 2.2913 2.0173 3.6322 3.2320 3.4789 2.0750 3.8454 4.6085 3.4788 5.7216 5.8326 5.7975 5.8101
5.5494 5.0551 5.6250 2.2607 1.3595 2.3370 2.0660 2.8648 2.3722 3.5054 4.6877 2.9453 1.7841 0.7159 3.3780 4.7308 4.8290 5.3835 5.7472 4.7547
0.4514 0.5572 1.0755 2.2306 1.9471 2.0360 2.6869 2.7803 4.0700 4.1181 4.9966 3.0309 2.8347 2.2464 2.7896 4.0852 3.4205 4.4318 3.4083 3.2600
5.2753 0.3712 6.1192 4.8832 0.1493 3.2206 4.1418 3.7759 3.4125 3.9598 3.7009 2.6349 2.2440 2.0286 2.5086 3.8972 3.3824 2.6084 1.8780 4.7223
5.4574 5.6535 5.1131 4.5845 5.0768 4.3348 4.1982 4.5896 3.6066 3.2857 2.9973 2.2204 1.8945 2.5340 3.1956 2.9421 3.4391 3.9059 4.6888 4.6256
5.5354 6.1734 5.3472 4.4947 4.5411 4.3828 3.4879 3.6820 4.4101 3.7776 3.5577 2.6537 2.0234 2.5905 2.4879 3.0440 4.8902 4.2173 4.8849 4.8115
6.2615 1.1169 6.0898 4.2787 6.0413 4.4836 4.0744 4.1422 4.2308 4.7773 3.9769 2.6809 1.8192 1.2814 5.0954 3.1946 3.8584 2.6972 2.8830 0.7565
