3.2475 1.7122 2.0933 0.3944 1.3354 3.3870 2.2184 2.1755 2.6753 3.0345 3.3624 3.6804 4.5422 3.6867 3.6574 3.7542 3.6297 4.0283 4.9015 3.3497
4.1620 4.6336 0.1550 6.1249 4.8594 2.6872 3.1788 2.5121 0.0719 4.7481 4.4245 4.5401 3.8935 3.4684 3.3934 3.1636 3.6064 4.5100 4.2968 3.6793
3.5034 3.9193 0.0331 3.4845 3.9442 3.5901 5.2939 3.1963 4.6198 4.3465 4.5356 3.9869 4.1990 3.0794 3.8188 3.4679 4.0175 5.0049 3.8164 4.6088
3.2782 5.8366 5.5635 3.3460 4.2117 1.2655 2.7579 2.7336 4.6612 3.7716 2.2186 3.1834 3.9016 3.6758 3.2748 1.3371 4.8537 5.8375 4.2061 3.5519
2.6856 5.4785 4.3120 2.8121 3.0974 1.9623 1.5409 2.0311 2.7707 2.4021 2.9828 3.2170 2.8077 2.8989 3.3004 1.4079 6.1439 5.3962 3.5540 3.9474
4.8958 5.6521 0.3119 1.5492 1.6992 1.8645 0.7500 2.8861 3.1039 3.5067 1.2467 1.7568 2.5685 1.8130 2.3739 2.3273 6.2190 0.8732 1.0658 1.6838
5.5618 5.6677 0.2750 5.5135 4.4721 6.1264 1.6808 2.0782 3.3048 3.8235 3.0526 4.2259 3.4921 2.8455 2.8627 1.2448 0.6257 0.8170 2.0310 1.9744
1.8279 0.1335 0.3327 5.8237 5.4482 0.8018 1.7308 2.8418 2.8564 2.9693 2.8150 2.9503 3.4875 2.3312 2.1722 1.5368 1.3153 2.0625 2.1671 2.9957
2.1354 6.2517 5.9738 5.2536 5.4627 5.4636 3.4124 3.0450 2.8565 2.3111 1.9767 3.0655 1.7663 0.9456 1.0910 0.0027 2.1053 1.6669 2.8626 3.3667
3.8938 6.0779 5.0196 5.5216 5.7870 5.9587 4.2302 4.0546 2.8855 2.9304 2.7146 2.5564 2.1047 2.5761 3.5677 5.5011 5.9591 2.3310 2.6950 2.1953
1.8322 6.1463 4.1780 4.8780 5.5224 0.0073 3.6682 4.6980 4.4869 4.0681 1.8686 3.3463 1.9079 1.1823 0.0617 0.2211 0.2696 1.3699 1.9374 1.6271
2.1871 1.4924 4.6380 4.0747 4.9948 4.5567 3.3910 4.0043 3.6945 3.7096 3.1781 2.3287 2.2579 1.1337 6.2273 0.0852 0.4132 0.9898 1.1648 2.5380
2.4818 1.6888 4.7512 5.1184 5.0772 3.8144 4.5124 5.4436 4.3785 3.9281 4.0170 2.6264 3.1920 0.9231 1.0149 2.7432 1.7257 1.6354 2.0682 2.1465
3.2073 1.1548 1.2767 5.9327 4.4710 3.3335 0.0914 5.8056 6.2423 4.0054 5.8491 3.3338 2.3699 1.6406 0.8423 0.7928 1.8179 2.0357 2.3034 2.9531
1.6104 2.2963 2.6061 3.2640 3.2564 0.8699 0.0975 0.1235 0.2214 0.4099 2.5060 2.0319 0.6976 1.1136 1.1965 0.9754 2.1714 1.6146 0.8465 0.9662
2.5959 3.5794 2.4622 2.7808 2.5921 2.0928 2.0975 1.1585 0.9912 0.5731 2.0066 2.4033 3.3159 2.9647 0.5112 2.5118 2.4157 3.2410 2.2300 2.2460
2.6770 3.6286 2.7823 2.7595 3.3213 2.8667 2.6064 1.7546 1.4809 0.7559 2.2013 1.4345 2.0076 2.0426 4.4503 3.9979 2.9830 3.3291 4.1002 3.4443
3.8831 0.9376 3.5253 3.5154 3.8312 3.9172 0.5972 1.4175 0.4828 1.6308 1.0617 5.5827 4.3657 3.8965 3.1085 5.2199 4.3987 3.5539 4.6315 3.8615
4.0813 4.1661 3.3705 2.5700 2.9323 3.6859 0.2352 1.8805 1.4488 1.9195 5.5812 4.9808 5.1999 4.9063 3.5595 3.5735 4.3373 3.9673 3.4202 3.7286
1.9947 2.2243 2.0074 0.8829 2.3136 2.7141 3.3227 1.5280 2.7352 3.3258 3.6895 4.1089 4.5064 4.6193 5.4319 4.6284 3.5581 2.7889 3.3819 2.6329
