3.6249 2.7442 3.2563 4.5892 2.9769 3.1271 1.2721 2.1454 2.8893 1.5332 0.9433 0.2247 0.4805 1.5153 3.9203 4.9312 3.6150 4.7679 5.7029 4.4381
2.5114 2.8704 3.4038 3.3990 3.0676 3.2904 3.4928 2.3402 3.6304 1.1115 1.1187 2.0944 1.0952 3.5669 2.9627 4.8094 4.3679 4.1582 4.2774 3.2133
3.7074 3.8166 4.5970 2.2568 2.2869 3.2117 3.5226 3.1495 2.3445 1.5496 2.3610 1.8743 2.9584 2.2153 2.3725 2.2253 3.4564 3.5162 3.4345 4.3088
2.7437 3.6125 3.5081 2.7754 3.3760 3.0326 3.1951 3.5529 1.7180 1.9091 2.4931 1.8346 2.1256 1.9592 1.6934 1.4905 0.9556 3.6118 3.0516 4.3332
3.4650 4.9217 1.3087 2.6340 3.5490 3.5599 2.8087 3.0393 2.1885 1.8902 0.2484 0.9477 1.8972 2.1906 1.8803 2.6978 1.9792 2.4527 3.3616 3.4917
4.6146 4.8699 4.6078 3.4964 3.7658 2.5955 4.0047 3.8753 2.8005 2.8207 1.5687 1.9627 3.0460 2.1667 1.9848 2.8375 2.1526 3.3667 3.5021 4.0500
4.6988 4.6028 2.6768 3.8239 4.1169 3.2925 4.4021 4.2854 3.3481 3.4319 1.5966 1.3469 0.6309 0.6141 0.7253 0.9417 2.1618 2.2771 3.1433 4.8799
3.6436 4.2263 3.9950 3.6206 3.5008 2.0445 2.9512 4.0922 2.9342 2.7375 2.2940 0.9239 1.7631 1.5233 0.9577 0.9672 1.9498 2.1958 3.4846 5.7381
4.8559 4.2992 4.1969 6.0881 3.1185 4.4096 5.2794 3.3811 3.2926 2.3790 0.2409 0.4787 1.3285 0.3772 2.2343 2.1628 3.8748 4.8638 5.2006 5.7379
0.1308 5.5488 5.8446 3.9096 4.1054 4.1503 4.3106 5.3649 5.3435 6.2088 5.8700 0.4340 2.7448 1.0873 2.8601 2.2826 4.1067 5.4285 5.2013 6.1500
1.6981 0.3327 2.8404 4.2937 4.8094 5.8122 0.2374 6.1189 4.7688 5.4499 0.0464 0.1426 5.8681 1.0695 1.9863 1.7257 3.5212 3.2128 2.6538 1.7803
1.2370 1.7075 2.2386 3.1570 2.8562 4.3137 5.9490 5.6966 4.3781 5.6655 6.0160 5.9683 5.8456 5.7865 0.9855 2.4625 2.5352 2.0971 1.2827 2.3910
1.4865 1.1205 2.5558 4.1709 3.1950 4.8597 5.5391 5.5972 5.6718 5.7758 0.0767 0.7121 0.5460 0.0494 0.5486 1.1825 1.6906 1.6867 1.2572 1.6828
2.0516 5.7948 5.3508 5.3865 4.5531 4.3738 3.4923 4.6228 5.4582 5.4196 0.4247 0.3658 0.8386 0.0296 0.7163 0.9601 0.9225 1.9841 3.3707 2.6491
2.3668 1.2382 5.7511 4.9671 5.8458 3.7945 3.2417 5.2418 5.8944 0.3743 6.2765 5.9926 0.2514 0.1324 0.7604 1.5869 0.7541 0.9569 3.3223 3.5283
3.3952 4.2297 4.8410 5.4567 5.7537 5.1185 4.0804 5.7441 0.3779 0.3825 0.0901 5.8380 5.8890 4.9872 0.6089 0.6928 0.0522 0.1810 2.2138 3.3091
3.7990 4.2211 5.0148 4.8599 4.7884 5.0083 5.2214 5.3622 6.1446 5.3968 4.9668 5.7078 0.4906 0.7769 1.9420 1.3433 6.1371 0.3151 4.2025 5.0897
5.0500 2.7730 3.7177 3.8321 3.9653 4.2381 3.2647 6.2547 0.1786 6.2414 5.5870 0.3255 1.6012 0.5218 0.3374 5.7509 5.9131 4.8996 4.7637 4.8339
3.9913 3.1801 2.9330 3.3801 4.7825 5.6706 2.9823 6.1194 6.2100 1.1498 5.8751 0.3473 0.1348 4.7480 5.7128 5.4731 4.8288 4.8901 6.2311 4.3805
4.1007 4.2017 2.9274 3.6000 3.6454 3.1999 1.7514 3.0736 1.1724 2.6042 1.0663 1.2115 5.7480 2.5724 4.0132 5.4504 5.0098 5.2393 6.0755 2.9360
