3.1166 3.5825 2.4082 4.1339 4.5845 4.3045 3.2086 2.8854 3.3424 3.8922 2.8676 3.4531 2.8233 2.4372 3.6804 2.0263 2.0061 0.5484 0.8841 1.2178
0.9874 4.8727 3.4558 3.7522 4.5915 5.6279 3.8703 1.5620 2.7439 4.1132 2.4633 3.2475 2.7419 3.4078 3.2254 2.7767 2.8560 5.8900 0.8788 0.4462
1.4435 3.9494 3.4779 2.9637 2.3819 5.0066 0.4452 1.8431 2.3193 1.5465 2.0271 1.1070 4.2961 3.0516 3.4630 3.3738 4.4378 5.7522 0.4507 1.1319
0.5265 3.3848 5.1354 2.8744 2.5744 5.8183 0.4279 1.3243 1.3364 0.7798 1.1959 0.9150 0.3690 4.1810 4.0668 4.6556 0.7551 0.6716 0.3220 0.4458
2.0744 2.3416 2.3235 1.9395 6.1889 0.2142 0.5052 0.7851 1.2298 0.5117 0.1181 4.7774 5.4838 3.4777 2.3335 4.9919 5.9768 0.9890 0.1663 0.9825
1.8055 2.1136 0.8230 0.9628 0.7135 0.3316 6.1657 1.2692 1.0227 0.4879 0.2465 3.9297 5.0860 4.1260 1.9415 0.0410 1.7763 3.3049 2.0290 1.7490
0.8431 1.3370 0.9083 0.8957 0.2691 6.0398 6.2817 0.9337 1.0424 1.2601 1.0398 1.8794 5.8469 0.5260 2.1130 1.2451 1.1878 1.2475 2.5503 1.8629
0.6989 5.4925 6.0040 2.2408 5.1857 5.2607 0.7295 0.6840 5.6128 0.4123 0.5543 0.0387 5.5377 0.4103 0.3134 1.9508 1.4513 1.0792 3.3555 2.7176
0.5668 5.3756 6.2125 6.0849 5.1290 4.9677 0.7053 5.0939 5.7649 0.8532 0.4062 1.0894 5.0373 5.5658 0.0499 1.3435 2.0192 1.5996 2.4700 0.5542
0.5364 6.1422 5.7813 1.9386 3.4470 4.7635 0.3897 4.8958 5.6134 6.2581 5.9991 3.6000 4.4377 6.0012 0.1875 1.0545 0.7240 2.0348 1.1681 0.6455
0.6693 0.4691 1.2324 2.4618 3.4118 5.4992 5.8668 5.0018 6.0779 3.0990 4.9341 4.0488 4.3560 6.1557 0.9692 0.5173 1.1478 1.9871 2.1452 1.2771
3.7699 5.6753 5.5492 1.6901 1.6327 6.1401 5.9699 4.8205 0.1260 4.6314 4.4420 5.6026 5.3088 0.5838 6.2827 1.4326 1.6674 1.8879 1.4580 1.9203
5.0498 5.2400 5.8037 0.8528 1.6486 0.4918 0.2619 0.9929 0.2352 4.9900 0.1037 0.8094 6.2164 0.8927 1.7955 1.6346 2.0790 2.4906 3.6367 3.2313
0.5601 5.8347 4.1276 3.6237 2.2566 1.7020 6.0717 0.2242 6.0191 4.7739 5.2103 0.1384 0.0189 0.8178 0.9424 2.8113 2.8500 2.1217 2.5096 0.8043
5.7887 5.5987 6.0277 5.2718 1.9511 6.0607 5.8954 1.0241 6.2143 4.3575 5.8692 5.9177 5.1833 0.1893 1.8592 2.6562 0.5133 2.9468 2.1475 4.8841
5.7110 5.2868 5.8856 3.2182 1.7514 0.5219 0.7423 0.7813 6.2152 3.9414 2.9293 4.0291 4.2107 2.8014 1.8564 2.3739 2.5511 2.1034 1.3775 0.8799
5.1538 5.1307 5.2611 3.1516 4.0484 5.3423 5.7902 0.0750 5.7561 5.7285 3.2332 2.5630 4.0925 4.5398 3.6094 2.9314 3.0299 3.4935 1.6392 0.4073
5.6792 0.1202 5.5808 3.9581 4.0566 3.4533 4.4000 4.8998 4.4687 4.2056 4.9713 3.9063 3.7814 3.8752 3.5072 2.9966 3.5305 2.2730 1.2368 5.4196
1.2356 5.4224 4.4900 5.5188 5.2303 4.8328 5.0447 4.2364 4.1470 4.3922 3.8603 4.1185 3.9848 3.6333 4.0366 2.8491 2.6250 1.0259 1.6442 0.6999
2.3778 3.7113 3.1560 3.0069 5.2025 5.0139 6.2343 4.4175 3.4087 3.8795 2.2716 4.2001 2.0581 1.5034 3.0995 2.8850 3.1392 1.3156 2.0758 1.6629
