4.3916 4.5232 4.8435 5.0267 4.9581 3.9556 4.5920 4.9868 4.8376 6.1104 1.8009 1.7481 1.7853 1.8374 4.8002 4.2839 3.7007 2.7450 2.2418 2.9033
2.3575 3.2556 0.5927 3.4165 4.8182 5.5479 3.4382 5.3611 5.0447 5.5049 2.1051 1.5783 2.1137 1.0622 5.2989 4.1038 3.5121 1.9777 1.9938 2.0986
2.4009 2.0705 4.0705 3.7701 5.0107 0.0023 5.1703 5.2951 3.7802 1.9383 1.3966 2.4551 5.7833 4.3821 4.8884 3.4153 3.7620 4.8410 5.0655 2.7489
1.8406 2.3979 3.4426 0.8140 4.6063 5.6979 3.8243 4.6034 3.7963 1.6735 1.1423 1.2954 5.8385 5.6398 5.9187 5.3489 5.5927 4.9577 4.0240 2.7945
3.3997 3.0171 3.2682 3.1967 4.0466 4.0262 5.2750 4.0278 3.7795 2.5636 1.3479 0.9431 0.5780 1.2195 0.3863 5.7931 0.1861 6.0235 4.6536 3.4084
3.5949 3.7766 3.8837 3.5961 3.0689 3.1710 3.3843 4.3915 6.0659 0.4580 5.6023 0.1013 0.6065 0.2269 5.6267 4.7625 5.5902 5.7513 1.9780 2.9749
3.4841 5.3909 3.3591 3.1056 2.8312 2.5372 3.2530 3.9547 4.2058 5.5034 4.8577 6.0709 1.3970 0.1190 5.8252 5.4903 0.4245 1.0218 2.5263 3.7381
1.7498 2.8981 2.6686 2.8927 3.4502 1.6209 2.8267 0.6123 0.0308 5.6113 5.2688 6.0368 5.8513 0.2986 2.2868 5.8600 0.1291 0.2787 0.9968 1.0820
1.4812 2.1586 2.4510 1.5227 2.7741 0.4962 3.1499 6.1841 4.1423 3.6037 4.7856 5.4186 5.1503 1.0380 0.4603 5.3348 6.0550 0.7463 0.8925 0.8387
0.8641 2.2797 2.4938 2.4191 3.0604 1.2173 3.0994 5.2029 4.4574 4.0341 4.0564 6.0029 5.4028 6.1387 6.0364 5.4943 5.4942 5.5590 6.2168 5.9417
3.5099 2.4973 0.4759 0.6543 2.1253 2.3676 3.5079 4.2855 3.5312 4.7440 4.9057 6.0608 5.6235 5.3350 4.3929 4.2826 5.6832 4.6231 4.7085 4.8400
3.0293 2.8048 1.8536 1.3598 2.8918 3.3309 3.7935 2.8043 5.6246 5.4955 5.9654 0.1998 0.7554 5.3936 5.4015 5.5407 6.1782 5.3242 5.7222 4.0528
3.7566 2.4307 2.2306 1.5084 5.2280 3.1867 3.1415 2.8602 5.2199 0.5340 5.8282 5.9822 6.2824 0.8511 5.8907 5.9838 5.6444 5.1295 4.6999 3.7604
4.0504 3.2280 2.3848 3.9263 4.9102 4.7484 4.3213 5.2790 0.2346 6.0504 5.2138 4.9498 5.7686 1.7564 6.1260 0.3021 0.1442 5.0494 0.9107 3.5977
1.9871 4.4017 5.3828 6.2525 5.1305 4.8798 5.5446 5.1460 4.5106 5.0818 5.2439 5.8305 5.8023 1.3803 5.6258 0.7970 6.2240 5.9218 0.9369 0.3664
2.2326 3.0564 4.9353 3.6386 4.0606 4.6761 6.2398 5.7364 3.5464 5.6941 0.8678 1.3819 0.1657 1.5282 5.8946 0.3754 0.0800 5.5966 0.3554 1.3869
0.4895 0.3839 1.0320 1.4107 2.0222 4.9209 0.0512 0.1773 4.4689 5.8540 0.7745 0.7602 0.2421 1.0102 1.7548 2.1662 1.0498 0.5693 0.0564 0.6019
3.2084 5.9236 0.4955 0.6342 5.5555 4.1786 1.1062 6.2740 0.3808 0.5997 0.2869 0.3095 0.5481 0.6772 1.8475 1.7474 2.4522 2.0398 0.7885 0.7969
5.3017 5.4346 0.4535 0.6211 0.2860 4.3125 4.3078 3.8272 5.7268 0.0152 6.2549 0.1879 0.0119 1.2255 0.4329 1.5013 1.7219 1.9639 0.6990 0.2618
5.4695 6.0276 2.7092 5.0828 4.3089 3.9682 5.0526 5.0222 6.2022 6.0071 0.8066 0.4266 0.0603 1.6408 5.6550 0.3631 3.3203 1.8258 0.7408 0.4470
