3.4288 2.1623 2.3889 1.7081 0.9805 1.9495 1.0150 1.9247 1.0510 1.9952 0.6950 1.1212 5.7954 0.6146 6.0437 0.6286 5.0137 5.5307 4.3037 5.1558
3.3728 4.3983 3.7605 5.0853 5.9422 6.1435 6.1867 5.9042 0.4006 6.0103 6.2137 4.9743 5.4040 4.4475 5.1984 4.0534 4.5617 3.6683 3.0186 2.9545
2.0813 1.4500 2.7249 1.8241 5.6971 4.5105 5.1913 2.6783 0.9373 2.0567 0.6692 1.4363 0.0315 0.7079 5.6413 0.1945 5.9487 0.7012 1.6371 0.8770
2.4957 4.1920 4.5644 4.8058 5.8463 0.1914 5.5150 0.1281 6.0924 5.8633 0.0839 4.8423 5.7001 4.4779 5.0898 4.0515 5.2259 4.2368 2.3990 3.2970
1.5712 1.0588 5.4629 0.1714 5.8066 4.3018 5.1054 4.4138 5.4162 5.2329 5.8500 6.1092 0.0419 6.2090 0.0763 0.2881 0.5618 0.6411 1.5979 0.6733
2.4955 3.7595 4.7935 4.2895 5.5878 0.1973 5.6485 0.2720 5.9027 0.8525 0.0565 1.8871 1.1213 1.7505 1.1393 2.4430 1.5905 2.8643 2.1104 2.8994
1.4029 0.4824 5.7541 0.3855 5.5217 4.5521 5.3198 4.7588 5.3218 4.7913 5.6787 5.1978 0.1338 5.7359 0.5463 6.2704 0.7387 0.4007 1.7961 0.5867
2.0099 3.2081 5.2921 4.3707 5.4661 0.5988 6.0158 1.0439 0.0338 1.2387 0.2263 1.1181 0.7651 1.2236 1.0069 2.0542 1.4348 2.3488 2.2810 3.1648
0.5964 5.7843 6.0775 5.8327 5.3138 4.5754 5.7538 5.1119 5.8465 4.9675 5.7960 5.2385 5.9830 5.5070 0.5548 5.6678 0.4041 6.0658 1.0573 0.4052
1.3390 2.1737 0.7206 1.3476 0.1350 0.2450 6.1670 1.0369 0.4186 1.2036 0.2745 1.4802 0.4046 1.4748 1.0601 1.8327 1.3876 2.0723 1.4974 2.5276
0.5574 6.0270 0.0624 4.8887 5.5404 4.5964 5.2969 4.7360 5.3657 5.0929 5.9558 5.3460 6.1929 5.4956 0.0135 5.6332 6.1195 5.4949 0.5666 0.0014
1.3241 1.8789 0.9628 0.4583 0.2841 0.5591 6.0406 0.5552 0.0984 1.4473 0.5647 1.4131 0.5324 1.8137 0.6220 1.5539 0.8179 1.5281 1.1959 2.0189
1.0427 0.3000 1.1641 2.3459 1.4576 3.4435 4.8142 4.0026 5.4330 5.7138 5.8119 6.2749 0.1755 5.2162 6.2808 5.5831 0.3100 5.6121 0.1622 6.2270
1.8111 2.6361 1.2139 6.0582 1.0406 0.1238 5.7318 0.0468 5.1549 3.9166 4.9391 4.2612 5.8287 1.0568 0.6441 1.3893 0.6350 1.9601 1.5229 2.4654
1.2777 6.2628 1.0210 2.3815 1.6297 3.2946 4.5355 3.4507 5.1639 0.0814 5.9065 0.7111 6.0148 5.2185 5.8784 6.2202 5.9755 5.7342 1.1902 0.6095
2.2821 2.6555 1.1393 6.1798 1.0574 6.2761 5.0957 5.2939 4.8792 5.1705 5.5347 4.2133 5.4474 0.0185 5.4400 3.8543 5.1500 3.2227 2.1342 2.7171
2.1954 1.3957 1.9992 2.6009 1.9091 3.2668 4.2433 3.4285 3.7129 1.7355 0.2239 0.3917 5.4522 4.0586 4.8699 0.1983 5.8777 0.1219 1.6054 0.7391
3.1243 3.6079 2.4531 6.2756 1.0538 0.0035 0.1581 5.7550 3.7901 4.8284 4.7148 4.8775 4.9843 5.6369 4.8467 4.0736 4.4216 3.6864 3.5024 3.0332
3.4593 1.3748 1.9187 2.0751 1.3418 2.0413 1.3163 2.8914 3.0917 3.0121 4.1437 3.0744 4.4121 3.4267 5.0540 6.2815 5.2191 5.7813 3.9777 5.1316
3.6053 3.5977 2.8450 5.0854 0.5848 5.8377 0.2091 6.0641 0.2467 5.6372 5.3705 5.5629 5.5033 5.3015 5.0755 4.3082 4.9471 3.2359 3.6277 2.7132
