2.1147 1.2786 1.2119 0.6712 6.0860 0.7609 0.1099 0.6241 6.2617 1.0034 0.4723 0.9776 0.0211 0.6621 6.2008 1.0747 0.7509 1.5394 1.3430 1.9710
2.2625 3.5794 2.6015 3.8429 4.9975 4.3617 5.2189 4.2963 5.0717 4.6248 6.1152 4.9963 5.7160 4.6971 5.3729 4.9084 5.8144 5.0407 6.0527 5.2529
1.4451 1.3033 1.1218 0.3924 5.6479 0.2905 5.4185 6.1061 5.7174 0.1661 0.7770 0.8375 6.0283 0.4847 5.6858 1.3457 0.6722 1.4413 0.8512 1.7498
6.2190 5.4904 0.0048 4.5196 4.8931 3.8580 4.7068 3.8629 3.9545 3.7497 2.9371 4.1021 5.3338 4.7600 4.8997 5.0287 5.2604 5.7882 6.0351 5.9185
5.9976 0.9990 0.3280 0.9175 5.7787 0.1393 5.1587 6.1762 5.3435 0.2694 1.6075 1.0030 1.0382 1.2282 3.8651 2.9322 4.1119 3.9880 5.0104 4.6502
5.5248 4.6939 5.3163 4.5452 5.4474 4.3365 4.9237 3.8525 4.3000 2.9886 2.1066 3.0432 2.1140 3.7091 4.7204 5.0154 4.8279 6.1243 5.5893 0.3315
5.8096 0.4646 6.0721 0.5220 6.0090 0.6769 0.1816 0.2673 0.3974 0.0943 0.7078 0.2322 0.9667 0.2304 5.6901 0.2035 5.4170 3.8229 4.8455 4.4156
5.2229 4.3941 5.4745 4.7571 5.8808 6.0737 0.1682 2.7064 1.4463 2.2271 1.6740 2.5084 1.9716 3.3947 5.0328 3.8535 5.2366 6.0886 5.3432 0.1607
5.2523 0.4851 6.0954 0.8537 0.5619 1.7617 0.4817 0.0704 0.9721 6.1761 0.2766 5.9402 0.6701 0.1507 6.1559 5.7198 5.2398 4.4515 5.0268 4.8144
4.9351 4.4792 5.5736 4.5238 0.1891 5.8833 0.7323 1.1226 1.4819 1.8491 1.3857 1.6155 1.6578 1.4829 0.3339 1.0225 6.1688 0.5186 5.3545 5.0428
0.0680 0.4848 6.2652 0.8747 0.5566 1.7331 1.5098 2.9454 2.2193 3.9258 2.8404 4.5456 3.0255 4.9522 5.6875 4.9306 5.4503 4.4521 5.8736 0.4119
5.1942 4.5250 5.4089 4.9318 0.0382 5.9873 0.6351 0.4064 1.7265 1.2545 2.2889 2.2411 2.0987 2.0612 0.4741 0.9437 0.2235 5.5521 5.2563 4.2221
5.9628 0.0533 5.8935 1.1385 0.9385 2.4444 1.7106 2.7856 2.3192 2.9302 2.2987 0.2206 1.1291 6.1781 6.2616 0.2237 6.2002 0.8497 6.0975 0.3198
4.5260 3.9277 5.0297 5.0077 6.2514 6.2088 1.0571 0.1011 1.2648 0.9043 2.0158 2.3915 2.0325 3.2734 4.9956 4.3150 5.1227 4.1486 4.6215 4.5156
4.7141 0.1066 5.2011 1.5134 0.9320 2.0805 1.5930 2.7680 1.5042 2.7963 1.5042 0.1155 1.4220 0.5615 5.8002 0.2645 5.9873 1.1777 2.8619 2.4769
4.6254 4.5271 4.6281 5.0196 6.0610 5.4683 0.4985 0.2077 0.3971 6.2139 1.4669 2.7620 1.6992 4.0405 5.1677 4.9197 5.1880 4.7156 3.6855 4.9947
3.2302 2.1246 2.8445 1.7786 0.6180 1.4196 0.7386 2.0470 0.9699 1.8459 0.4892 0.6627 0.7454 0.6535 6.2497 1.2445 0.1524 1.3696 3.0861 2.5483
3.5141 4.7570 5.1635 5.2529 6.0281 5.3419 5.8432 5.3854 0.1750 5.5679 5.7469 4.9247 5.8301 4.9353 5.7928 5.0600 5.3589 4.3010 3.5572 4.4168
2.5751 1.3881 0.2411 1.0340 0.1793 0.6621 0.2222 1.0026 0.3753 1.0709 0.0206 1.2389 0.0061 0.5045 6.0765 0.7959 0.1968 0.8960 2.4673 2.0000
3.5765 4.4020 5.5505 4.7881 5.6562 4.8430 5.2463 4.8307 5.3388 4.9930 5.6743 4.6524 5.5333 4.4430 5.6335 4.8365 5.8315 4.3389 3.2400 4.3655
