2.4159 1.4972 2.2303 3.7147 2.8185 3.1020 2.3253 2.8372 1.7801 2.3891 1.9956 3.0103 2.2822 3.6863 5.1388 3.5186 4.0780 2.2735 2.8212 2.0027
3.4410 2.8294 2.4883 1.5446 2.1119 1.4048 1.9336 0.4425 1.2383 0.1453 0.9778 0.4410 1.6365 0.3157 5.3897 5.5728 4.4091 4.7702 3.9631 4.4841
3.3425 4.6762 3.5738 4.0342 3.4898 3.8606 2.8185 3.3271 2.0720 2.8685 2.1103 2.8160 2.3184 3.3963 4.4023 2.9808 3.5167 2.4882 2.9157 2.4742
3.3163 2.4119 3.2462 1.7501 2.6665 1.5144 2.3948 1.0479 1.2057 1.1708 0.9392 0.6646 0.7098 6.1612 5.4137 5.4606 4.2592 4.9640 3.6672 4.6420
3.1754 4.9078 3.7472 4.5214 3.6081 4.1146 3.3456 4.5396 5.7400 5.2510 6.1017 4.7909 6.1790 3.7223 4.4116 3.2999 3.4579 2.8793 3.1505 2.7606
3.4104 2.4941 2.8850 1.9845 2.8839 2.2596 2.5213 1.3099 0.2518 1.1649 0.3674 0.8864 6.0978 0.0043 5.3404 5.4576 4.7796 5.0304 3.9357 3.3604
3.9121 4.7306 3.7319 4.4452 3.8115 4.2013 3.4390 4.5263 5.7886 4.8839 5.9450 4.6827 5.5495 3.4320 3.9529 3.0847 3.7877 2.7146 4.2141 5.2494
3.7848 2.6730 3.4902 2.2804 2.9982 1.8669 1.3981 1.1066 0.2044 1.0100 0.0900 0.9549 0.3768 6.2335 4.8480 5.0689 4.4600 5.1972 4.2169 3.2113
4.9288 4.9613 4.0907 4.3752 3.9838 5.2225 0.1885 5.2530 0.0815 4.9553 5.4027 3.6664 1.0986 2.7268 3.3765 3.4089 4.7145 4.4932 4.7705 5.2291
0.2859 2.3998 3.3625 2.2469 3.1509 1.9656 1.7910 1.3072 0.4289 1.2707 6.2674 0.6179 0.4907 0.0697 0.8160 6.1511 5.6666 0.4708 6.0916 1.1736
5.7497 5.0703 3.9013 4.4972 4.0759 4.4494 3.0927 4.2319 5.1350 4.6569 5.4158 4.6705 0.5524 2.0795 1.5412 2.4131 5.4280 4.6522 5.7534 4.8981
0.4896 1.5493 3.5643 2.4206 2.8996 2.3620 2.5154 1.1628 0.1003 0.7466 6.2207 1.2591 0.2967 5.5801 0.3075 5.5013 6.1532 0.8062 0.4895 1.2687
6.0923 5.1398 3.7763 4.2138 3.6456 4.1336 3.4911 4.2730 5.5212 4.8914 6.0597 5.4867 0.4090 1.3674 0.7944 1.3397 0.0541 5.1903 6.1765 5.2981
0.7133 1.8307 2.9004 1.9679 2.9920 1.5955 1.7802 0.9009 0.8288 0.5199 0.2969 0.1415 0.4390 5.7672 0.3302 5.4802 0.2293 1.4969 0.9008 1.6944
0.1658 5.0306 3.5508 4.7620 3.8941 4.1508 2.9331 3.3802 1.9783 2.7996 1.5682 2.2964 1.1114 1.7312 0.9233 1.4911 0.5358 5.6220 0.2566 5.7882
1.8881 2.4694 3.2448 2.3691 2.7045 1.7088 2.5794 0.7146 1.2744 0.1954 0.5918 5.8793 0.3790 5.4708 0.3067 6.2206 0.5727 1.1891 1.1438 2.6404
0.6712 6.1956 3.3189 4.2832 3.4039 3.7818 2.3593 3.0886 1.9602 2.4986 1.4001 2.4331 1.3836 1.7391 1.4803 2.4836 1.7667 2.6168 1.6709 0.2275
1.9308 2.9686 2.7098 1.9151 2.5513 1.5043 1.6424 0.7607 1.3452 0.2425 0.8344 0.1001 0.5844 5.7292 0.1210 5.9732 1.0257 0.4586 1.5553 2.4556
1.8071 0.8306 2.4945 4.1193 3.2828 3.8015 2.2988 2.9831 2.0650 2.4403 1.9825 2.9548 1.6534 2.2488 1.0232 1.6026 1.3167 2.1162 2.3841 0.6158
2.7385 3.5974 1.9604 0.8408 1.8272 0.8351 1.2801 0.5093 0.8232 0.0089 1.2144 0.5398 1.4505 0.3708 5.8786 5.3028 4.8371 5.0560 2.8060 3.2361
