3.9839 4.7098 3.7468 4.7646 4.0320 4.7578 3.1790 3.6693 2.8683 3.7458 3.2207 3.3400 2.6974 3.8029 3.5801 3.7454 3.1327 4.1188 3.8811 4.8247
2.9849 2.2946 2.9283 1.9827 2.9789 2.2484 2.5089 1.2740 1.2115 0.9002 0.7247 0.8301 1.1300 0.7311 6.1830 0.2852 2.3862 1.8073 2.9589 2.3803
3.3525 4.2079 3.4740 4.4145 3.7597 4.4461 3.6810 4.5605 6.2493 5.1741 5.8495 5.3086 0.0700 4.9870 4.9850 3.9812 3.4001 4.0786 3.4341 4.6446
2.3309 1.6908 2.5726 2.1841 3.0902 2.5098 2.6845 1.5402 0.5357 0.9678 0.2612 1.0710 0.2887 1.1002 0.0949 1.1927 2.6211 1.5224 2.4969 1.7889
3.0356 4.1082 3.2365 4.2048 3.2112 4.2549 3.5077 4.4314 4.9423 4.5541 5.3736 4.6015 5.4580 4.7120 5.4288 4.3700 4.1156 3.8974 2.9993 4.0442
2.0105 1.5026 2.1218 2.1558 2.2953 2.0087 1.8462 0.7700 0.5093 0.8436 0.8952 1.3107 0.2334 0.7005 6.2589 0.5357 0.1363 0.9694 1.9157 1.6209
2.6647 3.2415 1.9098 0.3124 0.8495 0.2368 1.3695 2.3624 1.8447 2.8004 0.6133 4.7886 5.8125 5.2610 5.3711 4.7404 5.3869 4.2590 2.6227 3.3341
1.5596 0.7567 1.8423 2.5380 1.6580 2.2411 1.3432 0.0062 1.1718 0.9771 0.8560 1.3274 0.4305 1.2894 5.8862 0.5924 6.0628 1.0715 2.2174 0.8554
2.5004 2.9987 1.7360 0.3093 1.0257 0.0971 1.2010 1.1804 1.0920 0.3437 0.0402 5.8653 6.2160 5.4405 5.1135 4.9380 4.9070 4.2213 2.7266 3.8060
1.6406 0.7331 1.4680 2.4450 1.9847 2.7557 2.0868 3.1486 1.4421 2.2828 1.1690 1.7427 0.9813 2.5868 4.3334 3.4197 3.6932 2.0404 2.1208 1.0131
2.3562 3.0586 1.4418 1.0291 0.8253 0.8088 0.8228 0.6202 0.4704 5.5514 0.0267 5.7414 5.9080 6.1076 5.1077 5.6990 4.2574 4.5109 3.0407 3.5717
1.7322 0.2511 0.4914 4.9931 5.6456 4.5102 5.5297 4.7728 6.1311 0.0903 5.4202 4.4128 4.7274 3.5786 4.7488 3.3820 4.0983 2.3608 2.4722 1.3523
2.6595 2.7060 2.0235 1.2147 6.1951 0.1204 5.8811 0.5343 5.7177 4.3476 4.9277 4.8192 5.4940 5.3395 5.3981 5.6616 4.9369 4.7544 3.9221 3.4761
4.2889 4.7685 3.3680 4.3302 5.1056 3.9960 4.3967 4.1299 5.4516 6.2474 5.4933 0.5651 5.9457 0.5022 5.3748 4.9483 4.2459 4.4603 3.4800 4.8229
2.2731 1.7342 2.5809 0.6902 5.7657 5.9741 4.6157 5.1269 4.1699 4.2610 4.1933 4.4630 5.3555 4.2376 4.6222 2.5968 3.0870 2.2382 2.7354 2.0947
3.5708 3.0763 3.3535 3.1773 4.3648 3.2178 3.0904 2.3511 2.8589 1.9446 3.0127 0.8981 0.3400 0.0043 5.0264 5.1263 3.8208 4.9602 3.7631 4.1728
4.1132 5.1345 4.0679 5.1729 4.3737 5.0295 3.4912 4.6637 3.3792 3.7850 3.0229 3.4564 2.1689 3.3170 4.4155 3.0632 3.5349 2.6606 3.0983 1.1701
3.9469 2.9212 3.3656 2.5872 3.2218 2.4232 2.7878 1.8288 2.2009 1.1584 2.1784 0.9635 1.5237 0.1171 4.5569 5.0258 4.5725 5.0334 3.9494 4.1243
4.3381 5.1676 4.1750 4.7977 3.9718 4.4594 3.6437 4.0217 2.9479 3.8819 2.6050 3.2372 2.5488 3.9315 3.5938 3.6552 3.5312 4.0212 4.0520 5.2111
3.4200 2.3395 2.9801 2.4894 3.2571 2.1272 2.5564 1.4644 1.6752 1.3519 1.9657 0.7234 1.7644 1.8377 2.5613 1.4311 2.6199 1.8693 2.6326 2.1512
