5.9057 0.3814 6.1683 0.2100 6.0475 5.2067 5.7767 4.7416 5.1211 4.3790 5.1953 4.4145 5.0156 4.4993 5.8739 1.0142 0.0565 1.0627 0.0301 0.5101
4.9570 4.0537 5.3266 4.2090 5.8756 1.2381 0.6110 1.0697 0.4244 0.9657 0.4163 0.7487 6.1259 0.7365 6.1613 5.0652 5.3764 4.6356 5.3826 4.3284
6.0163 0.5393 5.7400 0.4252 6.1601 5.4872 0.0602 5.4337 0.1991 5.2197 5.9987 5.1174 5.9370 5.3957 5.9965 0.8070 0.0658 0.9374 0.0179 0.4871
4.7125 4.6871 4.5674 4.5315 5.6894 0.7779 0.6350 1.3558 0.5977 1.4803 0.3677 1.1866 0.8390 1.3432 6.0798 4.7381 5.6085 4.4531 4.2948 4.5730
3.3510 2.4549 4.2846 0.9076 6.0001 5.8154 5.4293 5.3324 0.0674 5.4279 6.1120 4.9769 5.7134 5.5891 0.0316 1.2219 0.4171 1.7908 2.5526 2.0553
4.4205 4.5462 4.5533 3.9326 4.9804 3.5037 4.1266 3.0140 1.4910 1.8864 0.9780 1.3426 0.9143 1.8055 6.0904 4.8264 6.0761 4.1096 3.3150 4.1416
5.7467 0.1086 5.7330 6.2358 4.8512 5.9744 4.6994 5.8139 0.7652 5.9872 0.4332 6.0871 0.6096 6.0149 0.5957 0.6161 0.8364 1.0366 2.3828 0.9610
4.9671 4.0353 4.8866 3.4145 4.0219 3.4881 4.3575 2.7408 2.0986 2.7289 2.0257 2.4510 1.4115 2.0109 1.5390 2.5477 1.8547 2.9185 2.2762 3.6097
6.1005 6.1924 5.5299 5.5399 4.6050 5.1209 4.2275 5.7769 1.1724 0.7835 1.5944 0.0608 0.5865 6.0881 0.4166 5.8561 1.0940 0.0698 1.0969 6.2046
0.6806 1.5096 0.8647 2.1656 3.0161 2.5052 3.2493 3.1607 2.9389 3.6712 2.6038 2.5893 2.4040 2.2325 1.5532 1.8482 1.3983 2.5002 1.3027 1.9688
0.1194 5.1634 5.9608 5.0169 3.4259 4.0009 2.9694 1.3525 2.1151 1.4049 2.6471 3.9786 3.7135 4.1323 1.0588 6.2585 0.7877 0.1478 0.3118 5.6742
0.3347 1.3620 0.4758 1.2743 1.6922 1.1631 2.6446 4.1124 2.6604 3.6245 2.6507 2.2860 2.6883 1.7840 0.9391 2.4275 1.5215 2.0239 1.2236 1.4902
6.2595 5.3703 5.9631 4.5150 1.7745 3.1548 1.9025 1.7261 2.2096 1.5681 3.1509 4.5655 3.5561 4.7883 6.1574 5.7799 0.2422 5.7090 0.0288 5.3655
0.9506 1.3777 0.3810 1.3410 1.1480 0.5491 1.2968 6.1673 2.3346 3.8657 3.2603 1.9355 2.7221 1.2708 0.4430 0.9367 0.7020 1.3594 0.4941 1.2010
6.1751 5.1966 6.0055 5.1633 0.9257 2.7795 1.5598 2.6189 1.9234 1.9484 3.6728 3.5090 3.9146 4.0869 5.4803 4.4006 5.1474 4.7074 5.8206 5.5609
0.2439 1.2697 0.5018 1.4200 0.7132 0.8112 0.6119 6.2670 0.3034 5.4338 4.4923 5.8895 5.2332 6.1528 5.6997 0.5947 0.0156 0.4516 0.3211 1.3140
5.9985 5.9879 0.0039 5.5965 6.2813 5.3947 0.0876 2.1912 1.2286 2.4849 4.3163 3.5971 4.6524 4.0833 5.1245 4.1010 5.3924 4.7648 5.6880 6.0564
4.6594 4.3978 5.9206 1.8674 0.3954 1.1897 0.2711 0.2006 0.1758 6.0637 5.1190 6.0178 5.3587 0.1564 5.7456 0.1509 5.8167 0.5737 5.4355 3.8191
6.0135 0.2486 5.8885 5.8113 6.0697 4.7557 5.0668 4.3311 5.4265 4.2976 4.8577 4.0173 4.5978 4.2642 4.8833 3.8579 4.8134 4.0332 5.0759 0.0558
5.1884 4.0650 5.0295 4.3825 5.9469 0.6223 6.2151 0.9403 0.0517 0.2937 5.4658 0.0644 5.3671 0.3114 5.8711 5.8729 5.6704 5.2596 4.8239 4.3251
