3.3341 3.4753 2.6315 4.0241 5.0806 4.4259 3.2633 5.0140 0.4547 0.2098 0.5972 5.9680 0.0970 5.7148 0.4787 5.2958 0.3282 5.3872 3.7939 4.3017
2.5793 1.5224 2.0151 0.6342 6.0689 0.9089 2.5017 1.8185 0.9886 2.3454 1.7639 1.9460 2.3049 1.6898 1.7431 1.6176 2.2420 2.0116 2.5327 2.0017
3.0396 3.4693 4.0380 4.0272 4.5750 3.6043 3.0704 5.5491 0.6246 5.8851 1.0422 4.7870 3.3413 4.1226 3.7532 4.5066 3.8199 4.5569 3.4223 3.1436
4.1451 5.4340 4.5875 5.5787 4.6786 5.5155 3.2351 2.1642 2.0115 1.9475 1.8420 1.7057 2.2732 1.7775 2.6906 2.2085 3.2323 3.2103 3.6790 5.2929
3.4057 2.9514 4.1519 3.0448 3.7260 3.0089 3.2689 4.5254 3.9742 4.6269 2.9914 4.2096 2.8566 4.0862 3.3018 3.2568 2.9337 2.1188 2.8750 2.5800
3.9182 5.1517 4.5070 5.6400 4.7069 5.0983 3.5292 2.5563 3.2250 2.3867 2.7008 1.9135 2.1774 1.8554 3.1430 4.5627 3.5230 4.6418 3.8565 4.9490
3.2045 2.4085 3.1829 3.1484 3.8074 2.6988 3.6773 5.3572 4.3232 4.8664 3.9947 4.7527 3.2632 4.6671 3.0392 2.2706 3.1009 2.1102 3.1440 2.1491
3.8779 4.3376 3.6502 4.6653 4.9573 4.3698 3.7571 2.9862 4.0923 3.1872 2.9321 2.8045 2.9162 3.0117 3.1574 4.2108 3.7240 4.3652 3.5380 4.5486
2.3412 1.4164 2.7187 1.1832 6.0297 0.2211 5.3835 5.9975 5.2913 0.3222 1.8746 0.8582 1.3335 1.3601 2.5857 1.9779 2.4112 2.2840 2.6908 1.5077
2.8773 3.8378 3.0417 3.9585 5.2931 4.1600 4.7122 3.6033 4.6390 3.1701 2.8513 3.3099 2.7011 3.8232 3.2425 4.0285 3.4113 4.0331 3.0011 3.9940
2.4206 1.5709 2.3523 0.7378 0.0610 0.3521 5.6433 5.7189 5.3482 0.1491 1.6410 1.1191 1.6254 0.9142 1.9577 1.5081 2.7528 1.2693 2.1360 1.5116
2.9657 3.8689 2.8084 3.9349 5.0974 4.4390 5.0707 3.5363 3.3138 3.0991 2.4724 3.2245 2.7584 3.6757 2.9683 3.5405 3.4255 3.9884 2.9510 3.8914
2.1258 1.8104 1.2743 0.7977 6.1449 0.6358 5.8968 0.1929 1.0035 0.3926 1.5473 0.9671 1.8177 0.7259 1.8985 1.1215 2.1271 1.7634 2.0681 1.3854
2.7282 5.1500 6.1652 5.6251 5.6070 4.6277 5.2865 3.2357 1.6839 2.6651 2.1544 3.0563 2.4158 2.9620 2.4030 3.2715 2.9910 3.7042 2.5955 3.6322
1.9909 2.3362 0.7317 1.7695 0.7465 0.1784 5.9511 0.1578 1.0816 0.2681 1.3672 0.8240 1.2135 0.5479 1.1953 1.0974 2.0389 0.9660 1.5822 1.0102
1.7958 0.0857 0.5875 6.2198 0.8603 1.7366 0.3852 2.4032 2.5219 2.4803 2.1742 2.4637 1.5011 2.4433 1.6354 3.0898 2.3597 2.5870 2.4313 2.7885
1.7017 2.6720 1.0377 1.9069 0.8143 6.2111 0.1860 5.5260 3.3465 4.4520 3.1508 5.4573 0.6062 0.3343 0.7298 0.1087 0.5717 0.2699 1.3312 0.5159
2.1083 0.2762 0.8020 0.3060 0.8752 2.0093 1.2553 2.1437 1.8656 2.0167 1.7545 2.2702 1.2789 2.2762 1.4396 2.4888 1.1548 2.0824 2.2904 2.4304
2.8661 3.1643 2.2825 3.5472 6.2052 5.6572 0.4430 6.0016 0.5821 5.9118 0.6493 5.6503 0.0759 5.8489 0.2962 5.8545 0.0378 5.0648 3.2533 4.1068
2.3683 1.2670 1.6246 0.4500 0.4549 1.6819 1.5313 1.8407 1.2750 2.0232 1.6522 1.8783 0.8130 2.2654 0.7683 1.4096 0.9523 1.9891 2.9763 2.1130
