0.4365 0.5111 0.8694 0.6122 0.9551 1.6558 1.1489 1.6741 1.0285 1.6937 0.5794 1.3776 0.0379 5.2838 5.7115 4.8223 0.0348 5.7630 5.7840 5.9622
1.9601 2.8204 2.0882 3.1692 1.0338 6.2069 0.9386 6.0467 0.0610 5.7254 0.1677 5.2720 0.0164 0.8541 0.1717 1.5687 0.4248 2.8437 4.4104 3.0802
1.2194 0.2152 1.4371 0.7096 1.7851 2.1133 1.7073 2.2459 1.1833 1.8323 0.8884 1.7956 0.2084 4.7703 5.6545 5.1664 5.7189 5.8269 5.1300 0.1472
2.0560 3.1421 2.3190 2.6942 1.7351 0.0093 1.3460 0.1209 1.3378 5.9182 5.9661 5.6763 5.6725 0.5851 5.8414 6.2182 5.6083 3.8715 4.1625 3.3821
1.3127 0.9358 1.5675 1.8544 1.6213 2.1687 1.6966 2.5825 2.6582 2.6768 3.7980 3.3560 4.5002 4.0274 4.9667 4.0206 4.9519 5.8122 5.1181 6.1585
1.6898 2.8200 1.6751 0.9766 1.0600 0.1536 1.1577 6.0458 3.2420 4.8693 4.0932 5.3584 5.0767 5.9972 5.0583 5.9095 4.8176 3.7583 4.4597 3.0931
1.2000 0.4221 1.6162 2.8444 1.9496 2.5454 1.9288 2.5249 3.0724 2.4756 3.5749 3.0858 4.2459 3.7063 4.3333 3.3163 4.4961 5.4687 4.8741 6.2717
2.4514 2.6197 1.8061 0.7857 1.7342 6.1770 0.4230 5.9187 5.8404 5.1358 5.0446 4.8482 4.7435 5.7221 4.8121 5.6059 4.5606 3.0956 3.8389 2.0302
3.7215 3.5517 3.1902 3.5402 3.5327 2.8343 1.0403 1.5598 0.4657 1.3882 0.5206 1.7019 3.4505 2.6877 3.8646 2.9812 5.2305 5.9127 4.8486 4.5750
4.9977 5.5925 5.1845 5.7639 4.8672 6.0254 6.1893 5.6134 6.2270 5.4463 0.0543 5.1656 4.1742 4.8354 4.3411 5.4691 5.3841 4.7187 4.7351 5.8512
4.0622 3.5461 4.4544 3.5668 4.8421 4.4681 5.9078 0.9146 0.4252 1.4580 0.9357 1.8644 3.0994 1.9357 3.2213 2.5087 1.3353 2.0817 3.6158 2.9648
4.9025 5.6067 5.2173 6.1056 5.3405 0.4028 5.6634 5.1030 5.6588 5.0678 6.0650 4.8797 4.1869 4.7784 4.0038 5.6263 0.4462 5.5644 4.4811 5.5205
3.0972 3.2316 4.8117 3.9721 4.7428 4.3172 6.2425 1.0033 0.4754 0.9072 0.5225 1.4163 3.8759 2.6535 3.2396 2.6120 1.8700 2.3939 2.6698 2.7952
1.3238 0.0105 5.7590 5.9130 5.9001 6.0282 0.1146 4.8225 5.7882 5.1844 6.2625 5.1005 5.3692 5.4690 4.5562 6.1376 1.0981 0.5225 1.1460 0.7364
1.5801 2.1047 0.5834 1.4113 0.6072 1.3604 0.7989 1.0912 0.3943 1.3329 0.6215 1.2699 0.2452 2.2978 3.4685 2.9981 1.8456 2.8132 1.8676 3.0615
0.8116 6.0398 6.2057 5.8505 6.0643 5.3051 5.9980 4.5631 5.6863 5.1066 6.0502 5.2935 5.9336 5.5789 4.4971 6.1865 1.4541 0.2777 1.3966 0.4243
1.6188 1.8534 0.5700 1.6143 0.1772 0.8663 0.0923 0.6523 6.0184 1.1038 0.4507 1.5846 0.8747 2.1384 2.6529 2.9058 1.8639 2.7109 1.9353 3.0034
0.7033 5.6020 5.9253 5.4225 5.6930 4.7608 5.3864 4.3783 5.3806 4.8340 5.8250 5.3406 0.1181 5.8051 6.2376 6.0058 0.9060 0.2693 0.9280 0.5405
0.5508 1.2708 0.4480 1.0781 0.2903 0.8694 0.0164 0.8892 0.0378 1.0154 0.0223 1.0662 0.9350 1.7193 1.0174 2.0376 1.6912 2.5143 0.5942 5.9112
0.3398 5.4607 5.8587 4.8108 5.9189 5.2822 5.7790 5.4524 5.8986 5.4300 0.0712 5.1906 6.1879 0.0133 0.3503 0.4038 0.7546 0.9325 0.8365 1.6554
