1.5975 1.1345 1.9078 0.6000 1.8176 0.8036 1.8573 2.8955 2.4394 3.7549 3.1565 1.8277 2.3870 1.5991 2.1975 1.2202 1.4879 0.6143 1.5784 0.9490
2.8632 3.3542 2.7308 3.3430 2.6992 3.2432 1.9205 0.6602 1.9707 0.8350 3.2002 4.2238 3.0332 4.0592 2.8866 3.1697 2.2184 3.0502 2.4033 3.1809
2.6222 3.4100 2.6899 1.2012 2.1812 0.9308 2.4395 3.3126 2.6530 3.6090 2.5172 1.6452 2.5562 1.5950 1.9784 0.9190 1.7664 0.8498 1.7686 1.2663
2.1039 1.3052 2.4405 2.7129 2.9663 2.7547 2.5867 1.1311 1.9041 1.3797 2.8436 3.6371 3.2913 3.7489 2.8532 3.5539 2.4912 3.9453 2.7185 3.4242
2.7073 3.7601 3.6497 4.4917 4.1314 4.5765 3.6115 3.0791 3.3109 3.1437 2.9356 1.5178 2.1710 1.5643 1.8096 1.4508 2.6118 1.6386 2.4744 1.6767
2.6534 1.9296 2.9776 1.8427 3.0904 2.1938 3.3506 5.6418 4.4756 5.3352 4.1275 4.1239 3.3195 3.7269 3.2659 3.8658 3.1354 4.1021 3.0606 3.9398
3.0635 5.0489 3.8862 4.9064 3.8201 4.9215 3.9144 3.1776 3.5934 2.7547 3.4420 1.9531 2.3059 0.9931 2.3132 1.0893 2.5021 1.5053 2.3973 1.8188
2.9471 3.1343 2.9085 3.0444 2.8227 3.3065 3.9217 5.3603 4.0466 5.1008 3.9156 4.4587 3.2039 3.9414 3.8119 4.1614 3.0870 3.7158 3.0949 3.8499
1.7384 1.0617 2.1726 1.0355 1.8075 1.3210 2.8833 3.2083 3.2866 2.9754 2.8527 2.6613 2.5920 1.6841 2.2508 1.9135 2.4579 1.2317 1.8540 1.2804
2.7013 3.1881 2.5025 2.6786 2.5778 2.5796 2.9889 1.9324 2.5016 1.0818 2.0497 1.1356 2.9581 3.8947 3.4543 3.8080 3.4064 4.3822 3.3779 3.7300
2.1477 1.0569 2.5426 4.2516 3.3364 4.5203 3.8810 4.4891 3.5099 3.5906 2.9995 3.5749 2.8644 2.9758 2.8037 2.0224 3.1491 2.2605 2.4625 1.3910
2.8617 3.4275 2.5649 1.8086 2.6851 2.1385 2.9319 1.9106 2.9053 1.5600 2.1747 1.5027 2.1570 1.4473 2.6766 3.8072 3.3266 4.1001 3.3525 3.7697
2.7684 2.6543 2.8347 3.9009 3.9719 4.1629 3.6469 4.1020 3.3936 4.3930 3.0798 3.9977 3.0383 4.1596 3.2269 2.5890 2.5155 1.9597 2.2751 1.1690
2.5461 1.0510 2.1272 0.6922 6.1549 0.9816 2.9263 1.9817 2.8222 1.8090 2.3841 1.4801 2.2961 1.6133 2.4964 1.5830 2.4793 3.6424 3.0415 4.0944
2.3410 3.4667 2.8714 3.9981 5.1791 4.1734 3.9303 4.1579 3.2385 4.1665 3.5882 4.0835 3.1530 4.5240 3.4856 4.1532 2.9393 1.7226 2.0956 1.1499
2.3254 1.0483 1.9153 0.4786 0.6385 0.6928 1.9474 1.0826 2.4429 2.2229 2.4949 1.7676 2.7913 3.0625 2.8909 2.5586 2.6309 3.3320 2.9432 3.5151
1.7371 1.8434 2.2767 2.3168 2.1086 3.0330 2.1338 3.3020 2.9858 4.0856 2.9129 2.9628 2.5745 1.5431 2.1585 0.7292 1.8910 1.0417 1.4287 1.0769
2.4274 3.4321 2.4269 3.0861 1.7142 0.4818 1.3746 1.1408 2.3286 1.5455 3.9321 4.3535 3.2691 4.1357 2.9391 3.5682 2.4631 3.0327 1.8995 2.9646
1.2869 0.5997 1.1205 0.7154 1.4076 2.1488 1.9741 3.7271 2.7311 3.4519 3.1019 2.0331 2.6012 1.4285 1.9226 1.1642 1.6107 0.3755 1.2789 0.6789
2.4855 3.2740 2.1246 2.8405 2.0394 3.3057 2.0663 1.3108 1.8383 1.2431 3.1978 3.8353 3.0242 3.8511 2.9172 3.6543 2.6326 2.7517 1.9741 2.8419
