5.3611 4.3593 4.2161 3.2281 3.6118 2.8813 1.5239 1.9446 1.2171 2.1332 0.9915 1.8748 1.3221 1.6396 0.4086 1.4498 6.2752 5.0167 5.8981 4.7101
6.2374 0.3342 5.2889 0.1559 4.5709 5.5003 4.5307 5.4844 6.0248 5.7812 0.4918 5.9732 0.4086 5.3147 6.1381 5.6047 0.1678 0.9429 0.3490 0.9600
5.5636 4.6926 4.2556 4.2703 4.1243 2.9099 3.5709 2.7587 2.4442 2.2353 2.1313 1.9716 1.1176 1.2588 0.9828 0.6776 0.2344 5.3022 0.0548 5.2537
0.3228 1.8068 3.3256 2.6640 4.0522 5.0040 4.4259 5.2212 3.8383 4.4095 3.1042 3.9832 2.1027 2.9059 1.9655 2.9137 0.9999 1.7080 0.7336 1.8011
0.0180 5.2897 4.3998 5.0440 4.1184 3.0210 3.8352 2.9174 3.0382 1.9307 2.6036 1.2951 2.0257 0.2434 1.1768 0.5591 0.5521 5.6272 0.3988 5.8092
1.5691 2.5495 3.1449 3.3700 3.7436 5.6209 4.2581 4.8357 3.7215 3.9094 3.3630 3.5331 2.1809 2.4466 2.1162 2.6222 1.8778 2.4659 1.2944 2.1749
1.1139 0.5974 2.1730 1.4397 2.7007 3.1940 3.2269 1.9741 2.8159 1.6257 2.1667 1.3580 1.5851 6.1078 0.4449 0.0567 0.7167 0.1274 0.6802 0.0644
2.5797 3.9591 3.0719 3.6709 2.9435 1.7586 2.9877 3.3556 3.4321 3.1009 2.8506 2.8550 2.7019 2.2714 2.2365 2.1126 2.1258 2.2874 2.5108 2.4096
2.6947 1.6746 2.4131 1.7859 2.9442 4.3728 3.6937 5.2555 4.1880 4.4313 3.7061 5.0249 3.7121 4.8806 3.2566 4.1521 3.6294 4.5045 3.7580 4.3762
3.0986 4.1842 3.3866 3.7859 3.3205 2.5139 3.5795 2.9297 3.1747 2.3681 2.3980 2.5546 2.4982 2.2685 2.5505 1.4571 2.5121 2.1993 3.1395 1.8844
2.7827 3.1586 3.4063 4.1487 3.9546 4.7149 4.1668 5.3715 0.6628 0.2060 1.0866 0.2068 1.6102 5.2978 3.4495 3.9684 3.3924 4.5276 3.7535 3.9508
1.8602 0.4182 1.7423 1.2981 2.2179 1.1122 1.5757 2.0709 1.5319 2.8864 2.0380 2.4666 1.8555 2.2063 2.5846 2.3492 2.6055 3.0004 2.6155 1.5738
2.4934 2.9664 2.2458 3.1015 2.5477 3.1696 1.1360 0.2208 0.8751 0.1303 1.0033 6.2686 1.2384 0.2870 1.7432 0.9422 1.9305 1.5323 2.8017 3.5669
1.6073 0.8907 1.5275 0.8096 1.5443 0.3534 0.6740 2.2828 1.2420 2.7496 2.2560 2.6589 2.0419 2.9346 2.2752 3.4006 2.8710 4.0879 2.8632 0.6870
1.9360 2.6842 1.5881 2.5833 2.1664 3.0526 1.0406 6.1394 0.4861 0.3063 1.4182 0.3676 1.3838 1.0867 1.4933 1.1326 2.0905 1.9830 3.0056 2.9595
0.1370 0.4190 0.4442 0.3592 1.1048 0.3991 1.2507 2.3075 1.1831 2.5070 1.9401 2.7786 2.0488 3.2035 2.5107 3.2640 3.5264 3.9547 4.8223 6.1751
5.0987 4.2919 4.4110 3.2341 1.6830 2.5107 1.6276 1.2871 1.0947 1.1226 1.2773 1.1809 1.0441 0.7555 0.8121 0.1461 6.2151 5.5214 5.3174 4.4043
6.1412 0.0488 5.4443 0.1230 1.5059 6.1830 0.6886 5.9374 0.6881 5.6849 6.2682 5.1125 0.0661 4.8073 6.1592 0.7415 0.0899 0.9169 6.2170 0.4770
4.9821 3.9723 4.4641 3.2214 3.3996 2.4491 1.5867 2.3476 1.7921 2.0709 1.0394 1.2426 0.0460 1.0196 0.0123 4.7937 5.2803 4.5865 5.4068 4.2917
6.2682 0.3528 5.0043 5.7803 4.4606 5.7301 0.4403 6.0419 0.4944 6.2274 0.5527 5.4843 5.9136 5.3380 6.0435 5.9859 0.0609 0.7040 6.2823 0.9085
