3.3588 3.9545 3.4192 4.6212 4.1763 4.9441 4.3143 5.6835 4.9389 5.8331 4.9099 5.6277 4.4660 5.0109 3.8574 2.6566 3.5999 2.9188 3.2473 2.6817
2.6379 2.8028 2.5088 2.2343 3.5313 2.7378 4.0634 3.9647 3.8648 4.0885 4.1025 4.0458 3.9549 3.1954 4.5205 4.4518 4.4509 3.7747 4.2402 3.6870
1.1417 0.5467 1.2859 5.3187 4.2278 5.6107 4.2720 2.8716 2.9581 1.6503 3.3752 2.2517 3.6551 5.6900 5.3378 6.2517 5.2259 5.7551 4.8355 0.2196
1.9083 3.2190 2.1335 2.5781 3.3688 3.1947 4.5026 4.9377 4.0890 4.0909 4.0102 4.2721 3.7999 3.0392 4.5476 3.9603 4.9793 3.8866 3.1699 3.4299
1.1662 0.6763 1.0622 5.8342 4.9149 4.3798 4.1328 3.2283 4.3820 6.0641 5.3535 0.0727 5.1664 5.6606 5.2920 0.3774 0.2597 0.8928 2.3287 1.0349
2.5665 3.4915 2.8628 2.8415 4.2801 6.1859 5.2316 6.0056 4.6067 3.5499 4.5114 4.4136 5.5559 5.8846 5.1370 4.1460 5.0871 4.0501 2.9221 3.9986
2.1890 6.1295 4.1423 4.9205 4.1331 3.3801 4.2428 3.8323 4.7709 5.2044 5.2720 5.0052 5.0336 3.8982 5.0611 0.1116 6.1865 1.1056 2.4257 1.5226
3.4397 2.7568 3.6237 3.3923 4.1403 5.5725 5.3780 0.0917 5.9191 1.0545 0.0689 1.0865 6.0068 0.3783 5.2879 3.8991 4.2846 3.5882 3.5599 3.4103
4.6891 5.2819 4.0554 4.1506 4.1140 3.6178 4.9851 4.0184 5.3493 4.5403 6.0268 5.3626 5.4058 4.9639 4.4945 4.9440 4.2668 4.7454 4.3907 5.3387
3.4129 3.6210 3.9374 5.4787 5.1150 6.2032 5.7507 0.6525 0.3236 1.2055 0.7358 2.2653 3.4709 2.6476 3.3710 2.3996 3.2774 2.2817 3.3505 2.5203
3.5953 2.4047 3.7512 3.3061 4.7032 4.3002 5.6365 4.9962 6.0130 5.5328 5.9654 5.2538 4.2947 4.9696 4.4140 4.8984 4.2456 4.7018 3.9461 4.5357
3.7519 5.3754 4.6246 5.5748 5.0408 0.2028 1.0625 1.4124 1.0345 1.7509 0.1987 1.9152 2.8987 2.2120 3.1943 2.3038 3.4155 2.0325 3.0342 2.1845
3.4895 2.5971 3.9114 3.4711 3.5585 3.2187 2.1847 5.9497 6.0007 5.6114 5.3958 5.3602 3.9658 4.1221 4.0727 4.2485 4.2534 3.8946 2.9831 3.6976
5.0009 5.2175 4.5294 6.1132 3.0001 1.5767 2.3815 2.9289 3.5047 2.7919 3.7848 2.7331 3.7710 4.7772 4.2726 5.3016 4.7541 0.5472 1.6849 0.3011
4.2861 2.8430 3.5639 3.5959 2.8863 4.0387 2.8807 5.2721 4.4617 5.4637 4.6314 5.1026 3.8517 2.3864 3.6391 3.0420 3.7007 3.2478 3.4066 3.4582
4.4159 5.2819 4.2481 1.9100 2.6852 2.1361 2.9333 2.6502 3.5203 2.4452 3.8087 2.6254 3.9585 3.8281 4.2152 5.3152 4.2643 5.0911 4.6478 5.4472
4.3345 2.9468 3.9353 4.5491 3.7751 4.4016 3.9544 4.8212 4.2171 5.2297 4.7330 5.2826 4.4022 5.5418 4.3994 3.0903 3.7730 3.1686 3.8396 3.3620
5.0434 5.8307 4.1630 2.4337 2.9917 2.2536 3.3764 2.6116 3.7850 3.2950 3.8714 2.8014 3.5940 2.9316 4.0736 5.4639 4.6499 5.3146 4.7268 5.5934
3.7793 3.9878 3.5958 4.4476 4.2115 4.8123 3.9312 5.3404 4.9440 5.8275 4.8357 5.1137 4.5239 5.3753 4.1350 3.1192 4.0069 3.1491 3.6603 3.0802
3.2613 1.3911 2.3598 2.1566 3.7907 2.9058 3.6463 3.3209 4.1745 3.4653 3.7810 3.1550 3.8056 2.5658 4.1412 5.1708 4.6398 5.3572 4.3868 5.0780
