3.9448 3.3530 2.8307 2.4670 3.1681 3.2639 3.6673 3.2407 3.3351 3.4031 3.5340 2.5432 2.7224 2.9471 3.1658 2.4090 2.1739 3.6348 3.8323 3.1068
3.8072 3.2328 3.0981 3.4466 3.6040 3.4435 3.1156 3.1354 3.7784 3.3789 3.5173 2.9272 3.1002 2.8063 2.3713 2.4662 2.8131 3.0290 3.9376 3.5843
3.1626 2.6573 3.0921 4.0676 3.7291 3.8168 3.8069 3.0572 3.5800 3.2815 2.7747 2.4953 3.4014 2.8898 2.3161 2.5422 2.6270 2.8441 3.0716 4.0174
3.2471 2.2326 2.6445 3.0512 3.2070 3.4882 3.6681 3.6323 2.9495 2.8726 2.9674 2.6871 3.0688 2.1385 1.7844 1.7196 2.1669 2.5178 3.1960 3.2960
2.4228 2.1142 2.6166 2.5312 2.6560 2.5370 2.4582 3.1493 3.0972 2.7708 2.5733 2.1138 1.9716 1.8180 1.2976 1.4549 1.7797 1.9882 2.9153 2.5587
2.6084 2.9890 2.5962 1.9968 2.3862 2.8506 2.8954 2.5576 2.0742 2.4636 2.0477 2.2271 1.8835 1.4637 1.7043 1.3533 1.0041 2.1021 2.7651 2.4836
2.4135 2.0137 2.5808 1.9014 2.6747 2.2891 2.5249 2.3340 1.6252 2.0525 1.8780 1.3532 1.3204 1.1565 1.2713 1.5749 0.7903 0.9629 1.3178 1.7698
1.8941 2.3223 1.9579 2.4745 2.2936 1.6198 1.9460 1.3126 1.0477 1.0787 1.2547 1.3195 1.5388 1.1512 1.3162 1.1932 0.3283 0.9601 0.8144 1.4518
0.4491 1.9307 1.4924 1.7743 1.8451 1.7732 1.9356 1.0321 0.5088 0.4988 0.7855 0.8020 1.1595 1.1863 1.1826 0.5245 0.4864 0.6935 0.7344 0.9857
0.8032 1.4007 1.6720 1.4711 2.5570 1.9201 1.7104 0.4165 0.2077 0.6581 0.0863 0.1869 0.5238 1.0839 0.8452 0.2917 0.7254 1.4488 1.0671 0.4204
1.1578 1.7370 1.7678 1.9360 1.6546 1.3783 0.8660 0.1870 0.2803 6.2168 5.7040 0.1851 1.2170 0.7098 1.0627 0.4862 0.6964 1.0477 1.2496 1.0620
1.5008 1.8395 2.0487 1.7216 2.0003 1.5233 1.4181 0.8892 0.2629 6.0022 5.8583 0.1662 1.4005 1.5461 1.3496 0.9366 1.8634 1.9509 1.9533 2.3475
1.4648 1.7457 2.3789 1.3763 2.3148 2.3163 1.1666 0.0358 6.0462 5.3345 5.2048 5.5852 0.0231 0.9926 1.6771 1.7989 1.9975 2.1660 2.6569 1.7733
2.0703 2.3435 2.4189 1.9317 2.6888 2.4058 1.6287 0.1493 6.2697 4.8894 4.5873 5.1412 4.5342 3.6191 1.5831 1.8436 2.2051 2.5994 1.9741 1.9325
2.7887 2.2810 2.4429 2.2868 2.1448 3.0837 3.4804 5.0550 4.9915 4.7405 4.9752 4.9408 5.2120 3.9566 2.5747 2.2862 3.1355 2.9744 2.5121 2.5562
2.5768 2.4575 3.0094 2.8098 3.1296 3.6163 3.9009 4.2213 4.6513 4.4866 4.4071 4.0814 3.8866 3.9538 3.5391 3.2547 2.6312 2.9563 2.7052 3.0784
2.4557 2.4555 2.9951 3.1025 3.4490 3.0764 4.3023 3.8837 4.2035 4.2591 4.0895 3.8222 4.1127 3.6915 3.2617 3.6667 3.0174 3.5374 3.2459 2.9655
2.8027 3.2548 3.3926 3.6319 3.5053 3.8253 3.2872 3.7637 4.1866 4.3298 4.3646 4.8882 4.2911 2.8164 3.4169 3.8638 3.4554 3.6704 3.6843 3.0391
2.6402 3.2058 3.4248 3.8701 3.6863 3.8828 3.2632 3.5554 3.0742 3.6069 4.1198 4.0574 3.5398 3.3329 3.0888 3.2492 2.7140 2.6415 2.9359 3.7025
3.3966 3.0156 3.0371 2.9572 3.7389 3.6038 3.6004 2.9381 3.0989 3.3961 3.7734 2.7853 3.2473 3.0617 3.3086 2.5448 2.5980 3.3736 3.6686 3.4000
