6.2821 0.1932 6.1731 5.9635 0.3107 0.6422 0.9996 0.4093 1.0729 1.1481 1.7261 1.5755 1.8345 2.3871 2.0462 1.4205 1.9711 1.5910 1.2856 0.0032
5.4509 6.2588 5.8185 5.4669 0.7650 0.7672 0.7840 0.9752 1.0112 1.3403 1.5181 1.9737 1.4443 2.1949 1.9886 1.8280 1.8959 1.7060 2.8068 5.8874
5.2002 5.8840 5.7429 5.8239 6.2545 1.2220 1.3340 1.4768 0.9401 0.6485 0.8250 1.2586 1.9640 1.8013 2.3839 1.7837 2.2241 2.2025 3.0170 5.4464
4.7859 5.8313 5.1549 5.3858 5.9204 1.2422 1.6769 1.6585 1.0689 1.1041 1.7213 2.4980 2.8487 2.8084 2.3607 2.1876 2.5857 3.2087 3.9008 5.4127
5.1262 5.2663 5.3764 4.7888 6.0195 1.5043 1.8809 1.6725 1.6448 0.7692 1.7898 1.8850 2.7599 2.6286 3.1347 2.8547 2.7061 3.1492 4.2769 5.5448
4.7729 4.6764 5.8975 5.5189 5.7700 0.4788 2.2421 2.0326 2.3108 2.2084 2.3748 2.3962 2.9908 3.0112 3.2992 2.7261 3.2106 3.3955 4.3431 4.7201
4.8757 5.2289 0.0483 5.8010 5.5419 5.9710 2.7073 2.5170 1.8680 2.3115 2.1321 2.6028 3.1852 4.0624 3.3583 3.4695 3.6876 3.2147 3.9322 4.7550
5.3236 5.6008 5.8937 5.9748 5.6756 5.2189 3.4185 2.7720 2.5604 2.6263 2.5957 3.2038 3.8938 4.0904 4.2827 3.7755 4.0948 4.3264 4.8224 4.8992
5.5247 5.7805 5.0754 5.5530 6.0753 5.3752 4.1539 3.1968 2.6714 3.3324 3.1149 3.2941 3.8164 4.5283 4.9661 4.2039 5.1766 4.7234 4.7692 4.7839
5.3049 5.4167 5.2026 4.5600 4.4243 4.9516 3.9929 3.5461 3.0707 3.4860 3.5076 3.4469 3.5177 3.9767 5.4123 5.0515 5.5421 4.8004 4.6437 5.5869
4.3371 4.9975 4.5244 4.3880 4.8313 4.2314 3.8450 3.4609 2.9421 3.4489 3.4661 3.2200 3.1132 3.4914 4.3029 4.6708 4.8170 5.2539 5.0446 5.7560
4.8429 4.2608 4.5295 3.8743 4.0528 3.7526 3.4146 3.5718 3.5507 4.2030 4.2064 3.4275 3.8076 4.6494 4.6952 4.9808 5.6113 5.1113 5.3577 5.3760
4.5588 3.6414 3.8085 3.4202 3.6565 2.9341 3.0195 3.1513 3.5700 4.0994 3.7628 3.9085 3.3014 4.5212 4.6239 4.9303 5.6336 5.9356 5.6346 6.0878
1.3246 2.6403 2.2255 1.8190 2.4467 2.5766 3.1241 3.1489 2.7350 3.2694 3.6720 3.8057 3.9403 4.5565 4.6640 5.1690 5.4612 5.8623 0.0619 6.2110
1.4082 1.6719 1.7330 1.9716 1.9845 1.6461 2.1548 2.5420 2.0801 2.9556 3.7006 3.2151 3.2859 4.3653 4.3959 4.5817 4.9590 5.7415 0.4951 0.9648
1.4909 1.3065 1.0397 1.4570 1.0013 1.2676 1.4516 1.6185 1.7729 1.5055 2.3085 3.0373 3.1126 3.7166 3.9435 3.5017 2.4812 2.0087 1.4909 1.6158
1.2346 0.9413 1.4985 0.9812 1.3153 1.3454 1.3735 1.4132 1.6453 1.8900 2.4276 2.1693 1.7638 3.0524 2.9245 3.1102 2.5277 1.1380 1.3215 1.3344
1.1301 1.4887 0.8875 0.6510 0.7318 1.1078 1.2092 1.6919 1.8859 1.2488 0.6197 1.2762 1.6134 2.6493 2.8024 2.4644 2.2413 1.8076 1.4643 1.3455
0.7580 0.3565 0.3944 1.5421 0.4782 1.0005 0.2701 0.6746 1.4175 1.3068 1.2390 1.4931 2.0100 2.3879 2.9285 2.9400 2.2809 1.5502 1.0115 0.8735
0.6628 0.4233 0.7649 0.6925 0.2509 0.0557 0.0605 0.6213 0.9651 0.7197 1.0367 0.9189 1.3203 1.7908 2.3038 1.5753 1.4647 1.4431 1.4254 0.4430
