1.7452 1.5103 1.3140 1.4863 1.6060 1.3038 1.2123 0.8887 0.5746 0.7452 0.4310 0.6479 1.0142 0.3401 1.1415 0.9794 0.5749 1.1825 2.0860 2.3098
1.5233 2.0269 1.0618 1.3431 1.4057 0.6945 0.8154 1.1631 0.7107 0.7409 1.2102 1.3181 1.2001 1.0360 1.5647 1.5772 0.3906 0.5654 1.8687 1.4116
1.3919 2.4725 1.5571 1.4840 1.4729 0.8942 1.7647 1.4284 1.1530 1.3042 0.7124 2.3604 1.5809 0.6683 1.3569 0.9691 0.7158 0.6614 1.0465 1.2041
1.2694 1.8854 1.2224 1.6672 2.0228 1.4748 1.2172 0.6503 1.2287 1.3765 0.6953 1.0543 1.3742 1.3362 0.4969 0.9429 0.5848 0.2883 1.1514 0.9034
1.2290 1.3668 1.2303 1.8868 1.7994 1.8567 1.4653 1.0692 1.7167 1.3316 1.4192 0.9055 1.1441 1.0585 6.2767 0.6034 0.7763 0.3062 1.0659 1.3562
1.8233 1.2829 1.4355 2.4815 2.3934 2.0067 2.3637 2.0865 2.1080 1.8742 1.3569 1.6457 0.9950 1.5089 0.7958 0.7254 1.0017 1.7714 1.0342 1.5813
1.7401 2.0484 1.9320 2.8448 2.3016 1.4728 1.8602 2.5649 2.4635 2.3060 2.0818 1.6839 1.6895 1.8633 1.2474 0.7548 1.3703 1.6308 1.5610 2.2607
2.0925 2.2688 2.0822 2.6996 2.3895 1.7658 2.7566 2.4446 2.4515 2.3382 1.7875 1.6966 1.8601 2.4430 1.7271 1.5284 2.0151 1.8893 2.1247 2.3696
2.2193 1.4828 1.5970 2.6516 2.6427 3.0590 2.6656 1.9662 2.0228 1.8049 1.2307 2.2219 1.8712 2.1820 2.2477 0.9445 1.9878 1.9556 2.0889 2.1635
1.6825 1.3089 2.3521 2.4928 2.2768 2.1666 2.1209 2.1389 2.3765 1.9941 1.7700 1.9508 1.9478 2.2254 2.2146 1.9970 1.2779 1.4209 1.9368 2.0180
1.7489 2.0144 2.2597 2.4538 2.0530 1.7439 2.6766 2.3588 1.9237 1.9997 2.0661 1.4369 1.8279 2.1024 1.5021 2.0629 1.1501 0.7348 1.4813 1.7276
1.9645 1.8607 1.7186 1.7418 2.0378 1.9332 2.6362 2.6242 2.8726 2.4068 1.8518 1.4013 2.1548 1.3652 1.5778 1.6280 0.7120 0.6656 1.4184 1.4798
1.6643 1.8798 2.1798 1.7512 1.9440 1.5838 2.2680 2.4692 2.4371 1.2203 1.5807 1.3196 2.2911 1.3974 1.4000 1.0279 1.5446 1.9011 2.1073 1.4703
2.2475 2.4333 2.2935 2.2382 2.4794 1.8647 1.4711 2.2302 2.5300 1.9475 2.2815 1.1856 2.0715 0.9002 1.2081 1.1617 1.2553 1.6961 2.1961 1.8165
2.4719 2.5861 2.5567 1.9169 2.1473 1.8999 1.9723 2.4051 2.3974 2.2834 2.3889 1.7605 1.3967 0.7398 1.6098 1.5819 1.4046 1.4776 1.7625 2.0489
1.5026 1.4704 2.1628 1.6902 2.2793 1.6863 1.7030 1.8636 1.6674 2.0408 2.2805 2.0190 1.2635 1.0987 1.5803 1.7421 1.1877 0.9265 1.2015 1.5364
1.5765 1.6514 2.0902 1.7299 2.2645 1.5468 1.8347 2.3972 2.0719 1.6558 1.2441 1.4592 1.5814 1.3287 1.4152 1.7512 1.1949 1.1188 0.6988 1.3924
1.5400 1.8347 1.5720 1.5262 1.4677 2.1583 1.3884 1.1037 1.8850 1.6282 1.1516 1.3514 1.0518 1.5119 2.0054 1.3439 1.2705 1.4286 1.3771 1.3786
1.8140 1.6075 1.5659 1.1595 0.7372 1.4745 0.7571 0.9375 0.0674 0.5908 0.8501 0.9194 0.9549 1.2184 1.7499 1.6554 1.0546 1.1520 1.8704 1.6059
1.9977 1.9248 1.5557 1.5244 1.0328 1.4293 0.9913 0.9980 0.5975 0.6416 0.1288 6.2706 0.6831 0.7264 0.8115 1.4665 1.2890 1.1382 1.9812 2.3556
