5.2460 5.4585 5.6535 4.9704 5.8007 5.8684 0.0202 5.2610 4.6851 5.3169 4.9921 4.9019 5.1288 5.3082 4.6534 4.9232 4.6742 4.3205 4.0862 4.6016
4.4227 5.3647 5.8311 5.3622 5.4823 5.2391 5.3579 5.1423 4.7868 4.7636 4.8873 4.9415 4.4815 4.9683 4.9300 4.9680 5.1576 4.9484 4.6781 4.5311
4.4960 5.0140 4.9549 5.1962 5.1484 5.1364 5.2567 5.8517 5.4848 4.7439 4.9071 4.8215 4.8671 5.0531 4.3156 4.5757 4.7309 4.9416 4.8514 5.4189
5.0482 4.7798 5.3257 4.6522 4.8376 4.6741 5.0629 5.3387 5.0814 5.5329 5.3447 4.3651 4.3665 4.5470 4.5835 5.1900 4.1082 4.2631 4.2908 4.5915
4.0439 4.6673 4.7019 5.1098 5.3728 5.7405 5.8516 5.3607 5.7850 5.3408 5.1162 5.1296 4.5725 4.9430 5.3571 5.1044 4.6382 4.8100 4.7190 4.0898
4.6137 4.5001 4.7387 4.6037 5.2758 5.5452 5.3909 4.9870 5.6443 4.5162 5.4244 4.9832 5.5087 4.9393 5.2489 5.1015 4.9264 4.6220 4.4733 4.5117
4.4500 4.0499 4.3740 4.8219 5.0933 5.3766 5.1737 5.4155 5.2709 4.7287 5.7064 5.4515 5.2971 5.3391 4.6519 5.3185 4.9979 5.0428 4.0963 4.8585
5.4105 4.8724 4.1286 4.7220 4.9032 5.4455 5.5400 5.4660 5.9008 5.4983 5.5169 5.9613 5.9667 5.5091 5.3759 5.4881 5.0456 4.6628 5.0614 4.5188
5.0926 4.9316 4.7080 4.5604 5.1210 5.3960 5.5719 5.3608 5.6986 5.4357 6.2440 0.0182 0.0598 5.1920 6.1703 5.9483 5.8459 5.3666 5.2974 4.9098
5.5906 5.6527 5.1630 4.7832 5.0257 4.8939 5.3650 5.2626 5.4945 5.9545 0.1801 6.0410 0.0912 5.9874 6.1036 0.2569 6.0554 5.5398 5.0154 5.2679
6.2697 0.1321 0.0512 0.0850 5.6893 5.8670 5.7123 5.8688 0.1720 6.2173 0.2680 5.9991 0.4688 6.0248 5.8933 5.9431 5.9362 5.7944 5.8124 5.8109
0.4092 0.8674 0.4343 6.1723 5.8931 5.8207 6.2414 0.3894 0.0639 6.0761 6.0278 0.0488 0.0443 6.2610 6.2309 6.2815 0.0615 6.0697 5.7569 6.0432
0.8255 0.3674 6.0720 5.6511 0.1277 0.0876 0.1646 0.0742 0.6361 6.1929 0.4547 0.7185 0.5395 6.2748 6.0305 0.7085 0.2281 0.1268 6.2551 0.6278
0.1838 0.1306 6.0595 6.2041 5.7092 0.3415 6.2794 0.7962 0.4587 6.1680 0.0690 0.6623 0.1388 6.1789 5.9377 6.2555 5.9928 6.0970 5.9848 0.0555
6.2768 0.4068 0.1826 0.0429 5.7194 6.2193 0.3725 1.0218 0.0050 6.2681 0.2210 0.5385 0.7337 6.2825 0.4465 5.7903 5.9036 6.1769 5.5333 5.9320
0.1832 0.2864 0.3963 5.8722 0.1981 0.3955 0.7367 0.7268 0.3535 0.3637 0.3092 0.0641 5.7686 5.7963 6.0834 5.8715 6.1541 6.1899 5.9150 6.1693
6.0062 0.6924 0.1844 5.9941 0.1589 6.0394 0.6920 0.1519 0.6932 0.6596 6.2123 5.7500 5.1073 5.4304 5.7873 5.4720 5.8144 5.7102 5.1677 5.4303
6.0052 6.0169 0.2270 0.2876 6.1721 0.0839 0.6115 0.2964 6.2791 0.0281 5.6976 6.0677 5.4220 5.5702 5.5587 5.2555 5.0819 5.6493 5.5717 5.8291
6.1526 0.0036 5.6024 6.0982 0.1865 5.9081 0.5950 6.2614 6.2171 6.1670 5.6878 5.6294 5.0497 4.8053 4.8935 5.3336 4.5003 4.7691 5.8232 6.1179
5.5759 5.7746 5.5508 5.5482 0.2417 5.8948 6.1493 5.1907 5.2495 5.1912 5.5746 5.4359 5.0841 5.2718 5.2158 4.7037 5.3043 4.8961 4.6356 5.2564
