6.2145 6.1071 4.6397 3.9867 3.6278 3.6902 4.9993 5.2726 4.7656 5.3256 4.5650 6.2038 5.8808 6.0279 5.9293 6.1583 6.1255 6.0391 6.0172 0.3112
5.8741 5.4343 4.5384 4.1344 3.7618 3.9714 4.0243 4.1697 4.5769 4.8011 4.9470 5.3179 5.7479 6.0674 5.3620 6.1768 0.0785 6.0572 0.0980 0.3576
5.9881 6.2213 3.2023 3.8776 3.9972 3.9300 4.1648 4.2738 3.9641 4.8439 4.6807 5.1460 5.3675 5.3260 5.9231 6.2486 0.2416 5.6321 0.1858 6.1497
0.0689 1.5474 2.9306 2.9369 4.0802 3.5157 3.8225 4.1012 4.2110 4.6288 4.5472 4.7134 4.7160 5.3264 5.2788 5.7798 5.9698 5.1688 5.8697 6.0342
0.1855 1.9937 2.5483 4.2648 4.5355 3.0525 3.6990 3.3955 4.3122 4.2809 4.2620 4.6639 4.3007 4.4671 4.7097 5.7096 5.8789 5.3935 5.8719 5.3920
6.1467 2.0108 3.1474 3.9843 4.3909 3.6344 3.6586 3.3444 3.5842 3.7540 3.9885 4.3837 4.0566 4.8488 4.4436 5.4542 5.5621 5.5596 5.0620 5.6432
4.4684 3.0206 3.2041 3.1542 4.0931 3.7753 3.9617 3.4660 3.4136 3.4087 4.5147 4.7372 4.5856 4.6242 4.5692 5.0683 5.4220 5.7403 5.5657 5.5955
4.1383 3.5092 3.5662 3.4486 3.9640 3.8468 3.6499 3.5699 3.2853 3.5430 2.7398 4.7621 5.0484 5.0989 5.0514 5.0042 5.1101 5.3272 4.7235 4.4538
4.3403 4.1544 4.3139 4.2586 3.7885 4.0600 4.1692 3.9987 3.4979 3.3713 3.6801 4.7855 5.5329 5.4900 4.8492 5.3633 5.1753 5.2989 5.4004 4.3104
4.6799 4.0553 4.2903 4.0615 3.6203 3.3686 3.9814 3.0864 3.0981 3.7438 3.7769 4.1541 4.9378 4.7925 5.0730 5.0817 5.0529 5.2151 4.9362 4.4362
4.1964 4.0488 4.0699 3.3820 3.2191 3.8183 3.6066 3.7460 3.9969 3.8481 4.1672 4.7491 5.1348 4.3249 4.8445 4.7484 5.2293 4.7879 4.5694 4.8161
3.9684 4.3079 4.3301 3.6692 3.6592 3.5923 3.6337 3.7200 3.8333 4.1906 3.9000 4.1545 4.5032 4.7513 4.4422 4.2263 4.7837 4.9941 4.6819 4.2786
4.1739 3.9703 4.1961 3.7700 3.9286 3.9384 3.0675 3.4483 3.7307 3.9076 3.9035 4.3800 4.2371 4.8055 4.0298 4.3970 4.4437 4.0897 3.4160 4.2501
3.6491 3.4395 3.2752 3.4001 3.4570 4.3248 4.2837 3.5501 4.3026 4.1682 4.5332 4.7536 4.1643 5.0676 5.0429 3.8525 4.0461 4.3181 3.6557 3.7266
4.1119 3.9671 3.8354 3.3316 3.0284 3.8577 4.0518 4.1459 4.5930 4.6770 4.6342 4.1431 3.9333 4.3184 3.8071 4.8608 4.3718 4.3311 4.0503 3.5747
4.5336 4.5261 4.2917 4.2587 3.5394 3.9242 3.9212 4.7482 4.8283 4.7028 4.3018 4.0522 4.4633 5.1314 4.5562 4.9246 5.2539 5.2525 4.7676 4.4197
4.5606 4.7373 4.6543 4.7568 4.4902 3.8357 4.7813 4.7425 4.3725 4.6152 5.0887 4.3723 4.2037 4.9316 5.3802 5.1569 5.1930 5.1269 4.9430 4.6302
5.0507 4.5937 4.6164 4.5604 4.6899 4.1180 4.2142 3.8581 3.9602 4.3256 4.9143 5.0674 5.6077 5.7909 6.0096 5.9830 5.6342 5.5164 5.2248 5.0905
5.1798 4.7356 4.3535 4.0520 4.3753 4.0202 3.8858 4.6310 4.0960 4.2935 5.0383 4.9088 5.1233 5.8188 5.7281 5.3466 5.3319 0.0330 5.6494 5.6001
5.4147 5.2784 4.5343 3.6684 3.6943 4.0467 4.2969 4.8955 4.3398 4.7978 5.0044 5.8000 5.7095 6.1223 5.4190 6.2502 6.0426 6.1437 5.6572 5.8976
