5.7775 5.8096 5.8535 5.7402 5.2758 5.2103 5.4392 4.7510 4.7935 4.7096 4.5076 4.5076 4.4874 4.7159 5.0590 5.4450 5.8918 5.8160 5.7227 5.8558
6.0309 5.6466 5.8381 5.1593 5.3887 5.5418 5.4931 4.7774 5.5927 4.5421 4.6400 4.3766 5.0222 4.9654 5.4877 5.0797 5.3994 5.0328 5.0755 5.6229
5.3846 5.7474 5.4420 5.3440 5.3767 5.4061 5.3245 5.2816 5.3792 4.5454 4.2124 4.7336 4.7831 5.3768 5.5431 5.0329 5.3344 5.1725 5.4077 5.7085
5.1367 5.6595 5.4275 5.4654 5.9162 5.5478 5.3668 5.3128 5.6835 4.6861 5.1223 5.2458 4.8283 5.0873 5.2219 5.1893 5.6166 5.6526 5.7252 5.3898
5.7449 5.9356 5.3221 5.2938 5.3908 5.2961 4.7991 5.0892 5.2808 4.9189 5.0870 5.5018 5.1790 5.6305 5.5777 5.7441 5.3791 5.5583 5.4331 5.2446
4.9689 6.0446 5.3875 5.2882 4.7611 5.4032 5.2266 5.2166 4.7270 4.7251 4.4860 4.6934 5.2461 5.3176 5.0549 5.2494 5.5219 0.5361 0.0599 5.5347
5.5125 5.4516 5.5895 5.1067 5.2428 5.4502 5.2004 5.2795 5.1792 4.9078 4.7522 4.9231 4.9009 5.2667 5.2589 5.3398 5.2876 5.5445 5.7364 5.8324
5.4377 5.9839 6.0379 6.1839 5.6902 5.5468 5.8469 5.5837 5.8231 5.7412 6.1786 5.0888 5.1910 4.9552 4.9050 5.6074 6.2486 5.5874 5.5614 5.8219
5.6662 6.0671 5.9597 0.0679 5.8059 5.7597 5.4201 5.5835 5.4006 4.7326 5.5686 5.1738 4.8828 5.4307 5.5213 5.6464 5.8211 5.3650 5.2794 5.6551
5.6814 6.0643 5.9546 6.2528 5.1803 5.4461 5.8523 6.0366 6.0157 5.4765 5.5941 5.4616 4.9564 5.1028 4.9411 5.4470 5.9179 5.7332 5.1130 5.1506
0.0197 0.4649 6.1946 0.1185 5.1279 5.1096 5.8267 5.5275 6.0508 5.0349 5.2510 5.2099 5.5480 5.3197 5.0018 4.7260 5.3878 5.3993 6.2275 5.3983
0.5748 0.1021 6.2786 0.1279 5.3815 6.1817 5.7476 5.4818 5.1803 5.4833 4.9740 4.8146 4.9183 4.4092 4.7644 4.3501 4.3744 4.7073 0.0335 0.3621
0.7683 6.0213 0.2225 0.2408 5.2689 5.9229 5.4138 5.3059 5.3915 5.3708 4.7743 4.9172 4.3374 4.4402 4.6807 4.0839 3.3044 4.2507 1.7116 1.2356
1.2883 0.6946 0.7534 6.0538 5.3406 5.7465 5.3882 4.9925 5.1042 5.3637 5.3660 5.1274 5.1760 4.9228 4.8147 3.6374 4.1748 3.1690 2.1699 1.2206
0.4845 0.8557 6.2678 6.1730 5.9219 6.0429 5.0617 4.6927 4.7838 5.4516 4.8291 5.3539 4.7732 4.7137 4.7355 4.3297 4.2577 2.0635 1.6951 0.7712
0.2029 0.4305 0.0346 0.2661 5.9725 5.6717 5.3038 4.6557 4.5559 4.8873 4.7050 4.6880 5.0441 4.7442 4.5456 5.1323 5.6432 1.9530 1.1388 0.8121
0.4533 0.5856 6.2254 0.2113 6.2704 5.2054 5.0509 4.5865 4.6670 4.6334 4.9228 5.3230 5.2952 4.1329 4.7956 5.5584 5.8279 0.3701 0.8764 1.1005
6.2097 0.2657 5.7373 6.0807 6.0666 5.4235 4.8668 4.9890 4.7962 4.9258 4.4660 4.8517 5.1680 5.0832 4.9620 4.9979 5.8607 5.8343 0.5801 0.4979
6.0261 5.0839 5.3989 5.7712 6.2183 0.0254 5.4168 4.8257 4.7485 4.9144 4.1142 4.4776 4.8775 4.7937 5.2320 5.5337 5.4267 6.1038 0.3336 6.2319
5.7252 5.0395 5.5648 5.4742 6.0741 5.3653 5.2969 5.1238 5.2968 4.0878 4.2821 5.2582 4.4762 5.0208 5.4663 5.5185 5.9922 5.9840 0.0065 5.8531
