1.3644 1.9730 2.6416 4.0257 4.1072 5.6277 5.6681 0.0315 5.8486 0.0684 6.2085 5.8765 0.7321 0.8670 0.9855 0.2295 0.5898 0.8584 0.7406 1.4878
1.6470 2.9864 3.5582 4.2214 4.6289 5.5814 6.1095 5.8911 5.7713 5.2553 5.6027 5.4549 0.0777 0.2542 0.8999 0.0167 0.5620 0.0053 0.5073 0.6644
6.1438 5.1480 4.5733 4.6612 5.3116 5.7157 5.8345 5.6963 6.0883 6.1385 0.4101 5.9688 5.7331 0.1361 0.3901 0.2027 0.6214 0.4365 0.3243 0.3345
5.8607 5.5280 5.0549 4.8845 5.0448 5.5246 0.0288 0.1252 6.1301 5.4613 0.0643 5.5868 6.0473 5.6745 6.0431 0.7268 0.5604 0.6825 6.1368 0.0486
5.7546 5.5524 5.3560 4.7620 5.0720 6.1522 6.1492 5.5940 5.8236 5.9902 0.3840 5.6411 5.0130 5.4125 5.4941 0.2516 0.0771 0.3453 5.7849 6.0534
5.8313 5.7075 5.8604 4.4770 4.8736 6.2380 0.0329 5.8852 5.5581 5.6996 5.8451 5.7322 5.3908 5.4833 5.6806 0.0313 0.4274 6.1926 5.8971 5.8745
5.3657 6.1554 6.1773 5.2061 5.5264 0.1654 6.2235 5.8561 5.1811 5.2835 5.4112 5.7266 6.0475 5.6701 0.4582 6.2211 0.3340 5.6339 5.4006 5.8854
5.8422 0.5482 6.1504 6.2375 6.2729 6.0853 5.5036 5.5637 5.6706 5.9636 6.0554 0.4721 0.7001 0.2740 0.4933 0.5571 0.2751 0.3615 0.2318 5.8488
6.2252 6.2482 6.1847 5.6175 5.9627 5.7498 5.9566 5.5502 5.7222 0.1842 5.6943 0.0058 0.7197 0.8014 0.8553 1.1286 0.7154 0.7084 0.2580 5.9260
6.1347 5.7592 5.7259 5.7635 6.2179 5.9687 6.0746 0.1142 5.8161 5.6866 0.0035 0.3845 1.4519 0.9820 0.7866 1.1605 1.1255 1.1335 0.7503 0.2825
0.0622 6.0378 5.5586 5.8230 5.7850 5.9557 5.9438 5.4616 6.0248 0.0260 0.4543 1.2415 0.3084 0.8799 1.7318 1.0821 1.6678 1.6127 0.8478 0.5137
5.4438 5.6376 5.8374 0.4799 0.0341 6.0364 6.2223 0.1597 0.3554 0.8009 0.8434 0.6654 1.2746 0.9543 1.3956 1.5257 1.0795 1.9119 2.2634 4.4261
3.5881 4.7664 5.8133 5.8246 0.1940 0.5036 0.3366 0.4174 0.0983 1.0943 1.4993 0.9460 0.4123 0.9690 1.5084 1.7260 1.6195 2.0994 2.0691 3.0220
3.3893 1.5554 0.6052 0.4328 0.2641 0.0963 5.8626 0.6527 0.6445 0.8071 0.2588 0.8146 0.8769 1.7826 1.7884 1.7960 2.6184 1.8770 3.2409 2.9506
2.9469 2.0228 1.2715 1.0964 0.5923 0.2598 0.4952 0.2156 0.2158 0.2514 0.9094 0.6288 0.9977 1.2722 1.4840 1.8731 2.7987 2.4074 2.4190 2.5447
2.5514 2.2437 1.8761 1.1604 1.0926 0.0465 0.1723 0.3909 6.1209 0.2611 0.6886 0.2284 1.5839 1.9873 1.7601 1.7252 2.1217 2.0400 2.5760 2.7436
2.3937 1.9569 1.9760 1.1806 1.2319 0.7993 0.0705 0.0075 6.0830 0.0857 0.8719 0.7983 1.0821 1.4167 1.4786 1.3627 1.5156 1.8958 1.9266 1.9331
2.2248 2.0763 2.3322 1.8098 1.4946 0.9778 0.2165 0.2290 1.3473 0.8262 0.7930 0.8792 0.8560 1.3459 1.4574 1.1982 1.4488 1.5816 1.8234 2.1944
1.4202 2.0839 2.0741 1.8733 2.4140 0.6491 0.3607 0.5362 0.4107 0.1177 0.4776 1.1139 1.2077 1.2142 0.9091 0.6226 0.6483 1.1675 1.6159 1.8573
1.4370 2.3496 2.8826 3.0937 3.3231 1.2581 5.9942 0.4809 0.4045 0.0302 6.0820 6.1841 0.3483 0.5832 1.2269 0.6342 0.7879 0.9370 0.9639 1.9930
