6.2380 6.0001 5.6705 6.0805 0.9270 0.2088 0.9808 1.5603 0.3202 5.5991 5.2479 4.0348 3.8170 2.5193 1.2667 0.8581 1.2983 0.7875 0.2033 0.0518
6.2682 6.0289 5.6349 5.5368 0.0985 6.0480 0.4120 0.4409 6.1970 5.7220 5.5390 4.5049 5.5119 6.1272 0.5033 1.0419 0.7641 0.4399 0.1659 5.8027
5.9581 0.1297 0.0646 0.1540 5.7626 5.4262 0.0503 6.1096 6.0870 5.6586 5.4953 4.8983 5.1870 5.3250 5.7154 0.2887 0.3048 0.4527 0.3250 6.1041
0.1633 5.7432 0.1042 6.0608 6.0622 6.0706 0.1577 0.0870 5.4717 5.1554 5.2769 4.8039 5.4929 5.3745 6.0032 0.0840 0.6271 0.7120 0.7079 6.0702
0.1737 5.6842 5.7482 0.1655 6.1452 0.4176 5.9622 5.0168 5.3854 5.7724 6.0649 5.6419 5.9442 6.1456 0.0586 0.9034 1.0776 0.7734 0.7559 0.2874
6.1764 0.1655 6.1118 0.2674 0.2740 0.1117 0.0020 5.1643 5.2217 5.1715 5.4611 5.9185 6.1880 6.2026 0.0402 0.5192 0.4871 0.4612 0.4685 0.4228
0.2616 0.4164 0.6269 0.4514 0.8260 6.1520 6.1033 5.5326 5.4775 0.7570 5.6651 5.9664 5.3946 0.6528 6.2516 0.0734 1.0060 0.5679 0.7586 0.5265
0.4048 0.8076 0.3798 0.4328 0.3216 5.8790 5.4871 5.6681 5.9901 6.2375 0.2998 5.8800 6.2570 6.1742 0.3296 6.0972 0.5159 0.4016 1.0593 0.2771
0.4472 0.6504 0.4230 0.3611 0.4639 0.2717 5.9350 6.0389 5.5886 6.1237 5.9786 5.6682 0.2383 0.2799 0.4024 6.2669 0.7497 0.4523 0.5174 0.2070
0.0835 0.6900 0.2138 0.7057 0.3430 0.1652 6.2713 6.0954 5.8541 0.4382 0.3126 0.1673 0.4847 0.0253 0.0271 0.1113 0.7153 0.3337 0.2704 6.2453
0.3292 0.8185 0.5920 0.3483 0.3417 0.0333 6.1405 6.0474 5.1834 5.3437 5.9768 5.4363 0.2712 0.0163 0.4438 5.7049 6.1576 0.0766 0.0530 6.0570
0.0108 0.4822 0.2176 6.0771 6.2247 6.1818 0.6596 5.8720 5.2055 5.1116 5.3184 5.5214 0.7988 0.5241 0.6817 0.5013 5.9797 5.8523 5.8959 6.2603
6.1361 0.2227 0.2101 5.6715 5.8198 6.1627 6.0067 5.3261 5.5085 5.2147 4.8300 5.0516 0.4436 0.8047 0.4476 6.0635 5.7575 0.1381 5.8725 0.3781
5.7002 0.6121 6.1748 0.0494 6.0750 6.1265 5.9287 5.8533 5.5782 5.1335 4.2605 3.8567 3.5645 3.8665 5.3725 5.3942 5.5422 5.3138 5.9151 6.0737
5.8798 0.0304 0.2808 5.8114 0.0353 5.7390 5.8244 5.3211 4.8753 4.5103 3.6477 3.7609 3.7975 4.2283 4.6150 5.0299 4.7103 5.2431 6.0526 5.8299
6.2495 6.1622 0.0240 5.9574 5.7941 5.8292 5.9944 5.4055 4.5863 3.4573 2.9363 3.5606 2.9235 2.7499 3.9243 4.0166 4.3712 4.3804 5.4176 4.7777
0.1891 0.2667 0.1814 6.2024 6.1691 0.1784 0.1181 1.5752 2.4469 2.6782 3.1861 2.8246 2.8919 2.3866 2.7178 3.7256 3.7688 4.4377 4.7515 5.6510
6.1002 6.0301 5.8148 0.1906 0.3985 0.7587 1.4847 1.2490 1.9717 2.8288 2.7815 3.1286 3.3007 3.0308 2.4533 3.2523 2.9235 5.1648 5.7908 5.5445
5.7334 5.9239 5.8728 0.0832 0.5568 0.8691 1.1374 0.9723 1.5756 1.6719 3.4176 3.2258 3.1473 3.1373 2.2867 2.1162 1.7462 5.2206 5.8895 6.0409
6.0121 5.4908 5.6755 0.0202 1.1764 0.9284 0.9865 1.0706 1.8568 1.5498 3.6149 3.6229 3.5535 2.6163 2.3563 1.6428 1.2351 0.3196 0.1285 0.1269
