1.9363 2.4153 2.4028 2.4634 3.4992 3.2258 3.7357 3.5928 4.1781 4.5885 4.6186 5.3399 5.5200 5.6908 4.8106 4.1159 2.8771 2.2692 2.9514 1.8650
1.7569 2.7033 2.4592 3.0207 3.6733 3.1875 3.9662 4.1840 3.9741 4.6757 4.4445 5.0329 5.2418 5.2246 5.6539 4.3980 3.9256 4.3938 1.0613 1.8316
1.2327 2.7902 2.9882 4.0958 4.0050 4.3521 3.7604 4.5740 4.5182 4.7190 4.0583 5.3027 5.2894 5.4902 5.2605 4.8226 5.0123 4.9859 0.1796 0.4135
5.4371 4.7217 4.2343 4.3864 4.4616 5.0239 4.4410 5.0995 5.7334 5.8277 5.6356 5.6509 5.7516 5.1727 5.8730 5.3410 5.5371 5.5747 6.0665 5.2952
5.6368 4.7077 4.5881 4.6876 4.7619 5.1086 5.0414 5.1160 5.9912 5.7283 6.1222 6.2761 5.4402 5.6929 6.1005 5.9996 5.3807 5.8236 6.2013 5.5709
4.9046 4.3612 4.9077 5.0213 5.1349 4.3421 5.1274 5.8250 5.8618 5.7237 0.1721 0.3770 5.7974 6.0708 0.6299 0.1155 6.0385 5.5490 5.5173 5.6853
5.6929 5.1448 5.1949 5.3390 5.3955 5.3524 5.9425 5.5704 6.0909 5.8918 0.6047 0.4972 0.2564 5.8221 6.2812 5.7333 5.8866 0.1239 5.0460 5.3811
5.9379 5.9220 5.8973 5.9270 5.6153 6.2689 6.2545 5.5667 0.4389 0.1461 6.1549 0.2031 0.1027 5.9748 6.2228 5.9977 6.0761 5.9136 6.0743 6.0309
0.0459 0.2136 6.1604 5.8232 5.5027 5.7994 0.2151 6.1930 6.2724 6.0344 6.2788 0.8761 0.4279 0.9705 1.0573 0.0614 6.2693 0.1250 5.9957 5.8364
0.5388 0.1156 6.1229 5.4793 5.2580 5.2766 5.1358 5.9871 6.0031 6.1569 0.3998 0.8834 1.1214 0.5504 1.3548 1.0085 0.7527 0.0067 0.3520 0.1946
0.7357 0.5252 0.2558 5.8456 5.4244 5.0945 5.0764 5.1905 6.2661 5.7550 0.8391 0.8329 0.9847 1.0813 0.7136 0.7511 0.6041 0.7572 0.0142 0.3221
0.9222 0.2424 0.4290 0.3339 5.9892 5.0298 5.1442 5.1742 5.6799 5.9103 0.2724 0.6923 1.2201 0.8319 0.6700 0.7654 0.3176 1.0594 0.9239 0.3002
0.8419 0.5890 1.1502 2.5600 2.9374 4.2976 4.9066 5.4319 5.4918 5.4574 6.0847 0.7847 1.0018 0.9565 0.4806 0.4621 1.2097 0.6835 0.8981 0.9847
1.6525 1.3031 1.6495 1.9973 3.6101 3.7888 4.5058 4.9356 5.7626 5.2599 5.9456 0.9339 0.5229 5.9709 0.1055 0.0404 0.7648 0.1498 0.4568 1.0934
1.4017 1.8006 2.2806 2.8883 3.3794 3.9619 3.9947 4.8773 5.5452 5.2022 5.3282 6.0064 6.2118 6.0792 0.3639 0.8281 0.4634 0.0324 6.1627 0.9842
1.6844 1.8053 2.2673 3.1338 2.9573 3.5990 3.5743 3.4699 4.1669 4.9214 5.2996 6.0065 0.4590 0.7373 0.7147 1.1591 1.5019 0.6251 0.8652 0.9531
1.5728 2.8338 2.7483 2.9502 3.3193 3.1482 4.1426 3.5325 3.9582 5.1181 5.4753 6.1406 0.8785 1.0429 0.6026 0.5918 1.6382 1.2166 1.5746 1.0694
2.0362 2.4505 2.8816 2.7303 2.1960 3.1597 3.1708 3.1611 3.9902 3.9813 5.1787 5.2594 6.2792 0.6960 0.5258 1.5673 2.2087 2.0169 1.7892 1.8428
1.6381 2.3986 2.7128 2.3480 2.1677 3.0123 2.5230 3.6634 4.5282 4.1565 4.9828 5.0726 5.5308 0.4869 1.1736 1.9536 2.2714 2.0161 2.1138 1.5781
1.5376 2.1940 2.7269 2.3115 3.0301 3.1956 3.2910 3.5352 4.3656 4.7104 5.1910 5.4188 5.7711 0.2341 0.8710 1.8677 3.0215 2.7687 2.8005 2.6471
