3.3738 3.3948 2.5182 3.6065 3.9682 4.2867 3.5462 3.1623 4.1849 3.8623 3.7800 4.4591 4.4407 4.2680 4.6469 4.7173 4.2546 3.6791 4.1182 3.3909
3.4403 3.8947 3.5478 3.5918 4.0940 3.8107 4.1190 3.5644 4.0509 4.1887 4.1959 3.8267 3.8891 5.1055 4.7937 4.8429 4.8934 3.9788 3.8615 4.1578
4.1517 4.4344 4.2839 4.5049 4.3108 4.0666 3.6156 3.9892 3.7114 4.0983 4.7750 4.6788 4.2963 4.3914 3.8432 4.5206 5.0222 4.4197 4.2149 4.1126
4.6317 4.5595 4.1809 5.0291 4.6015 4.1853 3.9628 4.2914 3.4035 4.0712 4.1573 4.8336 4.7202 4.3221 3.8616 4.2760 3.8687 4.9425 4.4287 4.1396
4.5639 4.4924 4.5775 4.4297 4.3642 4.1133 4.4177 4.5860 4.2363 4.0765 4.5049 4.3716 3.8524 4.2735 3.5573 3.9375 3.8909 3.9401 3.8837 4.4411
3.9802 4.3399 4.6403 5.4474 5.4261 5.1367 5.1634 4.8541 4.3791 4.8579 4.6921 3.0777 2.4114 4.0101 3.1612 2.9227 3.4972 3.5502 3.5505 3.7295
4.5235 4.8868 5.6130 5.9893 5.8152 6.0516 5.5083 5.9893 5.6042 6.0824 0.4751 2.0629 2.1472 3.8623 3.6987 4.3714 3.9031 3.8799 4.0612 4.5028
4.8632 5.4465 0.0738 0.4296 0.0256 5.8192 5.7797 5.9223 0.0878 0.8082 0.9417 1.6637 2.0977 3.0842 3.5067 3.8543 3.3135 3.0831 3.5197 4.8941
5.6708 0.1973 0.1739 0.7408 0.3485 0.4569 0.0713 6.2831 0.5570 0.3913 1.4632 1.4125 2.1786 2.9787 3.1523 3.2802 3.4232 3.4537 4.3524 5.2029
5.9829 1.1932 0.8285 1.3929 0.3290 0.0037 0.8516 0.3681 0.9261 1.2943 1.3425 1.6679 2.5676 2.6895 3.1029 2.7917 2.3223 1.6189 0.9925 0.6129
0.9782 0.9954 0.6566 0.7258 0.7615 0.6327 0.9453 0.4714 0.6536 1.5035 1.5759 1.3953 2.2666 2.7766 2.6759 1.3912 1.9949 1.6346 1.2013 1.0124
0.8529 0.3552 0.4218 0.0765 0.6351 0.3960 0.5532 0.4343 0.0325 0.7401 1.4134 1.4873 1.4396 1.2455 2.8323 1.5354 1.0013 1.5326 1.4713 0.4263
1.1644 0.0152 0.1636 0.3638 0.4137 0.1086 0.4944 0.3280 1.1448 1.0997 1.2660 1.8250 1.2865 1.5110 1.5273 1.3311 1.1056 1.1675 0.5331 1.1809
1.0975 0.3234 6.2316 0.3800 0.6433 6.2801 0.9285 0.4527 1.1399 1.4733 0.9941 1.6437 1.2505 1.2020 0.9557 1.4577 0.7438 0.7106 0.0014 1.0971
0.7222 0.4694 1.0475 1.2878 1.1692 0.3229 0.3163 0.9794 1.0487 1.0541 0.7815 0.7212 1.0683 0.3556 1.0141 0.1759 0.5231 0.4266 0.2843 1.1321
1.0305 1.1897 1.7369 0.8477 1.7990 0.6898 0.6833 1.2828 1.3898 0.3759 0.2914 6.1008 0.0802 6.2641 0.0940 5.6738 6.1402 0.0937 0.0849 0.4604
2.4835 1.7644 1.6229 1.3985 1.5926 1.2551 1.1043 0.7560 1.1136 0.6346 0.7758 0.0927 5.9682 5.5813 5.4229 5.7388 5.7564 5.3286 4.5566 4.4800
2.8995 2.5409 1.8881 1.7506 1.6550 2.0432 1.8717 1.2301 1.6824 2.0249 1.1764 6.2680 5.1689 4.8449 5.2952 4.8633 4.4562 4.1290 2.9178 2.9907
2.5420 2.1871 2.6628 3.2899 2.4978 2.7304 2.6729 2.3679 2.7452 2.6607 2.5936 5.4000 5.1922 4.8962 5.4916 5.0495 4.8233 3.6837 3.3683 2.7164
3.0740 2.6845 2.7042 3.0691 3.7157 2.8512 2.5333 2.4930 3.2905 3.5178 3.7027 3.9963 4.1790 4.7774 4.9235 4.5553 4.5020 4.0178 4.0546 3.1456
