0.9881 1.2728 1.0261 0.8741 0.4567 1.2289 0.7825 1.3676 1.2468 1.2562 1.2927 1.5035 1.3938 1.6725 2.2865 1.7514 2.1847 1.9601 1.8884 1.6955
1.2122 0.9197 1.1060 0.8821 0.2961 1.1556 1.3707 1.1311 0.8489 0.9736 1.1987 1.9783 0.7794 1.4657 1.8300 1.7423 1.3358 1.7792 1.3632 1.1579
1.1555 1.1422 1.2802 0.5412 0.5037 0.7448 0.9444 0.4979 0.4983 0.7284 0.5915 0.8899 1.2447 1.2707 1.2684 1.0771 0.9181 0.6849 1.4426 0.8102
1.1265 1.7962 0.3468 0.3592 0.8963 0.9816 0.4637 0.0761 0.5794 1.4189 1.0722 0.8985 0.8823 1.1330 0.8468 0.9350 0.9402 0.6773 0.8998 1.0460
0.8921 0.3770 0.0322 6.1595 6.1885 0.4381 0.1802 0.0977 0.4419 1.1765 1.5781 1.3836 1.7027 1.9718 1.3994 0.9572 0.7141 0.0586 0.4743 1.0826
0.6350 0.6489 0.2095 5.7951 0.0500 6.2207 0.3971 0.1332 1.1450 1.6897 1.5742 1.3756 1.4276 1.2185 1.2983 1.2041 0.0701 0.1788 0.6258 0.7215
0.4913 0.0629 0.3695 0.1226 0.5747 0.4027 0.3461 0.3037 1.2695 1.5714 1.1708 1.7724 2.3150 1.2757 1.3219 0.8385 0.3675 0.4658 0.7395 1.0215
0.3233 0.1149 0.2698 0.0006 0.8070 0.4966 0.3051 0.4874 1.2759 1.3178 0.7485 2.2821 2.4812 2.4065 1.8446 1.8590 1.0168 0.6622 1.1826 0.3143
0.1060 0.3705 0.2498 6.0492 0.7030 0.3667 0.6862 0.6996 1.2627 1.7172 1.7975 1.9351 2.4840 2.6546 2.0647 1.8395 0.8145 0.6156 0.2241 0.4746
5.6104 6.0194 6.2772 0.8077 0.2995 0.4285 0.6260 0.8126 1.2897 1.4316 1.8448 2.0561 2.0657 1.8607 1.5904 1.7437 0.6631 0.6642 0.4083 0.3796
5.5134 5.6684 5.8040 0.5160 6.1127 5.7470 0.0476 0.5152 0.5389 2.2420 1.4268 1.8981 2.0052 1.7755 1.6024 0.7597 0.1218 0.2699 0.3345 6.1355
4.5936 5.5104 5.1839 5.4215 5.7854 6.1514 5.9835 1.3444 0.9613 1.8404 1.6920 2.3011 1.1106 1.8027 0.9780 0.8658 0.3405 0.1794 6.1248 5.3439
5.6329 5.4680 5.2686 5.0295 5.3746 5.4470 4.9085 1.6833 1.8800 2.0674 1.3917 1.8806 1.6302 1.0419 0.4930 0.5028 6.1343 0.2939 0.4498 5.7462
5.7115 5.2211 5.2768 4.3782 5.1890 5.0588 4.1154 3.1018 2.1408 1.9330 1.4855 1.4654 0.9315 0.2049 6.2421 0.0619 6.0094 6.0082 5.7801 5.9816
6.2487 6.1457 5.7889 5.1455 4.5992 4.2554 3.8713 3.2959 2.2106 2.0570 1.6776 1.3810 0.7086 0.7040 0.4462 0.2582 5.9838 6.2043 5.9619 6.0862
0.4404 6.0701 6.1637 4.8058 4.9343 4.2992 3.1167 3.2281 3.1208 2.9853 2.4570 1.5314 1.6464 0.4543 0.3629 0.0284 6.2444 5.7555 5.8411 0.1127
0.4594 0.5900 0.5041 5.6041 5.0232 3.6968 2.7724 3.1730 2.7804 2.6634 2.0355 0.9056 1.2051 0.9399 0.3058 0.3095 6.0404 0.0177 5.7118 0.1568
0.5968 0.6400 0.9800 0.8492 1.3147 2.3284 2.0228 2.3831 2.2244 2.0375 1.5048 1.2365 1.5658 1.4265 0.5320 0.0163 0.4263 0.3648 0.2490 0.4873
1.0245 0.8495 0.7688 0.8698 1.4636 1.7864 2.2181 2.0231 1.9980 1.3854 1.5624 0.7534 1.4611 1.4564 1.2328 1.6115 2.2188 1.6051 1.1164 1.4215
0.5939 0.5270 0.8599 1.3538 1.4118 1.3256 1.0091 1.6278 1.8091 0.9139 1.4326 1.3331 1.4606 1.9103 1.3949 1.8615 2.2954 2.2093 2.0336 1.6959
