3.1069 3.6219 3.4548 2.0765 0.8252 0.5734 0.0985 0.0438 0.4343 0.5165 0.0372 0.6782 4.1582 3.8901 4.0264 3.3479 3.1032 2.9513 3.2528 3.4173
3.3765 3.7248 3.7326 5.7555 0.7099 0.1839 6.0762 0.2871 0.4529 0.4022 0.2717 1.0279 2.6514 3.2935 3.0091 2.8425 3.2139 3.1546 3.6362 3.3013
3.7826 4.6077 4.4053 5.1475 6.1028 6.2182 6.0418 5.8783 0.7429 0.4653 0.4202 1.2949 2.0915 2.5004 2.7013 2.9394 3.2954 3.1193 3.7279 3.4975
4.1776 4.5068 4.7110 5.3110 6.0801 6.0933 0.2964 0.0696 0.4253 1.0943 0.9992 1.7662 2.4471 2.5190 2.6830 2.6366 3.1316 3.2152 3.1564 3.7881
4.1714 4.6545 5.1996 5.3406 6.2281 6.2224 6.1566 0.1772 0.7897 1.2120 1.0544 1.6053 2.2583 2.4835 2.5086 2.9537 2.9577 3.0370 3.3205 3.4152
4.6150 4.7466 4.8977 6.0353 0.2128 0.4203 0.5226 0.9569 0.8152 1.4009 1.5686 1.7684 2.1063 2.4960 2.7822 3.2595 3.4031 2.8911 3.3677 3.3575
4.6918 4.3828 4.5058 5.1204 5.9303 6.2348 0.3480 1.0295 0.6852 0.9505 0.7254 2.1291 1.8852 3.0731 1.9743 2.9151 3.4810 3.8667 3.4997 3.7012
4.6383 4.7316 4.9413 5.4064 0.0567 0.4906 0.6354 0.8763 1.1669 1.0805 1.8932 1.6869 2.0973 2.5687 2.6814 3.3876 3.3126 3.0883 3.5508 3.6104
4.5413 4.2473 5.2805 5.5102 0.4547 0.1672 0.8122 1.2465 1.3563 1.0963 1.9473 1.9302 1.7938 2.3578 3.1388 3.2080 3.9751 3.8698 3.8329 4.1635
4.4645 4.3150 5.5451 5.7753 0.8481 0.1557 0.5481 0.4717 0.9437 0.9994 1.5549 1.3958 1.7353 2.6682 2.9942 3.4305 2.8372 3.2722 3.8110 3.7029
4.4970 5.1031 5.4201 5.8745 6.1040 6.0000 0.4921 0.2827 0.6306 0.6501 1.1929 1.0654 2.2550 2.6165 2.2133 2.7615 2.9688 3.4436 3.6831 3.9435
5.3403 5.5230 0.0962 0.3610 0.6210 1.1474 1.0245 0.6913 0.8772 0.9996 1.5051 1.5881 2.8034 2.4664 2.5534 2.6795 2.8154 3.1912 2.9519 4.0759
0.1733 0.0512 6.1417 0.1382 0.7349 0.6132 0.3605 0.8001 0.7892 1.2092 0.9611 1.3585 2.3568 2.5244 2.7393 2.3832 3.1116 2.1804 2.2816 2.4944
1.4753 0.7658 0.1862 0.1824 0.2749 0.3819 0.2538 1.5138 0.6932 0.6323 1.8010 1.3755 1.6034 2.5522 2.5994 2.4925 3.0156 2.2319 2.3791 2.5101
1.5730 1.7400 1.1778 1.3826 0.5575 0.5106 1.0459 1.4587 0.7786 0.3856 1.2312 1.7844 2.2437 2.6730 2.6882 2.7566 4.0180 2.8357 2.2461 2.1977
2.0799 1.6246 1.6617 1.1668 0.1758 0.5738 0.6156 1.2455 0.9173 0.8893 1.3926 2.1295 2.8032 3.0961 3.0664 3.1980 2.7289 3.0141 2.9410 3.4576
2.4234 2.3426 1.2856 1.7117 0.2095 0.9823 0.5512 0.6082 0.7043 6.1912 0.7533 2.4856 2.9960 3.0307 3.0832 3.1367 2.9303 2.9454 3.1461 3.5521
3.2354 2.0293 1.6381 1.8404 1.1324 0.8609 0.8286 1.3587 1.4434 6.1621 5.3081 2.7592 3.6397 3.6315 3.0415 3.3864 3.3715 3.2452 2.7826 3.1752
2.5186 1.9950 2.2679 1.2737 1.2375 1.1719 1.3461 1.0420 6.1411 6.1257 5.8888 6.0036 4.3452 3.8702 3.5680 3.6604 3.6205 3.6796 3.6599 2.9154
3.0498 2.9017 2.5602 1.5262 1.3028 1.9739 0.6937 0.6283 0.1677 0.2010 0.0415 6.0721 4.5076 3.6050 3.0332 2.9262 3.3162 3.7325 2.8233 3.0264
