1.9423 0.9669 6.1259 5.7352 4.7634 5.0773 5.6449 5.1697 4.2384 4.6910 4.6630 4.8478 4.8108 4.5195 4.3298 3.7567 3.3863 2.9001 2.6559 3.3629
2.7610 3.1760 4.4362 4.9370 5.1686 4.8459 5.2374 4.3165 4.4304 4.6659 4.7669 4.5669 4.7280 4.6177 4.2112 3.1183 3.1103 2.5605 2.9535 2.4387
2.8732 3.7044 3.9710 4.0326 4.6250 5.1015 4.7179 4.6756 4.0147 5.6153 4.6114 5.0572 4.3454 4.0432 4.0825 3.8840 3.3778 3.2143 3.2896 2.6958
3.3468 4.0675 3.8019 4.6373 4.9922 4.8120 4.7673 4.3892 4.6964 4.9997 4.2152 4.6497 3.9047 4.9140 3.8371 3.9068 3.7697 3.5460 3.3526 3.1514
3.7801 3.6464 4.4205 4.1357 4.6357 4.5147 4.7341 4.3944 4.0551 4.0055 4.7256 4.6418 4.9372 3.9104 3.8283 4.0045 3.4016 3.4790 3.7240 3.2034
3.3740 3.4702 4.2748 5.0042 5.0957 5.1117 4.7769 4.4850 4.5560 4.5836 4.3860 4.4211 3.8070 3.8671 4.0266 4.0662 3.5528 3.9648 3.8830 3.7707
3.1000 3.6928 4.1529 3.8672 4.4138 4.3890 4.4326 4.2438 4.6949 4.8769 4.6468 3.6966 3.4393 3.4733 4.1914 4.0631 3.6536 4.3296 4.2236 3.0481
3.9920 3.3717 3.7356 3.3907 3.5887 4.5547 4.8897 4.2029 3.8078 4.6738 3.7378 3.5793 3.6529 3.9187 4.1225 4.2001 3.9594 3.8771 4.3327 4.3451
3.6456 3.5301 3.4611 3.5838 4.1422 4.6546 4.6110 4.9324 3.3878 3.3983 3.6887 3.1768 3.3603 3.1120 3.9329 3.8670 4.2211 3.8888 3.8076 3.8061
4.1851 3.8069 3.3346 2.9589 4.1687 4.1828 4.6684 4.7422 4.3740 3.7942 3.6077 3.3045 3.7603 3.1541 3.8419 4.0693 4.2883 3.4653 3.8860 4.1062
3.7106 3.5839 3.5555 3.3241 3.6291 4.4064 3.7348 4.6286 3.9580 3.8073 3.3042 3.0784 3.2546 3.2066 3.1406 3.9717 4.2867 3.8210 3.7398 3.6772
3.5284 3.4619 4.0215 3.3968 4.0491 4.2001 3.9928 3.9370 4.0503 2.9554 3.5101 2.6746 2.8869 2.7660 3.6270 3.3039 3.6967 4.0102 3.7981 4.1822
3.6471 4.5182 3.8515 4.4339 3.7700 3.7263 4.0182 4.1720 4.0288 3.3906 2.8944 2.6367 2.3191 2.4097 4.0154 3.7115 3.4441 3.7645 4.0506 3.2425
4.3089 4.8029 4.6691 4.5736 4.5883 3.9880 4.0830 3.6587 3.4779 3.2969 3.2308 3.0452 2.4153 2.6572 3.3408 3.1156 3.7002 4.2913 4.4675 4.5643
4.2093 4.5886 4.5155 4.1643 4.1287 4.5926 4.4836 4.0085 3.5156 3.9265 3.7215 3.6698 2.6190 3.1616 3.5984 3.1555 3.3044 3.4518 4.0401 4.0399
4.6278 4.8652 4.8253 4.7442 5.0754 5.4769 5.3484 4.5589 4.3334 4.4467 4.3804 4.6603 3.9870 3.6704 3.9813 3.5278 4.0552 3.2806 4.0109 4.3877
5.1209 5.2660 5.0431 4.8285 5.3742 5.0996 4.6067 4.3074 4.9842 4.6610 5.2984 4.2737 4.3006 3.3617 3.5506 3.2824 3.9152 3.7576 3.6321 3.9830
0.8294 6.2308 5.6083 5.8633 5.3688 6.0308 5.1056 5.1598 4.7369 4.4175 4.4848 4.0086 4.2221 4.6601 3.6893 3.5126 3.6596 3.3670 3.0782 2.7907
0.5472 0.3261 5.4590 5.3516 5.5314 5.5133 5.7462 5.7562 4.8781 4.4117 5.5023 5.0089 5.0120 4.5856 4.9811 4.7839 3.3624 3.4626 3.2478 2.3511
1.6717 0.8319 0.0868 5.5799 5.3054 5.4196 5.4168 5.9090 5.2031 4.5651 4.6542 5.2293 4.9660 4.6384 4.7074 4.1274 3.2102 3.0004 2.8693 2.0639
