4.1088 4.1042 4.8150 4.9523 4.4179 4.3264 4.8445 4.3514 4.2601 4.5478 4.7430 4.4406 4.2093 5.1905 5.3289 6.2245 4.9725 5.2718 4.9614 4.4280
4.5418 5.0313 5.4366 5.1708 5.4732 5.2849 5.0718 4.7089 4.6086 4.8709 4.5418 3.6550 4.4817 5.0654 4.1003 5.0695 4.5556 4.6929 4.9667 4.7944
4.9624 6.2661 6.1009 5.9023 0.1067 5.5487 5.2342 4.5887 4.8599 5.0010 4.8908 4.5153 4.3494 4.6256 4.4566 4.7839 4.6134 4.0001 4.4982 4.2602
4.3322 5.6955 0.0079 5.9509 6.2219 5.8256 5.5890 4.4967 5.0669 5.1057 4.7655 4.3985 4.2625 4.5352 3.6231 4.2004 4.7758 3.6219 3.9982 3.8927
4.0992 0.0423 0.1446 5.8957 6.1024 6.1305 6.1735 6.1712 6.0676 6.1503 6.0699 5.3468 4.4672 4.7098 3.9631 4.8416 4.2008 3.2881 3.5093 3.8642
1.8078 1.3390 1.1959 0.4802 6.0540 5.8364 5.9224 0.0296 6.1190 5.5467 5.3849 5.3297 5.2659 5.0744 4.8907 4.9077 3.5058 3.2541 2.7030 2.9982
1.5852 0.4573 0.5660 0.2145 0.0984 5.6115 6.2305 6.0736 0.0158 5.8577 4.6269 5.0909 5.0252 5.3100 5.0574 4.2524 3.5615 2.9620 2.3191 1.8550
1.3752 0.6112 0.6985 6.0592 6.2376 5.4582 5.7723 5.7790 5.2279 5.3875 5.2379 4.9808 5.9432 6.2492 6.0515 0.2769 1.1930 2.2694 2.5458 1.9203
2.0554 1.0761 1.0263 6.2817 0.1811 6.1899 5.3904 5.6034 5.0887 5.1328 5.0430 5.1981 4.7234 5.3536 5.8286 0.4850 1.5316 1.9082 2.2647 2.4634
2.1804 1.6553 1.0815 0.2384 0.2937 6.2739 4.8133 4.3925 5.4627 5.8001 5.6964 5.4413 5.3651 5.2396 5.8567 1.3613 1.2817 1.5479 1.5396 1.6322
1.8678 0.9652 1.1822 0.7264 0.6683 6.0312 6.0590 5.1610 5.7070 5.6518 5.4779 5.6493 5.2991 5.1036 5.5564 1.6966 1.6431 1.8419 1.9048 1.7874
0.6366 0.9152 0.9049 1.1155 0.3719 6.0281 5.9931 5.2186 5.2378 5.2025 5.2854 5.5865 5.2712 4.9417 5.9578 1.5185 1.4387 1.0086 2.0090 1.1654
0.7414 0.7323 0.9355 0.5757 6.0697 5.0217 5.2371 5.6807 5.2196 4.5710 4.7183 5.3733 5.1766 4.9095 4.3631 1.8217 1.7083 1.3891 1.6744 1.2104
1.1956 0.7761 0.3651 6.2416 5.6195 5.3043 4.9266 4.5409 4.9997 4.7213 4.8328 4.6138 4.9203 4.8173 4.6383 6.1162 1.3231 0.9506 1.1445 1.1634
0.6372 0.1073 6.2648 6.2442 5.3927 4.8402 4.8355 4.8332 5.2704 4.8595 4.7217 3.8997 4.6876 4.7221 5.1515 5.6865 0.1303 1.2505 1.1863 0.1907
5.5062 0.0316 5.8085 4.9888 4.8862 5.0590 4.7900 4.5459 4.9130 4.7243 4.2823 4.3130 4.3972 5.2556 5.9916 6.1392 0.2399 6.2489 0.3113 0.0463
6.0164 5.6483 5.3599 5.1667 4.4184 4.4464 4.4591 4.3272 4.3334 4.3872 4.2399 4.1857 4.5453 5.0362 5.4074 5.5242 6.1909 6.2715 0.1274 6.2300
6.0419 5.7221 5.1671 4.6646 4.8279 4.3021 3.8613 3.9251 4.0583 4.2886 4.5351 4.0320 4.6754 5.2981 5.5183 6.0504 0.4127 0.2572 0.3698 6.2182
5.4868 5.0331 5.3343 5.2416 4.5196 3.9829 4.3641 3.9520 4.2817 4.5658 4.3939 4.0213 4.3272 5.1024 5.6243 0.2313 0.1356 0.5604 0.2165 5.6523
5.4014 4.9076 4.6168 5.1159 5.0052 4.8704 4.5253 4.4288 4.6031 4.4790 4.0235 5.1925 5.0815 5.1702 5.2087 5.8103 5.3145 5.2682 5.4939 5.1417
