0.8105 0.7681 0.9498 1.0289 1.3082 0.4705 0.5540 0.3043 0.4284 6.1827 0.0068 5.7684 6.1402 5.0933 5.5189 5.7259 0.0721 0.4107 6.1574 0.0824
0.4735 0.5413 1.1305 0.9540 1.0797 0.3107 0.3958 0.1159 0.2795 0.4100 5.9372 0.0292 0.4899 6.0650 5.8501 5.5812 0.3680 0.6685 0.7939 0.2462
0.7025 1.5167 1.0417 0.6779 0.5710 0.5236 6.1454 0.1742 0.4433 0.4426 6.2739 6.1800 0.6439 0.3087 0.4859 0.0500 0.1381 0.6032 1.2784 0.4147
1.3554 2.0166 1.0800 0.7586 0.5451 0.0713 6.1998 6.0547 0.3219 0.0683 0.7626 0.6445 1.0084 1.2246 0.9286 0.5601 0.6082 1.0448 2.2002 1.8491
1.9291 2.0465 1.0258 1.5269 1.5724 0.7394 1.6308 0.9296 0.5224 0.3974 0.4074 0.6702 0.5055 0.8027 1.0780 1.1432 0.7299 1.2893 1.4539 2.1007
2.0819 1.3597 0.9230 2.4091 1.4154 1.8454 1.3070 1.9444 1.4086 1.4525 0.9686 0.6000 1.1266 1.4433 1.2874 1.7007 0.6326 1.6774 2.0426 2.5083
2.3816 1.6725 1.7581 1.6743 2.0775 2.2443 1.8909 1.9950 1.0913 1.0276 1.4108 1.4577 1.4432 1.6259 0.9939 1.6289 1.2655 1.6611 2.6403 2.7963
2.2554 1.3027 2.2994 2.0985 1.8915 2.5624 2.3000 2.3509 1.4428 1.0465 0.8086 1.0252 1.3479 1.6163 1.7941 2.7081 2.3230 2.1349 2.2510 2.8489
2.2774 2.0704 2.0555 1.6532 2.1663 2.9979 3.0961 2.8729 0.6233 0.9563 0.7385 1.0380 0.8749 1.3295 2.4301 2.7953 2.2910 2.2375 2.7429 2.5728
2.6541 2.7256 2.7562 1.7871 1.4937 2.7294 3.8168 3.9722 5.8577 5.8687 5.5465 0.2434 0.3337 1.6081 2.1388 3.1442 3.0389 2.8689 3.1732 3.1250
2.2225 2.5528 1.7975 1.7198 1.8709 3.4055 4.5331 4.5520 5.0831 5.4881 5.7669 6.1828 5.2283 2.9592 2.2880 3.4142 2.4529 4.0127 3.4984 3.2392
1.7733 2.5749 1.6911 1.4348 6.1166 5.6379 5.2130 5.4513 5.5676 6.0118 5.3829 5.6839 4.6960 4.3314 3.5526 3.4769 2.5140 3.3295 2.9925 2.6223
3.1057 1.9383 2.6795 6.0079 0.0740 5.7652 5.4124 5.4104 5.5264 5.4083 5.1189 5.5998 5.1589 4.5590 3.7765 3.8207 3.6912 4.0437 2.6665 2.6147
3.5154 3.1483 3.2677 3.9333 4.8202 5.1781 4.9331 4.9938 5.2288 4.5913 4.9924 5.4326 5.3012 4.9522 4.2285 3.7436 4.1099 3.9846 3.2655 3.3877
3.3308 3.6242 3.2596 3.7768 4.3644 4.8697 5.0775 5.6752 5.4768 5.8368 5.5182 6.0614 5.9004 5.1059 4.5997 4.3996 3.8138 3.6691 3.0700 2.9982
3.7580 3.4984 3.0218 3.4059 3.4406 4.8774 5.0478 6.2221 6.0605 6.0605 4.7085 5.9989 5.8243 5.1739 5.0735 5.1677 4.1768 3.4505 3.9693 3.8009
4.3521 3.7876 3.1914 3.0551 2.9076 0.0592 5.5829 6.2092 0.4980 0.1838 5.4823 4.8008 5.4155 4.7915 4.6393 5.0785 5.0233 4.6666 4.1346 4.3776
3.1343 2.9209 2.4137 2.6926 0.6156 0.3904 6.1722 0.0151 0.1932 5.7011 5.1644 4.3504 5.0681 4.7383 4.3898 5.1897 5.3706 5.6448 5.5619 4.7549
1.5098 1.5249 2.4507 1.8251 1.1453 0.5271 0.8950 0.1562 0.2556 0.2775 6.0936 4.8128 5.2889 5.6826 5.6097 5.8035 5.9284 0.2476 0.2629 6.1146
0.4885 1.1477 1.5593 1.5272 1.4719 0.2791 0.4639 0.6400 0.3038 6.2822 0.0454 5.8064 4.7834 5.4228 5.7391 6.2645 0.2508 0.0648 0.2989 0.2376
