2.7112 2.2660 3.1283 3.1680 1.9967 1.0282 0.3712 0.5979 0.5266 1.1046 0.1061 5.1421 4.8102 3.0024 3.4223 2.9887 3.4192 3.8061 3.1523 2.5675
3.3672 3.2084 2.8240 3.3431 2.1141 1.2449 6.2163 0.8298 6.2748 5.9935 5.2029 4.3129 4.3507 5.9070 3.6505 3.2037 4.2055 3.9326 2.3936 3.1042
3.3471 2.9892 4.3150 3.2008 2.5201 1.7131 1.3240 5.5932 5.3870 0.1370 4.9266 5.6679 5.5652 5.6517 4.4149 4.3569 4.4116 4.0380 3.9892 2.6453
2.5242 2.8235 2.5822 2.7868 2.1599 1.2799 1.8113 1.9696 0.3573 0.6904 0.4819 0.9737 0.7744 5.8935 5.0449 4.0272 4.8380 5.4986 3.7542 3.5855
2.6929 2.3621 2.4161 1.2572 2.8215 3.0793 2.1675 1.5618 1.6116 1.5901 1.0161 5.9418 0.2838 6.1958 5.4853 4.8518 5.4524 4.6246 4.4221 3.3938
2.4085 1.8698 1.6521 1.4864 3.0313 3.0143 2.2943 1.7449 1.3207 1.1425 0.8762 5.6402 0.6508 0.0577 5.0880 4.8718 5.1638 5.3230 5.5721 5.2158
1.2116 1.5166 1.9025 2.4003 2.4089 2.3608 2.3835 1.8117 1.9200 0.0485 0.3680 0.7963 0.3931 0.2350 6.1650 4.7587 5.1545 5.0586 5.9618 4.7798
0.3219 6.1880 1.6852 1.8991 1.3841 2.5230 2.5837 2.2011 2.6558 0.1763 0.6622 0.8361 1.3562 1.3459 1.3853 2.2963 5.9621 2.3818 0.1625 5.8858
5.9836 5.8929 2.4337 2.0366 1.6355 3.1058 3.3085 2.9733 2.5243 2.6254 2.9231 0.8675 1.4032 1.4355 1.3036 1.6122 5.3790 4.9898 4.9454 5.3678
4.8773 4.6599 3.7001 2.0930 2.8885 3.0855 2.8881 3.2139 2.6934 2.4792 2.7995 2.0954 1.9951 1.2809 1.0522 4.8787 5.3233 0.0028 0.4334 5.4276
4.4285 4.2440 3.6303 2.7932 2.5576 3.1521 3.8789 3.2473 2.8933 3.3717 3.8027 2.4626 1.3933 1.8740 0.6775 0.6064 0.8892 0.0487 0.0878 5.4101
4.1819 3.3446 3.3051 3.1003 2.0445 2.4674 3.4161 3.8514 3.0816 3.0347 4.2260 4.5541 5.4270 5.3772 5.9015 0.2643 1.0051 4.2515 3.8445 4.0452
2.9760 2.6651 2.9369 2.3313 3.9629 3.3227 3.9475 3.0309 2.6979 3.4282 3.6733 4.6299 4.5413 5.4669 5.0241 5.4172 5.3487 4.3049 3.9273 3.1636
3.6822 3.7709 3.7125 3.1970 4.2914 4.3598 3.6432 2.6948 2.8059 4.8562 5.0243 4.2551 4.6312 5.0557 4.4393 5.4911 6.2540 3.3824 3.3057 3.9330
3.8063 4.3332 3.3468 3.3998 3.7754 4.0652 3.9500 3.2423 2.7331 3.8624 5.1664 5.0522 4.8503 4.5736 4.6548 4.9253 5.3164 4.1196 3.3721 3.0918
3.7632 2.2616 2.0804 0.8055 5.9992 5.3446 0.3735 5.1637 4.7761 4.8200 5.2866 5.1055 4.1838 5.1605 5.8196 4.5869 4.0821 4.0066 2.9659 3.9682
2.8370 3.8312 1.1385 1.6262 5.8707 0.5651 5.8176 5.0730 5.1217 4.8326 4.7216 5.1120 4.4087 4.6755 3.6232 4.8562 4.3946 3.8715 3.0274 2.0191
2.2513 3.5271 0.4348 0.4606 0.5729 0.5547 5.2631 4.3440 4.1361 2.2605 5.9808 5.6272 3.3532 2.7108 2.7328 4.0506 4.0114 2.8788 2.9694 2.6891
2.0066 2.0967 1.3199 0.5297 0.7763 5.5046 5.7770 5.9004 5.5277 1.9182 2.7864 4.1355 3.5840 3.2863 3.6033 3.6294 3.4261 3.8380 3.0552 2.6485
3.0363 1.8440 2.7608 2.4940 1.4402 0.9336 5.9284 5.4047 5.7467 1.3439 2.6895 4.1100 3.4602 2.4632 3.3836 3.0425 4.0982 3.5791 3.3639 2.3660
