4.2756 3.1165 3.3062 3.9584 3.7342 4.5390 4.4211 3.2100 3.2597 3.0651 2.8638 1.5595 1.6194 5.4883 4.2115 5.1087 4.6131 4.1828 4.5675 4.4535
3.9574 4.3059 3.4227 3.5402 4.1108 3.2846 3.5953 3.4328 3.8724 3.0671 3.4092 2.6287 2.5095 3.6798 3.8246 3.5340 3.1401 3.3576 2.9208 3.2666
3.4589 3.0204 2.7014 2.3992 2.5095 2.9061 3.1591 2.5460 3.1206 3.5059 2.5036 2.4055 2.2151 3.8460 3.8123 3.5490 4.1451 2.7726 3.8283 3.1781
1.8018 2.8142 2.2882 1.8132 1.5894 1.8475 2.2406 2.0504 2.0365 2.9383 2.9225 3.7024 3.1528 3.1655 3.7296 4.4684 4.6078 3.1372 3.7156 3.2059
2.5213 2.5335 2.0069 1.6883 2.1300 0.5938 0.7928 1.4419 2.2520 3.4782 3.1055 3.5877 2.8183 3.5713 3.9669 3.4866 4.2728 3.8567 3.1681 2.6422
1.9255 1.3313 1.6878 1.2249 1.3016 1.0530 0.9136 1.1612 1.9860 2.1928 2.7051 3.8260 3.5152 2.6286 3.1653 2.7182 3.4548 3.8007 2.6030 2.6648
2.9327 2.5638 0.6599 1.8850 1.8281 0.2561 0.9281 2.3709 2.7048 3.6916 3.0746 3.7333 3.5436 2.7316 4.0762 3.1613 5.0360 3.8915 3.3135 2.7171
2.8656 2.1740 1.4618 0.6548 1.0285 1.5911 2.3640 1.8360 2.2894 3.2465 2.5693 2.5212 3.5666 3.5456 3.2591 3.2611 4.7285 4.6926 4.7484 2.4013
3.9814 1.6038 0.8992 0.0049 5.9450 6.1210 1.6714 1.5459 2.4929 2.6014 2.4023 2.1488 2.6240 3.2374 2.4384 2.5353 3.1374 4.0257 4.3234 4.0651
5.1954 0.8863 0.1295 0.0836 5.1657 5.0519 5.0813 2.1077 2.4960 2.0601 1.6716 2.3411 2.4098 2.8582 2.2423 1.4141 4.5513 6.0534 6.2445 5.2828
5.6246 5.8573 5.2025 6.0086 6.1777 4.9536 6.1811 0.6264 1.2911 1.8939 2.7126 2.5223 2.5724 2.4606 2.3203 0.8317 5.4927 4.7076 6.2275 5.6219
4.9531 5.4599 5.4796 6.1285 6.0283 5.9395 0.3409 2.3261 1.3282 1.3402 1.6736 3.3664 3.1622 2.7086 1.3325 0.5550 0.7159 5.9519 5.9584 5.6769
5.6378 0.1729 0.2633 5.5222 4.8537 2.9649 2.9640 2.6115 2.4994 3.7477 3.5431 2.6194 2.2659 2.7008 2.5493 2.0393 6.1948 0.7802 0.6715 5.3902
0.0770 6.2373 0.9621 6.1382 5.0468 4.6679 3.7330 3.8059 3.0919 2.6402 3.1565 3.2374 2.7268 2.8351 2.6148 2.1910 2.3711 1.0168 6.2143 5.7113
0.1673 0.7467 0.5766 0.5457 4.8536 4.5704 4.8257 4.0285 3.6260 3.0423 4.5441 2.9363 3.5736 4.1253 3.2622 3.3894 4.0035 5.8758 5.0944 5.2885
5.4488 5.9051 5.0677 5.6876 5.6660 5.6691 4.1082 3.6660 3.1537 3.5160 3.9756 3.4923 3.0465 2.2722 3.5387 3.9190 4.4050 5.3562 5.1113 5.8140
5.5021 4.5387 4.6962 5.3637 5.5947 4.8270 4.4651 4.3367 3.2477 4.0586 3.6124 4.6601 3.0181 2.3092 3.3348 3.5333 3.9784 5.7271 5.9963 5.5381
3.6713 4.6971 4.3505 4.1389 5.5007 5.2692 5.2437 5.1275 3.9232 3.7542 3.9389 4.7473 3.0052 2.6676 3.7858 3.7132 4.6316 4.6636 4.3149 4.3799
3.6168 3.9010 4.4444 4.4560 4.7381 4.7605 4.5227 5.3268 4.5434 3.2264 3.7705 5.5633 0.9842 0.7967 3.5113 3.7021 2.7944 3.3682 4.4815 4.1938
3.2018 4.2237 4.2652 4.3392 5.0127 4.3976 4.2743 4.1455 4.7856 3.0492 2.4930 1.1352 0.3423 0.9507 3.3172 3.6904 3.4767 3.7143 4.0255 2.8506
