1.1436 1.2482 5.6360 4.9691 4.4847 4.1157 3.7317 3.5218 3.7865 3.7347 2.1147 1.3510 1.1408 6.2587 6.0373 5.6433 6.2034 4.9138 6.1749 4.6820
0.8419 0.7446 5.6833 5.2989 5.9233 4.4580 4.0404 2.8734 2.8942 3.0619 2.6305 1.8365 1.1819 6.1091 5.3909 4.5704 4.6119 4.8133 4.9849 4.9147
6.0939 0.0331 5.4176 5.4726 4.4854 4.6963 0.4503 2.8502 2.4232 2.7946 2.3569 2.0347 3.1570 5.7249 5.6590 5.4677 3.8304 4.1714 4.7244 5.8854
5.8845 4.9268 4.9386 5.1938 6.1297 0.7877 0.8003 1.5329 1.4716 2.0940 2.8736 3.5175 3.8626 4.0748 4.8885 5.1609 4.9584 4.2845 4.4812 6.2673
5.4454 5.5346 5.0062 5.1321 5.9429 0.9970 0.6849 1.1849 1.5359 1.0646 1.9922 2.0103 4.1329 3.8900 5.0214 4.4205 4.8347 4.3913 4.0880 5.8339
0.3411 0.3093 5.5302 5.1794 5.7634 5.7754 6.0273 0.1738 0.4088 1.2554 0.1931 1.6948 0.3066 5.3182 6.1069 6.0318 5.2472 5.0586 6.0098 5.0661
5.3633 4.2302 4.5541 4.7153 5.0247 5.4652 4.9670 6.1893 0.1457 0.7181 0.4939 0.4200 0.3343 0.1020 5.9053 5.6696 5.3972 4.5472 6.0273 5.0823
4.7232 4.3196 4.5192 5.7818 0.2043 4.7464 5.0709 5.0017 5.2252 5.5481 6.0934 6.0768 6.1824 4.3699 4.6917 5.0104 4.7326 4.6049 6.0671 6.1880
4.2125 4.2484 5.1700 5.3399 5.8496 4.9790 4.3310 6.0565 5.8269 5.2719 6.1176 6.2697 4.7681 4.2906 4.4122 4.7396 5.2169 6.1232 6.2093 0.1883
3.6932 3.6187 4.6015 5.2188 4.4941 4.7260 5.2027 6.0475 5.4214 5.1122 5.3282 5.0528 4.5503 4.2598 4.9405 6.0864 5.7904 6.0333 0.7810 1.5749
3.9754 4.0786 5.6876 5.7052 5.3483 5.7934 5.5226 5.3075 5.3666 5.1996 5.8961 4.8565 4.9983 3.6536 4.3970 6.0712 6.2812 5.5001 4.9051 3.4578
4.8269 4.6636 5.6588 0.0274 5.9627 0.2327 4.5617 4.1874 5.6242 1.1717 1.7337 2.3863 1.1574 2.6547 3.3581 6.1442 5.3732 4.9980 4.2578 3.6134
4.1798 5.8594 5.9668 5.7673 6.0553 6.0361 3.2102 3.8128 1.8418 1.5359 0.8786 2.5060 1.4526 1.6854 2.6034 0.9364 4.4556 4.1480 3.8733 4.0436
4.4317 6.0507 1.3623 4.7348 5.6894 0.2900 1.6441 2.3958 1.5972 2.0949 1.9904 1.7747 1.5587 1.3294 1.9009 1.8234 2.3432 4.1289 3.8689 2.8909
4.7772 5.1919 0.0691 5.5528 5.5568 1.4041 2.4375 2.8998 1.9228 2.6220 2.2604 0.7939 1.4245 2.0200 1.9399 1.8581 2.5095 3.7147 3.5644 2.6905
5.4516 5.0455 4.7285 5.7828 5.0837 0.9868 1.4876 2.4723 1.7935 2.2184 1.8386 0.1593 0.9498 1.9241 2.1401 1.1244 1.9874 4.8741 5.4996 5.6156
5.2772 5.6910 5.1002 4.3198 2.5247 2.1067 2.2745 3.3586 2.0920 2.2117 2.1777 0.5647 1.1380 1.3220 0.9964 1.2592 3.4441 3.6808 3.8256 5.2959
5.3870 4.1325 5.0451 5.4400 4.0825 3.0586 3.3245 2.0235 1.8232 2.8633 2.1106 1.6525 1.7855 0.5320 0.1002 0.1598 4.3713 4.4711 3.9932 5.0209
6.1742 5.1662 5.5190 4.4990 5.1474 5.2002 3.9431 2.7997 2.6675 2.9137 2.3733 2.3620 0.9373 0.3469 5.5792 5.5499 0.3786 5.0338 0.8179 5.1668
1.0087 0.2635 0.1045 4.9388 4.7313 4.3867 3.7982 3.5845 2.9580 2.7802 2.2593 2.5562 0.9299 0.5840 0.0333 5.6266 5.3716 4.6549 5.2336 5.2035
