1.9603 2.0120 1.6418 1.5388 1.9628 0.3391 5.9976 5.9720 5.7316 6.0563 0.2049 0.5903 0.6380 1.7893 1.3952 0.9661 1.1548 1.2519 1.1909 1.3366
0.8532 1.8645 1.4066 2.8598 1.7762 1.1146 0.4115 4.1863 6.1680 5.6931 6.0588 0.6018 0.9036 0.4139 2.2981 0.5223 0.0875 0.8409 1.3154 1.3067
3.9776 2.7383 2.2460 1.8310 1.1025 0.7990 6.2218 5.4949 5.9802 5.6286 5.4780 5.4761 0.2020 6.2753 1.6839 1.7815 1.0196 0.1600 1.1870 2.1630
4.8458 4.6575 4.6798 3.6125 0.6124 0.8454 0.4510 6.2222 6.0519 6.0365 0.2663 6.1170 6.1349 0.5812 1.1402 0.8055 0.6415 0.6369 0.3215 5.6901
5.0984 5.0343 4.3591 4.0836 1.8419 1.2376 6.2460 0.5325 1.3781 0.1591 0.6239 5.9922 5.8926 0.0178 0.5015 1.6384 0.8341 5.6362 0.3312 5.1790
4.1371 3.9932 4.4181 3.8299 0.4572 0.7599 0.5877 0.5894 0.2513 5.5604 5.9422 5.5209 5.7313 6.1090 5.9328 4.3649 4.6384 5.0573 5.5495 5.0034
5.0230 4.3592 3.8296 3.5578 0.6905 5.8856 0.7632 0.9210 6.0695 5.9961 5.7238 5.7220 0.1085 0.9186 0.7102 6.2628 5.5167 4.8716 5.0869 5.1389
5.8242 0.1657 4.1314 4.8778 5.8402 6.0713 6.2384 5.3721 5.0700 5.2635 0.4368 0.3955 0.7582 0.6334 5.5960 5.2976 5.1324 0.0101 0.1796 6.1309
0.6662 5.6529 5.0691 4.0910 4.9109 4.4197 4.4295 3.6040 4.5279 2.6815 0.8844 5.7681 5.9574 0.0129 5.3633 5.8304 4.9110 5.7305 5.2560 0.7819
4.8783 5.3519 5.7062 5.0604 5.6862 5.3464 4.6100 3.1214 3.7683 3.2209 3.0686 0.2930 6.2473 6.1213 5.9986 4.4963 4.8835 6.2004 0.1604 0.0545
5.0344 5.2330 5.0849 5.3768 5.7231 5.4772 3.9769 3.2181 4.1851 3.8774 4.2091 4.8656 5.9612 0.2553 5.0790 5.4256 5.5665 0.2428 6.1682 6.1176
5.6277 5.5275 5.7795 4.9434 5.1344 5.9143 3.5540 4.2834 3.4989 3.8526 3.7273 4.3122 5.9642 0.4714 6.1864 0.3597 0.1486 5.8823 0.0609 5.6986
6.0319 6.2028 0.8603 5.1989 3.8816 4.8727 4.2524 4.9277 4.6143 4.3335 3.4845 4.0765 4.9196 5.8078 5.9976 5.6353 0.3154 0.2176 0.0700 0.1402
5.1736 5.5364 5.6659 5.5282 6.1688 4.6784 5.9801 5.9565 5.5983 2.5240 3.6414 4.6387 4.1780 4.5456 6.0443 6.0853 5.3960 5.3870 4.4910 5.3438
5.1852 5.5466 5.6846 4.7439 4.5502 3.9564 0.6201 0.1891 0.8754 1.9273 2.9224 3.9815 4.0521 4.7833 6.2733 6.0389 5.3284 4.6905 4.4165 4.9123
0.1054 6.0061 5.2627 4.8957 5.8760 6.1625 6.1766 6.2217 1.2428 1.7289 2.2573 2.6699 4.5244 5.0267 4.5987 4.5313 5.0393 4.5465 3.3220 2.2523
1.2145 0.4361 6.0332 5.0261 0.4328 6.0564 4.7597 5.4590 0.7987 1.6310 1.0120 2.8759 3.6411 4.1708 2.7760 3.7083 3.8617 3.3049 1.9309 1.4569
1.1239 5.8024 5.4134 0.3317 0.3349 0.2503 0.2753 0.6363 6.0210 1.5906 0.9032 1.9578 2.3281 2.5161 2.3969 2.6077 3.4014 2.7710 2.6486 1.1241
3.2380 4.3467 4.6970 0.1067 0.4304 0.0400 0.4293 0.8407 0.6495 0.9880 0.3908 0.6423 1.4792 2.8507 2.3293 1.8610 2.6273 2.0582 2.6557 1.4630
0.7795 2.4965 1.2853 0.8821 0.9316 5.7713 4.9310 6.0796 4.4678 5.6044 4.9696 0.1223 1.1004 2.5612 1.2457 1.0359 2.5109 2.2075 1.9992 1.2184
