1.0799 1.2813 2.6364 2.6052 3.7142 3.1756 4.7438 4.8757 4.6838 4.5177 3.1642 2.5203 2.5697 0.6979 1.3740 1.1790 0.5816 0.6026 0.9022 6.2596
1.1744 1.5135 1.5886 1.8946 2.8076 3.3305 4.3125 5.1841 5.0576 5.2739 0.0786 1.1152 1.2786 0.3369 0.2565 0.4523 0.6068 1.4239 0.4797 0.3352
1.2197 2.2846 1.5767 2.7303 3.5124 3.8222 5.0346 4.5179 4.1928 5.7931 0.9174 1.2449 0.6620 0.6945 0.2557 0.2387 1.0546 0.0169 0.4198 1.0982
1.6153 2.4790 2.6642 3.9493 4.3143 4.2453 4.3330 5.0228 6.0773 6.1837 0.4426 1.1209 0.5742 1.2743 6.0935 0.4663 1.0939 5.9684 0.3138 1.1585
2.3612 3.0675 2.5732 3.4531 4.4402 4.8497 3.4311 5.6851 0.6176 0.2099 0.1523 0.5558 1.1594 0.1873 6.1385 6.2674 1.4191 0.9295 1.2824 1.3142
2.2189 2.0864 1.6509 3.7129 4.7208 5.1323 4.6359 5.4929 6.2426 6.1472 0.2770 0.4778 1.7149 0.6979 5.9795 1.2087 0.8545 0.6518 0.9072 1.7790
1.8995 1.7384 3.2891 3.2499 3.5854 3.9363 4.4241 5.2325 6.1526 0.8834 0.0663 0.8448 1.6374 0.6496 0.4174 1.7935 1.0212 1.3020 1.5249 1.9913
2.9840 3.7192 4.0014 3.3468 5.2942 5.7480 5.9890 5.3082 5.5113 0.0080 1.5024 2.2869 1.4537 0.3353 0.8372 1.7239 1.3318 0.9596 2.0966 2.5039
4.3377 2.9675 4.0755 4.4105 4.1452 5.8905 0.1390 0.1620 0.8988 0.9872 1.0825 0.5028 0.7781 0.7712 1.2748 1.4370 1.1893 0.2042 0.7244 1.0797
5.0629 5.0255 5.3481 4.4634 4.9983 5.4575 5.9237 0.7858 1.3980 2.1533 0.4343 1.0754 1.9916 1.1142 1.3892 1.1162 0.4251 5.9374 1.6830 1.5220
5.6159 4.6245 4.4834 4.6268 5.0602 4.8273 5.3462 0.8441 1.1410 1.2097 2.2029 1.8450 0.8260 2.1522 2.3114 1.2902 5.6083 5.7302 5.4575 5.7658
4.6853 4.9950 4.9889 5.0366 5.0651 5.5920 6.1814 1.1998 2.0494 0.9814 2.3655 1.3260 0.5175 1.6251 1.1450 0.5640 5.8467 5.3007 5.7438 5.0215
5.3788 4.0301 4.3236 4.6544 3.7082 3.9827 4.4302 1.5918 0.9358 1.3589 2.6326 1.2759 1.9190 2.0265 1.1898 0.3357 1.2369 5.2826 5.2517 5.7099
6.1224 4.4416 4.1299 4.4112 4.1720 3.4214 1.7807 1.6182 2.4559 2.8705 1.7508 2.5885 2.0330 1.5580 1.7968 1.3872 0.6575 0.3747 0.1358 5.1400
5.6799 4.1726 5.8209 4.3427 3.7205 3.0643 2.7642 2.5263 1.9470 2.9493 2.8062 2.3325 2.4386 2.5294 1.8509 1.9637 0.6491 0.2367 5.9015 1.0637
5.7991 3.2948 3.4492 3.1940 3.8835 2.8497 2.0790 1.8360 1.4753 1.4264 1.3476 2.0142 2.0603 1.6013 2.1637 2.0019 5.9318 6.1462 5.8625 5.7661
4.9207 3.0529 2.8243 2.1452 3.3103 2.3618 2.1466 1.8642 0.7942 4.6633 2.4146 1.8968 2.7146 1.9538 1.8225 2.7450 4.1606 3.4409 5.3607 4.5971
5.3260 0.1129 2.5107 2.7347 3.5238 1.3654 2.6354 0.1707 1.1196 4.3743 3.1136 2.2573 1.7848 2.3979 2.3411 3.9749 4.5920 4.1502 4.8838 5.3829
0.3693 0.1937 1.6617 1.3863 2.0457 4.1951 4.0134 4.7859 4.6046 4.8109 3.0644 2.3649 1.3117 1.6715 1.6974 3.5159 5.5951 5.5934 0.2267 1.0559
1.4163 0.4885 2.1750 2.1839 3.1031 3.4959 4.7461 5.2378 4.6538 4.2752 3.3601 3.4764 3.1739 1.9031 1.9722 0.7704 0.1188 6.0152 1.0089 1.1061
