6.1967 5.0798 5.3810 4.1079 3.9685 2.1929 2.2685 1.2229 1.6569 1.5706 2.6075 2.0925 3.2486 3.0135 2.4742 2.3980 1.7472 1.8205 1.4026 1.3595
6.1864 5.0056 6.0086 6.2716 0.9363 2.1472 2.6366 1.6937 1.0489 1.6342 2.0563 2.4446 1.6912 1.9519 1.1786 2.2350 1.5912 1.1511 6.0772 0.3115
5.8115 5.9420 5.4424 5.7961 0.2343 0.5598 2.0998 2.6432 2.6705 2.9369 2.5690 2.3983 0.6259 1.5204 1.0612 1.3535 2.2768 2.1132 6.2203 5.7568
4.7153 5.1658 6.0719 5.3952 5.9841 1.3174 0.1849 4.0665 3.4559 2.2292 1.6148 1.0436 0.4910 0.6958 0.4901 0.8018 2.3729 1.3773 0.5811 5.8423
6.1598 0.0475 6.0281 5.9644 0.0455 0.4531 5.8912 6.0172 6.0705 1.1813 1.6163 0.7506 6.2562 0.8209 0.5576 0.4851 0.4525 0.3269 5.9221 5.5532
0.0512 0.1878 0.1017 1.0230 6.2125 0.0846 5.2398 5.9889 5.4186 6.1031 1.2116 1.6888 0.4205 0.2340 1.3828 1.1623 0.7361 1.2081 0.3699 5.3429
5.8936 0.0045 0.3291 0.1906 6.1780 1.1270 5.3235 6.2677 5.5876 5.9436 1.6328 1.4245 0.4111 0.3107 1.1509 0.2298 5.7892 6.0678 4.9444 5.3929
0.1785 5.4049 5.1591 5.6120 0.1907 0.5841 0.9021 5.9163 1.2697 3.0159 1.3463 2.9059 1.6495 2.4192 2.4218 0.1776 6.0763 0.0962 5.8553 0.7213
0.8278 5.5649 4.6973 6.0394 5.8800 5.7305 0.8294 5.7978 1.2864 2.6943 2.0669 2.4207 2.4248 2.6340 1.9099 3.1150 4.0840 4.0712 5.5443 0.3730
0.2618 5.9608 5.7469 5.2925 4.5867 3.8606 5.0008 5.1501 4.0379 2.7418 2.3492 2.7401 2.2906 2.6661 2.8046 2.8727 4.5793 4.1552 5.8889 5.7771
5.1251 4.9523 5.0364 5.0406 3.2181 3.3310 4.1616 3.9785 2.4737 3.2550 3.6152 3.7957 3.4829 3.9068 2.8880 3.6378 4.2649 5.0305 4.0770 5.3624
4.7992 4.6714 5.0506 4.6125 3.4376 3.5519 3.8112 3.7449 3.2056 3.0910 3.3965 3.6692 4.2482 3.0517 3.3960 3.4736 4.3388 2.7983 3.3710 2.3737
2.8845 4.3596 4.4933 4.8444 5.0025 3.8905 3.8506 3.9639 2.1789 5.9006 4.4250 2.1332 3.2840 2.8381 4.1549 3.8142 3.8341 2.3101 3.4406 2.7108
4.2126 4.6652 4.8269 5.4179 5.8554 4.2497 5.2283 5.7102 6.1874 5.3334 4.5424 3.5360 2.4661 3.8800 4.3425 4.2867 3.2750 2.9280 2.8484 2.9645
3.5133 4.7969 5.1603 4.9650 5.3851 5.4402 5.7762 5.9921 5.8838 5.2044 4.0746 5.2407 3.5774 4.2697 5.0347 3.2106 2.4981 3.3238 1.7838 3.4794
4.5911 5.1536 5.6067 5.9966 5.8635 5.6882 0.0492 5.8526 0.9162 4.0586 3.8376 3.8172 2.6626 4.0007 3.9678 3.3369 2.8980 2.8582 3.8961 4.5280
4.3327 5.5904 6.0803 6.1019 6.2073 6.2548 0.2765 6.2225 6.2556 3.8119 2.8728 3.8981 3.4082 3.7632 4.1962 4.1093 3.3669 2.4349 1.4170 4.8933
4.9953 6.0624 0.1037 0.4090 0.5240 1.6769 0.5202 1.2021 1.1903 2.4596 2.7148 3.0528 4.1731 4.3448 3.6165 2.2169 1.8240 2.6690 1.4714 5.9559
0.7665 6.1168 5.2892 5.8688 6.2132 1.5099 0.7888 0.7578 1.0615 1.2408 2.2662 3.2885 4.5309 4.1105 2.5257 2.0534 2.2496 2.2979 1.3642 5.9320
0.1852 0.0638 5.4159 5.3377 5.4020 4.3653 2.3484 1.6800 2.1419 1.3916 2.4153 3.9668 3.8594 3.6896 3.2690 2.2923 2.1480 1.0939 0.6540 0.0723
