2.1988 2.8323 2.1284 2.3713 3.0854 3.6764 2.5213 3.7276 2.6245 2.6151 2.1344 2.6062 1.4722 0.6749 0.3568 5.3147 5.0129 0.0416 4.7425 0.0311
3.6934 2.5347 1.8211 2.6665 1.7369 2.4476 1.0703 1.9221 2.3560 2.5338 2.4317 2.1028 2.3226 0.6073 0.5833 0.6874 0.6333 0.9172 0.1712 0.3402
0.6918 0.9640 2.0452 2.2923 0.8743 1.2710 0.5228 0.0892 1.3262 2.4670 1.8868 1.7161 1.4681 0.3683 1.1061 1.1096 0.5552 0.7689 1.8156 1.2271
0.3852 0.8404 2.1497 1.9496 0.7393 1.3976 0.8822 5.9196 0.1677 0.9647 1.3743 1.5938 2.3483 0.6128 0.5403 0.0145 0.3288 6.2085 6.1982 1.0198
1.4533 1.4195 3.0876 2.7788 0.9922 1.1263 1.2565 0.3493 0.2827 1.8047 1.7765 1.1344 1.6602 0.3715 5.8797 0.3466 0.2438 0.7622 0.0562 0.6794
1.2513 2.5007 4.0652 4.1397 6.1056 1.2944 0.8699 2.0504 6.1949 1.7018 1.7140 0.4100 0.5922 0.6192 0.0749 6.0582 5.5590 5.9154 0.0882 0.6084
6.0715 4.8892 4.5491 3.4725 3.3167 3.6690 2.9435 2.2026 1.3138 1.2254 1.3232 5.5878 0.9736 1.3467 6.0598 6.1823 0.5410 0.2240 5.1771 0.0768
5.1441 4.0705 5.7600 5.0041 3.0508 2.5327 2.0273 0.8514 0.9917 1.5774 5.3381 5.7284 6.0657 1.4683 0.8823 0.8183 0.4755 0.2849 6.0933 5.3216
5.3738 4.8183 4.3790 4.3099 3.8239 3.1001 1.9086 0.8637 0.9772 1.1080 6.0657 6.0165 1.2398 1.5078 0.6501 1.0421 0.7367 5.9622 5.7806 5.9077
5.1165 5.3194 4.6994 4.1553 3.8169 2.6165 1.2836 1.7614 2.2577 0.6183 5.4104 5.8202 1.4128 1.7789 1.5015 0.9838 0.5438 6.2466 5.7343 4.9072
5.2377 4.9374 4.3023 4.7493 5.4481 4.0348 2.7575 1.7592 0.6681 1.1121 5.5094 6.0086 0.9262 1.2125 1.0288 0.1615 0.8983 1.0732 4.6115 5.1810
5.5210 4.6801 5.0059 5.4494 5.2464 5.5019 0.7122 1.2245 0.9604 0.3666 0.6527 0.9572 0.8472 5.8530 5.8270 5.9002 4.2621 4.0377 4.0609 3.9764
4.5852 5.5227 4.6329 5.2112 6.0990 5.6889 6.2020 0.3168 1.5822 0.1863 6.0063 6.1945 6.0204 5.3254 5.4114 4.2256 4.4610 4.3335 5.1123 4.1906
4.1585 4.5519 5.5540 6.2817 5.7895 5.9438 0.0543 0.2387 1.6362 0.6428 1.1944 5.8970 0.1739 5.8943 5.8509 5.2548 3.7615 4.9940 5.2341 4.2449
4.5065 4.8781 5.3170 4.5539 5.7548 0.7985 0.3174 0.5801 1.5505 1.7157 1.8064 5.3210 4.8291 5.8486 5.1084 4.6324 4.7637 4.1017 4.1624 3.8244
3.4384 3.3194 4.0022 5.7549 6.1887 2.6256 1.3025 1.6415 1.2550 1.1613 0.9320 0.2100 0.7244 0.1258 4.8584 4.8043 5.0858 3.7250 3.9350 3.7147
2.7504 2.1797 0.8372 0.6345 0.2010 4.3819 3.3911 2.4294 2.3208 1.7451 0.7685 0.9575 0.8142 5.6890 5.6886 4.1641 3.4628 3.3982 4.0942 3.8620
4.0235 0.9294 6.2471 0.3528 1.1283 2.5434 3.4045 3.4345 2.6130 2.1132 1.4004 0.7201 0.8627 5.7024 5.6980 4.6521 4.1962 4.0613 2.5416 4.2495
4.4571 4.6039 2.3715 2.3390 1.9566 3.5230 3.6622 4.0808 3.4077 1.9929 2.3067 1.6142 0.5123 5.8834 6.0589 5.6756 5.9006 4.7408 2.1044 4.9500
2.5695 3.8180 1.9120 2.1372 2.5582 3.3755 3.2133 3.1197 3.3080 0.1853 1.5647 2.1786 0.5833 0.8148 0.5004 5.7405 1.4205 6.2440 6.2130 6.2531
