3.5580 3.8630 5.0539 5.5048 0.8179 0.2766 3.1176 1.9398 2.5891 1.8631 2.5068 2.4236 3.6100 3.2530 4.3139 4.9274 5.1219 6.1305 5.6960 6.2388
4.4514 4.6778 5.4035 5.5066 1.9546 1.9197 2.8453 2.6598 3.1928 2.7736 2.4380 1.8217 2.2856 3.2000 4.2568 4.2206 5.5419 0.8697 0.5281 0.5208
5.9098 5.1874 5.2939 5.1539 5.6822 3.4021 2.9476 3.6302 2.1707 3.4740 2.1541 3.4230 3.0097 2.1921 3.7558 4.3020 3.2119 1.9794 0.2982 0.8703
6.0498 0.1527 0.3844 4.2031 5.6081 5.1591 3.4617 2.6673 3.0134 1.9542 2.2431 2.6612 2.5024 1.4922 5.6714 4.3866 2.2416 6.1346 6.0244 0.3303
0.2550 0.1343 5.0361 5.5829 4.5341 5.0780 3.5849 2.0061 2.2733 1.6206 1.5261 2.1986 2.0189 2.5326 2.8727 1.8191 2.7059 0.0330 0.2274 0.0958
0.4403 0.6995 4.9865 4.8865 5.0142 4.6311 2.9738 2.8070 1.9341 0.7750 1.3273 2.7288 1.0746 1.4536 1.8356 1.1818 0.8252 0.0074 6.2246 0.3684
1.0245 6.0585 5.8130 4.6982 4.8843 4.4600 3.9770 3.3459 1.2558 0.8845 1.5196 1.8476 0.2763 0.8626 6.1351 1.1521 4.4810 5.5313 5.0450 0.8000
0.6276 4.3555 3.7470 4.8302 5.3815 5.4588 4.5886 4.7332 2.8441 1.1542 0.8671 1.4710 0.7121 0.5002 5.0120 4.2659 3.8376 3.2934 3.8263 6.2823
4.9931 5.4502 5.1765 5.2872 5.6904 5.2104 3.9749 3.2005 3.4363 0.8697 0.6350 0.9065 1.2530 0.5253 0.4123 3.8001 3.7104 4.6652 4.0622 0.7083
4.2914 3.8776 4.8005 5.0896 4.8176 4.4756 4.7162 4.6448 5.5806 6.1314 5.9741 1.0486 0.4643 0.0622 1.1375 3.4781 3.6862 3.6785 4.0742 4.1567
4.9009 4.7309 4.7606 5.0826 4.8931 4.6596 4.6594 0.0617 5.1654 4.9743 6.1184 0.1500 0.2599 6.0724 4.6395 4.0112 4.2053 4.3105 3.7269 3.7648
3.6786 4.0548 4.9496 5.1409 4.5693 4.1991 4.9122 0.2809 6.1359 5.4555 5.8582 0.8450 0.2869 0.0044 4.4032 4.4684 4.9603 4.9333 4.1706 5.1256
5.2006 4.5036 4.8751 4.7826 3.4542 4.9562 5.2387 5.9085 6.1468 0.3450 0.0871 0.3613 5.6942 5.1029 4.6207 4.6476 5.7226 4.5148 4.4993 5.6133
4.4751 3.3022 4.0763 5.2474 5.9259 5.5247 5.5007 5.5283 5.6102 0.4491 0.9641 0.6353 6.0729 0.0317 3.7040 3.8002 2.8347 3.1502 4.0143 3.6901
4.5041 4.7645 5.4434 5.3992 4.9951 4.8188 5.9393 5.2813 0.2611 1.3735 1.3725 0.5654 5.4644 2.9937 3.7433 5.3201 5.0388 3.2287 3.5047 3.3917
3.9332 4.9327 5.4720 5.1223 4.8032 5.8680 5.0783 5.5340 4.8251 4.1782 2.1399 3.1360 2.5788 3.7924 4.5357 4.4083 4.6157 4.6567 4.0873 3.4141
3.7805 4.3121 5.0837 5.9373 5.2656 4.8765 4.9264 4.8490 3.5835 3.4062 2.2203 2.2953 3.8174 4.0330 4.8642 5.1406 5.1566 5.1510 5.7659 5.6685
3.9703 4.7929 4.3485 4.9615 4.6668 4.9286 4.5334 4.0870 3.5991 3.1039 2.9080 2.2599 3.1746 3.6037 4.7042 5.3461 0.3530 5.2183 4.2736 4.4132
5.8814 4.9950 4.6498 5.1285 4.1839 4.4513 4.0069 3.9141 4.5320 3.8370 2.7243 4.1437 4.8714 4.2070 2.9978 4.8381 5.0733 5.3370 5.2822 5.6790
5.3495 4.8259 4.7322 5.1112 4.9320 5.2123 3.6015 3.9364 4.2740 2.3212 3.8345 2.7555 3.9733 3.8680 2.6511 3.4838 4.8543 4.6778 5.2766 5.7949
