4.2518 4.9603 4.9932 0.2311 2.4779 2.1528 1.9223 1.8036 2.4387 2.2039 2.0486 1.3363 1.4645 1.3588 5.8936 0.0616 5.1576 5.8960 5.8425 4.6276
4.8039 4.5212 4.3632 4.3750 3.5550 3.5905 2.9089 0.1919 6.0447 0.7074 4.8097 5.7250 1.6469 0.1412 4.9372 4.4010 4.5232 5.0121 5.7173 4.3805
3.2500 2.9325 3.9753 3.9736 3.3820 4.2842 4.8717 5.9667 0.9429 0.1891 5.7884 6.0825 5.7822 5.8840 4.5157 4.0936 3.6577 4.0323 4.5571 3.1444
2.8530 1.2574 2.2322 2.1777 2.7399 3.6473 4.4174 5.9864 6.1484 6.1495 5.9738 0.0218 6.1420 5.5573 5.5633 3.4508 3.8048 4.8700 4.1390 2.9185
2.4846 2.4044 1.8888 3.0829 3.5747 4.1148 3.3346 4.3547 5.7831 4.9454 5.9536 6.2097 5.6257 5.5965 5.0838 4.9680 4.1385 4.4194 5.3282 5.4571
3.5253 3.0050 4.1001 4.0430 3.7102 3.4605 3.8570 4.1734 5.3742 0.0131 0.9367 6.2585 5.9847 5.5811 4.5908 4.6444 4.2821 4.5609 4.8423 4.5218
4.1459 3.0736 4.5254 3.8898 4.2976 3.8203 4.2443 3.6395 4.1277 4.4702 0.6785 5.0544 5.1080 5.3703 5.2005 4.0825 4.4115 4.5056 4.6305 4.2384
4.4949 3.4480 4.8776 4.1800 6.2702 5.1270 4.3510 3.5802 4.0038 3.4854 4.6068 4.6462 5.0939 4.9215 4.9830 4.9854 4.5423 4.9642 4.2014 3.8243
4.0900 4.1507 5.5116 4.9215 5.4880 5.0161 4.4242 3.5724 4.1543 4.4224 4.0521 3.4784 3.2757 4.3660 4.5585 4.0878 4.3672 4.6662 4.2260 3.4939
4.8698 3.6848 4.4577 4.0372 4.8107 4.8601 4.2636 3.9427 4.1663 4.1277 4.0498 3.7057 4.4337 4.3242 5.1075 3.6089 4.1766 4.3684 4.9558 3.6782
4.4097 4.3558 4.6629 3.8806 5.5489 4.0487 4.8403 3.9313 4.6544 5.9017 2.1245 3.2643 3.8759 3.8727 4.6933 4.5954 3.2676 5.4017 5.4382 4.6927
4.5819 4.4128 3.6225 3.5111 4.4576 4.2919 4.1925 4.5413 4.8591 4.2265 2.7010 2.8833 3.3112 3.5307 2.8236 4.3395 3.9137 4.8385 5.0217 4.6416
4.9497 4.4771 3.9253 5.1485 3.8812 3.5590 3.6620 4.3490 4.8523 6.0426 3.3814 1.6775 2.3316 2.2972 4.3761 4.9244 6.2253 5.7133 0.3175 5.9126
4.2830 1.9432 5.4189 5.0649 3.9378 5.4559 3.2297 1.2754 5.7434 5.9917 1.1398 0.5831 2.2210 1.4561 0.0827 0.3014 6.2253 6.2134 5.4798 5.0264
4.9141 4.5234 5.6154 5.6862 5.9494 0.1398 2.3011 1.2517 0.9663 0.6370 0.7737 1.0997 2.4209 1.0176 1.8719 1.5932 5.9386 0.4500 5.7755 5.4273
4.4839 5.7111 6.2757 6.2701 1.3327 1.3044 1.8216 2.1566 2.2514 1.1446 0.7266 1.0072 1.3725 0.5382 1.2099 0.9792 0.5769 5.6488 4.9040 5.1401
5.1138 5.3203 0.2893 0.0873 2.6814 1.5611 2.5264 2.6784 3.2635 2.3996 1.8862 1.1996 2.2812 1.4488 1.3732 0.8821 1.1650 0.9095 0.1094 3.8069
3.5558 3.9283 3.0367 3.4188 3.7222 3.6535 3.2876 3.4303 3.7099 2.7764 1.6776 1.6594 1.3389 1.7625 0.8764 0.8194 0.8950 0.4891 5.4663 4.3077
4.3102 4.0272 2.8595 2.9769 4.0756 2.4109 2.7969 3.3612 2.7130 2.8296 1.8812 1.1081 1.2823 1.7040 1.0961 0.2821 5.1930 0.3200 5.2667 4.9769
3.5226 4.3157 3.4352 3.2733 3.6435 2.4491 3.1672 3.9367 3.6665 1.7617 2.1552 0.6977 0.3230 0.3530 1.0150 0.4791 5.3841 4.8394 5.3848 3.8220
