5.6699 5.9835 5.5096 4.7903 4.6647 4.0010 3.9828 2.4360 0.8730 1.2002 1.0097 0.6283 0.9038 0.7536 5.9265 5.0610 5.9409 0.9026 0.3181 5.7191
4.6366 5.3403 5.1609 5.5792 4.8783 4.7420 4.6279 2.9310 1.8593 1.0799 0.3118 6.0755 1.0868 1.1870 0.3469 6.1440 0.3794 1.4205 5.6632 5.9120
0.0359 0.1295 4.2016 6.0212 5.5787 4.5757 4.8710 3.7942 1.5238 1.2030 0.7466 0.3206 0.2822 0.9743 1.2247 0.5593 0.5154 0.3204 0.4470 0.3497
5.8433 6.1606 5.3942 5.4233 5.4653 6.2348 5.0544 4.2086 2.4475 2.5331 1.1082 0.8311 1.0080 1.1990 1.0473 0.7698 0.4322 0.5630 5.7627 5.9346
6.2522 5.0098 5.4039 4.7610 4.8901 5.0109 4.4680 2.0556 2.4152 2.2547 1.4215 2.6854 1.4515 2.9261 1.2863 0.6239 0.5681 0.5368 0.3648 5.8512
5.6533 5.2612 4.8424 4.9369 5.1163 5.0271 0.2640 1.7144 1.9720 1.7560 1.0448 1.3651 1.4153 2.5190 2.2133 2.2830 0.8325 0.5564 0.5626 6.0160
4.7144 4.5718 4.9649 5.4350 5.3552 5.3304 6.0120 1.7213 1.9230 0.9217 1.8021 1.9471 1.7398 3.1367 2.6546 2.5016 2.3739 2.7533 2.3309 2.7836
3.2642 4.4374 5.5438 4.9136 5.7793 6.2174 0.0640 1.0489 0.5058 0.4892 1.9553 2.7293 2.9850 2.9874 1.5680 2.2822 1.2115 2.3359 2.8174 2.7065
3.1283 4.0932 4.8900 4.8487 4.5998 5.0211 1.1901 1.1940 6.2340 0.9239 0.4045 1.6281 3.1930 2.5821 3.1404 2.9880 1.9907 3.3884 1.7847 2.8318
3.1647 4.6088 4.4616 4.9670 5.2180 6.2596 1.7431 2.2132 1.5830 0.4867 0.4201 1.2716 1.1937 3.3962 3.2632 3.3992 2.8130 2.7759 3.5043 5.2213
3.7667 4.2873 5.4206 5.8361 0.0481 0.1754 1.9387 1.8515 0.6675 6.1266 0.1987 0.1978 0.6914 3.5426 3.6520 2.7904 1.9994 2.2605 1.8593 1.9723
5.5113 5.1229 4.6675 5.9240 5.4291 0.2860 0.9758 1.0719 1.3026 0.9102 0.8040 0.2671 5.3141 4.2693 3.4730 2.9722 2.9862 2.6324 3.1748 4.5601
4.7644 4.5742 5.0929 5.8493 0.1053 0.0460 6.2293 0.1253 0.2915 0.2197 0.0378 5.7766 5.9117 5.2738 4.9798 5.0053 3.5593 2.8330 3.7232 3.8696
4.4539 3.8317 4.4535 5.4091 5.9427 0.3054 5.4856 5.9837 0.0221 5.9296 0.2151 0.4930 5.6822 5.1244 5.2349 5.5110 3.9890 3.2190 3.5663 3.3722
4.0033 3.9951 4.5579 5.2941 5.6005 6.1613 6.2597 0.8306 6.2306 5.6971 6.2785 0.0411 5.6269 5.8286 4.8848 4.8100 4.9246 3.8235 3.7144 3.6853
3.6128 4.5093 4.5315 4.9129 5.5850 5.0163 5.3650 0.8454 0.5772 6.1060 0.3361 0.8791 0.0374 5.6008 4.5495 4.4992 4.2270 3.5397 3.7811 3.8885
3.8882 4.3773 4.8319 4.2757 3.9698 4.8204 3.5032 1.5489 1.3300 1.2500 1.2096 0.3761 0.6374 6.1128 4.6894 4.3275 4.5781 4.0831 3.1067 3.6097
2.5643 5.0199 4.8976 3.7411 3.7516 4.1320 2.9854 1.9260 1.1599 1.0271 0.3230 0.4066 0.4577 5.9657 4.3887 5.6254 5.3428 4.2871 3.2462 3.7260
3.7523 5.0337 4.0700 4.6988 4.4984 3.8032 2.3226 2.6623 1.0033 0.6622 0.9510 0.5061 6.1795 0.3921 0.6782 4.9400 5.3221 4.6697 3.9438 2.5665
5.6007 5.8349 5.4735 5.6064 4.8269 4.5323 2.1116 1.8369 1.8784 2.1966 0.3173 0.0003 0.2009 6.2625 0.1492 5.6050 5.9655 5.6597 5.8653 5.2731
