2.1194 1.8379 2.0672 2.2718 1.0200 2.3581 2.4851 1.5348 1.9589 1.8457 2.3190 3.3185 2.9581 2.2373 2.4768 2.1703 1.8529 1.0159 2.0471 1.7679
2.1208 1.3954 2.0732 1.4038 2.6081 1.8851 2.4950 1.7753 1.4579 2.1178 2.9656 2.6374 2.0663 1.6548 1.5642 2.0713 1.8958 2.1299 2.7839 2.6245
1.7120 1.6560 3.1681 1.8676 1.7731 2.7746 3.1406 2.8201 2.6982 2.2216 1.9610 2.1406 2.4741 2.0966 1.0938 1.9863 2.2286 2.3119 2.4329 1.2856
2.7504 4.6268 3.8579 2.4205 1.8513 2.5269 2.7177 2.5637 2.6282 2.3062 2.7445 2.0592 2.6542 2.4205 1.9142 1.8222 1.7852 1.8037 2.3572 2.4508
3.1421 2.9411 2.0385 2.3765 2.5675 2.8069 2.7965 2.8066 2.9917 2.2455 2.3985 2.8555 2.6231 2.9519 2.0834 2.8887 2.9367 2.3233 2.8211 2.0604
1.8759 2.1186 1.0935 0.8338 1.0846 2.2746 1.2015 1.9796 2.4016 2.4204 2.8496 2.7630 2.7103 3.4442 2.1297 2.9556 2.9965 2.9241 3.4164 1.7920
3.9315 3.5761 2.2774 2.0613 2.2168 2.2688 1.8870 2.2116 2.1280 2.4290 2.1786 3.4183 3.8001 3.4304 3.8751 2.2086 2.2034 3.2161 1.8532 3.7291
3.9176 3.0782 2.5547 2.7738 1.8650 2.4628 1.7881 1.9658 2.9826 3.8875 2.8049 3.5156 3.7299 3.2369 3.6242 3.1785 3.4193 3.8571 3.1223 3.1535
4.1665 3.2604 2.0587 1.9952 2.9461 2.2666 1.2841 1.8025 3.1953 3.9890 4.1586 4.3358 4.9308 3.6656 3.8098 4.2148 3.8500 3.1183 3.8279 4.2003
4.9441 3.4836 3.0978 2.3589 2.6792 2.4366 1.9736 3.2703 2.6185 5.0187 4.7262 5.4937 4.2037 4.9380 4.3589 3.7916 4.1838 3.7368 4.1995 4.3416
3.3921 2.6919 3.5794 3.1994 2.6850 2.7887 2.7181 3.6081 3.9065 3.9469 3.2776 3.7217 3.7046 4.5882 4.1028 3.7601 4.5788 3.9386 4.1691 3.7545
3.5867 3.3191 3.6701 4.0920 3.5922 3.6185 3.0890 3.4621 3.2203 3.0991 4.6191 3.9501 3.7525 3.4636 3.7993 2.7162 3.6797 3.5262 4.5320 4.0750
3.2927 4.2818 3.3660 3.5093 3.8382 4.5287 4.2641 4.2496 3.6164 3.8909 4.0959 4.0674 4.0539 3.1322 3.8108 1.6936 1.8995 3.9243 5.4263 5.2392
4.2623 3.6770 2.9464 3.5926 4.8563 4.6396 4.6687 4.8437 4.2340 3.5716 2.8804 3.8512 3.2099 4.1944 2.6195 2.0342 1.8308 1.2305 5.5820 5.0086
4.7351 4.8550 3.4930 3.3154 2.8075 2.8571 6.0454 4.2098 4.3242 3.4202 2.1617 3.4215 3.6945 2.9095 2.2568 1.7772 2.0383 0.8101 5.7357 4.4666
4.2613 4.1102 4.0081 3.2557 2.2622 3.8216 3.6814 4.5184 3.7895 3.0215 2.4051 3.0686 3.4893 2.6777 2.0323 1.2318 1.0893 0.8784 6.2463 5.3369
4.7875 3.7964 3.1719 3.3387 2.7475 2.2393 2.6530 2.6506 2.4476 2.0252 2.0976 3.6363 4.2743 2.7614 2.7420 2.6965 0.9840 0.6164 0.9689 5.2132
0.8193 1.4316 2.2087 2.5334 2.0650 1.9214 2.6924 2.3412 2.6084 2.8685 3.2092 3.3648 4.7985 2.8728 3.2152 1.1797 1.1496 1.0014 1.3436 0.5784
0.7993 1.2132 1.6321 1.8812 1.1225 1.8798 1.8646 1.9819 2.1331 2.9096 3.9872 3.6303 4.3402 3.3933 2.7286 0.8090 0.7795 0.8077 1.0592 1.1237
2.1996 1.1212 1.6592 1.5304 2.5704 1.4368 1.8710 2.0396 2.8511 2.4819 3.2856 2.8408 3.7338 3.5042 2.7209 1.9057 1.4373 0.4967 1.2207 1.4987
