5.0014 3.2555 4.1516 2.3688 2.1622 3.3608 2.9801 3.5735 0.4989 5.7448 0.2243 0.2695 1.3798 1.7896 3.2051 2.2417 2.4779 1.9081 4.0717 2.7539
5.2597 4.7600 4.1445 5.5299 0.8452 2.0146 2.1357 0.2894 0.7352 1.0811 6.2422 1.7952 2.1154 2.0654 2.5508 3.1251 3.2879 5.6844 5.5055 5.5403
3.6941 2.6726 2.5781 2.4146 2.9451 2.2937 2.5707 2.9020 4.2834 3.9813 4.6726 4.1702 3.2961 3.4716 3.3805 4.1544 3.5347 4.1682 5.1636 4.3258
0.1893 0.2640 2.7429 4.3492 4.7966 5.5175 4.8486 5.3326 4.7422 5.4137 5.4226 6.1131 4.9720 0.3938 2.9586 1.4621 2.3661 1.5325 0.2528 0.1372
2.1612 3.2274 3.5477 6.2472 4.9141 4.5769 4.1722 3.3308 4.3058 3.0497 3.9071 3.8859 4.1440 3.7017 3.8226 3.4364 3.8361 4.1985 3.8297 3.1253
0.6644 0.1061 2.5213 3.4016 3.9237 5.3700 4.7850 5.5952 5.3098 5.5619 4.6285 0.8316 5.4038 6.0293 3.7609 3.1416 3.6509 2.3281 3.6078 0.5573
2.3559 2.8614 2.6170 2.5712 3.6839 2.8240 3.1417 1.8962 4.1173 2.8115 4.3838 3.9920 4.5378 4.8042 4.5647 4.9343 4.5700 4.2422 3.3882 3.9735
3.0005 0.6621 2.3297 3.8267 4.4722 5.4815 5.0741 4.6721 4.8040 5.8421 4.7663 5.8933 4.6988 3.0421 3.5163 2.3588 3.6109 1.9877 3.5142 2.2383
3.6805 3.9548 4.5473 4.8200 4.3349 3.8455 4.3436 4.0283 4.4538 3.3630 4.0468 3.8969 4.8334 4.5907 4.3364 4.9605 4.7086 4.7466 4.5310 5.0170
2.7828 1.8686 3.2291 2.0440 5.0218 5.9379 4.9675 5.7636 4.9616 6.0537 5.3644 0.8036 5.2770 0.4236 4.4654 3.4330 3.8928 2.4974 3.6105 2.5610
2.7205 4.2925 3.4579 3.9971 3.9633 3.2080 3.7430 3.5786 3.4009 3.3025 4.4629 4.3994 4.2041 4.0133 4.5932 5.4928 5.4478 5.1838 4.5463 4.7948
1.3796 1.0326 1.6853 0.2483 5.8191 5.2495 4.3481 5.1794 4.9405 5.2325 4.1686 0.5836 4.2046 4.0484 3.3723 2.4209 1.1964 2.6622 3.4570 1.2392
0.8597 3.0265 2.2412 1.6561 0.9855 2.5941 4.0316 3.4431 3.9361 2.2731 3.7750 3.1191 3.4834 1.7222 2.3453 6.1751 0.6181 0.6664 0.3189 5.9439
0.9802 0.9238 0.5096 5.5233 0.7476 5.5306 4.2988 4.9212 4.1320 4.8794 4.1790 4.9747 3.9944 3.5423 3.1972 2.2226 1.1675 0.8927 0.8591 1.5606
0.5575 5.4710 0.4173 1.1128 0.9027 1.4590 2.3446 2.5263 3.3824 4.1756 3.9214 2.3293 2.9194 2.4338 1.3845 5.9647 1.2033 2.3831 1.0762 5.7909
1.0246 1.3794 0.5054 0.7183 0.8625 5.8452 1.8788 1.4687 2.1021 2.9021 3.3443 3.6346 3.9347 4.3775 5.0793 4.9609 5.9050 0.0004 0.7265 1.3070
5.6955 5.8255 6.2061 5.8489 2.3171 2.3774 2.5183 3.3000 3.0428 5.0796 4.2468 0.9027 6.1759 0.6592 4.9641 0.6940 4.9460 3.3758 4.1618 4.7159
4.8359 4.4027 5.1363 0.9067 1.6466 1.3742 1.2977 0.5773 2.1313 2.3799 2.6209 2.7677 2.8546 3.4107 3.0351 4.5757 4.9525 5.9778 6.0434 5.7851
4.7253 0.1410 5.5242 3.9036 2.7845 2.9711 3.3191 4.0148 2.3618 0.8584 1.1440 0.1274 2.2460 1.6421 2.3294 2.6335 4.4798 3.7638 4.0820 3.4835
5.1918 0.0015 6.2583 0.8384 1.7975 0.6998 2.7348 1.8697 1.2861 2.6443 1.1434 2.4514 2.8492 4.8603 6.0381 5.7782 5.9113 5.0895 5.2796 5.3898
