5.1382 4.7215 5.4423 4.9262 4.7348 4.6016 3.9808 4.8443 4.0501 4.1106 4.6634 0.1335 5.8323 0.1744 5.8716 4.2628 5.3393 6.1118 4.9317 5.0931
3.8369 3.3305 5.4010 5.8268 4.8221 3.4218 3.8875 3.1940 3.2344 1.9161 4.0056 4.4581 5.4761 4.5119 3.7970 6.0955 4.0204 4.8849 4.5550 4.8668
3.6042 4.3632 3.9241 3.8590 4.8798 5.5357 4.7120 5.1209 4.8077 4.1761 4.1936 2.8008 4.4408 4.5196 4.5075 3.7720 3.7021 1.9553 3.5746 3.5405
4.0590 5.9385 4.9288 5.0951 4.9167 5.3777 4.3820 3.6347 3.8020 4.1642 3.4942 4.9547 4.5764 0.3578 5.5266 5.4960 4.8180 3.9966 4.0117 4.5868
3.7245 3.1165 3.9009 4.9718 3.6624 3.3026 4.1410 5.0643 4.4492 3.5869 2.5614 2.4333 5.1269 4.4966 5.1300 3.2547 4.6373 0.7311 3.2790 3.0170
4.4663 4.7322 4.1696 3.6205 3.6139 2.5094 3.2280 3.0706 3.6245 4.6101 3.4171 4.6082 5.4591 0.1115 5.9722 0.5909 4.4885 3.7631 3.8224 4.5998
3.8636 2.3807 3.2201 4.6137 3.2824 1.6373 1.8096 1.3485 3.8862 2.9572 2.4717 2.1831 2.5979 2.8762 4.4476 4.8125 5.2602 5.4468 3.7163 2.4655
3.5965 4.1025 3.3190 1.9233 3.4969 4.2438 3.6131 4.8817 5.3141 6.1013 0.2856 6.1441 1.0599 5.2760 5.3806 3.4320 5.0376 3.1680 2.9185 4.2051
1.8392 1.2901 2.4019 1.9354 2.0111 0.6338 1.7693 1.7069 0.4366 5.8299 0.3840 1.2513 1.1760 1.3467 0.7097 1.1151 5.9781 0.0498 2.5813 1.4026
1.4389 3.8672 3.7111 4.8195 3.8355 2.6059 2.1051 4.9485 5.7205 1.4479 0.5059 5.9248 6.0320 5.8609 6.1298 3.8666 4.6298 3.4122 3.1388 4.0483
2.1718 2.2339 2.9153 1.9908 2.0696 1.3023 1.4140 1.3555 0.5095 0.0668 0.2791 0.0933 0.5152 0.8337 0.7162 0.6298 0.9247 1.3635 2.3640 2.0545
1.0570 5.5056 3.5238 4.3256 2.2405 3.2449 1.3937 3.7462 1.0806 2.6857 2.1665 2.8238 2.0381 3.4524 2.8923 2.0433 1.4265 3.9772 3.7851 4.3126
1.1003 0.8755 2.4465 2.7131 1.4532 0.2682 0.8850 0.6174 0.4052 0.0851 1.3159 6.0010 1.0696 0.6845 2.3526 6.2447 1.0615 0.5026 5.2135 0.5184
4.3459 3.0489 2.2146 2.0999 2.6094 3.2852 1.7906 4.0092 3.5577 3.2439 1.9203 2.4750 0.9071 2.3620 3.0436 3.0324 2.3238 2.9356 0.7209 3.8192
4.7435 5.6512 0.7138 5.8126 1.8186 1.2638 1.6213 2.0658 3.0819 0.5755 0.9699 0.3086 0.0955 5.3809 3.4635 4.7365 1.7010 5.6426 6.0260 5.9282
3.9016 1.9301 1.3007 1.7897 2.5398 2.5381 3.7825 3.5518 3.4888 4.7387 4.1740 3.4248 0.1720 2.5577 2.9970 1.9183 2.3827 2.6576 0.3594 3.5203
5.6342 5.4347 1.2178 5.3146 3.9793 5.1107 4.9008 6.0697 4.3132 3.9453 4.1507 5.7532 6.1014 5.6231 4.5000 5.3245 5.0094 5.5892 5.9578 0.0595
2.3950 1.7392 0.6903 1.8794 3.3862 3.0040 3.6456 2.7477 2.8712 2.7370 4.0468 4.0404 4.4460 3.5389 4.5814 3.3883 4.2338 3.6399 3.8490 2.7887
0.1180 5.4985 6.2485 5.4459 4.8394 5.3468 3.8046 4.4334 3.0078 5.8090 5.2673 0.7616 0.0296 6.0038 0.8325 5.8595 5.4251 0.9436 5.2260 5.9709
6.2611 0.9492 0.2288 2.0045 3.3540 2.5788 3.8188 1.8693 2.7303 2.2445 4.7564 3.6788 4.5345 3.0175 0.3912 1.4281 0.0091 5.2589 6.1311 1.4159
