5.1711 4.7731 4.9702 4.5681 5.1703 4.5392 4.9514 4.1754 3.0545 3.7956 3.6812 4.4341 4.9625 5.9109 1.3573 0.6280 0.5083 0.0037 4.6121 4.7964
5.3381 5.1927 4.4792 4.8294 4.0905 0.8823 0.6261 0.6928 2.0113 1.2123 3.3634 3.8303 4.4941 2.7128 1.0856 1.3843 5.9175 4.4250 5.2638 1.0668
5.0104 2.5283 2.4424 2.3708 2.5126 4.9482 4.0396 3.8267 1.5374 4.5266 3.7581 5.0121 4.9264 5.3440 0.6747 4.9487 0.3514 0.5026 5.2973 5.4442
5.3220 5.3159 4.2913 4.8627 4.2638 4.1325 3.3498 0.2026 1.0360 1.8759 2.0436 3.0208 3.5300 2.2468 1.0724 0.4945 0.5928 3.1594 4.9180 3.3635
5.6567 0.7058 0.9024 1.0226 1.5714 1.8695 3.1712 3.8726 2.9922 5.2916 3.9634 4.3271 4.2925 5.4506 5.9990 0.8420 0.0154 0.3148 5.1829 5.6333
5.3555 0.5378 6.2252 0.9000 0.6555 2.9950 3.6139 2.2654 2.6137 2.1884 3.4122 2.4578 3.4381 2.7835 4.8860 4.7692 5.4273 5.7135 6.0590 1.0825
5.3422 5.1280 0.0362 6.0029 6.2202 5.5693 4.3641 5.1489 3.7406 3.8539 3.8117 4.2812 4.0410 6.2770 3.3863 4.3929 3.4827 2.9649 2.6417 3.9802
0.5721 0.8222 6.2209 4.3918 4.8972 2.6809 4.3335 2.7807 2.7974 2.4771 3.1119 2.4382 3.0804 3.3263 3.7072 2.5512 2.5105 2.1864 1.2087 1.5430
1.7971 2.9338 1.8885 0.5289 5.1641 5.9527 4.8114 5.2900 4.3914 5.1890 4.4058 4.4249 3.9306 4.5354 4.7663 5.0970 4.9506 4.8332 0.3543 1.8453
1.5037 0.5712 1.5651 2.6198 3.2888 3.1199 3.6958 3.3135 4.0730 2.0005 1.9910 1.7327 3.0402 1.4820 4.6931 1.7754 6.2677 1.2811 0.2195 1.1237
1.4058 3.3090 2.9353 2.4084 3.7443 6.0982 5.3278 5.6309 4.3125 4.5653 3.2515 4.7054 4.7266 4.5714 6.0710 4.9206 5.8250 5.4653 0.7178 4.9279
0.7085 5.4720 5.3815 4.8054 4.1588 2.6778 4.2865 3.5228 3.5353 3.1802 2.6821 2.6103 4.8248 0.0874 5.4109 1.2003 6.0799 0.8951 0.2455 0.1361
0.8365 1.2377 5.7457 6.2665 4.5949 5.5109 5.0883 0.7485 2.3564 4.2449 2.8430 3.4565 3.9541 3.9376 5.0295 4.4424 5.5799 5.6176 0.8854 2.1556
5.2889 4.8469 5.6676 3.0611 4.0535 3.5764 4.4945 3.4664 2.7577 1.6403 0.9343 0.3719 0.6241 6.2343 5.0555 0.1222 5.9931 0.5898 0.6066 4.5718
5.4263 5.8834 6.0536 5.8753 5.4410 6.2297 6.0872 6.2245 4.4929 5.0803 3.5745 3.4500 3.5383 3.0851 3.3060 3.6233 5.8292 2.9037 6.1449 6.0798
3.9581 2.0720 4.4192 3.1471 3.6227 3.3367 4.2511 3.2432 3.5639 2.7985 2.9031 2.0530 3.2820 5.8845 5.4807 0.0933 5.4903 6.1276 5.8737 2.6461
4.3533 4.7832 5.3877 5.9315 5.0157 5.8692 5.6541 5.7942 5.7616 4.6888 3.6654 4.3647 4.1570 3.7283 3.8374 3.5904 4.0112 3.7297 4.9205 5.6062
3.8076 2.6226 0.4390 2.9054 3.8637 2.7320 0.8364 1.1533 0.6682 0.5123 4.4778 3.5883 4.2089 3.8181 4.2664 4.2368 5.0150 3.7633 3.5710 2.8839
5.2825 5.7871 6.2427 5.5649 5.1677 4.9887 6.2153 5.8460 6.2297 3.5208 5.3330 5.7323 5.3715 0.3255 4.7919 5.2177 5.0888 4.9871 4.6727 5.2136
5.5494 1.8894 0.5546 1.1405 5.9543 0.8380 6.0855 1.2243 1.4393 0.5239 0.4558 0.1855 4.8720 4.0233 3.3722 2.9811 2.9057 2.5073 4.4133 4.4258
