4.1174 4.2814 5.6715 4.3246 5.4370 5.8383 5.1904 0.7917 2.7885 1.8349 2.5401 2.1581 3.8540 5.8653 5.2962 5.0612 4.7913 5.0814 3.3779 3.4781
2.7274 1.1406 0.0717 1.0321 5.8087 4.4164 4.6990 3.2964 3.5554 4.3812 3.7427 4.8725 4.4366 4.5402 4.9309 0.1138 4.6999 2.5893 2.2471 1.3605
3.1093 3.9609 5.8397 5.3037 5.7022 5.8356 0.2348 5.8131 5.2084 0.9563 4.5459 3.7832 4.3332 3.7589 3.6365 2.3547 4.6392 5.7188 3.0296 4.4342
2.6341 0.5504 0.0725 1.3697 5.7485 4.8011 5.2407 3.8773 4.5034 4.7731 4.5422 5.0508 4.7789 5.2981 4.1057 4.0786 3.5806 3.4630 2.7868 1.8659
3.1439 5.2005 6.1155 5.7644 5.0122 0.0731 5.5350 0.5018 4.2995 4.0743 3.4723 2.1472 2.9619 2.4210 3.3160 0.8300 4.1788 5.5177 2.3469 4.7380
2.9756 2.5157 0.5658 3.8256 4.8379 3.7335 4.7496 4.3464 4.2610 3.2755 3.5763 4.3803 3.5430 4.0471 3.9608 4.1335 3.8752 2.4764 2.1805 2.2058
3.9269 4.2704 0.6452 5.9522 0.1259 5.9453 5.8683 5.8900 4.2191 5.0699 2.3998 2.1579 3.4420 4.8739 3.1440 1.8783 3.0634 3.9501 2.9099 3.5793
1.2567 0.6341 1.4086 1.6672 0.6851 2.9706 3.1845 2.7852 3.9862 3.3209 2.4907 2.5802 2.9380 1.4044 2.5015 4.2551 2.6966 0.6071 1.9966 1.4365
2.1920 2.4653 2.3183 3.5793 1.5116 0.4640 3.1273 1.5713 3.3847 1.2479 2.0483 1.4558 2.6202 3.7960 3.0452 2.1190 2.8931 2.0005 2.1886 2.9883
1.3038 0.2557 1.7674 0.9009 1.3307 3.4290 3.2383 3.4783 3.8113 4.2730 4.1113 4.3042 3.2343 2.5990 3.4053 2.8311 2.7250 2.1399 1.7721 1.5094
1.3189 3.0017 1.8819 2.1785 2.4537 1.4846 3.9478 3.9642 3.5513 2.3589 4.9790 2.0258 2.5959 2.3942 3.6184 4.5066 3.3165 3.9715 4.0439 5.4536
1.8803 1.0936 1.0077 0.1443 1.1921 3.0096 3.5142 4.1560 4.9110 5.2966 4.8247 4.2504 4.0694 5.3147 4.3178 4.1452 4.1599 3.4517 3.2536 2.1338
1.4500 2.9442 1.4111 2.5403 1.4927 5.7466 6.2770 0.4206 5.1564 4.2903 4.2697 1.4339 5.0659 4.9507 4.9886 0.5195 0.9073 0.1207 0.7794 0.6084
2.0636 4.2357 2.3842 1.2965 1.7015 1.8699 5.8621 3.9886 6.0955 6.2130 4.9692 3.9060 3.7080 3.0866 3.2106 2.2896 1.3452 2.6802 1.9234 2.3757
1.9588 0.4588 1.4215 5.9461 0.0641 5.7455 0.4635 6.0937 5.9827 2.8701 3.9615 2.2487 3.1938 2.9199 1.6421 0.8127 1.0444 1.3151 2.0141 5.6865
2.6904 2.2660 2.3183 1.1431 0.7819 2.2962 2.1795 3.6172 3.9379 5.3798 3.8096 5.1586 5.6408 1.3245 1.7791 3.0895 2.7262 2.3014 2.0424 1.8697
3.4877 4.2753 3.1992 3.2000 1.9851 0.6283 1.8989 1.4403 2.8264 1.9408 3.6931 2.5128 4.6124 5.8959 5.2269 5.8281 5.9726 4.9853 3.3663 3.8462
1.9617 1.5817 2.0245 1.1111 1.4837 2.8476 2.7770 3.6964 3.3265 4.8464 3.9630 6.0178 3.8953 2.6926 5.2286 2.5298 1.7688 2.0561 3.0177 0.8165
3.0815 3.6865 2.8323 2.7654 1.9989 0.8984 2.4769 1.0834 2.4672 1.2606 2.2572 3.3285 4.1184 5.5001 5.5127 5.9298 5.8707 6.1156 3.1927 3.8284
0.4613 0.6115 0.9343 0.2422 5.3168 4.2688 3.4698 3.9782 3.3463 4.5978 4.0230 4.9941 4.1647 3.1023 5.2756 2.8626 3.8362 3.1799 3.5417 0.4092
