3.3168 3.6545 2.8054 3.4876 4.5801 4.0948 4.2475 3.6680 2.7863 5.3334 0.0798 4.6608 5.9707 4.6448 5.8963 3.3636 1.1074 5.9766 6.1894 4.7086
3.4319 2.2605 2.2185 0.4404 0.0224 6.2221 0.0935 6.0934 2.1320 1.5121 0.8819 0.6406 6.1323 0.9906 5.5009 6.2467 0.8182 1.8582 2.0790 2.4017
4.0127 3.7899 3.2681 2.3027 3.6936 1.9240 1.8412 3.5132 2.1814 1.1328 1.5845 2.6745 5.7582 3.9806 5.2466 2.7543 2.1202 4.3838 1.3965 3.0996
5.8477 5.6206 4.6556 4.6720 4.3425 6.0654 1.2760 1.0849 1.5184 0.8620 0.1493 0.1665 5.8903 6.1730 0.0785 1.6800 2.0889 1.7908 0.5669 5.7423
0.3985 1.3549 0.4007 2.0610 4.1298 3.0498 1.5623 3.9058 4.7748 3.8304 3.6887 3.2910 5.2974 4.3061 5.8319 4.6767 1.7607 0.2219 0.6519 1.3391
0.5446 0.3159 0.0336 0.0795 0.5276 1.0238 0.7481 0.4790 6.1132 0.4252 0.4600 0.1824 0.3037 0.3572 0.1701 0.2041 1.6512 3.2892 2.0236 1.5540
0.2363 2.8726 1.1240 2.7416 1.4510 1.1105 6.2159 5.8017 6.0118 5.6913 6.1353 5.3116 5.9364 3.8006 0.1180 6.2009 0.2946 1.0759 0.8707 0.4742
0.4090 5.3484 6.0675 0.1773 0.6194 5.5690 0.5582 6.0612 0.6393 1.4854 0.5494 1.9704 0.6695 0.8510 0.2853 3.9051 0.3165 4.9249 0.4022 1.2167
0.8430 1.6543 0.2290 6.2118 0.8314 2.7644 1.5038 1.6889 0.2128 4.9004 0.5225 6.0335 0.7142 5.1656 6.1678 0.4696 0.9305 0.7785 6.0362 5.0479
1.3013 0.9804 0.1948 5.6378 0.8390 0.3455 0.7251 5.9244 5.3547 1.3672 0.8904 1.5697 1.8181 1.5631 0.8878 4.2201 5.3241 4.8049 5.8216 0.9946
3.0940 4.5720 0.3683 2.4865 1.4162 2.0815 1.2065 2.2235 5.9849 0.0500 0.1723 1.2091 1.0575 0.7913 0.6771 1.1605 0.1167 6.0222 5.4907 3.8984
1.4424 1.3716 2.2307 1.3724 1.4252 0.2145 0.8001 6.0292 5.5806 4.1547 5.5441 4.6714 0.6936 1.5928 1.6216 3.0098 1.2550 1.0137 1.2668 1.3994
5.0896 4.5988 4.0771 3.9138 2.8265 2.5543 2.2954 1.9339 1.6952 1.2296 0.5769 1.2612 5.8617 5.3434 1.2788 0.6833 0.5638 5.3182 0.3568 3.4865
5.0414 1.9826 2.7341 1.1711 1.4622 1.2608 1.1795 2.1984 2.0293 4.8157 5.4233 5.0157 0.2332 2.1264 1.3535 1.4104 0.8116 1.0435 6.1808 0.0219
4.9555 4.2165 3.3107 4.2856 2.4645 3.2858 1.8058 2.8566 1.6926 1.5709 1.2793 1.3723 0.6924 5.9263 0.5815 5.0571 0.8358 5.1848 6.0040 4.2995
0.5962 0.9018 3.5727 1.8251 2.0218 1.0665 1.1950 0.2745 0.5967 5.0114 5.5834 4.5540 0.6669 1.6592 0.5952 1.9778 1.0806 0.8916 6.2077 0.8506
4.3265 4.7930 4.0194 4.2441 2.7967 3.1104 2.2966 2.3555 1.2028 1.4934 0.7603 1.4098 0.1107 5.9291 0.3803 5.4576 5.6102 4.8799 5.7297 4.7211
3.4394 2.3833 3.5690 1.6888 1.9517 1.3795 1.2791 0.4099 0.7505 0.9163 0.2897 5.9618 5.6697 3.5579 1.3869 2.1720 0.6472 0.9609 6.2713 2.9138
3.7556 4.7296 4.6969 4.4248 4.3224 4.6482 0.5716 3.4925 2.5336 3.2865 1.2509 2.5728 1.0063 0.5754 0.4222 5.0737 5.5334 5.0724 6.0879 5.6765
2.7806 1.6375 2.3845 2.5552 3.9115 0.9828 6.1795 0.3937 2.0009 1.2871 0.5979 0.3007 0.1113 6.2760 5.5743 1.0506 1.3218 1.2286 0.2017 1.2494
