3.3572 3.7037 3.2862 2.3903 2.1002 1.3476 1.1083 1.3153 1.6609 5.5531 2.3000 5.2704 5.6979 0.5530 0.1516 0.3326 1.4543 6.1753 3.8977 4.0250
3.2967 3.0166 3.2679 2.7385 1.7579 3.7785 1.2882 1.9651 1.7010 2.4301 2.0986 1.6915 0.2993 4.6974 5.4719 2.4170 2.6322 1.6187 2.8330 2.6487
4.4176 5.2942 6.0284 5.7037 1.5787 1.6011 0.8236 0.3748 0.5842 5.8624 1.4805 5.1489 6.2760 5.6111 4.6868 5.6489 4.8320 4.8518 3.7424 4.4365
2.4964 2.6115 1.1714 1.7128 1.8391 1.3896 0.8272 1.3862 2.3963 2.2034 1.5554 0.3141 0.9887 0.8812 4.4783 3.5135 3.5011 2.6968 2.9545 1.4797
2.4354 2.0817 1.3003 1.3002 1.5341 1.1608 2.7424 4.6172 2.5081 3.9769 2.3070 3.0792 2.6732 4.3990 4.7545 0.1983 4.2559 5.4274 3.2073 2.5860
4.7772 5.6781 0.4675 5.9687 0.8147 3.1442 2.7061 2.6363 2.2832 1.1478 2.0262 1.1005 1.7242 0.3991 5.6788 3.8975 4.0477 3.3136 2.8015 5.1914
1.9831 3.3960 1.7670 2.3285 1.4069 1.6419 1.7243 3.6553 2.5057 3.4441 3.2807 3.3092 2.2169 3.1542 0.8381 5.6327 5.0536 5.3706 2.3471 2.8346
0.4960 0.6376 2.2846 0.6383 0.9131 5.9660 0.8056 1.0591 1.3418 2.5364 2.9390 6.1647 1.2367 0.6993 2.0170 2.1830 0.8147 1.4055 1.7858 0.2717
2.0587 2.8442 2.4409 3.8340 1.9917 1.9805 1.3222 1.1835 1.3136 1.6933 2.0118 1.0655 1.7016 3.5869 3.4110 4.5865 4.9484 5.1238 0.3774 1.5195
3.7088 0.6589 1.9431 1.1601 1.6171 6.1158 1.5916 2.8721 3.3999 3.3409 3.1802 4.1383 2.2915 1.5849 2.4890 1.7070 2.4247 1.0879 2.0741 3.6805
2.9106 3.0836 1.9838 1.7568 2.3531 2.9389 2.2073 0.6946 1.6475 1.3987 2.3949 1.9242 3.0641 3.8106 3.8959 5.3656 4.1767 4.9582 2.2038 2.1970
3.6251 4.4284 0.8305 6.2194 2.7476 0.9883 1.8135 2.2476 2.6880 3.8336 2.6226 2.3132 2.2763 2.6235 2.5223 3.1603 3.5255 2.7569 3.3514 3.9111
5.5779 0.6811 0.8977 3.0626 3.2241 3.0928 2.7388 2.4168 2.0845 1.5679 2.8873 5.9244 5.5136 0.4469 1.5663 0.6100 2.3995 5.9436 5.5851 0.1527
5.0196 4.8975 5.4325 5.8218 3.1185 1.8386 3.3171 4.0537 3.2596 3.8864 3.4220 3.5236 4.9765 3.2703 3.1858 3.1958 2.9893 2.7258 3.8526 3.8477
4.7340 3.2708 4.1214 3.0266 3.7858 4.8669 3.3429 2.6321 4.0437 2.1425 2.2278 0.2048 5.4553 0.2730 5.0901 6.2772 5.1528 5.8931 4.6724 5.6648
4.1364 5.6204 5.1280 5.4402 4.1378 3.8286 4.1199 0.0533 3.5023 3.8206 3.1117 2.3203 2.9044 2.4118 5.1910 4.0309 4.8299 3.3324 3.8397 2.7289
4.2042 3.5578 3.5515 2.8155 2.9343 4.4302 3.8249 4.3654 2.9245 5.9065 4.5159 4.0588 4.2569 4.1479 6.0573 0.3838 5.0689 6.0588 4.1997 5.2711
4.2425 5.5730 3.7316 4.3395 2.8464 1.6527 2.6435 3.6842 2.5855 2.8405 4.4947 5.3351 4.8128 6.1061 5.6429 3.4253 4.6314 3.2179 3.6374 2.8399
3.6657 2.1444 2.5309 2.3920 3.0544 3.7625 2.9491 0.8573 0.6351 6.2805 4.0334 3.3360 3.9713 2.3656 0.0602 5.7199 4.4065 5.1320 4.5223 4.8621
2.9353 5.6538 3.9038 4.8508 3.4674 4.7503 3.7638 4.0178 1.2641 2.1019 2.5899 2.2365 4.9299 5.8575 0.9746 2.4513 2.4536 2.5575 3.0539 2.6687
