2.4446 0.4528 0.6523 5.5498 0.2238 6.1533 4.8961 6.2349 5.3309 0.7856 0.4599 0.5322 1.4488 0.1445 5.1783 4.0139 3.5563 3.3083 2.7744 3.2340
2.1140 2.6270 0.4315 1.6790 2.1062 2.5349 3.0985 3.3475 4.5138 3.2083 2.7934 3.4090 2.3219 2.0085 2.0513 1.3461 3.0985 1.2075 2.7401 1.6864
5.6423 4.9919 5.8313 4.2522 3.1552 5.0023 3.0114 5.8747 4.8543 1.0839 1.8417 1.5820 1.8588 3.1907 3.6805 4.1213 4.1259 4.9034 5.2084 5.7230
2.3159 2.1723 0.2838 1.6293 2.2514 1.8744 2.7112 3.2564 4.0344 3.7303 3.7160 4.4295 3.5567 5.6578 3.7781 5.2073 4.9452 0.8570 5.7775 2.3667
0.0092 5.0594 5.5544 4.7141 1.6892 1.8866 2.6952 6.0975 4.0776 5.6113 3.7812 4.3734 3.7678 3.3571 3.9846 2.7243 3.6833 4.0249 5.4305 4.9090
0.7477 1.5292 0.0572 0.4079 0.8450 0.9884 2.4278 1.9809 3.1986 2.8539 3.2958 2.1333 3.3728 1.3276 1.6933 0.6666 1.4920 0.9053 1.5259 1.0589
5.5616 5.9908 5.5913 4.4239 5.9348 4.6007 3.0083 4.4420 3.8469 4.4395 4.0593 4.7565 4.2559 4.8761 1.0210 0.4084 1.9614 3.1316 2.4812 3.7238
5.8871 0.3120 0.4697 0.8631 0.6688 1.4235 2.1730 1.3624 2.4299 1.7365 2.9014 1.3031 2.6992 2.3015 2.5249 3.5175 2.9062 5.9730 5.8676 0.2990
5.2758 4.6173 6.1168 5.3625 6.1540 4.5044 2.9528 4.0187 3.3723 4.3166 3.9929 3.7110 3.3236 3.2493 2.7298 0.7444 0.9837 2.0294 5.7163 4.7485
0.5506 0.9481 0.0873 1.0198 0.4454 2.0770 2.9143 1.8394 2.5794 1.6242 2.3445 1.1988 1.5609 1.1753 2.4168 5.6648 0.5222 0.1610 0.0300 0.5789
0.5507 4.6106 4.4822 4.1446 4.3368 4.6992 3.5607 3.9606 2.5566 4.2565 3.5341 3.2622 2.9477 4.0353 3.1422 2.6992 2.9413 3.8375 5.2276 5.0838
0.6933 0.8320 3.5248 3.1082 3.8645 2.3958 3.1005 2.8502 3.1560 3.2170 2.9714 0.3651 1.4867 1.5072 2.6619 0.4188 1.0071 1.1376 4.6778 1.4376
5.3694 4.8374 4.2337 5.7832 4.8582 4.4203 4.6569 4.3616 3.7226 2.9126 3.2924 3.0311 3.3343 3.5706 3.3115 3.8287 3.1775 3.2922 3.9135 5.1269
3.6288 2.3190 1.5669 2.6432 2.0029 0.5125 4.9055 5.0553 4.3221 4.7699 4.2839 4.4884 4.7818 5.3390 3.2315 1.3985 2.0985 1.8272 2.0245 1.9204
3.7334 5.2309 3.4757 4.7336 3.5903 3.8564 4.6630 2.4309 3.4414 3.3166 3.0914 2.8572 5.9007 2.3355 1.9845 3.6489 2.3298 3.2838 2.6674 3.4175
2.1239 3.1304 2.0862 1.1101 0.0937 6.0861 5.3646 5.6575 5.2213 5.9770 3.5616 4.7321 5.4947 6.2365 1.8088 1.2489 2.1363 0.9339 2.8383 1.2756
2.4754 4.8850 3.3280 3.6269 3.2096 2.6033 4.3492 3.0404 3.2858 3.0548 3.8055 1.4422 4.1422 3.0832 2.6491 4.5675 3.9516 4.3806 2.7525 2.6252
3.0390 1.7250 2.7031 2.4173 3.2779 2.2968 4.6441 5.8819 5.4658 5.4965 4.6076 4.5000 4.0988 4.7791 3.7175 1.2325 0.7404 1.5193 2.4954 1.8010
3.8542 3.7039 3.2228 4.2207 4.0762 4.8065 4.6155 3.8789 4.6617 3.4461 3.4543 2.6188 3.1963 2.6196 3.2367 4.9316 4.3623 4.2109 4.5788 5.2393
3.4270 3.4680 2.7877 2.2854 2.6561 2.9422 3.3656 4.8107 4.6324 4.3132 4.9665 4.9241 3.8066 4.3312 3.8094 2.3483 3.0592 2.1402 3.2828 3.2481
