0.3637 0.1618 5.7374 0.2173 5.2796 2.1854 2.5811 2.6303 2.4054 1.0331 2.0117 1.6283 1.9996 1.1707 6.2187 5.2608 5.4186 4.7209 5.6521 2.4644
0.8966 4.0747 5.1343 4.7052 5.7139 5.9848 5.4821 4.5142 2.7137 3.0262 3.7536 3.7207 3.0323 3.9393 5.9583 0.1289 0.6572 0.2796 6.1739 0.2949
0.0339 1.1549 5.8569 1.6745 0.8361 1.3329 1.8577 1.9479 2.6893 5.9521 4.0348 5.8417 3.6686 1.5013 5.3791 5.2876 4.8632 2.3470 1.6121 2.6774
6.0159 5.6419 6.1245 5.5596 5.9104 4.6805 5.2178 5.8589 4.1545 3.1109 3.4143 3.9794 3.5523 4.1046 4.0362 4.0353 5.5569 6.2779 1.5960 5.6761
0.8661 1.9849 1.9378 2.1553 1.2152 0.1997 4.8164 4.0152 3.0128 2.7830 3.5371 2.8871 3.5813 0.6903 4.8978 6.0302 5.3368 2.0285 1.1886 1.2931
0.1094 4.8723 4.2298 0.1000 0.0285 4.1228 4.4272 5.3663 5.9934 5.4364 4.8691 6.2239 2.6985 3.8173 3.3760 2.8564 5.3824 5.4600 0.6152 5.2466
0.6746 1.4748 4.1085 2.0606 1.0284 1.3726 1.5117 3.3023 2.6739 2.2006 4.2621 2.8235 2.1693 2.7488 4.7039 0.6827 0.9313 0.2467 0.6402 0.8580
4.6051 4.9102 5.2948 6.0283 0.6562 5.8163 0.4931 0.9669 2.1963 5.7435 5.0060 4.9734 4.2627 5.7826 4.6534 6.1899 0.5184 0.3740 6.0494 4.6409
6.1333 0.7684 0.4494 3.2970 1.6658 2.3003 0.7341 4.9394 2.6563 2.8570 3.9054 3.4641 3.7061 3.0337 4.1078 3.3625 2.8162 3.5566 0.3271 0.6415
5.5707 4.9259 5.7534 0.1927 0.1448 0.0370 1.0853 1.3295 0.4294 5.4890 5.4672 5.3101 4.2170 4.3546 3.8193 3.8244 2.9765 6.0133 0.0174 4.7433
0.2192 1.0528 5.6139 5.7994 0.5318 6.1279 0.0774 6.2430 4.7288 2.2183 2.5492 2.7978 3.4786 2.5054 3.1706 1.5571 2.0394 2.5643 0.5719 0.8447
6.0799 4.9482 0.1687 1.2631 0.5847 1.2324 0.3484 2.2340 3.7313 5.0290 4.7164 4.9836 4.7094 3.7874 4.0516 4.0170 1.6284 5.6365 5.3055 5.7433
1.1120 0.3677 1.1953 6.1666 1.0739 0.5347 0.3621 6.0591 4.5203 5.6028 5.9638 0.0918 5.1446 5.1986 4.5810 1.3784 2.0116 2.4845 3.6526 2.3743
0.2396 2.1263 1.2467 2.3176 2.5805 3.7631 4.0710 2.9816 3.8699 2.6863 3.7525 2.9575 3.6444 3.6707 4.4579 4.1217 1.7519 4.7253 4.9604 5.6958
6.2090 0.0698 5.3294 6.0250 5.5446 5.9055 4.7122 5.9138 4.8633 5.7573 5.4491 6.0133 6.0215 0.8605 0.0283 0.9162 1.4311 2.2468 0.1583 0.6197
4.5473 3.8282 3.9772 4.1179 4.4864 3.7174 3.7378 2.7415 3.8961 3.8049 4.5844 3.9444 5.3046 5.2050 5.5553 5.0242 0.3613 5.5042 5.3363 3.6300
0.0868 0.8311 5.7585 0.8067 5.5045 5.8758 5.2141 5.7397 4.7877 5.6632 4.9759 0.1049 5.8888 1.0674 6.1489 0.9428 1.0191 1.6728 5.7276 5.5814
5.6440 4.5727 4.5788 4.7063 5.9179 5.3256 5.2660 2.5101 3.9294 3.4138 4.2003 3.9628 5.3028 4.5326 5.9683 5.0453 0.5890 5.7218 5.9074 6.0846
0.0952 1.3810 5.0950 0.0562 5.7476 2.5308 5.2292 4.2604 4.2314 3.8880 4.1064 0.1769 6.0374 0.2756 1.5766 1.8311 1.1853 2.9196 5.2854 5.1576
5.9719 5.0399 4.8988 4.4717 5.7395 0.4321 5.7549 0.6364 5.2977 4.4591 3.6466 4.3970 0.9107 3.1786 1.8385 1.4785 6.2497 0.4034 5.1961 5.2470
