2.0899 2.1032 2.5374 2.6908 2.1175 2.3737 3.0160 3.6595 2.3374 2.8004 2.5981 3.7316 2.9197 2.8513 0.3773 5.1805 5.6468 5.0229 5.8503 2.0116
0.9523 0.0353 0.8505 0.5922 2.1157 5.8558 5.9609 0.2166 1.1061 0.0677 0.5562 0.7593 0.3390 0.4715 0.9772 0.9770 0.1145 0.9709 0.1817 0.0814
1.1909 1.4564 1.4550 2.5090 2.2655 2.1851 1.4536 2.7354 2.1832 2.7386 0.2774 5.5780 5.4657 4.5758 6.0467 4.6873 5.4561 4.7562 4.6271 2.7624
0.0437 4.9388 0.8584 0.3332 1.6758 0.1707 1.0997 1.3952 2.0046 0.3227 0.1911 6.2211 0.4187 1.3408 0.6111 6.2244 5.1596 3.1280 0.1251 0.2833
0.3210 0.8958 0.5361 3.0980 1.5767 2.0106 1.3526 3.7335 3.4710 2.9820 3.7755 2.0959 1.1250 0.5029 1.1668 1.1674 1.1700 0.5413 6.1621 5.0603
5.6866 5.3957 1.4453 1.2378 0.8477 0.1489 6.2143 0.1854 4.4578 6.0124 4.9321 5.5382 5.7239 5.5955 0.6020 4.9501 4.6833 5.2368 0.0204 6.1915
0.9283 2.6995 2.0583 4.6393 5.6348 4.7456 6.1007 4.5663 3.2102 3.0819 4.5570 4.2082 6.2338 0.6093 0.9474 1.2392 5.2199 1.0729 5.9405 0.3111
0.1557 1.1114 2.2657 1.9738 0.0871 1.6413 0.4185 0.7235 0.7996 0.6146 0.1441 5.6771 6.1584 5.7931 5.3415 4.6322 5.7056 5.1769 5.0915 4.7981
1.1645 3.4639 2.7537 4.8809 0.2880 4.7787 4.5224 4.7713 0.5561 2.1615 1.1124 6.2678 0.5312 0.3712 0.9674 0.9787 6.2705 0.2264 0.8962 1.4858
1.8186 2.4462 2.8211 1.9515 2.3445 2.6044 3.5424 1.4991 1.2235 0.9031 1.2232 2.2616 1.2283 3.5271 2.8240 3.3640 0.3913 2.5762 0.9166 3.0199
0.9342 5.5617 3.6771 4.2535 3.4469 3.9374 3.1006 5.5285 0.5216 5.2589 6.2448 0.2762 1.4871 0.9403 1.5715 1.2800 0.6369 5.8588 1.3351 0.3938
2.9256 3.0656 3.2336 2.7247 3.0077 2.8134 2.9575 2.4981 2.4986 2.1290 0.4734 2.1534 1.4981 2.2019 2.3207 3.5632 1.2473 2.3762 1.2530 2.9280
3.5844 5.8596 4.3887 4.1685 3.8325 4.5407 2.6462 0.2943 1.5357 5.8466 6.1804 5.4335 2.5742 4.3964 2.8262 1.5368 1.6696 6.0031 1.1018 0.6638
3.6783 4.6810 4.2223 3.2692 3.4147 2.8002 1.5726 3.2030 1.0854 1.5744 1.3088 1.7959 1.4845 1.2047 2.0685 3.0026 1.7419 1.8739 1.7092 3.9345
2.3371 4.1347 3.9003 5.7571 5.5993 6.0377 6.1508 6.0314 0.3900 5.9565 0.7180 5.5545 3.9890 4.0160 2.9626 3.3686 4.0817 4.5419 1.1129 2.5410
0.9569 1.0747 0.6941 5.2348 6.1044 5.9975 5.9019 2.0563 2.0556 1.6260 1.4403 2.4035 3.0087 1.9202 2.8401 0.4282 4.5365 0.1840 6.2315 6.2615
2.2745 2.8089 1.4025 1.5082 1.2679 0.0246 6.1532 4.9746 0.8808 0.0006 0.3360 5.4363 3.3631 4.1814 4.4960 3.7985 4.0403 3.3078 0.3069 2.4602
1.0166 0.9434 1.7231 0.9694 2.0421 2.1394 1.6034 1.2031 1.8152 2.8639 0.9309 3.0705 3.4277 0.0930 6.0266 0.2501 0.0999 0.5306 5.6565 5.8074
2.2372 2.8772 2.3996 4.1748 2.6566 4.4548 3.6647 4.2464 2.2669 0.9938 0.2354 4.9127 2.9810 3.3157 6.1332 4.3948 6.2359 4.8378 0.4775 2.0473
0.3890 0.3057 2.8991 1.1409 1.1741 1.9551 2.7575 2.2380 2.1602 5.1883 0.2725 1.0675 1.2979 0.8182 0.5753 1.3975 1.0474 0.9723 6.2229 5.9964
