0.8091 1.0132 0.1806 0.2613 5.6951 1.0995 0.1897 4.7858 1.7543 2.8442 4.1594 3.9912 4.4264 0.9761 5.5941 0.0137 5.3823 5.8116 5.5376 2.0286
6.1717 5.5624 5.3303 5.2174 0.5140 1.9989 0.0995 0.9972 0.9698 0.4064 6.1399 0.4001 4.3727 4.3662 5.8697 4.5969 4.4894 5.1551 5.4785 6.0650
5.1033 4.8969 5.6591 4.3070 5.8175 4.8981 5.4823 4.1545 0.1032 5.0313 4.4512 4.3727 4.2477 5.5039 0.6095 1.2361 1.5453 2.3461 4.6125 4.2770
5.6511 0.5532 5.4939 0.2243 5.6012 0.9700 5.7209 0.6195 0.8654 1.0504 1.1683 2.0773 1.5866 2.1923 1.3827 1.7333 0.2989 5.8691 5.0270 0.4664
5.8317 4.7120 5.5033 4.7725 4.6334 4.3493 4.8093 4.3067 3.8083 4.4311 5.9881 0.0042 0.5300 0.1788 5.5689 4.7832 5.4136 4.3949 4.4895 4.0310
0.1246 0.5529 5.5860 0.7873 4.9382 2.5180 0.1351 0.8008 0.9311 0.3637 5.7329 5.0028 6.0016 0.6913 0.4521 1.0080 1.4537 0.8235 5.9287 0.8804
5.8859 4.5808 3.5021 5.0360 5.2922 5.4867 5.5602 5.7189 5.8318 5.1461 5.1379 5.9925 6.1091 4.1041 4.4963 3.7920 4.9936 4.5793 5.8381 4.6369
6.0849 0.5438 1.2174 1.5727 3.0489 2.1758 2.6344 1.4790 0.9277 0.9850 1.0314 1.4228 0.8936 0.5299 0.0869 0.7544 6.0484 0.4838 1.3296 2.1469
4.9547 4.3670 5.9415 5.4477 4.5960 5.7877 4.7934 3.9495 3.6486 3.1060 1.8471 2.5380 1.8045 3.2264 6.1212 5.0435 4.9220 4.3133 0.0933 5.6925
0.4440 1.2168 3.4107 2.8837 3.7493 3.2798 4.6527 0.9360 1.2761 1.1014 1.2949 6.2542 0.6696 5.5761 6.2493 0.2472 0.3085 1.4383 0.8133 1.2329
0.1937 5.2242 4.1898 4.5877 3.9612 3.7703 4.5819 4.3392 1.0857 2.2626 2.5045 3.7749 1.3976 2.1081 1.9880 2.9210 1.1742 5.7291 0.2991 5.8488
1.9872 1.9414 2.7990 3.4912 3.3752 6.2087 5.2310 4.6281 0.7077 5.4304 1.8200 0.9852 2.4346 0.0352 1.3264 0.1733 1.0946 0.6750 5.9850 1.5794
3.5494 3.7827 2.9664 1.9219 2.6912 2.8203 2.9539 1.3104 1.9586 2.1700 1.4491 3.2912 3.0516 3.0121 2.0854 2.5029 1.5761 3.6526 5.2981 3.8386
1.1085 1.1944 3.5061 5.4819 2.5014 5.8605 4.1078 3.6654 4.5799 5.9365 0.7381 0.5094 1.6188 1.0091 1.0629 0.1467 1.1672 1.3540 6.1799 0.5585
2.0293 2.8989 3.5628 3.0696 3.8790 2.9260 2.6719 3.0861 3.2026 2.9457 2.4930 3.7369 2.5577 3.2388 1.8054 3.1529 3.3415 4.0904 4.3346 3.1987
0.2973 0.3805 5.0169 4.9514 4.9392 6.0337 2.0744 0.6119 1.6824 6.1544 0.8578 1.3298 1.7964 0.3127 0.7017 6.2257 4.8632 5.0053 4.6877 0.5356
3.9587 4.4517 5.0336 6.2632 4.8141 3.8419 2.4061 2.8966 1.6659 2.4978 1.9392 3.1315 1.8178 3.1092 2.8311 3.5685 4.0197 2.3849 4.6953 3.7048
5.2505 0.9960 6.2599 4.0262 5.0489 5.4076 1.6060 0.7880 1.4506 0.6593 2.3249 0.6887 0.4557 5.7614 3.5080 3.4443 3.7473 5.0543 5.0445 5.1528
4.9604 4.4570 6.2537 6.0184 4.8588 1.9858 2.5805 4.3168 2.3257 3.1289 3.4299 3.8316 3.2158 3.0859 3.3669 2.3808 4.1315 3.0198 3.9087 3.5280
0.1682 5.4501 0.2435 3.7056 5.0961 5.4827 1.5590 1.7110 1.1007 0.8542 2.6948 1.9129 3.6361 3.8433 4.2829 4.6252 4.4276 4.6999 4.6845 0.2309
