0.0661 0.0851 5.9673 5.6446 4.8203 3.7651 2.5162 1.8998 1.9169 2.4513 2.7256 1.6131 1.1513 0.9722 4.8398 0.7433 4.2511 0.4059 5.8100 0.6648
5.8295 0.0559 5.8953 3.3767 4.6525 4.3509 4.4968 4.5894 3.8290 5.6638 3.6964 4.5740 3.3038 3.6966 4.0208 5.3444 3.9738 4.7034 4.3679 3.4550
5.7558 5.2998 0.2284 5.9829 5.3077 5.8311 3.3854 3.8267 3.4549 3.4988 3.0447 2.5156 3.0443 2.9449 3.4591 2.9445 4.0855 4.6325 5.4366 5.9987
6.0252 0.9838 0.1633 3.5214 3.6326 3.5512 3.6117 0.8817 1.6527 1.0136 3.7321 5.0970 4.3649 4.9464 4.7240 6.0493 5.6973 0.4642 0.0834 6.1383
0.1674 5.7148 0.1563 1.0246 3.3230 2.9285 3.3381 3.1935 1.7822 3.5795 3.8457 3.8227 3.4459 3.1194 3.7516 3.9103 5.0711 4.2504 5.7270 5.2965
1.6433 3.3461 2.1865 2.5347 2.4953 5.8465 4.8112 5.6473 5.5781 0.2077 0.9253 0.7677 2.3341 3.8787 3.7433 0.7365 5.5349 0.8371 0.1250 1.2862
0.4053 0.6797 1.9314 1.3737 2.2368 2.7890 3.1240 2.6837 4.0756 2.8384 3.3614 2.0839 1.6482 1.0109 3.9694 4.8282 4.6603 5.1283 0.1383 5.7187
2.1993 3.5711 2.3800 3.2414 1.7713 6.1554 5.0360 5.1697 3.6485 5.4888 4.4757 4.1572 2.5574 3.5484 2.8572 2.6092 2.0497 3.0010 6.2537 2.2032
0.8061 0.9542 2.0001 0.8189 2.0717 3.2010 4.2447 2.7514 4.0494 2.3410 3.5622 2.2802 1.8475 1.6645 1.4678 1.2686 1.4103 0.6669 6.0828 6.0327
2.3039 3.8413 2.5058 4.1013 3.9925 4.1760 5.4423 5.4789 4.1710 4.8250 3.6436 1.9290 1.9211 0.5324 0.6110 3.1729 2.7364 2.5574 5.0514 3.4216
0.7287 0.8583 2.1306 1.1902 2.5670 1.4719 1.1930 2.8707 3.3835 2.7325 3.8368 3.6515 2.8983 3.6647 0.7104 5.6331 0.3896 6.0222 5.5415 0.5776
2.5176 4.0697 2.8980 3.7970 3.2617 4.5610 5.1764 4.9432 4.0429 5.0082 4.3797 4.0396 1.8576 1.8902 1.4165 1.9282 1.0514 2.7419 3.4386 3.4156
2.3247 0.4784 2.2902 0.9145 1.9488 1.4603 5.0502 2.5701 3.2124 2.4903 3.2176 1.6363 1.8588 0.1981 0.1454 5.7874 0.3095 6.2675 6.0818 0.7928
3.7157 3.7567 3.0438 4.0295 2.7775 4.6506 5.5250 4.7436 4.6928 4.9855 4.3215 4.4987 5.6742 4.2507 4.0210 4.1194 3.0488 4.0606 4.2052 3.9370
2.7861 2.8416 2.8342 1.6924 1.3844 1.2324 0.7111 1.5700 1.5288 2.1816 2.1185 1.4749 0.0370 2.0272 2.5558 2.5544 2.7204 1.7250 3.8164 1.7963
2.5663 3.6070 2.9015 3.1495 1.6229 5.8881 6.0429 5.2411 3.9480 5.8063 0.6119 5.7727 0.2812 3.6271 2.5962 5.0069 4.2581 4.5338 3.6478 4.6855
2.0051 1.0649 1.5172 0.5238 1.4194 2.6850 1.3385 2.1085 3.4946 2.1196 1.4576 1.9935 1.5391 1.4663 1.8299 2.0319 1.9740 2.1550 2.2330 1.5830
1.2661 3.3364 4.0203 4.2082 0.9970 0.2199 0.9241 6.1057 5.7021 5.6522 0.9432 5.1475 5.3681 4.6505 5.7318 5.5704 5.8506 6.2490 2.4131 5.6709
0.1924 5.7655 4.5513 1.5121 1.5546 2.0338 1.3529 2.3955 2.2396 2.7659 1.9929 2.4021 6.1222 0.2693 5.4669 1.8869 2.8840 1.6444 1.8680 1.0834
5.2486 4.5113 4.6150 4.5331 4.6448 5.2663 0.4895 5.4701 0.0977 0.8077 4.4987 5.5843 5.6079 4.3964 4.5728 3.7652 4.4778 4.4095 3.9815 4.4662
