5.3322 5.1004 5.0865 4.6783 5.2650 4.5565 4.2140 4.5849 5.6164 5.0936 5.1213 4.8896 4.7544 4.6668 4.9554 4.4859 5.2312 5.5225 4.5546 4.4851
5.3571 4.0428 4.7618 4.0098 4.0540 4.3676 4.0687 4.2461 5.1864 4.4992 4.3893 4.9514 4.0032 4.4396 3.4320 4.5470 4.2422 5.0136 4.8166 4.8480
4.6504 4.4555 4.5347 4.4177 4.3418 3.7862 3.8557 4.0045 4.9692 4.3662 3.6743 3.6577 2.5314 3.4774 4.1621 4.0687 4.5010 5.0191 5.3541 5.4745
5.6265 5.2422 4.8705 4.6014 4.3305 3.8270 3.1886 3.7724 4.5074 3.9003 3.2892 3.0242 3.2255 3.4849 3.6303 3.2863 3.3872 5.0331 5.6258 5.8005
5.7192 5.2676 5.1349 4.6778 4.5705 3.6778 3.5954 3.3584 3.6453 3.5778 3.6213 3.1621 3.1646 3.0550 4.0639 3.3266 3.1723 5.8943 5.6642 0.4419
0.1459 6.2472 5.1043 4.2457 3.8600 2.7330 3.1814 2.5884 3.2331 3.9835 3.4407 2.1881 2.5201 3.0730 4.0152 3.3717 2.4597 0.4210 0.7507 0.7189
0.9251 6.0266 5.0755 4.7779 2.3124 2.2747 2.4419 3.0142 3.1340 2.7058 2.1897 1.9377 2.1251 1.4213 2.7605 2.4031 1.9889 2.1072 1.3754 0.7237
0.1919 6.1839 5.9835 0.4377 1.5970 2.3548 2.4841 2.8392 2.8980 1.4354 1.5338 1.3992 1.0394 1.3911 1.6232 2.0663 1.4021 1.6066 0.2427 0.3095
5.7553 5.6278 0.3850 0.3891 2.0142 3.0752 1.9960 2.1297 1.9721 1.2331 1.5033 1.3944 1.3511 1.7486 1.6693 1.8651 0.3172 1.0793 1.3399 0.2970
6.0212 5.6435 5.9417 1.2536 1.6685 2.0126 2.5886 1.3397 1.7324 1.4469 2.0262 1.6417 1.1673 1.4134 1.3400 0.9096 0.6055 1.1534 0.6873 6.1724
6.2120 5.6150 0.0218 1.0890 1.2922 1.7262 1.4139 1.5941 2.1778 1.3253 1.6693 1.4556 1.1959 1.2662 1.1499 1.5872 1.0320 1.1533 5.2962 5.8197
6.0594 4.9217 5.7875 0.7023 1.3243 1.0142 0.5725 1.6214 1.5597 1.2434 1.8607 1.9792 1.1952 1.4130 1.2708 1.0129 1.4238 1.5960 4.7775 4.6408
5.6083 4.6708 3.7993 1.9032 1.3846 2.0578 1.9997 1.4402 1.1838 1.3254 1.0541 1.6027 1.5065 1.5116 0.6631 1.2942 1.9246 2.5327 4.1235 4.4835
4.7167 4.9835 3.6360 3.1560 2.8635 2.5437 1.2340 1.9734 0.7296 1.3107 0.4201 0.6491 1.4446 0.8687 1.3836 2.3110 3.5039 3.5009 4.5608 4.3876
4.5861 4.2008 3.2755 3.4390 2.9466 2.7336 1.9599 2.7519 2.2128 1.8136 1.3662 0.6254 0.3464 1.2866 1.4397 3.2268 3.4530 4.1707 3.9713 4.8506
4.1382 3.1967 3.3333 3.1571 3.0678 2.4583 1.9414 1.6762 0.2702 6.1819 1.5736 5.7909 0.1833 5.9538 2.7870 3.1841 3.1445 4.8001 4.4410 4.1525
4.6370 4.2132 4.3849 3.9881 4.5654 4.0573 3.3426 3.3306 5.3483 5.1439 5.9885 6.1849 5.9216 5.7889 3.3361 3.8706 3.6270 4.5736 4.5353 4.3360
4.8420 4.1326 4.4224 4.3090 4.0409 3.8901 4.1878 4.7408 4.7831 5.4004 0.1167 6.0063 5.7187 5.7209 5.1613 5.8514 4.1052 4.5398 4.7648 4.9749
5.5667 3.8683 4.4962 4.5259 3.9647 3.8600 3.0509 4.3543 4.9112 6.0662 6.0452 6.0576 5.5198 5.6020 5.4924 5.0591 4.5439 4.2452 5.2584 5.2430
5.4033 5.0125 4.0802 4.2653 4.3073 4.8496 4.0900 3.8799 4.5841 5.2737 5.9288 4.9073 5.2198 5.6894 5.1065 4.7709 5.2782 5.6918 4.8052 5.1728
