3.1104 2.5591 3.6230 3.9430 3.3772 3.9121 3.5767 4.4317 3.8975 3.8617 4.4702 3.6769 3.0605 3.3483 2.7818 3.6839 3.4414 3.1397 4.1743 4.2934
3.5922 2.9036 3.7299 3.3268 2.9804 2.1488 3.9406 4.4856 4.3962 3.8115 4.5466 4.4354 3.5611 3.4807 3.3686 2.9365 2.8878 3.6679 4.2590 4.0002
4.1893 3.5717 3.6818 3.6038 3.3904 3.6674 4.0359 4.1990 3.9714 4.2914 4.3499 3.3798 3.5288 3.1829 3.8890 2.6397 3.4568 3.7037 3.6214 4.1077
4.5692 3.9147 3.3313 3.6421 3.0361 3.9329 2.9888 4.0517 4.2414 3.7530 3.3768 3.5501 3.1032 3.6502 4.2601 3.5720 3.7005 4.5459 4.5147 4.5698
4.3402 3.2924 3.4618 3.6236 3.5094 3.1231 3.4636 4.7369 4.9219 4.9811 3.8972 4.0841 2.6764 2.5702 3.2263 3.9121 4.5803 4.7902 4.5981 5.2001
3.6661 3.6521 3.3658 3.3417 2.1371 3.1568 3.8662 4.5858 4.6992 4.9078 3.9214 3.6593 3.4099 0.5802 6.2608 5.6734 5.8430 5.5614 5.6086 5.2594
3.7918 3.6645 3.2061 2.4449 1.8915 1.5190 5.3171 5.1580 5.6521 5.3096 4.3949 4.5579 4.8716 5.7490 5.7099 4.3510 0.2016 0.1173 0.0302 5.6212
1.7187 2.4807 1.2282 0.7402 0.7544 0.2311 6.0266 5.7029 5.6817 5.1138 5.3482 4.5663 4.9688 5.7440 0.0044 5.9140 6.1125 0.0416 0.1427 0.9695
0.5236 1.4950 1.2271 0.9585 5.8159 5.8784 5.5552 5.9947 5.7130 5.2376 5.7434 4.5801 5.2157 5.9196 5.9505 0.5748 0.8380 0.6927 0.3259 0.5918
1.1579 0.1446 6.0848 5.2677 4.6802 4.8285 5.1170 5.5399 4.9818 5.4907 5.6941 4.0274 4.4742 5.3116 0.0127 0.7747 0.6340 0.2182 6.0000 1.0039
0.6756 0.1285 5.2774 4.8403 4.9699 4.6336 4.8293 5.2328 3.9931 4.0767 5.3804 5.5576 4.5704 5.1566 4.8060 5.9329 0.1443 0.2012 0.2855 0.3326
6.1021 5.3400 4.5227 5.0198 5.6217 4.8861 5.3910 4.9810 5.1438 4.6264 4.8822 5.5344 6.0833 6.1364 6.0031 0.0569 0.6410 0.7186 0.4469 1.0490
0.1305 4.7707 5.1651 5.3819 5.3455 5.5043 4.7355 5.6508 5.3505 5.3372 5.5511 0.6353 1.0554 1.7722 3.7394 1.9874 2.5105 1.3731 0.2181 0.3996
6.1610 5.9662 5.0072 4.6959 5.0456 5.6372 5.4504 4.4417 4.2863 0.6251 1.2839 1.7258 1.7029 2.7778 3.0546 2.2721 2.1236 1.9985 0.6930 0.6343
0.1387 5.3687 5.9359 4.6943 4.5891 3.8428 4.3510 4.0505 3.4846 3.0552 2.2485 2.1388 2.6096 2.6513 3.3893 3.0501 2.9172 2.7024 0.9774 0.9367
0.3354 5.6800 5.5357 4.4787 4.4047 4.2824 4.5646 4.4802 2.6996 2.7324 2.6320 1.4402 2.4390 2.4914 3.2990 2.2209 2.7764 2.4842 1.3982 0.6424
6.0538 4.7342 5.2448 4.9679 4.1157 4.6988 3.7044 3.6635 3.2133 1.9842 2.9099 2.7684 2.3834 2.4472 3.4432 3.3161 2.6466 2.3660 1.4922 0.6509
0.1582 5.0586 4.4346 4.3357 4.7191 4.6747 4.0617 3.5773 3.8183 2.7671 2.8997 2.5664 2.8886 3.8736 3.6695 3.7000 2.6029 2.2818 1.5376 0.1828
0.2207 5.8354 5.4303 4.6662 4.1182 4.6169 3.1488 3.5583 4.0792 3.8803 3.3841 3.3365 3.3890 4.1184 4.2739 3.6049 3.0689 2.2850 0.7746 0.5428
2.3801 2.2494 5.3804 4.9083 4.0633 4.2444 3.2577 3.0352 3.5260 3.0806 3.1953 3.5619 4.1230 3.9425 3.4831 4.0225 3.6980 2.5697 2.1589 1.3988
