2.3277 2.0999 2.4994 2.7848 2.0390 3.7423 4.3147 4.1629 3.5464 3.2758 3.9522 4.0373 3.8962 3.5263 3.6706 3.4262 2.4841 2.5235 2.2944 1.8288
2.0544 2.3108 2.3666 2.4378 1.8589 5.1565 4.4319 3.9290 3.4816 3.5788 3.8388 3.9497 3.7857 3.5869 3.6145 2.8999 2.5349 1.3093 2.4072 2.3672
2.7686 2.1366 2.0483 2.0993 2.4766 4.2013 4.8996 3.7604 4.8392 4.4231 3.7455 4.1167 3.7488 3.6079 2.9920 2.6318 2.2968 2.1806 1.9632 2.1826
2.5940 2.6733 2.7627 2.2902 3.0297 4.2418 4.4265 3.9155 4.4234 4.7266 4.2042 4.1585 3.9284 2.5700 2.9468 2.9639 2.4173 2.9647 2.3965 2.7269
3.2184 2.9178 3.0169 2.6532 3.0648 3.6430 4.3503 4.4417 4.3085 5.1509 4.2011 4.1101 3.5319 3.0827 3.1446 3.0428 2.1469 2.5850 2.6656 2.2449
1.3193 2.6921 2.5267 2.3053 2.9569 3.0903 3.6747 3.9144 3.3213 4.1975 3.8139 3.9631 3.7328 3.8710 3.2398 2.8592 1.8931 2.1272 2.1476 2.2728
1.3246 1.5691 2.4634 2.3794 1.6124 3.1883 3.2865 3.3376 3.6028 4.4869 3.4981 3.8914 3.8343 3.3647 3.3938 3.3284 1.3204 1.5390 2.0438 1.6344
1.8275 1.7813 2.5095 2.5074 2.3513 2.9065 3.3095 3.7539 3.5145 3.3008 3.2177 3.5176 3.8077 3.7498 3.6714 2.4146 1.9192 1.9465 2.5311 2.2915
2.4568 2.6143 2.3077 2.2835 2.0047 2.4713 3.1388 3.7374 3.4186 2.6311 3.8103 3.7619 3.2221 2.9941 2.7071 3.1876 2.0527 3.1318 2.0451 2.5198
2.4265 2.9292 2.4491 1.9174 3.2317 2.5341 3.4125 3.0983 2.1821 2.9634 3.7656 2.9445 3.3763 2.5107 2.3637 1.5191 2.5282 1.8588 1.4234 1.8586
1.2347 1.9350 3.0638 3.6306 3.6865 2.5085 2.5990 3.2028 3.1783 2.8208 4.2559 3.4602 2.8872 2.7352 2.6487 2.4623 2.4749 1.7065 1.3896 1.4720
1.9415 1.9940 2.5761 2.2850 3.0049 3.0901 2.4832 3.4068 1.6818 3.3444 3.6095 3.7562 3.1689 2.8104 2.5221 2.3359 0.9665 0.6869 2.1000 1.9980
2.3959 2.4705 2.3853 2.4585 2.4935 2.7376 2.1570 2.8316 2.5256 2.6609 3.4551 3.1430 3.4055 3.5133 3.4001 2.4877 2.1007 1.4954 2.1237 2.6601
2.2692 2.4401 2.6128 2.4231 3.4080 3.5145 3.2870 3.3397 2.9654 3.6508 3.0035 3.0140 3.0990 3.9760 3.2845 2.8263 2.0490 1.2907 2.2661 1.8794
1.9560 2.5698 2.0400 3.2657 3.2622 3.6004 3.4602 3.2755 3.1332 3.3577 3.0367 3.3026 2.8371 3.1483 2.4167 2.4639 2.3875 1.4138 1.6349 1.3149
2.4975 3.0552 2.5481 2.7834 2.7286 3.9081 3.5798 2.6084 3.4789 3.9293 3.8707 3.3487 3.0588 3.4346 2.7716 3.1140 2.5617 2.2903 1.6903 2.0621
2.8496 2.3129 2.5909 2.6224 2.8072 3.8918 3.9851 3.2645 3.6629 4.5972 3.7723 3.5122 3.6336 2.9446 2.5833 2.7333 2.8951 2.6905 2.2996 1.8960
2.7465 2.4010 1.8862 2.9573 2.1015 2.9274 2.6348 3.2927 3.8193 5.0548 3.6543 3.7875 3.3583 3.1511 3.3517 3.5409 2.1785 2.3936 2.7201 2.6019
3.4869 1.8179 2.2680 2.5665 2.4529 2.5472 2.9935 3.3150 4.3804 4.7908 4.3912 3.4072 2.7244 2.8979 2.9857 3.5478 3.1488 3.4440 2.0875 3.2824
2.5166 2.3560 2.8686 2.9527 2.6243 3.4646 4.0213 3.7925 3.7262 4.1021 4.3583 4.0597 3.1951 3.2565 3.3919 3.5089 3.0488 3.1500 3.2393 2.0548
