1.4317 1.4338 2.5987 2.7595 3.2485 2.5247 2.1172 3.2058 3.3051 3.7121 4.2013 4.8201 5.4355 4.5544 5.0353 4.6332 5.1625 5.4380 0.6616 0.5871
0.7798 1.2197 2.4393 2.7451 2.3099 2.0488 2.5119 2.5619 2.3288 2.4600 2.8682 4.3217 5.2814 5.2845 5.0307 5.3327 5.2754 5.0829 5.6458 0.3711
0.4450 0.2264 2.6053 2.8305 2.2203 2.7177 3.0495 2.6461 2.1398 3.5067 3.7436 4.1221 4.4695 5.6149 6.1399 5.0234 5.0494 5.1258 5.5383 0.2862
6.0734 1.2152 2.0638 2.5783 2.1105 1.9694 2.5044 2.3530 2.6122 3.7185 4.0784 4.3914 5.7633 5.5798 5.2093 4.9047 5.4673 5.7002 5.7906 5.9297
4.7481 3.1570 2.7373 2.9171 2.2461 2.1798 1.7479 2.0334 2.4508 3.4808 3.6492 4.4502 3.8129 4.9108 5.2482 5.5663 5.3397 5.0245 4.9068 4.3514
5.1350 4.0429 3.3181 2.9812 2.9596 2.5582 1.9100 1.3669 3.8142 3.5211 3.9397 4.4408 4.5861 4.1421 5.5254 5.5561 4.5559 5.0952 4.8238 4.4265
4.6164 4.6209 3.4334 3.1575 2.2082 1.8864 2.5355 2.9553 4.4411 3.8538 4.0041 3.7249 4.6006 4.6488 4.3132 5.2275 5.7715 5.5827 5.4309 4.7048
4.9156 4.5534 3.4869 2.7495 2.2902 0.5170 2.5295 3.3070 3.3876 3.7395 3.3447 4.8661 4.1039 4.2395 4.3755 3.8699 4.9088 5.2602 5.8053 5.6238
3.0646 3.1200 2.8309 2.3620 2.0483 2.0394 2.0686 2.8180 3.0658 3.1573 4.0599 4.5633 4.4427 4.2804 5.2470 5.7451 4.4752 5.6011 4.7934 4.8370
3.9496 2.8627 2.0795 2.5989 2.0013 1.8585 1.7989 2.8814 3.0654 3.2346 3.5078 4.5667 5.3977 4.6099 5.1442 5.1452 5.1793 5.8950 5.9845 3.7809
1.2505 1.4778 1.8457 2.0377 1.9180 2.2624 2.4877 2.3324 2.8089 3.3752 4.2770 4.5762 5.1093 5.1377 5.2733 5.9598 6.1952 0.1858 0.5906 1.2871
1.5186 1.7708 1.1076 2.0955 1.7887 1.8739 2.7236 3.7578 3.9184 4.2283 4.1298 4.2926 4.7624 5.9404 5.5669 4.9377 0.4016 6.2706 0.4724 0.9543
1.0842 1.9454 1.6487 0.8649 1.4248 2.5301 3.2451 3.5155 3.6935 3.6242 4.1673 4.3059 4.3684 6.0610 4.9258 5.3446 5.6422 6.0778 0.8865 1.3990
1.2207 1.9180 2.1253 1.9155 1.7205 3.5562 3.7401 3.3500 3.5465 3.3057 3.8915 3.8452 4.1041 4.5993 5.5868 5.4794 5.6932 0.2721 0.6633 0.6759
1.2644 1.5075 1.4967 1.8673 1.7512 2.2645 2.8983 3.8026 2.8536 3.0472 3.6710 3.6184 4.6457 4.5540 5.1874 5.9511 5.9796 4.8405 0.8501 0.9658
1.4249 2.4813 1.8004 2.7650 2.6756 3.0619 2.6304 3.3333 3.9877 3.8443 4.3633 3.3211 3.9423 4.4058 4.7109 5.4348 5.7092 4.6848 1.3522 1.4147
2.7038 3.1571 1.7807 2.2069 3.3576 3.1334 2.5052 2.8871 3.7588 3.7566 4.4535 4.3639 3.6734 4.1763 5.2958 4.7039 5.1784 5.4214 0.6777 1.6092
1.8469 2.0563 2.8283 2.7660 3.0172 3.2043 2.7251 2.5948 2.7854 3.9385 5.1949 4.5626 4.7173 4.7881 4.7752 4.9625 4.8737 3.8910 2.2560 1.4234
2.3425 1.7146 1.8903 3.0333 3.1225 2.7109 3.4513 3.3646 3.7550 4.5174 4.9689 4.6726 4.7442 4.0728 4.2413 4.9538 4.9202 5.8491 5.9720 1.2474
2.1666 1.6000 2.2074 2.9644 2.9077 3.0202 2.8985 3.2255 3.9708 4.4971 4.8168 5.5370 5.0710 4.6350 4.3868 4.7645 4.7889 5.8218 6.1638 0.1781
