4.2696 3.8342 1.3657 1.8139 1.8899 2.7581 1.7206 1.6400 1.5365 2.1163 2.6874 4.1817 5.1346 4.6198 4.4287 5.0400 5.7360 5.3516 5.3496 4.8083
4.5641 3.5970 1.7264 1.0842 1.4832 1.2268 1.8491 1.9253 1.8661 1.9439 2.3791 3.1089 4.6003 4.5582 3.9277 4.7794 5.4268 6.2570 6.1768 5.4508
4.7562 5.9570 0.8141 0.3764 1.0685 1.1959 2.3732 1.8139 2.0701 1.9921 1.4937 0.2845 5.9391 5.8513 5.4852 5.8601 0.9397 0.7254 6.0693 5.7743
5.6236 0.3329 0.8727 0.6810 1.0996 1.2069 1.5140 1.7092 1.0666 1.4602 0.8594 0.5137 5.7225 6.0272 0.3436 0.2294 0.3415 0.2727 6.0553 5.8548
5.7391 0.3860 0.1646 0.4204 0.8059 0.9820 0.7509 0.7405 0.3626 0.4847 0.0026 6.2227 5.4573 0.5176 0.3235 0.2320 0.0356 0.2544 6.2085 0.4285
0.0588 0.6575 6.1849 5.8392 0.0484 0.1813 1.0241 6.2695 6.0533 0.5015 5.8783 0.2304 0.1506 0.7346 5.8643 0.0267 6.0952 6.0862 0.5818 0.5709
6.1569 0.0214 6.2713 5.9201 6.2290 0.2081 0.5753 6.0760 6.2681 6.0137 5.1598 0.6236 0.3735 6.2660 6.0885 5.5673 5.8754 5.7966 0.5690 0.4249
5.1746 5.5512 6.1428 5.4592 0.0881 6.2256 0.3320 0.5709 5.5986 5.7982 5.6654 0.0520 0.0795 6.1990 0.4648 6.1158 0.2218 0.1504 0.6401 0.5928
4.6918 5.1407 5.5219 5.0175 5.3132 5.9726 5.9772 0.5715 5.4774 5.3156 4.7733 5.8512 6.1663 0.0158 0.6995 0.7535 0.0961 0.6925 0.2780 6.0566
0.3479 5.7631 6.0910 5.9153 5.7188 5.9929 5.9482 5.6672 5.3335 5.5107 5.2796 6.2760 0.2639 0.0900 6.1601 0.5823 0.1258 0.0095 5.2537 5.6039
6.2339 5.3340 5.8593 5.4067 5.5702 5.4430 6.1603 6.1487 5.4385 5.0521 4.3763 4.6253 0.2367 6.2647 6.1047 6.2543 5.6127 6.2201 6.1826 5.9378
0.2099 5.9481 0.3878 5.6508 0.1084 0.0144 5.6637 5.2654 5.2602 5.0891 4.5604 5.2041 6.2193 5.3433 5.5081 5.1700 5.6427 0.3127 5.9122 5.8350
5.9285 5.8256 5.5474 5.1518 5.8694 5.7407 5.5530 4.9439 5.1560 5.5165 5.3055 5.2619 5.2943 5.2199 5.4265 5.4071 4.2972 5.6962 5.2612 5.7515
4.9771 4.4694 5.0416 0.3056 0.1388 5.8266 5.6378 5.9394 5.4587 5.0035 5.5356 4.6646 5.2398 5.2543 6.0243 4.8771 5.1535 4.1991 4.8415 5.0447
5.0593 4.5862 3.9932 0.1441 0.2050 0.2742 5.9633 6.1208 6.2698 6.0706 5.1125 4.8267 5.3606 5.9677 5.3739 4.9866 4.9779 4.5273 4.4528 4.8967
4.4740 4.0393 4.1386 1.9369 1.2997 0.8007 0.4586 0.0692 6.2121 5.1604 5.8821 5.3644 5.6752 5.8573 5.2500 4.2934 4.5146 3.3494 3.9662 4.8838
4.5097 4.0094 3.1325 2.0202 1.8803 1.1072 0.9553 0.4499 0.0233 6.2631 5.4041 3.8235 4.7091 5.8898 5.4814 5.5570 5.0048 3.9339 3.3801 4.2962
4.3243 3.9375 3.2163 2.0577 1.9076 0.9799 1.5605 1.1811 0.5803 1.0763 4.7056 3.7203 4.7369 3.8204 4.1517 5.1660 5.3922 5.1195 4.5111 3.6079
3.5918 3.5464 2.6037 2.4325 2.0386 1.7541 1.6906 1.5144 0.8411 1.8550 4.7760 4.9549 4.7518 4.2874 4.4061 5.0887 4.8893 4.9829 4.1938 3.9297
4.1063 3.1568 2.2387 2.2886 2.0759 1.5074 1.6668 1.0708 1.8231 1.7381 3.8746 4.4560 4.3840 4.6411 4.5972 4.5379 4.6346 4.6661 4.8331 4.8094
