1.2915 0.5628 0.1959 1.3460 1.3452 0.5731 0.5850 1.2524 1.0941 1.0224 1.0603 0.8249 1.9561 2.9257 3.2960 2.2107 1.5074 1.9342 2.3706 0.6633
0.5238 0.2967 0.0789 0.2089 0.5967 0.6474 0.4706 6.1964 0.5600 0.8297 1.1308 1.6200 2.0167 3.1801 3.6845 2.6597 2.3834 2.1135 1.5436 0.1354
0.2411 0.0589 0.2771 0.5414 1.1609 0.5097 0.8288 0.7101 0.4375 0.6505 0.9112 1.6017 3.1641 2.8056 2.9445 2.9077 2.4273 2.2674 2.3722 5.7575
5.2646 1.1080 0.6762 1.3878 1.1031 1.2060 1.1956 1.0216 6.1417 6.2678 0.4681 0.8065 2.1131 2.3495 2.5455 2.9916 3.0884 3.3075 3.2752 4.6760
1.4707 1.9108 0.8438 2.0172 2.5898 2.5569 2.0891 1.5345 1.0472 0.7367 0.5208 0.6955 2.3524 2.1506 2.9675 3.3314 3.5808 4.0555 3.2028 2.3307
2.0005 2.7158 2.0156 2.1204 2.4320 2.3365 2.4612 2.9387 2.5303 1.2926 1.9360 1.7040 2.3007 3.0942 3.5131 3.3407 4.0368 3.6296 2.1072 2.4941
1.9129 2.2471 1.7720 2.1535 2.2331 2.8957 2.3642 3.0606 2.6406 1.4826 1.4580 1.5474 2.7301 3.0777 4.0384 2.2910 2.5913 3.1297 2.2681 2.3077
2.1349 2.6274 3.3347 3.1087 2.3910 2.3605 3.4263 2.6719 2.7008 1.7835 2.0230 2.3754 2.2951 2.5391 3.1080 2.9222 3.3054 3.2644 3.1571 2.3512
2.3330 2.9496 3.0249 2.9016 2.6912 3.0896 3.1520 3.3999 2.6391 2.8870 2.6801 2.8199 2.6415 1.9846 2.1118 2.2037 2.9122 2.8482 2.1167 2.5663
3.1669 2.2671 3.9868 3.2529 3.8097 4.0430 3.4751 3.5919 2.6355 2.3177 2.4885 3.2668 2.2920 2.2559 2.0026 2.3686 3.2705 2.7994 1.9102 3.9298
2.9043 2.5895 3.6130 3.5058 3.3843 3.4029 3.0588 3.0451 2.4209 1.6095 2.4732 3.0203 2.5510 2.0860 2.1186 2.4138 3.2069 3.2760 2.9699 4.2448
3.8350 2.8829 3.8051 4.1870 3.9224 3.1507 3.1491 3.3386 2.7967 2.5340 2.5641 2.9807 2.8338 1.9841 2.1990 2.3970 3.7174 3.6331 4.1794 3.7054
4.0666 3.3303 3.8999 4.3638 4.0489 3.0740 3.3205 2.9022 2.8333 2.8722 2.8567 2.9815 2.2613 1.9176 2.1508 2.4589 2.9752 3.1908 4.1772 4.6504
3.7583 2.9554 3.9168 3.6171 3.1801 2.5638 3.6232 2.5852 3.3393 2.6112 2.6921 2.5989 2.2744 2.7643 2.8260 3.0467 2.5408 2.6873 3.7102 3.4334
3.5378 3.0957 3.6000 2.5157 2.4162 2.4933 3.1404 3.0999 2.3216 2.6532 1.9563 1.6320 2.9095 3.4874 2.1199 2.6458 3.1903 3.1171 2.9447 3.4600
2.8831 2.8920 2.9307 2.6954 1.8676 2.0223 1.7435 1.5466 1.9314 2.6361 1.4718 2.1942 2.6116 2.6982 4.3354 3.8043 2.3270 3.3886 2.4085 2.7516
1.4228 2.5849 2.3544 2.1033 2.1138 1.9009 2.5149 1.7105 1.7366 2.0080 1.0921 2.6395 2.6962 3.7328 3.8892 3.1700 2.5704 2.7184 2.5816 2.4665
1.1593 1.2837 2.0945 2.4056 1.4310 1.7362 2.6028 2.0809 1.9182 2.1838 1.3184 2.4375 2.5953 3.1783 3.1855 3.2311 2.1978 2.2773 2.4096 1.1816
0.7655 1.5923 1.2947 1.6401 1.3954 2.0158 2.0244 0.2945 1.1179 1.4993 1.6706 1.7757 2.0374 2.5702 2.4838 3.9831 1.7746 1.8532 2.1065 1.5035
1.5113 1.1268 1.4524 2.0039 0.9217 1.4457 0.6730 6.1191 0.7962 1.5728 1.2369 1.9482 1.9576 3.0280 2.3402 2.3773 1.4381 1.7686 2.2446 2.1362
