3.1311 3.4838 3.3869 2.9918 2.2444 1.6899 1.0079 0.8468 0.9383 0.2108 6.1157 5.5339 5.7011 4.3223 4.4292 3.5154 5.3563 4.9866 4.6546 3.7408
3.4130 4.1952 3.8578 3.0745 2.1236 0.6811 0.6344 0.1745 0.5151 0.5752 5.9760 5.7371 4.9307 4.7374 3.5414 4.0195 4.3432 4.5563 4.1913 3.6377
4.2077 4.3139 3.6359 3.6555 3.3366 6.0892 0.3001 5.9383 0.5902 5.3295 5.1754 5.3626 5.3736 4.2283 4.0870 3.9897 3.7138 3.7559 3.6649 4.0488
4.9749 4.0502 4.2627 3.8858 3.0585 1.0587 0.4186 0.0421 0.6693 5.7658 5.1315 5.2258 4.8481 3.8852 3.4870 4.0847 3.8238 3.7673 3.5801 4.4940
3.8911 3.8384 4.7474 4.6000 4.7163 0.6566 0.2471 5.7725 6.0687 6.0225 5.6916 5.6554 4.7038 4.7302 3.9940 4.3296 4.3021 4.4371 3.6400 3.7002
4.8707 4.1137 4.3554 4.3436 5.1355 0.0693 0.3336 5.8452 6.0053 6.0063 5.8670 0.2090 5.6785 4.0620 4.4788 4.9216 3.5300 3.0135 4.1555 4.2133
4.2672 4.5448 5.1962 5.7125 5.8581 0.3387 6.0615 6.0712 0.2970 0.2363 5.5271 5.6242 5.5437 4.3593 4.0928 4.5723 3.9062 3.6856 4.4399 3.9094
3.8608 4.0343 5.1293 6.0340 5.6747 6.2079 5.7204 5.7478 0.1661 5.8634 5.6526 5.4055 5.7122 4.4013 4.3926 3.9166 3.9722 4.0384 4.4907 3.6077
2.7052 4.3988 5.5265 5.5948 5.2802 5.4333 5.5558 5.2031 5.2782 6.0480 6.1360 5.3849 5.0204 5.4667 4.9035 4.3380 4.9748 4.6047 3.6557 3.1301
2.9262 5.1620 0.0285 6.1415 4.1155 5.3781 5.8305 6.0392 5.8903 5.5393 6.2630 5.0787 6.1719 5.4212 4.6433 4.9373 3.7818 3.7497 3.1728 2.1429
1.7934 0.0391 6.0818 5.2846 5.4041 5.9701 5.5284 5.3537 5.5306 5.2224 5.8323 4.9075 5.6649 4.7117 4.4030 5.3892 4.5645 3.7399 2.7933 1.6052
0.8428 5.8963 5.5275 5.2377 5.3762 5.5843 5.7990 4.2958 4.9792 5.5438 5.8384 5.8230 5.2317 5.0954 4.1970 4.3687 3.7012 2.9259 2.7152 0.8803
0.3163 0.5153 5.8356 5.4386 5.9426 5.4457 5.5124 5.0157 5.6875 5.6878 0.2312 5.8357 4.5852 4.5354 4.6516 4.7514 3.5029 3.3044 1.7183 1.3798
1.0886 0.7137 0.0611 5.1735 4.8438 5.3183 4.6689 5.2189 5.5830 5.4864 5.7539 4.8158 5.2782 4.6779 4.4105 4.3175 3.4450 3.9790 0.8443 1.6029
0.9957 6.0768 0.1878 6.2031 5.0572 4.6172 5.0209 4.1438 4.3531 5.2649 5.3581 5.2631 4.3950 3.5452 4.4513 4.0436 3.5302 2.5937 0.6120 0.1625
5.5627 5.4945 5.7641 6.2151 4.8417 4.5786 4.9775 4.2288 4.9611 4.8354 5.3651 4.9561 4.6863 3.9790 4.2932 4.1067 3.5103 3.7031 4.3523 4.2114
4.2715 5.5006 5.9967 0.0033 5.1529 4.9521 4.2495 4.2988 4.4677 5.1640 4.4877 4.5010 4.9542 5.0739 4.4584 4.8165 4.3038 4.3932 4.5738 4.2575
4.5127 4.6755 5.0790 5.3380 4.9313 3.5584 3.0995 3.8723 4.5114 4.4489 4.7147 4.9707 5.5250 4.0380 4.3187 5.0698 4.5330 3.8571 5.0155 3.7419
4.5858 4.4704 4.1888 3.5364 3.8370 3.8417 3.4450 3.1388 3.8711 5.3928 5.0547 5.4598 4.4237 3.8737 4.3429 4.4545 4.6923 3.9624 4.8260 5.3041
3.9840 3.4541 3.4705 3.3519 3.0095 2.3460 1.9487 0.8831 0.3007 6.0070 5.1026 5.0924 4.8567 4.1550 4.1343 4.3138 5.2288 4.6780 4.8796 4.6221
