0.7859 1.5231 2.0991 1.7381 1.7267 1.5065 1.4321 2.2162 2.4447 1.9161 2.0986 2.5109 2.5397 1.5943 0.9190 0.9495 1.4744 1.6526 1.4210 0.8800
0.8184 0.4897 1.8077 1.0841 1.8613 1.6189 0.6796 1.8126 2.3120 3.0682 2.7336 2.4331 2.5686 2.8265 2.2893 1.7057 2.1139 1.7874 1.4914 0.8498
0.6171 0.7758 1.9398 2.0751 2.1574 2.3239 2.0240 2.1812 2.7597 2.5659 3.0284 3.0238 3.5245 3.2693 2.7108 1.9270 2.4390 2.3612 1.5336 1.0143
0.6353 0.8947 2.6083 2.3974 1.5774 2.1993 1.8802 2.5162 3.1965 3.0200 3.7325 4.3208 3.6790 2.9383 1.8078 1.8198 1.8931 1.8727 1.9302 1.8566
1.8424 1.9066 2.0623 1.4386 1.8020 2.0793 1.4024 2.1910 3.2110 2.6780 3.0779 3.8372 2.5536 2.6219 2.5783 1.9449 1.9553 1.9473 2.2617 1.9932
1.9336 2.0355 1.5116 1.8945 1.5697 1.3002 2.0374 2.2695 2.8185 2.6903 3.0362 3.9055 2.7650 3.3945 3.1582 2.2825 2.2971 2.1278 2.3240 2.6585
1.6756 1.5305 2.1551 2.4310 1.5341 1.1467 1.1874 1.9574 2.7265 2.8617 3.7201 3.0166 2.7131 3.0488 3.1087 3.2540 3.3492 2.3508 2.7772 1.9202
2.2663 2.5263 2.4419 1.7559 1.7186 0.8720 0.3802 1.0457 3.3083 3.1709 3.4134 2.8330 3.2688 2.8463 3.3645 3.2199 2.0093 1.8795 2.0621 2.5535
2.0739 1.6155 1.1887 0.5749 0.3858 0.5255 0.3919 0.0523 5.0905 3.4422 3.1683 2.9310 2.7169 2.7207 3.1928 3.9377 2.1355 1.5560 2.2495 2.5955
2.2537 1.9634 1.3781 0.2862 0.3914 6.0402 0.3649 0.1617 5.7913 4.8546 3.3743 2.4996 2.7792 2.4832 2.2643 3.3847 1.6632 2.1025 1.8263 2.0955
1.9623 0.9023 1.0681 6.1885 6.1902 6.0954 5.7345 6.1601 5.2352 0.6875 2.2648 2.4058 3.0863 2.6230 2.4040 2.2343 1.3176 0.8877 0.0898 2.1029
0.6739 0.7252 0.2504 0.2883 6.1818 0.0906 5.8744 5.9680 0.0045 1.4403 1.1094 1.3530 2.0726 1.7658 1.1194 1.4021 1.0977 1.0887 1.5895 0.9895
0.6597 0.7985 5.9756 0.6340 0.3410 0.4053 0.2208 0.2055 0.7482 1.5204 0.6889 0.5330 0.8843 2.0183 2.1988 2.1525 1.1690 0.9422 1.1279 0.8559
0.7861 0.9368 0.5512 0.6303 0.4239 6.1738 0.0561 6.1430 0.7326 0.8390 1.0916 1.0907 1.0907 1.8683 0.7375 1.1482 1.4109 1.2063 1.1035 1.5154
1.6977 0.1329 0.2221 1.1669 0.4210 0.8924 0.5804 0.1759 0.7903 1.4008 1.3185 2.1843 1.4174 2.0207 0.9871 1.4685 1.4097 1.4652 1.0201 1.5259
1.0842 0.7981 1.1934 1.1552 1.0200 0.8393 0.9534 1.7530 1.8954 1.9595 2.2773 2.0466 1.7268 1.8160 1.3597 1.1416 1.2197 1.3950 1.3725 0.8882
0.5282 0.6864 0.8089 0.9105 0.4977 1.2987 2.3303 1.8127 1.6217 1.8443 2.1498 1.9470 2.0216 1.3709 1.3536 1.9485 1.1992 1.2540 0.1009 0.5255
1.1889 1.2547 1.3484 1.8884 3.7471 3.2255 2.3253 2.3467 1.2870 1.2210 1.6066 2.9371 2.9199 2.2204 1.8333 1.3780 1.4122 0.7843 0.7012 1.4170
1.0028 0.0932 1.2735 2.2182 2.5917 2.9784 2.6315 2.1514 1.2883 2.2702 1.6174 1.6916 2.6230 1.5966 1.7792 1.0321 0.9166 0.8854 0.7299 1.2940
0.6835 0.2001 1.3824 1.7736 2.0347 2.0252 2.0151 2.3329 1.5239 1.6145 1.7146 1.9901 2.6205 1.2851 2.3804 2.0794 1.1501 1.2794 1.5477 1.1299
