4.8495 4.8982 5.8662 5.7951 6.2640 0.6858 6.2349 0.1490 0.0610 5.2416 5.8091 4.8534 4.0686 4.7378 5.1955 5.0813 4.6861 4.8137 3.9724 3.2068
3.9381 3.3141 1.2684 0.4757 0.5554 0.4310 6.2774 6.2760 6.1920 5.2575 4.7160 3.7864 4.8050 4.7634 5.0971 4.2027 4.7958 4.2533 3.6078 4.0809
3.4412 3.0908 2.5121 2.1188 1.3672 1.1547 0.2067 0.0206 5.5737 4.5303 5.1992 4.1454 4.4154 5.4229 4.8815 4.7818 4.6948 5.2310 4.2798 3.6823
4.3849 3.8678 3.4637 2.5493 1.9850 1.4562 1.0856 5.4766 4.3563 4.4235 4.8653 5.2178 5.3206 4.8652 4.4436 4.1773 4.8897 4.1841 4.1550 3.9310
4.8395 4.5830 3.6092 3.1352 3.0752 2.0389 1.4806 4.8726 3.9465 3.8062 4.5627 5.4417 4.9901 4.9273 4.0568 4.2933 4.9174 4.8356 4.5121 4.4591
5.1867 5.0529 4.0105 3.4002 3.7117 3.6321 3.5556 4.2828 3.8171 4.4250 4.2766 4.1507 4.2279 4.7879 5.5239 4.7418 0.5049 5.6127 4.8284 5.5562
5.6125 4.8496 3.9696 4.1141 3.3339 3.1558 3.9686 4.0254 3.9235 3.8703 4.1095 4.1475 4.0788 4.4113 4.5622 5.4365 5.6265 5.3366 5.9036 5.7737
5.2245 4.3394 3.5845 3.7856 3.5443 3.4669 3.4535 3.7409 4.1165 3.7626 3.9994 4.5539 4.8337 5.3528 5.8449 5.5818 5.7443 5.0764 5.4826 5.1675
5.4470 5.3921 4.1588 3.0816 2.7042 3.5511 2.8578 2.2085 3.7179 3.5006 3.8631 4.1235 4.6176 5.0832 5.7613 5.4624 5.0545 5.4039 5.3364 5.2218
4.5391 4.7149 3.6306 3.3328 1.8748 1.2940 2.1779 3.5568 3.3430 4.0104 4.5038 4.0732 4.4700 4.8165 5.1693 4.8349 4.3441 4.6181 5.3133 5.5182
4.4725 3.9954 3.3592 2.8639 2.0338 0.5231 2.2888 1.9283 2.2928 2.9592 3.9289 3.9087 4.3464 4.5122 4.9923 4.9351 4.2664 4.7789 5.2585 4.7714
4.4181 3.9723 3.4569 2.6948 2.5782 1.2087 1.2724 1.0203 2.0380 2.7325 3.9743 4.3996 4.0690 4.8313 3.2203 4.0620 4.4812 4.1545 4.3802 3.9363
4.2837 4.0157 2.9941 2.7739 2.2262 1.6309 0.7760 0.5544 0.9632 0.5698 5.6557 4.8926 4.8152 4.7694 3.9104 3.9184 4.0361 3.5515 3.4705 3.7247
3.3379 3.6637 2.5765 3.3329 1.3105 1.4635 0.3377 0.5697 0.2801 0.1594 6.2322 5.5244 5.7644 5.2541 4.9010 3.6762 3.1795 3.3114 4.0864 3.7664
4.1810 3.1853 3.2155 4.1373 0.1939 1.1073 0.5070 0.8944 0.5055 0.6234 0.0783 5.8487 5.4554 4.6145 4.6308 4.6244 3.9866 3.8301 3.9300 3.8873
2.8778 3.1369 3.8958 5.8164 5.9740 0.0233 0.2585 0.5042 0.9306 0.4150 0.1195 6.1176 5.4492 5.1533 4.5247 5.6189 5.4620 4.6616 3.7413 3.6207
4.1439 3.5545 4.1969 5.2834 5.4773 6.2068 0.8835 0.7816 0.9813 5.6525 5.6106 5.9322 5.5475 5.1377 5.2878 5.0852 4.8342 4.5310 4.8802 4.4474
4.4698 4.5515 5.3143 5.1364 0.1648 0.3725 0.5151 0.0376 0.4739 6.0610 5.2798 4.9368 4.6589 4.8840 4.9272 4.6227 3.9352 3.7072 4.0924 4.7570
4.6777 4.6520 5.2118 4.4657 5.6768 0.2001 0.2931 0.4793 0.4590 4.8562 4.4956 4.9748 3.8510 4.7872 4.8293 4.7562 4.1431 3.9027 4.8964 5.1261
4.6029 4.6156 4.8685 5.4498 5.6764 6.0151 0.0842 0.3703 0.1855 5.0022 5.0924 5.1807 5.4074 5.8132 5.0334 5.1187 5.3837 4.3688 4.4611 4.4810
