4.4686 4.1325 3.7904 3.9394 3.7683 4.4652 5.6142 4.4037 4.4541 4.5959 4.4081 4.5382 5.0169 3.8504 3.6851 3.5693 2.6246 2.7519 3.7517 4.1005
4.2416 4.0154 4.0513 3.7714 3.7665 4.5372 3.9456 4.7311 4.1522 4.4637 4.3609 4.5359 4.6720 4.5778 4.7119 3.9892 3.6315 3.8347 3.8899 4.2529
4.4042 4.9948 4.8568 4.6690 4.0757 3.3299 4.8424 4.3369 3.1411 5.0566 4.0640 4.6323 4.8757 4.7557 4.6696 4.9399 4.8053 4.8239 4.0708 4.3536
4.6782 4.6784 5.4456 4.9467 3.9352 4.2344 4.4828 4.8203 4.4401 4.3899 4.8351 4.9735 4.3511 4.9901 5.0316 5.9134 4.6857 5.1202 4.2536 5.0738
5.2527 5.1884 5.2950 4.6316 4.1317 4.3416 5.1619 5.0584 4.6278 4.8209 4.5889 4.5382 4.7647 5.1243 4.5421 4.7075 5.0886 4.6923 5.1742 5.1042
6.0003 6.2230 5.1605 4.9547 4.7872 5.1616 4.9170 4.4206 3.8468 3.8944 4.4321 4.4682 4.6240 4.5219 4.4872 5.0993 5.7653 4.9602 5.1077 0.0325
6.2543 0.1422 0.1923 0.0225 5.6376 5.8237 4.8345 4.8960 4.4473 4.2534 4.3847 4.3137 4.5523 5.0338 4.3892 4.8267 5.0920 0.6089 0.1575 0.3073
0.8940 0.9395 1.0438 0.1972 0.2047 5.4234 4.7153 3.8438 4.3281 3.7713 3.8280 3.0547 3.7399 3.8747 4.0202 3.3150 4.9940 0.5143 0.5198 0.7605
1.3742 1.1984 1.2480 0.4303 5.4349 5.0216 3.8787 4.1116 3.5185 3.1060 2.7677 2.9504 3.5338 2.9282 2.5907 2.6943 1.3472 1.9078 1.8745 1.4780
0.8916 1.3995 0.9797 6.0632 5.5426 5.1933 3.9930 3.8745 2.8523 3.5997 3.6236 3.3408 3.5230 3.0461 3.0591 2.1979 2.8160 2.2931 1.2710 1.0497
2.9317 2.8177 2.7305 4.1790 4.7741 4.5898 4.4055 4.1398 3.8100 3.7114 3.7956 3.0611 2.2209 3.9007 3.7066 2.8287 2.8823 2.2973 1.4525 2.1921
3.1488 3.4849 3.8096 4.1546 4.4879 4.6548 4.7921 4.6529 3.5819 3.1928 2.9999 3.0171 2.3848 3.5216 2.9693 2.3291 2.6998 2.7364 2.5028 3.0742
3.6025 3.4526 4.3213 3.9637 3.9456 4.6821 4.3186 3.0666 3.5791 3.0230 2.9382 2.9286 2.1224 2.7357 3.2826 2.2157 1.9948 2.9577 2.6612 3.4306
3.8743 2.8738 3.7579 3.5935 3.5948 4.8584 4.4332 3.5119 3.0545 3.0943 2.6294 2.6669 2.6577 1.6009 2.4226 2.8195 2.8940 1.9663 2.3371 3.0931
3.3971 3.4991 3.4867 3.7984 4.2961 4.6645 4.2156 3.6166 2.6741 2.5214 2.7434 3.1379 3.0152 1.8725 2.5455 2.3944 2.2448 1.9905 1.6575 2.8925
3.3898 3.4579 4.0568 4.0998 3.9977 4.6393 4.7136 3.7987 3.6834 2.8056 2.8969 3.1606 3.0377 1.5614 1.9166 2.2939 1.0671 2.1988 1.5363 2.4625
3.6490 3.9433 4.7385 4.3294 3.8767 4.4440 3.9186 4.2744 5.1326 3.6589 3.7973 3.4139 4.0680 3.1530 3.2493 2.4444 1.9320 2.4409 1.7920 1.8637
2.4636 2.7312 3.3279 3.7815 4.5482 4.8895 4.4553 4.2702 4.1556 4.3383 3.6015 4.2011 3.0649 2.8510 2.4857 2.2673 2.6543 2.6890 2.3083 1.5428
3.3075 2.7984 3.9820 4.5952 3.8248 4.0167 3.8108 5.0813 4.9025 4.6695 3.7800 3.1950 3.8889 3.6644 2.6289 2.4790 2.5679 3.6399 2.8449 2.6962
3.7702 3.9105 4.4015 4.4962 3.6562 3.8727 5.1394 4.6561 4.6074 3.9762 4.5196 4.9086 4.4541 3.0227 1.9908 2.1244 2.3258 3.3372 3.4624 3.7656
