1.9101 1.1226 1.2621 0.6736 5.3344 0.2417 6.1508 0.4989 5.9254 5.8223 0.6359 1.0944 0.0334 1.1398 2.4018 2.1262 3.1579 1.9416 5.8933 3.0557
3.5720 1.7930 1.6649 1.4120 5.6831 5.8188 6.0755 5.3682 0.3050 0.1436 2.2946 1.3169 4.4680 2.8527 2.6903 2.9980 1.6843 3.6907 5.4300 3.8639
3.9716 2.4401 1.3404 1.3962 3.0080 5.2804 6.0759 0.5788 6.1517 5.3636 4.4686 1.8761 2.1603 2.8285 3.1567 2.8757 2.3852 3.8075 3.6800 3.8043
3.1887 3.3555 2.1556 1.3522 1.2444 2.7105 0.4595 5.4644 0.5851 5.2569 4.4330 3.5470 2.9511 2.3745 2.0910 2.9180 2.4729 4.1763 3.1773 3.4768
3.7855 3.4615 2.0086 1.2295 1.5945 2.8499 5.4944 0.8052 1.2960 5.7651 5.3096 0.1188 1.6578 2.6367 2.3916 2.9882 3.4330 6.1330 3.0663 3.0791
3.0540 2.9548 2.1258 2.0795 0.7370 2.6798 5.3375 5.1720 5.8067 4.7454 1.9315 5.8879 4.3488 2.7767 2.1098 3.5325 2.7680 1.8625 2.3157 2.1039
2.4999 2.2021 1.0907 2.0992 2.8195 2.7840 4.6742 4.8506 2.8345 6.2602 2.1566 5.5363 0.7755 0.2915 0.3020 4.5939 3.8735 2.1937 2.3427 1.6194
1.4618 2.0226 2.3952 1.7435 1.1532 4.1318 3.7503 4.6969 3.4261 4.0971 3.7423 4.3762 0.8145 5.8871 0.8678 0.7333 3.2500 1.6388 1.9824 1.9300
0.5557 5.6847 4.7165 5.4520 3.4379 3.3434 3.8711 3.2279 3.8291 3.4663 3.8729 6.1099 5.7322 6.1800 0.6982 0.6797 0.8332 0.8063 1.6003 1.7679
1.1071 3.4629 4.6725 4.7402 4.0529 3.5481 4.9059 3.3867 3.6637 3.8792 2.5125 3.4652 3.3810 1.4544 1.6954 0.5170 5.6653 1.4266 1.6075 2.3994
5.8670 3.5522 4.0351 3.8225 3.2756 3.3487 4.0402 3.6150 5.9307 4.2531 5.2156 5.0441 5.9767 1.4048 2.2272 1.9107 4.3478 3.2816 2.4368 1.4834
3.4120 3.4952 4.3539 4.0198 4.2740 2.4085 3.7021 4.1351 3.0194 3.2662 5.8325 1.0604 1.3803 3.1454 2.4271 2.1416 2.8042 2.3989 2.4917 2.2751
2.9237 2.7275 3.9499 3.7713 4.2979 4.1921 4.2288 4.9984 4.2257 4.7026 4.7438 1.1373 1.3891 3.0087 1.3880 2.3723 3.1643 2.1653 3.0047 2.1601
3.4688 2.6039 2.5186 2.6058 3.5348 3.9977 3.9392 4.7331 3.7965 2.9534 0.0299 0.7926 0.7652 0.9878 2.0002 1.3369 2.3978 2.7129 1.9543 3.0097
2.5290 2.8302 2.2030 2.3730 3.4325 3.5953 4.2274 4.9145 4.5249 3.4967 0.1304 0.7665 1.9002 2.0529 1.6813 3.2628 2.8963 2.4710 3.4964 1.7158
2.0738 2.1704 2.1006 3.4812 2.9331 3.8814 2.9031 3.3135 3.3743 1.9039 0.7247 1.2524 1.6959 1.6097 1.8626 2.6384 2.4517 2.3092 2.2115 2.5856
2.1514 2.0729 2.0353 5.3313 4.5367 1.2006 3.2135 2.0421 3.3895 2.6883 1.2325 0.8087 2.7610 1.4124 1.5203 2.1041 2.7056 0.2385 3.7375 2.2354
0.8474 0.9727 0.7417 4.8540 4.0831 0.7772 4.0465 3.4073 2.7873 3.0609 1.8789 1.4944 0.9581 2.3668 2.6160 2.9016 1.1887 1.3417 6.1674 0.5360
1.9978 1.5187 1.3196 4.2961 5.2777 6.2468 3.7118 3.5703 3.0373 3.1891 1.3895 1.2373 0.1361 0.3620 2.8862 0.8821 1.0792 1.6447 5.6190 0.8295
1.4133 0.8912 1.1710 3.4654 5.0086 6.1781 5.7652 4.4324 4.8412 0.4428 1.6198 0.7390 0.5481 4.5321 3.1255 1.1636 2.1284 1.9399 2.5752 2.0302
