2.6004 2.7707 3.6946 3.3193 5.6966 0.3204 5.7170 4.5822 4.3886 1.9852 2.3506 2.2283 3.2818 3.8394 4.0345 3.8339 4.2516 4.6569 2.1852 4.7452
1.7280 2.2381 2.8238 3.9077 3.4122 4.9537 5.0823 3.8035 4.7379 1.6737 0.6365 1.0640 1.3457 0.8068 5.4064 1.9189 2.4966 0.6780 0.3782 1.8422
4.0952 2.7266 2.4201 3.6147 3.2293 3.6935 3.4657 3.4335 1.9514 1.0247 1.4895 0.0999 4.9067 0.1968 0.6705 2.2695 3.1627 1.3640 0.2951 0.6483
2.1685 1.7561 1.8709 3.3360 3.4519 3.5900 4.0872 3.8333 3.2935 1.7901 1.8679 1.5848 1.7562 0.6570 0.2634 1.6811 1.2689 1.5749 1.4648 0.9600
3.2339 1.2733 2.1954 1.5720 0.2987 3.9117 3.3414 3.2641 2.4823 1.4957 2.6002 1.7793 1.8589 1.6973 0.6502 2.9100 1.1173 0.6049 0.4167 0.1251
2.6123 0.9159 1.0726 1.1009 6.0702 3.6009 2.4456 1.7428 1.8916 1.6181 1.5006 3.2162 2.3884 1.6102 0.4612 6.1593 0.6433 0.0326 0.5903 0.0884
1.6042 1.4436 0.3892 1.1255 1.4136 3.0446 2.5122 3.1246 1.1091 1.1140 2.5200 2.2566 5.9245 0.4594 6.0670 1.2981 1.1226 1.1270 6.2285 5.8055
5.5636 0.3602 0.4953 1.3591 1.9384 3.2345 3.4718 3.6963 2.6041 1.2753 1.4842 3.9425 5.0849 5.5444 1.0610 1.2540 0.7766 0.4472 1.6526 1.3847
0.0574 0.6444 5.8472 2.6994 2.3656 2.7612 2.7061 3.9793 3.8870 5.6521 0.8121 4.9304 4.7228 3.2493 2.5362 5.8100 5.7911 0.9454 2.7134 1.0099
5.3063 0.7081 5.7457 5.2593 1.9269 1.7155 2.3861 6.1485 2.2821 0.7269 1.4012 4.6908 5.6929 4.2378 3.2533 4.6771 5.9198 4.0472 4.9678 6.2519
4.2801 3.5381 4.7979 0.0733 1.5923 2.0758 2.5652 3.8401 3.1245 2.3537 1.5608 1.3608 1.3203 2.8222 2.0097 4.4812 5.8696 4.2370 4.6602 3.9473
5.1579 3.6330 3.7396 0.1014 0.8897 0.1550 0.7997 4.6756 3.7937 3.5255 1.6653 1.7738 1.7547 3.8678 3.2523 4.5367 4.4392 4.1251 5.0444 4.1047
6.2575 6.1015 2.4241 4.2588 2.2704 1.0688 2.5919 2.7429 1.7041 1.3105 1.3974 0.7849 1.0498 6.0332 4.9255 5.2349 5.1835 5.9143 5.2256 5.3041
0.6604 0.8055 2.6069 3.4748 3.0887 2.7806 3.2998 3.2166 2.4510 1.3484 1.1195 0.9833 1.6802 1.4010 6.2123 5.4253 4.4079 1.7646 0.1876 0.5008
5.1967 4.7987 3.3923 4.2288 2.8650 3.3206 3.7016 4.1236 3.1775 2.1338 1.1510 3.3894 3.5813 4.2970 5.5668 5.6774 3.5026 1.2123 5.9738 0.5887
4.5097 4.5900 2.5027 3.1114 3.0335 3.1562 4.2253 3.2315 3.8148 3.1747 2.4898 3.7471 4.0186 2.5217 3.1132 3.7245 3.5483 2.3883 4.1429 5.4222
3.5948 5.2945 3.4487 3.6134 2.5875 3.8103 4.6213 4.6377 3.5667 3.2594 2.2662 1.3944 1.0632 2.3955 2.4101 2.3795 1.9489 1.7987 3.0888 4.7527
0.7077 1.1022 1.6772 0.0382 1.9687 2.8977 5.7166 4.4276 2.2962 2.7069 3.1035 2.3861 3.0811 2.5913 2.5784 2.6962 3.1658 0.5497 1.2403 0.8847
0.2751 1.1562 3.3601 5.4779 5.6338 5.3836 5.4895 4.8507 3.2775 3.1594 3.1824 2.3050 3.0679 4.1858 4.8036 1.7063 2.8373 0.9130 0.4871 0.0008
1.5644 5.5337 4.1699 4.5691 5.1017 5.8975 5.6424 5.0250 2.9710 3.2338 2.2751 1.5954 2.3280 2.9435 1.0731 2.2425 3.5857 3.8209 0.3261 4.6916
