0.5875 1.1109 1.4757 2.7033 4.3150 2.9479 6.1635 0.4737 1.8700 4.3317 5.4048 4.6901 3.3898 1.7135 0.8911 2.6393 1.8271 0.9547 4.7389 1.6476
1.9893 2.6240 1.5300 6.0719 5.1784 5.5064 4.8855 5.4389 4.8037 4.2391 5.0092 4.3592 0.3569 1.4361 2.6731 1.4785 2.2352 1.5376 0.6791 1.4448
1.5531 2.3899 2.0118 0.1788 0.1973 0.3606 6.0074 4.7775 5.6986 5.5579 5.5814 1.6748 0.5587 0.4424 1.3604 6.1320 1.7437 1.3999 0.5289 0.9518
0.2263 2.8714 1.7823 0.6758 3.6220 4.5948 5.1268 5.5114 6.1265 5.3845 4.5111 2.0798 4.1351 6.2046 6.2338 5.6661 0.1597 5.9979 6.2510 6.1406
1.7473 0.4042 0.6306 6.1300 3.1827 2.6892 4.3808 3.1479 4.5222 5.1255 0.0105 0.5081 0.7806 6.2216 0.1678 1.1559 6.1412 0.0631 1.6082 0.3344
1.7736 1.3505 0.8858 1.9597 3.2863 4.0847 4.9345 4.4311 6.1685 0.8169 1.2760 0.4779 0.8983 5.2082 1.1582 1.2338 0.0688 0.4335 1.2149 1.1358
1.3134 1.8811 1.6675 5.8649 4.7525 3.8080 3.0377 1.7807 1.7999 1.4051 2.1631 0.4977 0.3840 4.3883 4.9314 3.1015 5.6140 5.1462 3.3280 3.3761
2.6959 3.0236 2.2006 1.2619 3.9647 2.8647 2.2200 2.4644 1.5598 1.4230 1.6500 0.7312 2.3032 4.0042 4.9544 6.1602 5.2910 4.7487 0.8377 2.5502
3.2503 2.7621 2.3935 3.0259 3.4942 2.5826 0.0646 3.6597 1.9275 0.8116 1.4819 1.2898 1.9391 3.3044 5.1293 6.2059 0.9620 0.2295 0.5444 2.7849
3.6829 3.3220 1.7849 1.8001 1.4483 0.1415 2.6483 2.8375 2.3857 1.1225 0.2507 1.0019 1.3446 2.9927 5.8928 1.2991 1.3947 0.8737 0.9047 6.2424
3.3883 4.0382 3.7857 3.3178 0.0982 4.9036 0.8242 3.1534 2.7327 1.6350 1.6119 1.0008 1.4410 0.4107 1.3912 1.8793 1.6232 1.6645 0.3019 6.1491
3.1299 3.2303 3.3487 2.8379 3.7365 4.7454 5.6950 0.4171 0.9497 0.5457 1.1198 0.2161 1.8290 1.0449 1.2355 2.0631 1.4747 2.3075 3.1777 4.1461
3.2195 3.5374 3.7232 3.7889 4.0533 4.4965 5.8139 0.0926 0.0383 0.6271 1.2376 1.1029 0.2332 5.7953 5.9601 2.1383 0.4303 1.1812 1.9293 2.6491
5.5745 0.9023 0.1258 2.2578 2.8652 4.5454 0.3167 5.7970 5.2032 0.0096 0.1506 0.8487 5.7907 5.8275 1.1751 2.4475 1.3700 2.3553 3.0564 1.9397
4.4303 5.2658 5.9737 2.9129 2.6526 1.3800 3.8729 5.1372 5.0451 1.1733 1.7979 5.8064 5.1813 4.9328 0.4011 1.9830 0.8862 1.1064 0.4462 3.3742
3.2255 1.4819 4.1934 1.5028 0.8490 1.1741 1.1100 1.7026 4.2544 0.4977 1.0981 0.0511 6.1881 5.8089 0.1404 0.4068 0.1852 0.5799 0.8966 1.7336
4.6581 5.6328 6.2240 3.6785 2.4721 1.5613 3.9434 3.7910 3.8517 5.7279 1.4321 4.0246 1.6628 5.9267 4.4658 2.5294 2.5047 5.3435 1.9532 2.2597
5.0840 5.1285 2.7939 6.1536 2.8703 2.9743 3.4662 4.3472 0.2423 0.9493 6.0774 5.5831 4.9508 5.2033 4.5232 3.6371 3.8322 2.8946 2.8435 2.3257
5.7604 0.3501 3.2886 3.0682 3.1119 4.3339 4.6142 0.1970 2.3600 0.7441 0.8152 5.8683 6.1562 4.9746 6.0803 6.0973 4.0928 3.8270 4.4790 0.4278
0.5585 2.3792 0.5595 3.0545 4.0312 5.8325 5.0495 0.4828 2.1262 0.0993 5.7036 5.4181 3.2090 2.7113 6.0598 1.4309 3.4855 3.9628 3.3534 3.3493
