5.6485 4.9975 3.3914 3.7512 4.1817 5.2012 3.9274 3.4156 4.2767 5.1475 4.4685 5.2641 4.3143 3.8939 4.0771 4.8946 4.1689 3.7159 4.2453 4.6044
0.0060 5.5741 4.1618 5.6627 2.9867 4.0222 3.0298 2.7771 4.0472 3.6494 4.1608 3.9389 2.8251 2.4169 2.7358 4.6244 4.1790 4.9865 4.5205 3.3329
6.2734 0.6930 0.4828 6.0817 4.1478 3.5311 2.0650 2.7082 3.3357 3.0468 5.1317 4.3927 2.3219 2.7243 3.2425 3.9106 5.0207 1.5332 5.9502 0.8766
5.8941 6.0077 0.6982 5.7141 4.9459 3.7778 4.7961 4.2946 3.6317 3.2815 3.0184 3.6452 2.4760 4.2990 3.7992 3.6574 4.6210 5.3400 3.7243 1.3791
0.2761 0.5836 0.6466 5.7739 5.5357 4.2422 4.6476 5.9802 4.8539 3.3910 3.0289 3.6890 2.9470 3.1684 3.6012 4.4196 3.6811 0.5699 3.2224 1.4320
3.6186 1.0997 6.2148 0.0008 5.8502 0.4379 1.9864 6.1095 2.5106 1.2630 2.2450 2.7416 2.9530 4.2055 5.4029 6.0926 0.8816 1.2783 2.1128 1.6803
5.5430 0.2262 0.3404 2.0526 1.2810 0.5945 0.9407 1.1418 1.8013 1.5232 2.8190 3.3570 3.6414 3.1978 3.5143 2.5974 1.2119 0.0050 1.1062 0.2486
6.2558 6.0892 1.0982 1.9052 0.4195 0.7735 2.3716 1.0971 1.6726 1.9268 2.6361 1.9978 1.4555 3.6841 4.8637 6.1695 4.4673 5.5278 6.2243 0.8645
5.3782 0.9794 1.4542 2.6042 2.0978 2.6686 1.8032 1.4297 1.3562 2.3001 2.4843 1.9956 2.4222 2.5889 3.6063 5.8291 6.2176 0.2679 0.3698 0.2879
6.0850 2.0759 1.9039 1.2570 2.3332 3.3313 2.7832 1.9979 1.5360 6.2407 6.0330 0.6469 1.6524 1.1934 0.4070 1.4424 1.6176 0.0308 1.2192 4.4783
5.9777 1.6589 2.1134 3.7388 2.7770 3.8983 3.3713 2.2973 2.0948 0.9146 0.0449 5.6053 0.7495 0.2466 0.8759 1.8467 0.9037 0.6402 1.0632 1.3678
2.1315 2.6897 1.7379 2.8479 3.4472 4.3506 3.8575 2.0358 1.4236 1.1907 5.7572 5.6127 6.1666 5.9809 1.1885 0.7504 5.0318 4.5077 0.0787 0.0314
5.6622 6.1562 6.0967 1.3323 1.9445 2.0119 2.2242 2.5015 2.3968 0.6581 6.0159 0.4652 5.0025 4.7271 0.4413 0.8484 4.7539 4.4530 5.8621 0.3842
4.5610 5.9239 5.7536 1.6678 1.8545 2.0147 2.9235 1.6715 1.5466 1.5338 1.0548 0.6679 5.6403 4.7567 0.4581 0.0267 0.6383 3.4826 2.3744 1.6416
6.2774 0.4127 6.0249 6.2722 5.8651 5.8781 3.0659 2.6208 1.6452 2.5734 4.8032 1.5785 1.2370 1.1648 5.6719 4.9977 5.3229 3.7125 5.0953 1.1378
5.2368 4.9474 5.7439 5.8571 0.3623 3.6231 4.0509 3.7352 3.4656 4.8865 4.5915 4.7426 1.7487 2.2765 6.0451 4.8074 5.5908 4.3031 4.7512 3.7012
4.6684 6.1624 0.2624 5.6665 4.5927 4.8955 3.2069 2.9644 3.3916 5.0565 1.6701 2.3118 1.7108 4.3037 4.4945 3.5524 4.2639 3.6832 4.3395 4.5007
3.0275 3.9766 3.2064 4.5053 3.6343 3.7199 3.2896 2.8971 4.0487 3.2770 1.9989 2.0847 5.9271 5.5194 4.4831 5.0749 6.1511 3.6745 3.6946 3.6264
4.2330 4.1631 2.2124 4.7952 4.7136 3.3075 4.6799 3.3023 3.4926 4.3565 3.6224 4.5712 5.2133 4.6097 4.5209 5.3723 6.0507 4.8202 3.7669 4.7412
4.7671 4.7752 3.2731 3.5488 4.6685 5.6755 4.6622 3.7203 3.9937 3.0483 4.1529 4.1747 3.6978 3.7942 3.8313 4.4400 5.4365 3.9797 2.9437 3.3397
