2.7355 1.4454 3.9049 4.9718 6.0232 5.5685 6.0786 5.2634 5.2329 5.8246 0.4734 1.6423 0.7079 1.3935 1.9368 2.8214 2.2990 4.3346 5.3487 5.3252
1.5918 0.9056 5.7393 5.2263 0.2804 5.6476 5.8245 5.5311 5.7943 5.3710 0.4062 0.4875 0.8511 0.8403 0.8666 3.4103 1.4761 1.1567 6.2123 0.7863
6.1186 5.6103 0.4778 5.2607 5.5767 3.4287 5.2914 0.6164 5.2859 5.8547 6.0577 6.1128 0.7833 0.4884 1.1838 1.3887 1.5633 2.8771 0.5168 6.0302
6.0988 5.1639 5.7533 5.0669 3.6756 3.1027 0.3929 5.9389 5.6702 5.7570 0.3843 0.4106 0.2757 0.1147 0.8030 4.4915 3.2137 3.2569 3.3281 4.4867
5.5881 6.1718 5.0017 5.2570 6.0726 4.6126 5.6681 5.7146 6.0118 5.1724 4.7774 0.3355 6.1422 5.5258 5.7367 5.6710 1.6219 1.6251 5.7689 0.3612
3.4470 4.0432 3.5989 3.1635 3.7541 4.3069 5.2378 3.5576 0.9166 5.1301 4.4007 5.3086 4.9864 5.7602 5.8570 5.7756 5.6573 0.3850 0.3482 1.4709
4.2735 4.5200 4.1348 3.5607 3.3503 4.1824 6.1308 0.1787 5.4401 5.2138 3.3932 1.5717 5.3439 5.2796 5.3290 6.1184 0.6290 5.7020 5.0149 3.3075
0.5851 4.4420 4.0605 3.9401 4.1302 4.6801 5.1068 1.2018 5.5808 6.2614 1.4422 1.2177 5.8372 2.4507 4.0951 5.1470 3.4872 4.9243 6.1366 2.7215
1.0360 3.6331 3.7009 4.2533 4.5713 4.5966 4.8392 0.3473 6.1229 0.5507 1.9732 2.2715 2.3421 2.6885 0.8824 0.3727 3.7809 5.0839 0.7565 0.5390
1.0120 1.9882 2.1103 3.3047 4.0488 3.7249 5.0168 5.4744 4.9116 5.3697 0.3872 1.5240 3.1337 2.1219 1.5305 0.1831 0.4594 5.3958 3.7412 2.2986
1.9333 2.5720 1.1608 2.0669 4.2752 2.3789 3.1706 5.7508 6.2709 5.4508 5.5583 5.4185 3.1098 3.4685 0.4441 0.5410 4.8778 5.0196 3.7436 3.0608
5.9899 5.4780 1.5843 2.6038 2.6731 1.4395 3.4338 5.0923 1.1991 5.2567 4.6371 4.4451 3.5314 5.4762 0.1081 5.8434 6.1765 4.7919 5.2117 5.9689
3.4476 0.0017 2.9987 2.9850 2.6190 0.5324 0.1753 0.3572 1.6978 2.6430 1.9192 3.7866 4.6439 3.3358 3.3429 3.7693 4.4713 5.3820 5.8558 4.3293
4.3127 5.3592 0.2032 0.7086 0.2197 5.7283 4.9965 3.5935 4.3358 4.1018 4.6970 4.4136 3.9438 4.8392 5.0615 4.7289 4.8770 5.3910 5.5945 5.3290
4.8273 5.6859 2.4993 2.0309 1.2812 0.2658 0.3890 3.7950 4.2674 3.5284 3.8406 3.1764 3.2534 4.5038 2.8985 3.9751 3.3481 4.1838 5.8929 5.8618
4.7128 4.5995 2.1793 2.3256 0.2282 4.9292 1.5742 0.0754 5.9352 4.2784 3.6074 4.5079 2.6933 3.7846 3.2601 4.1466 5.8477 4.4862 4.1390 5.4036
0.0782 5.4811 4.7341 2.1786 1.1167 2.3548 2.0388 1.9440 2.4498 1.4549 2.4689 3.5255 3.8702 3.9597 2.3603 1.7745 5.3785 4.8565 4.7313 4.5647
5.5611 5.3807 3.9489 1.7837 1.3830 2.3549 2.0637 1.5955 2.2288 3.2575 2.5384 2.7404 3.3562 2.8430 2.2201 2.5845 2.9903 0.4082 5.4666 5.4881
3.7218 4.9317 3.6222 3.3571 5.1168 4.1184 3.3057 1.8249 1.8789 3.4068 1.2869 2.1089 3.6254 5.7963 1.7923 3.1301 3.6326 3.7967 3.5373 4.5805
3.4056 3.1409 2.6870 4.6255 4.2014 3.7860 2.4058 3.3123 2.5962 1.8888 1.8709 1.3796 3.1106 0.0499 1.8051 3.1082 2.1106 3.7621 4.4386 4.8747
