2.2865 3.2033 4.1822 4.7963 2.4655 4.1243 5.2459 4.7427 5.1710 6.1824 2.3011 4.5007 4.0099 2.2527 6.0590 1.0173 5.4103 5.7559 5.7490 1.6180
1.5154 0.9499 4.4742 4.0687 4.2410 5.8924 6.1303 5.7147 0.0942 0.7921 1.9480 1.7395 3.6573 4.6950 5.4843 6.2709 6.2420 0.2274 0.0884 0.9112
2.0095 2.4050 4.0075 3.2876 4.7221 5.9956 1.5625 6.2539 0.6302 1.2288 1.1648 1.6506 2.1208 4.2474 4.7883 5.9102 5.8586 6.2797 0.6019 1.0092
0.7097 2.5189 4.1436 5.8655 0.0110 0.5920 0.1795 1.7008 0.5441 0.3497 0.8390 0.5111 0.3714 1.4329 1.0305 1.8490 1.3626 0.6418 5.7695 5.3158
1.6334 1.9842 3.7863 4.6127 0.6704 1.7219 1.8977 1.2041 0.5071 0.8682 1.8547 2.5728 0.6289 3.5713 0.2922 1.3950 1.2933 1.5382 1.3452 2.3655
1.4880 2.4939 2.2025 2.9386 5.9627 3.4708 1.2926 0.6082 0.2823 0.3192 1.0639 2.1009 2.3850 2.1519 0.7589 3.0198 1.0207 2.5416 1.1671 1.1513
2.6962 2.5671 2.3389 2.8370 4.4479 5.5066 6.1868 4.7078 5.8666 5.7834 1.5520 2.1949 0.1143 0.6302 0.6494 4.0385 4.1290 3.2438 2.8753 2.1928
2.7790 2.6104 2.3476 2.9711 3.3719 2.0434 4.3904 5.0433 0.2547 0.5200 1.4700 2.2700 5.6219 0.3032 0.2582 3.2296 3.4044 2.8288 3.5686 3.1297
2.7485 3.0220 1.3687 1.0349 2.8084 2.4057 3.8310 4.4117 5.5521 5.8338 5.3262 1.4152 0.9395 0.9540 6.2657 4.0066 4.6685 4.0827 3.2056 3.3578
3.5604 1.6608 3.1312 0.3057 3.1233 3.7252 4.7556 4.2264 0.8503 6.1621 5.4382 0.8848 1.3708 0.4542 4.9289 3.1009 3.9647 4.7534 4.9559 4.4397
3.2572 2.6433 3.3872 0.4276 2.3058 4.3083 4.9707 4.2465 5.4053 5.4966 3.9269 0.8120 1.0580 6.0951 4.1807 4.0021 4.8707 4.5357 4.0989 4.8387
3.2213 2.9636 3.9295 2.6790 3.4254 2.8458 3.4252 4.2887 4.1940 5.0288 4.1806 1.0649 5.7179 6.1684 5.3561 4.9766 4.7043 4.3342 4.0404 5.2925
3.1334 4.1551 4.0744 3.7788 3.7873 4.9251 2.5663 4.2627 4.9884 0.3601 0.5708 0.7235 0.2268 5.4203 6.0940 1.4590 5.6136 3.4649 3.6456 4.3921
1.8462 2.1815 1.8638 3.5281 3.9850 5.7611 5.1671 4.9237 5.7254 0.6553 5.1782 5.5142 0.3065 0.5049 6.1815 1.4946 6.2262 5.6011 3.9281 5.5262
3.0220 2.7648 2.6754 3.5428 2.9241 3.1193 4.1520 3.6510 5.9621 2.6171 3.8993 3.1550 3.0708 1.1978 0.8079 0.8390 0.6597 0.3692 5.4240 5.0002
2.4947 3.2774 3.2135 3.2399 5.4624 5.1769 3.7327 4.0958 4.0131 2.3211 4.9756 2.9911 3.2555 2.6429 2.3086 2.1591 1.6193 0.5993 6.1648 2.4943
4.2692 3.0608 3.1464 5.6336 5.3654 3.9076 4.2064 4.4568 4.2690 4.3307 4.3088 3.4073 0.9475 1.9764 1.5556 2.6971 1.8389 2.7649 1.7157 3.0616
4.0577 3.4036 4.1574 3.7524 2.5466 4.2052 3.7454 4.4379 3.5654 5.3447 4.9896 2.5752 1.2580 3.9771 1.8854 2.0211 1.9567 0.7111 0.6114 3.2166
2.8624 4.9612 5.1545 5.4035 4.2884 2.9922 4.2773 4.4354 6.1355 0.0899 4.5305 3.3923 6.2244 1.4588 1.4917 0.9851 1.7637 0.2557 2.1732 1.4434
1.7511 3.3552 4.5858 5.4280 3.9362 4.7912 4.6337 4.5210 5.2674 4.9774 4.5337 4.5924 5.2521 2.1927 1.2905 0.1062 0.5839 5.7446 1.4056 1.3862
