0.2825 5.0393 0.3841 2.2845 2.0739 3.7713 4.1612 1.2897 2.7214 3.9448 6.2720 3.7851 3.9405 4.9113 0.6946 5.6635 5.3983 4.7882 4.6997 4.1717
4.2646 5.9724 0.4007 2.3100 3.7170 4.2703 4.5370 0.6767 0.1748 5.5955 4.9903 3.1784 3.0336 3.7763 3.2443 3.9956 5.1656 4.7648 4.7338 3.5511
6.0395 4.5497 5.7846 5.7793 2.1916 3.6823 4.0295 1.4428 2.0901 1.0600 1.2130 1.5063 1.6097 3.7202 3.6299 3.4804 3.2755 2.4230 2.9562 2.9293
4.7692 4.7212 5.4778 0.7669 0.9449 4.9526 1.5802 1.3700 2.6234 1.8009 1.6266 2.3513 1.6510 1.6458 2.7944 4.8153 3.3249 3.1814 4.4258 3.9460
4.4370 0.6473 2.5455 5.5979 0.3828 1.3306 1.3710 0.8346 1.9248 0.5954 0.9523 0.8492 1.5482 1.7827 3.0659 3.6850 3.6668 5.8840 4.2015 4.1232
4.6936 1.5071 2.1817 2.8328 1.9198 2.4768 3.1741 2.1134 2.5696 2.0323 2.1169 3.4243 2.9307 2.8647 3.7547 3.5058 3.6673 4.5541 5.4497 4.4455
2.6294 1.7299 2.0823 2.2930 3.1768 2.5724 3.0176 5.7960 3.0271 4.7632 3.9208 4.4909 4.9059 4.8110 0.4638 0.1384 4.9873 4.2526 6.1568 5.4423
2.3159 2.6694 3.5777 5.1558 1.8516 1.4127 1.4289 2.7953 5.2008 5.4847 3.9567 5.1944 4.4563 5.1522 4.7769 5.9817 4.2973 1.0073 0.9813 1.2581
2.5933 1.8411 1.3642 0.9870 3.8991 1.1654 4.3179 3.9764 4.5407 5.8610 3.1143 1.4829 5.5965 6.2153 5.3973 1.1848 1.0543 1.9325 2.0826 6.2516
2.3113 1.0066 1.6000 0.5951 0.8857 5.6175 4.8786 4.0784 4.7393 4.4035 3.1152 2.1813 1.5800 0.3054 1.5783 1.4131 2.6389 2.2144 1.6549 3.4624
0.3381 1.0739 0.9482 2.2480 6.0753 5.1802 0.0144 0.7762 5.4169 4.5944 2.0651 2.8336 2.0052 0.7848 2.4452 2.0112 4.2855 2.3913 2.5169 1.4540
0.8983 2.6984 2.3061 3.2430 4.1037 4.1540 5.1841 5.4505 2.5233 3.6881 2.4089 1.7046 1.4000 5.7247 1.4179 2.0965 4.6460 1.7907 1.5437 2.1117
2.2281 2.6134 4.3992 3.9839 4.6311 3.7518 6.1395 4.2895 0.2527 2.3320 2.4911 1.1492 0.5552 3.9677 1.8660 1.5383 0.8488 2.6654 2.9887 2.2445
1.5676 2.0222 3.1087 3.4067 3.4212 2.9862 2.7171 3.8888 0.5696 6.2150 1.2274 3.9501 0.3312 5.2168 4.2728 3.7610 6.1999 5.3265 0.0644 0.4278
2.1914 3.2260 4.7662 3.9150 4.3842 5.2125 0.9881 1.9667 2.1101 4.6711 0.0195 1.0062 0.2060 0.6817 1.0653 1.6085 6.0528 0.7020 0.3409 0.5529
5.5118 4.6934 3.5269 4.3245 4.3841 4.4050 0.9489 1.6952 1.8074 5.0568 1.0836 1.2672 6.0468 0.5572 0.3805 0.5652 1.0713 5.5565 5.7196 6.0077
5.1195 5.7381 4.3023 4.2480 5.9487 5.2292 5.7177 0.1930 1.9090 0.7185 0.3339 0.9877 1.1167 0.5948 5.6450 5.8330 5.9556 5.6825 5.7546 4.3460
4.4372 3.2540 5.1911 5.8034 5.8568 0.0665 5.9177 0.6282 2.5990 2.3651 0.9012 0.7352 1.3072 2.6181 2.4296 5.2461 0.7554 5.0120 5.2334 4.3437
4.2582 1.1363 5.9631 5.4109 5.4462 1.8833 1.2999 1.9455 2.2243 1.8483 1.2427 2.5235 1.9425 3.0785 1.4428 5.6452 0.2451 5.8524 4.5915 4.7715
1.0430 1.2126 2.0695 1.7279 0.4444 0.6934 1.0220 1.9815 2.2270 1.6092 1.4516 1.9367 2.9339 3.6323 0.6197 5.0473 5.0767 4.9041 4.2239 5.5963
