6.2628 1.3911 1.5805 1.8327 0.6357 1.5843 1.5436 0.8055 1.2342 0.2568 5.5880 4.2334 3.2154 0.6880 4.5687 5.4724 0.2476 4.6627 0.3483 4.7914
6.2019 1.2411 1.9783 1.4349 0.2635 1.2534 2.9447 2.8082 1.3002 5.4188 6.0366 0.8539 1.5201 0.3284 5.5007 5.5487 6.0588 5.4137 4.5575 0.2113
5.3494 0.3241 0.5000 1.4622 1.3173 2.1076 1.9345 2.2169 6.2193 0.3501 5.9690 4.2256 6.0717 5.4645 5.0980 5.5467 0.7736 6.0004 4.3604 5.1470
0.4304 0.6275 0.4453 2.0283 1.8129 4.0110 2.8711 1.5938 4.9073 5.3176 6.1520 0.3190 0.4082 6.2404 0.4415 1.0400 0.6706 1.1989 3.3720 5.8384
5.0496 0.4169 1.0800 1.5440 4.3952 5.2684 3.2181 1.5870 3.4331 3.6314 4.9089 4.8093 0.5664 6.1013 0.5576 0.9402 5.5554 5.6807 3.9734 5.2724
4.7065 5.6354 4.7643 2.0754 5.2948 2.9369 2.9893 2.4515 2.0427 3.4866 2.3619 0.1406 1.8044 0.1519 0.2840 1.1029 5.1427 5.3112 4.3528 4.5940
4.7568 2.8856 0.9560 0.0638 1.0690 2.5961 2.6183 1.6748 1.9007 2.8538 4.3694 3.7854 1.3389 1.7024 6.0945 1.8889 4.0463 1.0414 5.9480 6.0749
2.7795 3.0196 3.3267 2.2310 1.2078 1.5940 1.6953 1.8092 1.0738 1.6949 3.9806 3.3112 0.3519 0.3401 0.9575 1.6866 1.7381 2.8792 2.6750 3.5510
3.7164 3.2706 2.0840 1.9041 1.3398 5.4469 4.3275 3.2917 0.8236 3.2713 4.0975 3.1556 0.7539 6.2140 5.8405 1.1412 1.5470 2.5730 1.5701 3.8391
3.8845 1.0866 1.6643 1.2517 2.8212 5.6626 3.2680 2.2283 1.8325 1.6167 4.0510 5.9186 0.9965 0.9331 1.9154 2.0835 2.2926 2.7910 1.8814 3.6584
2.5837 2.8654 2.1764 0.6105 0.3217 0.1082 2.8664 1.7362 2.0069 0.0918 5.6034 0.8018 1.4708 3.3592 2.8016 2.3749 2.3028 2.2146 2.2485 1.7529
1.3744 1.1122 5.2252 5.6435 4.2689 4.1335 3.6432 1.2275 1.9527 0.2543 5.8267 3.5402 4.6537 5.2691 0.5833 0.3322 5.7370 1.5682 2.2304 2.0487
0.8263 1.0399 4.3541 5.4764 5.5337 5.3353 0.3131 1.9025 0.4935 0.4789 5.5681 4.3570 3.8924 4.8802 5.2824 5.6520 3.4157 2.4858 1.1061 0.8863
5.8596 5.9543 4.0359 4.2339 4.7445 5.4162 5.3851 1.9153 0.5390 0.3315 0.4251 0.1792 1.6234 0.5795 6.0127 4.8009 1.9961 1.9143 0.5787 5.9108
3.6986 3.0178 3.7534 3.8946 4.3834 6.2471 1.1063 1.1232 0.6922 1.2375 1.6820 0.4030 1.5872 5.5362 5.2410 5.2372 5.0037 3.9927 1.0071 0.1600
3.6897 3.4376 3.7270 4.4415 4.3711 4.8461 1.6348 1.2829 1.7846 1.6360 1.0412 1.4114 3.4576 0.0312 0.6122 5.0507 4.2989 5.7065 4.1007 3.6224
3.0538 3.5307 4.0048 3.7346 4.2088 4.1614 0.6853 1.1685 4.2217 2.5233 2.3525 1.2322 2.2865 1.6308 0.8755 0.5681 3.0224 5.6216 3.6598 3.4232
2.6096 5.5246 5.6645 3.9947 4.8717 5.1251 0.8596 0.5156 4.7444 2.8938 5.9743 4.9012 0.7613 0.6309 0.6907 5.9805 3.7820 5.5721 0.8329 1.9270
0.4208 0.0735 5.8677 2.7597 1.9276 4.7791 2.8715 1.8221 3.4926 3.3534 5.3710 4.7755 6.2321 0.8485 4.3496 5.2201 4.9164 4.7343 0.0578 6.1348
0.1043 0.3295 1.2260 2.3917 1.4908 4.5082 2.1700 2.0055 5.7151 6.0381 4.5373 4.4443 3.8016 5.8018 5.5993 0.2305 6.2512 5.3298 5.6698 5.5136
