3.7096 3.8168 1.8876 4.2778 2.3950 5.4251 5.3736 4.4258 5.0534 2.6709 5.9791 0.3437 0.4780 0.1684 2.1289 2.5535 1.8739 1.9914 2.1750 4.5841
5.9057 4.1284 2.3649 3.2943 4.5056 4.7521 4.7672 4.0819 2.8978 2.5297 2.2325 1.0332 5.9612 0.9815 1.8062 1.3865 0.9223 2.3911 0.2667 5.5029
4.2367 5.1123 4.7476 3.4592 4.5854 5.5366 4.1376 3.5915 2.4802 2.9194 2.5185 0.8992 3.5449 1.6327 1.7714 2.8029 3.1187 1.7817 0.6854 6.0325
0.6512 5.2069 3.6440 2.5478 1.7497 5.4355 3.1903 3.3006 5.4283 2.0713 4.0643 3.1897 3.6290 2.5659 1.9612 1.6028 1.3760 0.7661 0.7726 6.1949
2.9211 4.3707 2.8587 3.9805 3.8093 3.7733 2.9676 2.9859 3.7004 5.2631 5.0232 4.2737 3.0273 1.8073 2.3613 2.1973 2.0039 0.4811 0.6963 1.8771
0.7222 2.7942 0.8302 0.2880 4.9974 4.3366 4.0670 3.8098 4.0629 4.0004 5.0560 5.1364 4.0718 0.5811 2.0520 0.6999 0.4137 1.5274 1.8960 1.8882
5.0682 0.0040 0.4681 5.5134 5.7299 6.0572 5.2962 3.9382 5.5810 3.8706 3.6308 4.4336 3.7270 3.8805 1.5931 0.0388 5.7245 1.8095 3.0733 0.1052
4.6395 1.4794 0.8458 0.8303 0.7171 0.1571 5.2584 4.3023 4.5195 3.3055 3.5578 3.5348 3.2194 4.0286 1.4065 1.3710 2.9601 3.0115 2.6125 3.2593
4.3681 2.4117 2.4230 1.7363 0.4332 0.5984 5.2737 5.9051 5.3294 3.8192 4.3193 4.7191 4.9401 4.5274 1.1915 0.3877 5.5503 4.9343 3.3861 4.0664
3.4168 2.0574 1.8400 1.6727 1.6191 1.3765 5.9589 5.7849 5.0598 4.8759 3.4924 4.1744 3.7285 3.9079 2.6460 6.0355 1.2505 2.6549 2.7822 1.5787
2.6276 2.2021 1.9256 2.3378 1.5766 5.9357 1.2546 1.9843 2.6548 2.5880 2.1765 4.2767 1.6450 0.7019 0.9621 2.4361 3.2623 4.1565 3.2555 3.4570
1.9273 2.2251 2.1033 3.7402 6.1808 5.8419 6.2274 1.6176 0.6071 2.4742 3.1243 3.2021 3.3522 1.0975 2.4091 2.3938 1.8107 2.4858 2.9472 1.6310
2.1843 2.5875 2.9406 3.0703 3.4113 4.1976 2.7751 1.4729 3.9216 3.9071 2.6792 2.4604 3.7895 2.7037 2.3190 3.2042 3.5052 2.7356 2.0269 2.3812
2.1698 4.0051 2.8222 4.4391 3.6633 1.6951 2.2329 0.9066 3.3904 4.6087 3.5263 5.2828 4.5368 1.9584 2.8714 4.0603 2.3088 2.9604 3.5375 2.8095
4.4241 4.4906 3.8388 3.3504 2.0765 2.5979 0.9696 1.0713 5.4143 5.0137 4.5913 5.2193 2.7647 2.5542 3.2003 2.5271 2.6093 2.4737 4.3975 2.1258
3.8294 4.1891 3.7778 5.3475 2.6074 1.3788 0.8243 0.3802 5.4401 5.2958 6.1986 5.6805 2.7877 2.7691 2.3404 2.1337 2.4296 2.2464 3.7547 3.5066
3.7222 4.6369 3.4979 4.9172 4.4048 1.0838 4.5897 3.1075 3.7845 3.7616 5.8336 0.3107 0.4725 3.4271 3.2801 2.5906 1.9090 2.1123 2.9224 4.6413
4.4185 4.0002 3.2025 6.1285 5.0831 5.5424 4.1028 3.7668 3.6098 6.2407 5.6120 5.2023 2.2306 3.5022 3.4702 2.3160 2.0951 1.9806 2.4877 2.8752
3.6599 3.7322 4.8274 3.9161 3.9643 4.7306 4.5073 3.5602 4.4808 4.2157 5.3263 0.9434 2.2709 2.7328 2.4560 3.4635 2.8665 1.1067 3.4815 3.0292
3.5661 3.3225 2.3241 3.4865 3.3110 4.9282 5.2750 4.4305 3.5480 2.7514 1.3004 1.2573 0.4635 6.2140 1.7684 3.2007 3.6815 1.9773 3.5273 4.4325
