4.0024 1.3225 4.4435 1.8463 5.2222 3.9961 3.2706 2.0377 1.6019 0.7227 1.6376 2.1090 3.7660 4.7324 2.8370 4.7863 4.3757 4.3177 3.5828 4.0910
4.4426 1.2674 2.1713 1.4067 3.2360 3.8493 6.2059 2.4313 1.7868 0.5960 1.4711 5.9670 3.5314 2.9396 4.9443 4.9565 4.3177 4.9392 3.9471 3.6208
2.2410 2.3554 3.0373 1.1419 0.2369 5.5108 5.7222 4.3744 3.4482 2.5909 5.2786 0.1720 2.5523 3.1392 4.6142 5.0529 2.9578 5.2244 5.8052 5.3340
1.1474 2.5344 3.0778 1.3278 1.4134 2.4388 2.5982 2.7379 2.7339 3.5701 4.7318 0.3946 3.7716 3.7703 3.6212 4.1735 3.5382 4.4010 2.6926 2.5605
3.3703 3.2199 4.0712 3.1095 0.9883 2.0909 1.5208 1.8055 2.2785 4.4808 4.6271 4.6016 1.2145 2.4892 2.7095 1.4826 2.1779 2.2967 2.6428 2.1511
5.5334 3.4183 4.3179 5.0523 2.3992 1.7578 2.9408 0.1645 1.0791 0.1707 4.6727 5.9992 3.3503 1.9619 1.9140 2.0083 2.6283 4.0048 3.5975 2.9264
4.9074 3.3611 3.2499 1.2911 2.2303 2.5903 4.8728 4.9783 4.6282 0.6807 4.0693 5.7651 1.3433 1.5734 1.9808 2.5211 0.2947 5.9779 4.4251 4.4463
3.3689 3.1662 3.1783 1.7709 1.7133 0.0725 3.0584 2.3312 0.2246 0.7527 4.6258 3.4865 3.3555 1.0172 1.7987 2.1158 2.1695 4.3174 5.7119 4.6645
5.1330 5.2499 5.4690 1.9407 1.2759 5.9569 2.4647 1.5723 0.9801 0.5595 5.0200 5.3733 2.8565 1.4499 2.2621 3.1301 3.7519 5.1352 4.7938 5.6844
5.1685 5.3824 1.0007 1.7336 0.3354 0.3851 1.2620 1.5185 0.5642 0.9343 3.4483 1.6105 2.6604 3.9253 3.6179 3.2879 4.6368 4.0001 4.3795 3.6009
4.4423 5.8206 0.4597 1.7040 0.6896 0.1541 5.4774 4.9337 0.4386 0.5610 2.6012 1.0661 2.1352 1.8738 0.9799 0.1638 2.0790 6.2526 3.0987 3.4854
5.3766 5.8492 6.2823 4.1395 0.4198 1.2786 5.2861 4.6264 1.1720 0.0491 0.6786 1.2509 0.7320 0.6900 1.1329 0.5528 1.9829 0.9145 4.4076 3.2648
4.7455 4.8182 6.1960 5.6598 0.6070 6.0743 5.9449 4.7620 2.6873 6.1210 0.2482 1.0729 0.8571 0.5022 1.1949 1.1704 1.6230 2.0160 3.4927 2.8243
3.3254 4.2373 1.9820 1.1957 4.3309 5.2243 5.0989 0.0457 0.9798 1.8559 1.6554 1.1433 0.5571 5.8779 0.4465 0.6159 1.8952 1.9258 1.6125 1.9491
2.4865 2.5912 1.9715 1.0271 3.3540 4.2611 5.3922 5.1765 2.0473 3.2531 0.9969 0.3727 6.1068 6.1945 3.4983 0.0124 2.4737 2.2745 2.1010 2.6985
3.0612 3.6769 2.1794 3.0632 3.8945 4.4450 5.5780 0.5646 0.0056 1.5701 1.4163 5.8677 6.2078 1.0051 4.9372 0.5242 1.4369 2.3857 1.6024 1.9993
2.7155 0.1534 0.7901 5.9486 5.5998 3.8540 0.4065 0.2622 0.5627 0.8102 0.5486 5.8232 0.2372 0.2946 5.4973 5.8891 5.5126 3.4640 4.3316 2.5363
2.2031 2.0102 2.0778 2.0435 1.3872 2.9088 1.2743 1.5271 0.9503 1.1205 0.7735 6.0590 3.2524 5.9492 5.9712 5.5232 5.0933 4.5809 4.4193 4.6416
4.4480 3.4003 2.5859 2.6686 4.1236 3.1110 1.5371 2.0154 1.4302 0.7141 1.2155 1.4398 2.5538 3.7755 4.5901 5.6939 4.7218 5.5187 3.8984 3.4774
2.8470 1.8145 2.3988 3.2576 4.7341 3.7206 3.0780 1.5944 2.0224 1.4640 1.2596 2.8252 2.8658 2.5896 3.5393 4.4017 4.1334 4.6595 3.9486 3.2765
