2.500000000000000000e-01 2.500000000000000000e-01 8.680000000000000000e+02
2.500000000000000000e-01 7.500000000000000000e-01 2.000000000000000000e+01
2.500000000000000000e-01 1.000000000000000000e+00 1.000000000000000000e+00
2.500000000000000000e-01 1.138889999999999958e+00 3.000000000000000000e+00
2.500000000000000000e-01 1.312500000000000000e+00 1.000000000000000000e+00
5.000000000000000000e-01 0.000000000000000000e+00 6.700000000000000000e+01
5.000000000000000000e-01 5.000000000000000000e-01 4.000000000000000000e+00
5.000000000000000000e-01 7.500000000000000000e-01 2.000000000000000000e+00
5.000000000000000000e-01 6.000000000000000000e+00 1.000000000000000000e+00
5.000000000000000000e-01 7.312500000000000000e+00 1.000000000000000000e+00
1.000000000000000000e+00 2.500000000000000000e-01 1.400000000000000000e+01
1.000000000000000000e+00 3.888900000000000134e-01 4.000000000000000000e+00
1.000000000000000000e+00 5.625000000000000000e-01 3.000000000000000000e+00
1.000000000000000000e+00 1.500000000000000000e+00 2.000000000000000000e+00
1.000000000000000000e+00 3.419999999999999929e+00 1.000000000000000000e+00
1.250000000000000000e+00 0.000000000000000000e+00 3.000000000000000000e+00
1.250000000000000000e+00 1.388900000000000134e-01 8.000000000000000000e+00
1.250000000000000000e+00 3.125000000000000000e-01 3.000000000000000000e+00
1.250000000000000000e+00 1.250000000000000000e+00 1.000000000000000000e+00
2.000000000000000000e+00 5.000000000000000000e-01 4.000000000000000000e+00
2.250000000000000000e+00 2.500000000000000000e-01 8.000000000000000000e+00
2.500000000000000000e+00 0.000000000000000000e+00 4.000000000000000000e+00
2.500000000000000000e+00 2.777800000000000269e-01 1.000000000000000000e+00
2.500000000000000000e+00 8.800000000000000044e-01 1.000000000000000000e+00
2.500000000000000000e+00 1.562500000000000000e+00 1.000000000000000000e+00
2.500000000000000000e+00 3.786979999999999791e+00 1.000000000000000000e+00
2.500000000000000000e+00 2.085032999999999959e+01 1.000000000000000000e+00
3.250000000000000000e+00 6.633000000000000007e-02 6.000000000000000000e+00
3.250000000000000000e+00 1.300000000000000044e-01 1.000000000000000000e+00
3.250000000000000000e+00 2.529999999999999805e+00 1.000000000000000000e+00
3.250000000000000000e+00 4.290000000000000036e+00 1.000000000000000000e+00
4.000000000000000000e+00 6.250000000000000000e-02 4.000000000000000000e+00
4.000000000000000000e+00 2.500000000000000000e-01 2.000000000000000000e+00
4.000000000000000000e+00 4.199999999999999845e-01 1.000000000000000000e+00
4.000000000000000000e+00 5.156199999999999672e-01 1.000000000000000000e+00
4.000000000000000000e+00 1.637760000000000105e+00 1.000000000000000000e+00
4.250000000000000000e+00 0.000000000000000000e+00 1.000000000000000000e+00
4.250000000000000000e+00 1.700000000000000122e-01 1.000000000000000000e+00
4.250000000000000000e+00 2.656200000000000228e-01 1.000000000000000000e+00
4.250000000000000000e+00 3.161200000000000121e-01 1.000000000000000000e+00
4.250000000000000000e+00 1.387760000000000105e+00 1.000000000000000000e+00
4.250000000000000000e+00 3.290000000000000036e+00 1.000000000000000000e+00
4.250000000000000000e+00 6.000000000000000000e+00 1.000000000000000000e+00
4.500000000000000000e+00 1.188429999999999964e+01 1.000000000000000000e+00
5.000000000000000000e+00 2.309689999999999799e+00 1.000000000000000000e+00
5.000000000000000000e+00 1.111111000000000004e+01 1.000000000000000000e+00
6.250000000000000000e+00 0.000000000000000000e+00 1.000000000000000000e+00
6.250000000000000000e+00 2.500000000000000000e-01 4.000000000000000000e+00
6.250000000000000000e+00 3.826499999999999901e-01 1.000000000000000000e+00
6.250000000000000000e+00 6.944399999999999462e-01 1.000000000000000000e+00
6.250000000000000000e+00 1.358020000000000005e+00 1.000000000000000000e+00
6.250000000000000000e+00 2.658319999999999794e+00 1.000000000000000000e+00
6.250000000000000000e+00 3.138889999999999958e+00 1.000000000000000000e+00
7.250000000000000000e+00 0.000000000000000000e+00 1.000000000000000000e+00
7.250000000000000000e+00 2.188779999999999948e+00 1.000000000000000000e+00
8.000000000000000000e+00 1.250000000000000000e-01 1.000000000000000000e+00
8.500000000000000000e+00 1.339795999999999943e+01 1.000000000000000000e+00
9.250000000000000000e+00 3.200999999999999679e-02 1.000000000000000000e+00
9.250000000000000000e+00 3.057900000000000063e-01 1.000000000000000000e+00
9.250000000000000000e+00 8.568099999999999605e-01 1.000000000000000000e+00
1.125000000000000000e+01 3.729340000000000099e+00 1.000000000000000000e+00
1.225000000000000000e+01 2.500000000000000000e-01 1.000000000000000000e+00
1.250000000000000000e+01 0.000000000000000000e+00 1.000000000000000000e+00
1.525000000000000000e+01 4.236099999999999866e-01 1.000000000000000000e+00
1.600000000000000000e+01 1.111100000000000004e-01 2.000000000000000000e+00
