5.5195 0.1096 4.5180 5.6655 5.7129 5.8553 5.5443 5.5104 5.6902 4.4336 4.5558 3.0528 2.5864 1.3100 3.3874 4.8829 5.9042 5.2096 4.9682 4.5870
1.8130 1.1259 4.3660 1.0855 0.4106 0.8629 1.2315 3.0275 6.0766 0.1590 6.0255 5.9559 0.2559 3.8581 4.3286 1.8908 0.9641 1.2069 6.1256 6.2022
2.4573 2.8510 5.3317 5.1342 2.0900 3.8481 5.2504 4.3401 5.5816 4.1950 4.7711 3.9321 6.1316 0.8144 5.8315 5.0568 5.2477 4.5139 4.3025 3.3912
5.9485 0.7375 0.0889 5.5165 1.2047 5.7743 1.0665 5.4650 6.1406 5.2162 4.4163 0.0537 5.5618 2.2935 0.8516 1.8658 3.9657 2.9809 4.6399 5.0760
5.5068 3.6501 5.7889 0.3635 2.1511 2.8468 1.6781 1.3704 0.8632 1.8364 3.4389 4.6920 2.8764 4.6005 2.5052 4.5723 5.9472 4.5927 2.4474 1.6912
5.9364 1.4779 4.9374 4.2655 2.6494 0.0168 2.5881 3.2161 4.7219 1.6739 1.9992 3.2238 1.6804 0.9714 2.3330 1.5210 0.4665 0.7821 2.0456 4.5798
1.1302 0.2450 0.4967 1.1670 3.0509 3.5960 3.5487 0.7988 0.1859 4.9816 4.7272 4.7599 3.6918 3.2189 3.2326 4.9867 0.2052 5.7217 6.0664 0.1729
4.5163 2.7294 5.6672 4.5619 3.8572 2.6124 2.6380 2.0783 1.1888 1.4032 0.2667 0.7072 5.9086 0.5879 4.2371 6.0993 6.0029 1.2344 6.1469 3.5762
4.7488 3.7923 5.3006 0.8733 5.1192 6.2229 0.7387 0.3134 6.1342 0.0047 0.9880 3.3340 0.3321 4.8330 5.1929 3.1615 5.2256 5.7621 0.2830 0.0430
5.8807 0.1289 5.4622 3.4451 4.1155 3.7332 5.9643 4.7205 4.8450 4.8823 1.2383 0.4282 0.3917 0.6711 5.0911 4.5273 4.6491 2.0853 0.9223 4.4847
1.1771 1.1244 5.7315 1.3617 6.0895 0.2280 4.5949 4.4749 5.8830 0.3987 5.0125 4.1041 4.4923 5.7507 6.1641 1.0658 4.8654 5.0809 0.1476 1.2201
3.8487 3.9120 4.2749 4.3033 4.1506 4.0443 5.4401 1.1657 4.5664 3.2185 4.9737 6.0549 6.0172 4.9277 5.4453 3.7908 4.1731 4.0220 1.6483 3.1271
3.0198 0.7580 3.8503 0.3075 5.4840 6.2563 5.8140 5.6365 5.9426 5.6263 0.1661 3.8240 4.5216 1.0887 0.1672 0.8331 2.2473 1.1186 1.8323 5.3400
2.6901 3.4314 3.4054 4.7997 3.0585 2.5006 4.0915 2.4054 5.3198 5.0411 0.2136 1.6122 5.1450 5.6196 1.1187 1.3975 2.0235 2.2481 2.5008 3.3853
1.3617 2.1777 3.5735 3.5210 3.5466 5.1566 4.3421 4.8540 5.5569 4.2654 4.0847 2.6272 3.3333 4.9170 4.7894 5.7847 2.5665 2.8099 2.0356 1.5308
4.1175 4.6064 4.7517 0.3660 4.4133 1.1601 2.3856 0.3192 5.3587 4.7303 3.7212 3.7807 0.8620 3.0277 4.1122 2.5689 1.9991 0.3274 4.4799 4.8598
1.4030 3.1156 3.5409 3.2245 4.8726 4.6927 2.5704 3.2597 3.8854 1.9561 2.0033 1.3694 2.1240 5.7750 4.6357 3.9233 3.7847 2.9790 5.4902 0.6434
0.8686 3.8484 3.5636 3.4606 1.0657 1.3578 5.0467 4.2134 5.5456 5.1343 0.8641 3.9455 1.9219 1.4419 4.7292 1.5095 1.5960 6.2619 5.6535 5.1357
0.9572 1.1695 3.0736 6.2821 0.3273 5.4642 5.9973 1.3961 0.5211 1.0140 1.7311 1.6876 1.5674 1.8871 3.1399 3.2204 3.0852 4.2199 4.8882 1.9400
5.2248 4.0406 3.8075 2.2305 1.8187 2.0452 0.5117 5.1950 5.9861 5.8572 6.1646 4.9139 4.9419 5.2785 0.3228 1.2611 2.4392 6.1657 5.3566 4.8260
