3.1979 2.2839 4.0135 4.3869 4.4033 3.0332 0.6790 1.5044 3.9376 3.6507 3.7368 2.8703 2.3592 1.5422 1.5278 2.3141 2.0238 3.4336 3.0863 3.2400
1.6264 1.9527 0.6842 1.6363 3.0961 5.0339 5.9841 3.4163 4.7795 0.3973 5.5701 6.0791 5.6593 3.9548 5.1816 4.3071 2.0260 1.0496 3.1560 1.2389
5.2272 3.7117 3.9501 2.8566 1.6156 3.2825 5.1331 0.0182 4.4279 4.0127 4.5832 3.1034 0.6522 5.7510 0.7997 0.9781 2.5908 4.2347 3.2723 3.9169
0.7670 1.6590 3.0504 1.8201 0.9662 0.4238 0.7008 1.6985 2.1180 0.3291 6.1727 0.3154 0.6571 1.0336 5.3126 5.6129 3.4326 3.5210 0.4391 2.6775
5.5634 4.4343 1.7895 1.3731 1.2408 1.1432 5.6251 4.9883 3.8028 3.3406 3.6160 3.3109 2.0079 1.7138 2.0912 1.6025 1.0840 1.4383 6.1806 5.7356
0.9810 2.2099 5.2953 5.5610 3.4605 0.9018 3.4792 3.4067 4.1377 3.2599 3.5557 3.0774 2.7767 2.8106 2.7490 2.3510 2.0117 4.6398 0.9901 1.0149
3.5527 0.4041 5.8305 4.6379 3.5611 3.1385 3.1759 2.7293 4.0333 4.7295 2.3415 1.4312 3.5915 4.5109 1.9014 0.6446 1.5490 1.2943 0.6372 1.9119
4.3830 3.8320 5.8760 6.1202 4.2534 5.5419 5.8573 4.9081 4.8996 4.0470 3.2485 3.7452 5.7235 0.3771 0.8714 1.0750 5.7731 5.8254 5.9150 4.4709
5.2398 6.2592 0.4002 3.2863 3.5743 3.8584 6.1585 2.6617 3.9092 5.4354 3.0566 5.6915 5.1934 3.1768 1.3293 0.8567 0.8324 1.4719 0.5530 0.4710
2.2898 2.0288 6.0362 0.1132 0.2781 0.2901 4.6525 4.0505 3.8905 4.0022 2.6082 4.6260 5.9197 6.0467 0.1395 2.1241 1.8039 0.9177 0.9893 5.4530
4.9001 5.1528 4.5591 2.9257 1.7248 3.8655 3.9546 1.5587 2.3831 1.4463 1.9374 0.6392 5.7848 2.8390 1.6971 6.0618 1.9899 2.4081 1.6148 2.1373
4.3299 6.2138 5.3451 5.6030 2.9592 1.6831 3.5211 3.9881 3.5055 3.5182 3.8478 4.6109 6.2318 4.8427 1.9023 3.8685 2.8277 3.6978 2.3678 4.2053
3.9225 2.5784 2.9463 2.1015 2.7189 4.7003 4.5774 0.5609 3.2462 5.2779 3.9973 1.4763 1.0533 1.2232 1.2229 1.0278 1.0518 0.6559 1.1376 6.2154
3.6339 1.2990 1.4281 1.3126 3.4927 2.5597 3.7909 3.7880 2.5828 1.4347 6.0533 4.4540 1.3739 1.0348 2.5028 3.5788 2.8724 0.9143 2.7941 3.3944
5.2442 3.6397 4.3910 3.8470 3.4844 5.1272 3.6925 5.8617 2.9977 4.0380 4.4439 3.0331 5.9471 3.7170 3.9080 2.4149 2.5912 3.7651 2.8252 0.7368
5.2231 0.1849 1.7803 5.1925 4.3218 5.3204 4.9038 5.1474 2.4324 0.9680 3.9505 5.7705 5.8544 0.0795 4.1061 4.4085 2.7018 1.6325 2.4671 3.8749
4.6568 3.3830 2.0917 2.9311 5.0134 0.1631 0.2622 0.9478 2.7906 3.9604 2.6076 2.5007 1.6711 2.9911 4.3952 2.2125 5.5922 6.1611 1.5865 0.9984
0.7611 5.8262 1.5204 0.0543 5.5025 4.6085 5.4752 3.6088 3.6839 2.0344 3.0998 5.8654 0.5308 6.1914 0.3775 1.0168 4.9560 2.6140 4.6278 4.9822
1.4921 3.7462 3.8275 3.4738 5.2692 1.5401 5.0874 5.0717 3.4125 1.7342 2.7584 2.4031 1.2376 2.7727 2.8834 1.4709 1.4898 0.8478 4.5698 0.8444
1.1986 6.1700 5.4987 1.3277 0.3214 5.8508 6.2477 5.1507 3.9230 5.6057 4.4968 0.5124 1.5515 0.9055 1.9686 3.7135 2.4618 3.0361 3.8638 2.4035
