0.8123 0.7176 2.0433 0.8404 4.6691 4.3910 5.0496 5.9110 4.7588 4.1795 2.0539 4.1565 5.2547 2.9291 1.4174 5.4347 4.4105 6.1854 5.4658 0.6973
2.6701 5.5773 5.4107 3.2492 4.1586 3.0075 4.3805 6.1683 0.0326 0.7804 1.0119 4.7553 4.8113 5.9915 1.1949 0.6902 2.5922 2.2922 4.1805 4.6134
1.6544 2.3383 0.0811 6.1721 5.8846 5.6080 6.2427 0.6871 0.2248 2.3458 2.0916 1.9915 1.5825 3.4346 2.0510 2.3170 4.1624 4.5048 4.3246 6.1158
4.1083 4.2663 5.7332 5.0384 4.2497 3.3524 4.1997 4.3420 5.1376 5.4941 3.6606 1.7537 1.5267 1.6387 2.8114 2.6765 4.2116 2.4437 3.2817 3.4731
2.6244 1.5727 0.0779 3.6211 4.5899 0.2317 4.2474 0.5486 5.7324 1.2428 0.8094 0.5867 1.2485 1.4105 0.9377 0.4718 5.2658 1.2579 2.1166 2.0730
2.9722 1.8893 6.0648 4.6495 4.5243 3.6351 4.8037 4.1793 5.2584 5.5760 4.9164 4.8839 4.9715 3.7011 3.9437 4.8701 5.1190 4.2000 2.4784 4.8877
2.8559 0.3248 0.5476 0.5780 2.3679 5.4813 3.9238 4.7308 4.7095 4.2310 5.0651 1.0615 1.8587 1.0911 3.1776 1.1688 0.1199 2.0198 1.6714 1.9313
5.2771 4.8732 6.0185 4.5358 5.9587 5.0651 5.5412 0.0716 4.9069 5.9140 5.1505 3.5450 2.2919 2.9028 3.9179 4.4229 4.1786 3.8907 1.5368 3.1547
6.2290 3.2423 0.9986 0.6335 0.1999 5.3721 5.0387 5.3658 0.1652 0.9361 0.8202 0.7630 5.8742 5.8974 4.6437 5.0284 4.9793 0.6182 0.6996 0.6387
5.7992 0.0184 4.8030 5.7851 5.3445 4.9906 5.6327 5.4716 5.3961 5.2938 4.1660 2.6764 1.3765 0.6562 3.4592 2.2979 3.2483 3.8266 5.2961 5.5097
4.9793 5.3223 4.8339 5.2988 4.4340 5.6458 5.6124 1.4792 3.0839 2.9961 3.7307 1.3009 1.1557 4.3594 4.4941 5.1638 0.2556 6.1937 6.0044 5.1621
4.8151 2.9109 2.5582 3.1320 4.2545 3.4735 4.3835 4.1776 2.5207 4.2587 3.3084 2.7704 1.5464 5.1898 3.7162 2.5255 2.3046 3.8326 6.2529 0.9276
3.8967 3.2816 2.1508 2.0543 1.5063 1.8794 4.3798 1.1188 3.1926 1.2808 1.1958 1.0809 1.0140 2.6591 2.5791 2.4544 1.2981 0.7444 5.2938 4.6205
2.8017 0.6927 2.6320 3.3462 5.4224 4.5633 3.9857 4.1882 4.4346 3.3505 5.3283 4.9127 6.1925 5.5731 5.6565 1.1568 5.1311 3.5187 2.5915 3.0281
2.2677 2.7647 3.4559 1.1590 2.8842 2.5903 3.3621 6.2772 4.8098 5.6468 4.2506 0.0875 0.0065 0.1018 4.7176 4.6310 1.1254 0.1871 2.8950 1.9643
5.1630 5.2655 3.9477 3.6467 4.1103 4.9295 5.5507 4.1937 2.2069 2.7465 4.3458 4.7475 4.4464 4.5985 5.2132 1.1709 0.7864 3.2124 2.3003 5.4349
4.9857 3.1722 3.6514 5.9221 5.3369 1.5582 5.3775 0.5439 1.7308 2.9313 0.5426 1.5957 2.3552 2.6579 3.5262 2.0767 1.1438 2.8997 3.2830 3.2544
5.4085 1.2050 2.9592 4.1915 6.1496 5.4692 5.5775 4.3705 1.6510 0.3660 1.8362 0.6763 5.8481 6.2440 2.4589 4.9865 5.4079 0.2042 4.8535 4.8180
6.0774 0.5215 1.2499 6.2573 2.9448 5.3951 0.8481 5.9502 4.6215 3.8021 3.3747 4.4107 3.1821 3.2731 2.5140 3.7353 4.9662 3.7590 4.7952 5.0859
5.3127 4.0112 2.0233 2.0331 2.3940 2.0467 1.6769 2.4428 2.7575 0.8399 0.9397 0.8046 5.5715 5.8942 1.6647 4.3674 4.4229 5.4639 5.3829 1.5887
