2.7718 3.8070 2.0018 1.1295 3.0165 2.9540 3.0759 2.9047 3.5473 4.1491 4.3050 3.3952 3.4588 5.7040 0.3092 5.6427 5.7825 4.3827 1.2450 3.8318
0.8279 1.2129 0.2243 5.6746 5.7797 5.5199 5.4469 5.5795 4.2398 4.5729 5.4998 1.3694 0.2766 0.8195 5.1771 1.8698 1.3949 2.5991 0.9375 5.8405
4.7233 4.3398 0.9842 1.5286 1.3663 3.1879 4.6131 4.8273 3.1711 2.8049 1.2642 0.4329 0.6747 3.9404 5.4944 5.3914 0.4154 6.2555 6.1347 5.3926
1.3757 1.9953 0.8700 5.7560 0.7755 0.6979 0.4009 2.0996 2.8821 3.3736 2.3108 3.1898 2.8517 1.3485 2.7744 2.7943 1.4137 5.2375 3.4929 1.3328
1.0307 6.1723 0.2311 0.7588 4.9674 5.3410 0.6053 2.9999 3.5686 0.4458 0.0686 0.6166 2.4957 4.5217 4.0170 5.1363 2.8132 0.8855 0.8221 3.4346
0.6459 0.7063 6.1484 4.6093 3.0081 2.7484 2.0103 1.4464 3.2736 5.5835 5.8841 2.6324 3.5360 3.1963 3.0821 3.2661 3.6031 3.7366 1.0328 5.6295
0.7775 1.7249 0.6349 2.0425 2.8143 2.8990 2.5203 5.4815 4.0826 5.7981 6.0716 4.5885 5.3260 1.0704 5.3896 6.0765 5.9124 5.7914 0.0916 0.1897
3.9686 4.8685 5.9820 0.5728 1.6585 4.8195 0.8931 2.3055 3.2525 3.0341 1.4653 1.4057 3.1718 6.1785 0.2401 4.2990 3.6250 3.7369 4.1904 3.6918
4.4994 3.5791 5.4323 4.4225 0.2838 0.2068 0.6536 5.9478 5.1900 3.6997 2.5462 1.8781 3.0859 2.2572 0.2535 6.1447 4.2985 6.0791 5.1474 5.8168
4.3644 1.5415 0.3799 2.7766 1.7765 2.7212 1.7574 2.8044 3.1990 1.9032 3.3233 4.1827 3.9295 4.4721 0.2526 4.6696 5.1504 2.8437 5.3941 4.1108
5.6447 5.2304 1.0219 1.4824 0.7545 0.6344 2.5294 0.7396 5.4350 3.3534 3.6200 1.5041 2.4369 1.3884 1.7468 1.5798 0.9755 0.6389 5.3739 6.0787
3.6903 4.0070 5.9623 5.6409 0.7851 3.5342 2.4933 3.3891 2.8329 4.6457 4.1270 2.3738 2.6087 3.7946 2.8006 3.6441 5.8573 0.6429 6.2318 4.3806
2.9515 3.5128 5.7227 3.5881 4.5248 2.2520 1.4078 1.0666 1.0224 2.3433 4.4905 1.6407 3.1740 1.8571 2.1214 6.0352 0.1748 0.0856 0.6422 2.6074
1.1336 0.1344 5.7775 0.4912 0.5055 5.9050 3.0847 3.1167 1.8251 4.8072 5.2725 6.1297 0.7911 4.2503 4.3901 4.5824 0.0785 5.8967 0.7017 0.1663
0.0155 4.8969 5.7677 4.4492 5.9552 2.5689 2.3180 3.7756 5.0836 0.4068 0.7584 1.1864 1.2357 2.1779 5.1113 1.6832 1.2319 1.2203 0.5137 1.6325
1.1141 0.9876 0.6345 0.9785 5.1751 0.0624 6.1226 5.8535 0.1215 4.8844 5.4838 2.2633 1.5401 6.2599 5.9625 4.5254 4.2334 4.3925 6.2195 5.3787
0.5802 5.2158 5.5982 3.6367 4.9650 2.8978 3.8253 2.9681 5.2144 2.4927 2.9440 3.0330 3.4837 2.4728 1.8385 1.5486 5.5661 5.6168 5.9511 1.7726
1.5204 1.0098 5.3008 5.6410 4.9815 5.6075 4.4651 6.0690 5.5917 5.3720 0.1116 1.9350 0.4799 1.1516 3.3407 0.8338 0.6985 2.6439 4.2211 1.2623
2.1122 4.1693 4.2751 1.4722 1.6840 2.8623 2.8576 3.2242 3.6733 5.8331 5.6093 1.0846 2.1896 4.6411 4.4413 4.9755 4.7501 5.0331 5.2519 4.3735
1.8401 1.9239 2.5544 4.5871 3.9875 4.1188 3.2655 0.0062 3.9717 2.7291 4.2698 5.4964 3.0958 2.2496 2.6987 2.5991 5.3997 1.1761 0.9904 1.5616
