5.7799 4.3182 4.8755 2.9288 2.5726 1.7940 1.6070 1.4155 2.4425 0.4581 5.8394 0.8855 1.1808 2.2047 2.8458 4.0386 4.1750 5.7472 0.8847 6.1165
6.1787 5.3459 5.5322 5.4922 1.6994 4.8325 2.6752 5.0007 4.8013 5.5751 5.5116 6.2589 6.0032 3.5774 3.9650 3.7380 3.6062 3.3123 1.8919 4.2697
1.6178 0.9631 6.0893 0.3615 2.0952 2.5111 2.0525 3.6994 0.5694 1.8661 4.3744 3.5796 1.8038 5.4983 3.8729 4.2182 4.3970 5.2204 1.6091 1.2859
0.9998 4.7991 5.6647 4.5570 3.3417 3.8411 1.4424 1.2099 1.1340 4.4043 5.2417 5.7764 3.9926 3.4552 3.2680 2.9846 6.0210 2.8095 0.4827 4.6803
1.1758 1.3183 0.2346 0.5703 3.0694 4.8359 2.8686 3.5318 0.6036 1.8654 2.7920 4.1230 3.9862 0.5347 0.9528 0.0955 0.9084 5.3775 5.6348 0.2527
0.2437 4.7590 5.6532 3.1335 2.8755 1.5104 6.0130 6.2216 0.8997 1.4988 1.9768 2.1944 2.6411 2.8861 2.3058 5.5671 3.3537 1.4210 0.6899 0.8546
2.3253 0.3718 5.9539 1.2767 2.2654 4.4508 1.1586 3.0094 0.4324 0.4001 1.8063 3.8345 2.6126 4.3697 3.6159 4.3286 2.4710 1.9056 1.9472 2.4380
3.3331 2.6755 4.7774 5.2491 0.2827 1.7244 0.8952 0.1556 0.9327 1.6699 1.5151 0.2645 2.4874 1.8443 2.4657 0.7655 1.8999 1.5976 1.8847 4.6807
1.6418 5.0083 4.4981 3.0913 4.9030 3.6191 2.5305 4.0682 3.0063 4.8829 4.2958 3.8870 3.7819 3.9907 4.2565 3.4904 3.0863 3.3143 2.0874 2.8229
5.7374 5.6726 5.7523 5.5684 2.6579 2.5590 1.7127 2.5236 2.0122 1.8184 0.2539 4.9414 3.9451 2.2613 2.3421 2.5212 1.5211 0.8537 1.4761 5.8498
0.8004 1.4263 2.1637 1.3687 1.9961 0.8626 2.2412 6.0955 5.3296 6.0408 0.6590 1.5815 1.2943 2.4750 1.6209 1.0375 1.8306 3.0843 1.7967 2.4400
3.6896 2.9129 3.6232 3.4854 1.9254 3.5989 3.7835 2.3603 3.1901 1.6459 2.0417 2.6134 1.9152 4.6078 4.1833 3.8137 4.4762 3.9319 1.5412 3.0924
5.9799 5.4905 2.6553 5.1996 4.2985 5.9663 4.1467 0.5239 2.8778 1.4052 3.2293 5.2811 1.7648 4.7121 4.1996 0.8221 2.2813 4.3694 4.9914 5.6266
2.5388 2.6476 2.7662 3.1910 3.7598 3.4084 3.5674 3.2713 3.3535 4.7589 2.3699 2.5164 1.7984 1.7395 5.6417 4.3758 4.0198 3.5829 4.9955 4.7252
0.2801 6.1105 0.2117 4.6622 3.5374 3.5060 3.2554 3.0935 3.5158 2.4647 3.3564 2.9427 2.6488 3.4179 3.5612 2.8583 0.6714 0.4274 5.0742 1.8704
0.0741 4.7788 5.8935 0.7645 4.4185 3.3944 2.9175 5.9554 4.6984 4.9490 4.3932 5.2565 5.7409 5.9238 4.4838 5.6487 5.8755 3.7280 0.0087 4.7656
2.2412 6.2390 0.6049 2.5538 4.5824 0.2199 4.5666 3.3499 5.6056 1.6042 4.7195 2.8441 4.9427 3.2686 3.1178 2.8069 5.2639 0.0414 0.7719 0.9798
4.8745 6.0563 0.8073 0.1353 2.9852 3.2244 2.9488 1.2260 1.1489 4.1086 4.5459 4.2226 2.3352 1.0314 2.2054 1.0817 5.0249 4.5390 1.1586 3.9211
6.2743 1.5074 0.8863 3.0987 3.1443 0.7177 3.5555 3.3951 2.5813 0.0712 6.1202 6.1108 0.8208 1.3003 2.0121 5.3757 0.5719 0.9006 1.2418 6.0180
0.1018 0.3303 1.5232 4.6018 3.4585 4.2892 2.9773 2.5738 2.6042 3.6747 4.3678 3.3775 1.4243 2.1194 1.6013 0.5436 0.8735 2.5060 1.3132 2.3627
