4.0847 0.7394 1.1678 3.7245 3.5136 5.2594 6.0728 0.4702 0.9273 6.1899 1.2413 4.5353 4.9498 6.1397 0.4710 5.0701 5.8004 6.1799 4.2928 4.6337
2.8828 3.3547 4.2000 2.2916 2.4653 1.5762 6.0819 1.9810 1.7658 3.4084 3.5388 4.5445 5.6250 5.1839 0.5957 6.2368 2.7297 1.8347 3.0555 3.5877
1.2747 4.8555 4.3461 4.8274 4.5908 0.1368 0.2608 1.1067 1.4025 0.2663 1.2619 0.3396 5.4433 4.5980 1.9330 3.2919 2.5183 2.1732 2.0919 0.9026
2.2738 1.3406 0.1437 1.7237 2.8345 4.8225 4.2258 4.8061 1.9346 2.6283 2.1361 3.2901 4.1869 5.8844 0.0865 6.2699 0.5898 5.9093 1.4381 5.7293
1.8619 4.8583 6.0977 3.0330 3.3458 2.1572 2.6855 1.9250 1.5803 0.4027 1.7104 0.0424 4.5145 3.7457 0.4299 3.5034 0.9600 2.5622 2.2371 3.2815
5.9965 1.2296 0.8291 0.6299 2.0569 1.9029 1.4205 1.7490 0.7156 2.0507 1.6035 2.6723 2.5096 1.3980 2.0003 1.6375 2.9254 2.4532 2.2574 0.7344
5.7134 4.6450 1.6929 0.1006 2.5796 1.9019 1.2023 1.3588 0.8418 2.4439 4.7211 0.6060 5.2073 5.1237 5.8531 5.2301 1.8094 1.5160 0.7716 3.5550
0.5859 0.8585 2.3820 3.1391 3.2534 5.7159 0.1055 6.1481 0.1190 5.9570 4.7052 5.4853 5.0304 5.3367 0.1863 1.2915 2.3483 5.0930 5.5476 5.9218
2.6052 3.3945 1.2120 1.0679 5.9078 2.0799 0.2171 0.6923 1.8994 3.4260 5.7306 3.0754 3.3975 2.5346 1.6202 1.6646 3.3834 2.3807 4.0851 3.2334
0.7546 0.9693 4.6363 5.3120 6.0769 5.7914 4.5619 4.9458 2.8998 1.9361 5.9994 0.6460 4.4006 5.4083 5.6431 4.1725 3.3397 3.7734 4.3307 1.2223
3.9137 2.7481 2.8704 1.5355 0.1917 0.3525 3.0636 1.9507 3.1404 5.9560 5.8718 5.6519 0.0341 3.7549 1.1030 2.4102 1.9920 0.7987 3.6886 3.4696
3.6000 4.1004 4.2274 3.7498 2.9073 4.9684 4.6345 4.0031 3.0600 3.0253 4.0774 3.8292 5.6896 0.4469 6.2727 6.2670 6.1234 3.1464 3.2448 2.6294
2.9391 5.9596 5.6329 0.5906 1.2256 0.3729 1.4747 1.3406 3.0777 0.8116 4.3100 4.0661 2.3097 2.2904 5.8785 3.3161 4.8504 6.1089 4.2902 3.0661
2.3046 2.4830 3.5340 1.5572 1.8740 2.6573 1.8729 3.0559 1.2541 3.0031 3.6263 2.0320 2.3411 2.8355 5.2765 0.3884 6.2235 4.2164 5.3433 5.5919
3.1213 4.7423 5.1064 3.9640 4.6074 4.8721 0.5215 5.2150 5.5078 4.6743 3.9413 3.6344 3.3491 3.1455 5.2478 5.8407 0.2530 0.9945 2.0959 3.2038
1.2020 1.9648 6.1904 1.8012 3.7822 6.2005 0.0224 4.9360 5.6407 5.8775 0.4561 0.9942 1.9554 5.7026 5.7463 5.4917 0.6014 2.0055 1.2675 0.3522
0.3859 5.0670 4.7026 3.7966 3.0540 3.1697 1.8972 2.3172 6.0482 2.4903 2.6496 2.7284 1.9213 2.1833 5.1290 5.7380 6.1758 3.8945 1.7516 2.8257
1.6169 1.5364 1.0288 0.9315 2.2879 1.0310 0.7144 5.4223 4.9775 0.1063 0.3790 0.5169 0.5033 4.6637 5.9561 3.2675 0.6659 2.0373 2.4531 3.2214
5.8763 6.1710 3.7300 3.6022 3.6718 2.0681 1.1367 0.2822 4.1458 4.1452 1.7981 6.0839 5.2511 5.6188 4.5584 1.6964 0.0794 4.9304 5.2868 5.3718
4.3200 4.5062 0.8155 1.4381 3.5589 3.9156 2.8343 3.1804 3.9332 3.1851 2.4786 2.2745 5.0243 1.7983 1.3819 2.6316 2.2554 3.1783 4.4688 3.7073
