0.5 1.0
0.5 2.0
0.5 3.0
0.0 3.5
0.0 5.5
0.5 7.0
0.0 7.5
0.5 8.0
0.5 9.0
0.0 9.5
0.5 10.0
0.0 11.5
0.5 12.0
0.0 12.5
0.5 13.0
0.0 14.5
0.0 15.5
0.5 17.0
0.0 17.5
0.0 19.5
0.0 20.5
0.5 21.0
0.0 21.5
0.5 23.0
0.0 24.5
0.0 25.5
0.0 26.5
0.5 28.0
0.5 29.0
0.0 29.5
0.0 30.5
0.5 32.0
0.5 33.0
0.0 33.5
0.5 34.0
0.5 35.0
0.5 36.0
0.5 37.0
0.5 38.0
0.0 38.5
0.5 39.0
0.0 39.5
0.0 40.5
0.5 41.0
0.0 42.5
0.0 43.5
0.5 44.0
0.5 45.0
0.0 45.5
0.5 47.0
0.5 48.0
0.5 49.0
0.0 49.5
1.5 0.0
1.0 0.5
1.5 2.0
1.0 3.5
1.5 4.0
1.5 5.0
1.0 5.5
1.0 6.5
1.5 8.0
1.5 9.0
1.0 10.5
1.5 11.0
1.0 12.5
1.0 14.5
1.0 15.5
1.5 16.0
1.0 17.5
1.5 18.0
1.5 19.0
1.0 19.5
1.0 20.5
1.5 22.0
1.0 22.5
1.5 24.0
1.0 24.5
1.5 25.0
1.0 25.5
1.0 26.5
1.0 27.5
1.5 29.0
1.5 30.0
1.0 30.5
1.0 31.5
1.0 33.5
1.0 34.5
1.5 36.0
1.0 36.5
1.5 37.0
1.5 38.0
1.0 38.5
1.0 39.5
1.5 40.0
1.0 41.5
1.0 42.5
1.0 43.5
1.5 45.0
1.5 46.0
1.5 48.0
1.0 49.5
2.5 1.0
2.0 1.5
2.5 3.0
2.0 3.5
2.0 5.5
2.0 6.5
2.0 7.5
2.5 9.0
2.5 10.0
2.0 10.5
2.5 12.0
2.0 12.5
2.0 13.5
2.5 14.0
2.0 15.5
2.5 17.0
2.0 17.5
2.0 19.5
2.0 20.5
2.0 21.5
2.5 23.0
2.0 23.5
2.5 25.0
2.0 25.5
2.5 26.0
2.5 27.0
2.0 27.5
2.5 28.0
2.0 29.5
2.0 31.5
2.5 32.0
2.5 33.0
2.0 33.5
2.0 34.5
2.5 35.0
2.5 36.0
2.5 37.0
2.0 38.5
2.5 39.0
2.0 40.5
2.0 41.5
2.0 42.5
2.5 43.0
2.5 44.0
2.0 44.5
2.0 45.5
2.0 47.5
2.5 49.0
2.0 49.5
3.5 0.0
3.0 0.5
3.0 1.5
3.5 2.0
3.5 3.0
3.5 4.0
3.0 4.5
3.0 5.5
3.0 6.5
3.0 7.5
3.5 8.0
3.0 9.5
3.5 11.0
3.0 11.5
3.5 13.0
3.0 13.5
3.0 14.5
3.5 15.0
3.5 16.0
3.0 16.5
3.0 17.5
3.0 18.5
3.0 19.5
3.5 20.0
3.5 21.0
3.0 21.5
3.5 22.0
3.0 23.5
3.5 25.0
3.5 26.0
3.5 27.0
3.5 28.0
3.0 28.5
3.0 29.5
3.5 30.0
3.0 31.5
3.0 33.5
3.0 34.5
3.5 36.0
3.5 37.0
3.0 37.5
3.0 38.5
3.5 40.0
3.0 40.5
3.0 41.5
3.5 42.0
3.0 43.5
3.0 44.5
3.0 45.5
3.0 46.5
3.5 47.0
3.0 47.5
3.0 48.5
4.0 0.5
4.5 1.0
4.0 2.5
4.0 4.5
4.5 5.0
4.0 5.5
4.5 6.0
4.0 6.5
4.5 9.0
4.0 9.5
4.0 10.5
4.0 11.5
4.5 12.0
4.5 13.0
4.0 14.5
4.0 15.5
4.0 16.5
4.5 17.0
4.5 18.0
4.0 18.5
4.5 19.0
4.5 20.0
4.0 20.5
4.5 21.0
4.0 22.5
4.5 23.0
4.5 24.0
4.0 24.5
4.5 25.0
4.0 26.5
4.0 28.5
4.5 29.0
4.5 30.0
4.5 31.0
4.0 31.5
4.5 32.0
4.5 33.0
4.0 33.5
4.0 34.5
4.0 35.5
4.5 37.0
4.5 38.0
4.0 38.5
4.5 39.0
4.0 40.5
4.0 41.5
4.5 43.0
4.0 43.5
4.5 45.0
4.0 45.5
4.5 46.0
4.0 47.5
4.5 48.0
4.5 49.0
5.5 0.0
5.0 0.5
5.0 1.5
5.5 2.0
5.5 3.0
5.0 3.5
5.5 4.0
5.0 4.5
5.5 5.0
5.0 6.5
5.5 7.0
5.5 8.0
5.0 8.5
5.5 10.0
5.0 10.5
5.0 11.5
5.5 13.0
5.0 14.5
5.5 15.0
5.5 16.0
5.0 16.5
5.5 18.0
5.5 20.0
5.0 21.5
5.5 22.0
5.5 23.0
5.5 24.0
5.5 25.0
5.5 26.0
5.0 26.5
5.5 28.0
5.0 28.5
5.5 30.0
5.5 31.0
5.5 32.0
5.0 33.5
5.0 34.5
5.0 35.5
5.5 36.0
5.5 37.0
5.5 38.0
5.5 40.0
5.0 40.5
5.5 41.0
5.5 42.0
5.0 42.5
5.5 44.0
5.0 44.5
5.5 46.0
5.5 47.0
5.0 47.5
5.5 49.0
5.0 49.5
6.0 0.5
6.5 1.0
6.5 2.0
6.5 3.0
6.0 4.5
6.5 6.0
6.0 6.5
6.0 8.5
6.5 9.0
6.0 10.5
6.0 11.5
6.5 12.0
6.0 12.5
6.5 13.0
6.5 14.0
6.0 14.5
6.0 16.5
6.0 17.5
6.5 19.0
6.5 20.0
6.5 21.0
6.5 22.0
6.0 22.5
6.0 24.5
6.0 26.5
6.5 27.0
6.0 28.5
6.5 31.0
6.5 32.0
6.0 32.5
6.5 33.0
6.5 34.0
6.0 34.5
6.5 35.0
6.5 37.0
6.0 38.5
6.0 40.5
6.0 42.5
6.5 43.0
6.0 44.5
6.0 45.5
6.0 47.5
6.5 48.0
6.5 49.0
7.0 0.5
7.5 2.0
7.0 3.5
7.0 4.5
7.5 5.0
7.5 6.0
7.0 7.5
7.5 8.0
7.0 9.5
7.5 10.0
7.5 11.0
7.0 11.5
7.5 13.0
7.0 14.5
7.0 15.5
7.0 16.5
7.5 17.0
7.5 18.0
7.5 20.0
7.0 21.5
7.5 23.0
7.5 24.0
7.0 24.5
7.0 25.5
7.5 26.0
7.0 27.5
7.0 28.5
7.5 29.0
7.5 30.0
7.0 30.5
7.5 32.0
7.0 33.5
7.0 34.5
7.0 35.5
7.5 36.0
7.0 37.5
7.0 38.5
7.5 39.0
7.0 39.5
7.5 40.0
7.0 41.5
7.5 42.0
7.5 43.0
7.5 44.0
7.0 44.5
7.0 45.5
7.5 47.0
7.0 47.5
7.0 49.5
8.5 0.0
8.0 0.5
8.5 1.0
8.0 2.5
8.5 3.0
8.5 4.0
8.0 4.5
8.0 6.5
8.0 8.5
8.0 9.5
8.5 12.0
8.0 13.5
8.5 14.0
8.5 15.0
8.0 15.5
8.0 16.5
8.0 18.5
8.5 19.0
8.0 20.5
8.0 21.5
8.0 22.5
8.0 24.5
8.5 25.0
8.5 26.0
8.0 26.5
8.0 27.5
8.5 28.0
8.0 28.5
8.5 30.0
8.5 31.0
8.0 31.5
8.5 33.0
8.0 33.5
8.0 34.5
8.0 35.5
8.5 37.0
8.0 37.5
8.5 38.0
8.0 38.5
8.0 40.5
8.0 42.5
8.0 44.5
8.0 45.5
8.0 46.5
8.5 48.0
8.0 48.5
8.5 49.0
8.0 49.5
9.5 0.0
9.0 1.5
9.5 3.0
9.0 4.5
9.5 5.0
9.0 6.5
9.0 7.5
9.5 9.0
9.0 9.5
9.0 10.5
9.5 13.0
9.0 13.5
9.5 15.0
9.5 16.0
9.5 17.0
9.0 17.5
9.0 18.5
9.5 20.0
9.0 20.5
9.0 21.5
9.0 22.5
9.5 23.0
9.5 24.0
9.0 24.5
9.0 26.5
9.0 27.5
9.0 28.5
9.5 29.0
9.0 31.5
9.0 33.5
9.5 34.0
9.5 35.0
9.0 35.5
9.0 36.5
9.5 37.0
9.5 38.0
9.5 39.0
9.5 40.0
9.0 40.5
9.0 41.5
9.5 42.0
9.5 43.0
9.0 43.5
9.0 44.5
9.0 45.5
9.0 46.5
9.0 47.5
9.5 49.0
10.0 0.5
10.0 1.5
10.0 3.5
10.5 4.0
10.5 5.0
10.0 5.5
10.0 6.5
10.5 7.0
10.5 8.0
10.0 9.5
10.0 10.5
10.5 11.0
10.0 11.5
10.0 12.5
10.5 13.0
10.5 14.0
10.0 14.5
10.0 16.5
10.5 18.0
10.0 18.5
10.0 19.5
10.0 20.5
10.5 22.0
10.0 22.5
10.5 24.0
10.5 25.0
10.0 25.5
10.5 26.0
10.5 27.0
10.0 27.5
10.0 28.5
10.5 30.0
10.0 30.5
10.0 31.5
10.5 32.0
10.0 32.5
10.5 33.0
10.5 34.0
10.0 35.5
10.5 36.0
10.5 37.0
10.0 38.5
10.5 40.0
10.5 41.0
10.0 41.5
10.5 42.0
10.5 43.0
10.0 44.5
10.0 45.5
10.5 46.0
10.5 47.0
10.0 47.5
10.5 48.0
10.5 49.0
11.0 0.5
11.5 1.0
11.5 2.0
11.0 2.5
11.5 3.0
11.5 5.0
11.5 6.0
11.0 6.5
11.5 8.0
11.5 9.0
11.0 9.5
11.0 10.5
11.0 11.5
11.0 13.5
11.5 15.0
11.0 15.5
11.5 17.0
11.0 17.5
11.5 18.0
11.5 19.0
11.0 19.5
11.0 20.5
11.0 21.5
11.0 22.5
11.0 23.5
11.5 25.0
11.5 26.0
11.0 27.5
11.5 28.0
11.5 29.0
11.0 29.5
11.0 30.5
11.5 31.0
11.0 32.5
11.5 34.0
11.5 35.0
11.5 36.0
11.0 36.5
11.0 38.5
11.0 39.5
11.0 41.5
11.5 44.0
11.0 44.5
11.0 45.5
11.5 47.0
11.5 48.0
11.0 49.5
12.5 0.0
12.5 1.0
12.5 2.0
12.5 3.0
12.0 4.5
12.0 6.5
12.5 7.0
12.0 9.5
12.5 10.0
12.0 10.5
12.0 11.5
12.0 12.5
12.0 13.5
12.0 14.5
12.5 15.0
12.5 16.0
12.5 17.0
12.0 17.5
12.5 19.0
12.5 20.0
12.0 20.5
12.5 21.0
12.0 21.5
12.5 22.0
12.0 22.5
12.5 23.0
12.5 24.0
12.0 24.5
12.0 26.5
12.0 27.5
12.0 29.5
12.5 30.0
12.5 31.0
12.5 32.0
12.0 32.5
12.5 33.0
12.5 34.0
12.5 35.0
12.5 36.0
12.5 37.0
12.0 37.5
12.5 38.0
12.0 38.5
12.0 39.5
12.0 40.5
12.0 41.5
12.0 42.5
12.0 43.5
12.5 45.0
12.0 45.5
12.5 46.0
12.5 47.0
12.5 48.0
12.5 49.0
12.0 49.5
13.0 0.5
13.0 2.5
13.5 4.0
13.0 4.5
13.0 5.5
13.5 6.0
13.5 7.0
13.5 8.0
13.0 8.5
13.0 9.5
13.0 11.5
13.5 13.0
13.0 13.5
13.5 14.0
13.5 15.0
13.0 16.5
13.5 17.0
13.5 18.0
13.0 18.5
13.5 20.0
13.0 20.5
13.5 22.0
13.5 23.0
13.5 24.0
13.0 25.5
13.0 26.5
13.5 27.0
13.0 27.5
13.5 28.0
13.5 29.0
13.5 30.0
13.5 31.0
13.5 32.0
13.5 33.0
13.5 34.0
13.5 35.0
13.5 36.0
13.0 37.5
13.5 38.0
13.5 39.0
13.0 39.5
13.5 40.0
13.5 41.0
13.0 41.5
13.5 42.0
13.0 43.5
13.5 44.0
13.5 45.0
13.0 48.5
14.0 0.5
14.5 2.0
14.0 2.5
14.5 3.0
14.5 4.0
14.5 5.0
14.5 6.0
14.0 6.5
14.5 8.0
14.5 9.0
14.0 9.5
14.5 10.0
14.5 11.0
14.5 12.0
14.0 12.5
14.0 13.5
14.5 15.0
14.0 16.5
14.5 18.0
14.0 18.5
14.5 19.0
14.0 20.5
14.0 21.5
14.0 24.5
14.5 25.0
14.0 25.5
14.5 26.0
14.5 27.0
14.0 27.5
14.5 28.0
14.0 28.5
14.5 29.0
14.5 30.0
14.5 31.0
14.5 32.0
14.5 33.0
14.5 34.0
14.5 35.0
14.0 36.5
14.0 38.5
14.5 40.0
14.5 41.0
14.5 42.0
14.0 42.5
14.5 43.0
14.0 43.5
14.0 45.5
14.5 46.0
14.0 46.5
14.0 47.5
14.0 48.5
14.0 49.5
15.5 0.0
15.5 1.0
15.0 1.5
15.0 3.5
15.0 4.5
15.0 6.5
15.5 7.0
15.5 8.0
15.5 9.0
15.0 10.5
15.5 12.0
15.5 13.0
15.0 13.5
15.5 14.0
15.0 15.5
15.5 17.0
15.0 17.5
15.0 19.5
15.5 21.0
15.0 21.5
15.5 22.0
15.5 23.0
15.0 23.5
15.5 24.0
15.0 24.5
15.5 27.0
15.5 28.0
15.0 28.5
15.0 30.5
15.5 32.0
15.0 32.5
15.5 34.0
15.5 36.0
15.5 37.0
15.0 37.5
15.5 38.0
15.0 38.5
15.0 39.5
15.5 40.0
15.5 41.0
15.5 42.0
15.0 42.5
15.0 43.5
15.0 44.5
15.5 45.0
15.0 46.5
15.0 47.5
15.5 48.0
15.5 49.0
15.0 49.5
16.0 0.5
16.5 2.0
16.0 2.5
16.5 3.0
16.5 4.0
16.0 4.5
16.0 5.5
16.5 6.0
16.5 7.0
16.5 8.0
16.5 9.0
16.0 9.5
16.0 10.5
16.0 11.5
16.5 12.0
16.5 13.0
16.0 14.5
16.5 15.0
16.5 16.0
16.0 16.5
16.5 17.0
16.0 18.5
16.5 19.0
16.5 20.0
16.0 20.5
16.5 22.0
16.5 23.0
16.5 24.0
16.0 24.5
16.5 25.0
16.5 26.0
16.0 26.5
16.5 27.0
16.0 28.5
16.0 29.5
16.5 30.0
16.0 30.5
16.5 31.0
16.0 32.5
16.5 33.0
16.5 34.0
16.0 34.5
16.5 35.0
16.5 36.0
16.0 36.5
16.5 38.0
16.5 39.0
16.0 39.5
16.0 41.5
16.5 43.0
16.0 43.5
16.5 44.0
16.0 45.5
16.0 46.5
16.0 47.5
16.5 48.0
16.5 49.0
17.5 0.0
17.0 0.5
17.0 1.5
17.5 2.0
17.5 3.0
17.5 4.0
17.5 5.0
17.0 5.5
17.0 7.5
17.0 9.5
17.0 10.5
17.0 11.5
17.5 13.0
17.0 13.5
17.5 15.0
17.5 16.0
17.0 17.5
17.0 18.5
17.5 20.0
17.5 21.0
17.0 21.5
17.5 22.0
17.0 23.5
17.5 25.0
17.5 26.0
17.5 27.0
17.0 28.5
17.5 29.0
17.0 30.5
17.5 31.0
17.5 32.0
17.0 32.5
17.0 33.5
17.5 35.0
17.0 36.5
17.5 37.0
17.5 39.0
17.5 40.0
17.0 40.5
17.5 41.0
17.5 42.0
17.0 42.5
17.5 43.0
17.0 44.5
17.0 45.5
17.0 46.5
17.0 47.5
18.0 0.5
18.5 1.0
18.0 1.5
18.5 3.0
18.5 4.0
18.0 5.5
18.0 6.5
18.0 7.5
18.5 9.0
18.0 10.5
18.0 11.5
18.0 12.5
18.5 14.0
18.0 14.5
18.5 15.0
18.0 16.5
18.0 17.5
18.5 18.0
18.5 19.0
18.0 19.5
18.0 21.5
18.5 23.0
18.0 23.5
18.5 24.0
18.5 25.0
18.5 27.0
18.0 28.5
18.5 30.0
18.0 30.5
18.5 31.0
18.0 32.5
18.5 33.0
18.5 34.0
18.0 34.5
18.0 35.5
18.5 36.0
18.5 37.0
18.5 38.0
18.0 38.5
18.5 40.0
18.5 41.0
18.5 43.0
18.0 43.5
18.0 44.5
18.5 45.0
18.5 46.0
18.0 46.5
18.0 47.5
18.0 48.5
18.5 49.0
19.5 0.0
19.0 0.5
19.5 1.0
19.5 2.0
19.0 2.5
19.5 4.0
19.0 4.5
19.0 5.5
19.5 6.0
19.5 7.0
19.0 7.5
19.5 8.0
19.0 9.5
19.0 10.5
19.5 11.0
19.5 12.0
19.0 12.5
19.5 13.0
19.5 14.0
19.5 15.0
19.5 16.0
19.0 16.5
19.5 17.0
19.0 18.5
19.5 19.0
19.5 20.0
19.0 20.5
19.0 21.5
19.5 22.0
19.5 23.0
19.5 24.0
19.0 25.5
19.0 26.5
19.5 28.0
19.0 28.5
19.0 29.5
19.5 31.0
19.5 32.0
19.0 32.5
19.0 34.5
19.0 36.5
19.0 38.5
19.5 39.0
19.5 41.0
19.5 42.0
19.0 43.5
19.5 44.0
19.5 45.0
19.0 46.5
19.0 47.5
19.0 48.5
19.0 49.5
20.0 1.5
20.5 2.0
20.5 3.0
20.0 3.5
20.0 5.5
20.5 6.0
20.5 7.0
20.0 8.5
20.5 9.0
20.5 10.0
20.0 10.5
20.5 12.0
20.5 14.0
20.5 15.0
20.5 16.0
20.5 17.0
20.5 18.0
20.5 19.0
20.0 20.5
20.5 22.0
20.5 23.0
20.0 23.5
20.5 25.0
20.0 25.5
20.0 26.5
20.5 27.0
20.0 28.5
20.0 29.5
20.0 30.5
20.0 32.5
20.5 33.0
20.5 34.0
20.0 34.5
20.0 35.5
20.5 36.0
20.5 37.0
20.0 37.5
20.0 38.5
20.0 39.5
20.0 41.5
20.5 43.0
20.0 43.5
20.0 45.5
20.0 46.5
20.5 47.0
20.5 48.0
20.0 48.5
20.5 49.0
20.0 49.5
21.5 0.0
21.0 0.5
21.5 1.0
21.5 2.0
21.0 3.5
21.0 4.5
21.5 5.0
21.0 6.5
21.5 8.0
21.0 8.5
21.0 10.5
21.5 11.0
21.0 12.5
21.5 13.0
21.5 14.0
21.0 15.5
21.5 17.0
21.5 18.0
21.0 18.5
21.5 20.0
21.0 20.5
21.0 21.5
21.5 23.0
21.5 24.0
21.0 24.5
21.0 25.5
21.5 26.0
21.0 27.5
21.5 28.0
21.0 28.5
21.5 29.0
21.0 29.5
21.5 30.0
21.5 31.0
21.0 31.5
21.5 32.0
21.0 32.5
21.0 34.5
21.0 35.5
21.5 37.0
21.0 37.5
21.0 38.5
21.5 39.0
21.5 40.0
21.0 40.5
21.0 41.5
21.5 42.0
21.5 44.0
21.0 44.5
21.5 45.0
21.5 46.0
21.0 46.5
21.0 48.5
22.0 0.5
22.5 2.0
22.5 3.0
22.0 3.5
22.5 4.0
22.5 5.0
22.5 6.0
22.0 6.5
22.5 7.0
22.0 7.5
22.5 9.0
22.0 9.5
22.0 10.5
22.5 11.0
22.5 12.0
22.0 12.5
22.0 14.5
22.5 15.0
22.5 16.0
22.0 16.5
22.0 18.5
22.5 19.0
22.0 20.5
22.0 21.5
22.5 22.0
22.0 22.5
22.5 24.0
22.0 24.5
22.5 25.0
22.0 26.5
22.5 27.0
22.5 28.0
22.5 29.0
22.5 30.0
22.5 31.0
22.5 32.0
22.0 33.5
22.5 34.0
22.0 35.5
22.0 37.5
22.5 38.0
22.5 39.0
22.0 40.5
22.0 41.5
22.5 43.0
22.0 43.5
22.5 45.0
22.0 46.5
22.0 47.5
22.5 48.0
22.5 49.0
22.0 49.5
23.5 0.0
23.0 0.5
23.5 1.0
23.0 2.5
23.5 4.0
23.0 4.5
23.0 6.5
23.5 8.0
23.0 8.5
23.5 9.0
23.5 10.0
23.0 10.5
23.0 12.5
23.5 13.0
23.5 14.0
23.0 14.5
23.5 17.0
23.5 18.0
23.0 18.5
23.5 20.0
23.0 20.5
23.0 21.5
23.5 23.0
23.0 23.5
23.5 25.0
23.0 25.5
23.5 26.0
23.0 27.5
23.5 29.0
23.5 30.0
23.5 31.0
23.0 32.5
23.0 33.5
23.0 35.5
23.5 36.0
23.5 37.0
23.5 38.0
23.0 39.5
23.0 40.5
23.0 41.5
23.0 42.5
23.5 44.0
23.0 44.5
23.5 45.0
23.5 46.0
23.0 46.5
23.5 47.0
23.5 48.0
23.5 49.0
24.0 0.5
24.5 1.0
24.5 2.0
24.0 2.5
24.5 3.0
24.0 4.5
24.5 5.0
24.5 6.0
24.0 6.5
24.0 7.5
24.0 9.5
24.5 11.0
24.0 11.5
24.5 12.0
24.5 13.0
24.0 14.5
24.0 15.5
24.5 16.0
24.0 17.5
24.5 19.0
24.0 19.5
24.5 20.0
24.5 21.0
24.5 22.0
24.0 22.5
24.0 23.5
24.5 24.0
24.0 24.5
24.0 26.5
24.0 27.5
24.0 29.5
24.0 31.5
24.0 32.5
24.0 33.5
24.0 34.5
24.0 35.5
24.0 37.5
24.5 39.0
24.5 40.0
24.0 40.5
24.5 41.0
24.5 42.0
24.0 42.5
24.5 43.0
24.5 44.0
24.5 45.0
24.0 46.5
24.5 47.0
24.0 48.5
25.5 0.0
25.0 0.5
25.5 2.0
25.0 3.5
25.5 4.0
25.0 4.5
25.0 6.5
25.0 7.5
25.5 9.0
25.0 9.5
25.5 10.0
25.5 11.0
25.5 12.0
25.5 13.0
25.5 14.0
25.0 14.5
25.5 15.0
25.5 16.0
25.5 17.0
25.0 17.5
25.5 18.0
25.5 19.0
25.0 20.5
25.0 22.5
25.5 24.0
25.5 25.0
25.0 25.5
25.5 26.0
25.0 26.5
25.0 27.5
25.5 28.0
25.5 29.0
25.0 29.5
25.0 30.5
25.0 31.5
25.5 32.0
25.0 32.5
25.5 33.0
25.5 34.0
25.0 34.5
25.5 35.0
25.5 36.0
25.0 36.5
25.5 37.0
25.5 38.0
25.0 38.5
25.5 41.0
25.5 42.0
25.5 43.0
25.5 44.0
25.5 45.0
25.0 45.5
25.5 46.0
25.0 47.5
25.5 48.0
25.0 49.5
26.0 0.5
26.5 1.0
26.5 2.0
26.0 2.5
26.5 3.0
26.0 4.5
26.5 5.0
26.0 6.5
26.5 7.0
26.5 8.0
26.5 9.0
26.0 9.5
26.5 10.0
26.5 11.0
26.5 12.0
26.0 12.5
26.5 13.0
26.5 14.0
26.5 15.0
26.5 16.0
26.5 17.0
26.5 18.0
26.5 19.0
26.5 20.0
26.0 20.5
26.0 21.5
26.5 22.0
26.5 23.0
26.0 23.5
26.0 26.5
26.5 27.0
26.5 28.0
26.0 29.5
26.0 30.5
26.5 31.0
26.5 32.0
26.0 33.5
26.5 35.0
26.5 36.0
26.5 37.0
26.0 38.5
26.0 39.5
26.0 40.5
26.5 41.0
26.5 42.0
26.5 43.0
26.5 44.0
26.5 45.0
26.5 46.0
26.0 46.5
26.5 47.0
26.0 48.5
26.5 49.0
27.5 0.0
27.0 1.5
27.5 2.0
27.5 3.0
27.5 4.0
27.0 5.5
27.5 7.0
27.0 8.5
27.0 10.5
27.5 13.0
27.0 14.5
27.0 16.5
27.5 19.0
27.5 20.0
27.5 21.0
27.0 21.5
27.0 23.5
27.0 24.5
27.0 25.5
27.5 26.0
27.0 27.5
27.5 29.0
27.0 29.5
27.0 31.5
27.5 32.0
27.0 33.5
27.0 34.5
27.5 36.0
27.0 36.5
27.0 37.5
27.5 38.0
27.5 39.0
27.0 39.5
27.0 40.5
27.5 41.0
27.0 42.5
27.0 44.5
27.5 46.0
27.0 47.5
27.5 48.0
27.5 49.0
27.0 49.5
28.5 0.0
28.0 0.5
28.5 1.0
28.0 2.5
28.0 4.5
28.0 5.5
28.5 6.0
28.5 7.0
28.0 7.5
28.0 8.5
28.5 9.0
28.5 10.0
28.0 10.5
28.5 11.0
28.5 12.0
28.5 14.0
28.0 14.5
28.5 15.0
28.5 16.0
28.0 16.5
28.0 17.5
28.5 18.0
28.5 19.0
28.5 20.0
28.0 21.5
28.0 22.5
28.0 23.5
28.5 24.0
28.0 24.5
28.0 25.5
28.5 27.0
28.0 27.5
28.5 28.0
28.0 29.5
28.0 30.5
28.0 31.5
28.5 33.0
28.0 33.5
28.0 34.5
28.5 35.0
28.0 36.5
28.0 37.5
28.0 39.5
28.5 40.0
28.0 41.5
28.0 42.5
28.5 43.0
28.0 43.5
28.0 44.5
28.5 45.0
28.0 46.5
28.5 47.0
28.5 48.0
28.5 49.0
29.5 0.0
29.5 1.0
29.5 2.0
29.0 2.5
29.5 3.0
29.5 4.0
29.0 4.5
29.0 5.5
29.0 7.5
29.5 8.0
29.5 9.0
29.0 10.5
29.5 11.0
29.0 12.5
29.5 13.0
29.5 15.0
29.0 16.5
29.5 17.0
29.5 18.0
29.0 19.5
29.0 21.5
29.5 22.0
29.5 23.0
29.0 23.5
29.0 24.5
29.5 25.0
29.0 27.5
29.5 29.0
29.0 29.5
29.5 30.0
29.0 30.5
29.5 31.0
29.5 32.0
29.0 32.5
29.0 33.5
29.0 34.5
29.0 36.5
29.0 37.5
29.5 39.0
29.5 40.0
29.5 41.0
29.0 41.5
29.5 42.0
29.5 43.0
29.0 43.5
29.5 44.0
29.5 45.0
29.0 46.5
29.5 48.0
29.5 49.0
30.0 0.5
30.0 2.5
30.0 5.5
30.0 6.5
30.5 7.0
30.5 8.0
30.5 9.0
30.5 10.0
30.0 10.5
30.0 11.5
30.5 13.0
30.5 14.0
30.0 15.5
30.5 16.0
30.0 16.5
30.5 18.0
30.5 19.0
30.0 19.5
30.0 20.5
30.0 21.5
30.0 23.5
30.5 24.0
30.0 25.5
30.0 26.5
30.5 27.0
30.5 28.0
30.0 28.5
30.5 30.0
30.5 31.0
30.0 32.5
30.0 33.5
30.0 34.5
30.0 35.5
30.5 37.0
30.0 37.5
30.5 38.0
30.5 39.0
30.0 39.5
30.5 41.0
30.0 42.5
30.0 44.5
30.0 46.5
30.5 47.0
30.0 48.5
31.5 0.0
31.0 0.5
31.5 1.0
31.5 2.0
31.0 2.5
31.0 3.5
31.0 4.5
31.0 5.5
31.0 6.5
31.5 8.0
31.0 8.5
31.0 10.5
31.5 11.0
31.5 12.0
31.0 14.5
31.5 15.0
31.5 16.0
31.5 17.0
31.0 17.5
31.0 19.5
31.5 20.0
31.0 20.5
31.0 21.5
31.0 22.5
31.5 23.0
31.0 24.5
31.5 25.0
31.0 26.5
31.0 27.5
31.5 29.0
31.0 30.5
31.5 32.0
31.0 32.5
31.5 33.0
31.5 34.0
31.0 34.5
31.0 35.5
31.5 36.0
31.0 37.5
31.0 39.5
31.0 41.5
31.5 42.0
31.0 43.5
31.0 44.5
31.5 45.0
31.5 46.0
31.0 48.5
31.5 49.0
32.5 0.0
32.0 1.5
32.0 2.5
32.5 3.0
32.5 4.0
32.0 4.5
32.5 5.0
32.5 6.0
32.0 6.5
32.5 7.0
32.0 8.5
32.0 9.5
32.5 11.0
32.0 12.5
32.0 13.5
32.5 14.0
32.5 15.0
32.5 16.0
32.5 17.0
32.5 18.0
32.0 18.5
32.0 19.5
32.5 21.0
32.0 21.5
32.0 22.5
32.0 23.5
32.0 24.5
32.0 25.5
32.5 26.0
32.5 27.0
32.0 27.5
32.0 28.5
32.5 29.0
32.5 30.0
32.0 30.5
32.5 31.0
32.0 32.5
32.5 34.0
32.5 35.0
32.0 36.5
32.5 37.0
32.5 38.0
32.0 38.5
32.0 39.5
32.0 40.5
32.0 41.5
32.5 43.0
32.0 43.5
32.0 44.5
32.5 45.0
32.5 46.0
32.5 47.0
32.0 47.5
32.0 48.5
32.0 49.5
33.0 0.5
33.0 1.5
33.5 2.0
33.0 2.5
33.5 5.0
33.5 6.0
33.0 6.5
33.0 8.5
33.0 9.5
33.0 11.5
33.0 12.5
33.5 13.0
33.0 13.5
33.5 15.0
33.0 16.5
33.5 18.0
33.5 19.0
33.0 19.5
33.5 20.0
33.0 21.5
33.0 22.5
33.5 23.0
33.5 24.0
33.0 24.5
33.5 25.0
33.0 26.5
33.0 27.5
33.5 28.0
33.0 29.5
33.5 31.0
33.5 32.0
33.0 32.5
33.0 33.5
33.0 35.5
33.0 36.5
33.5 38.0
33.5 39.0
33.0 39.5
33.0 40.5
33.5 42.0
33.0 42.5
33.5 44.0
33.0 44.5
33.0 46.5
33.5 48.0
33.0 48.5
33.5 49.0
34.0 0.5
34.5 1.0
34.5 2.0
34.5 3.0
34.5 4.0
34.0 6.5
34.5 7.0
34.0 7.5
34.5 8.0
34.5 9.0
34.0 9.5
34.0 10.5
34.0 11.5
34.0 12.5
34.5 13.0
34.5 14.0
34.0 14.5
34.5 15.0
34.5 16.0
34.0 16.5
34.0 17.5
34.0 18.5
34.0 20.5
34.5 21.0
34.5 22.0
34.0 22.5
34.5 24.0
34.0 25.5
34.0 26.5
34.5 27.0
34.5 28.0
34.0 28.5
34.0 29.5
34.0 30.5
34.5 32.0
34.5 33.0
34.0 33.5
34.0 34.5
34.5 35.0
34.5 36.0
34.0 36.5
34.5 37.0
34.5 38.0
34.0 39.5
34.0 40.5
34.0 42.5
34.0 44.5
34.0 45.5
34.5 46.0
34.5 47.0
34.0 47.5
34.0 49.5
35.5 0.0
35.5 1.0
35.5 2.0
35.5 3.0
35.0 4.5
35.0 6.5
35.5 7.0
35.5 8.0
35.5 9.0
35.5 10.0
35.0 10.5
35.5 11.0
35.5 12.0
35.0 12.5
35.5 14.0
35.5 15.0
35.0 16.5
35.5 17.0
35.5 18.0
35.0 18.5
35.0 19.5
35.0 20.5
35.5 21.0
35.5 22.0
35.0 23.5
35.5 25.0
35.5 26.0
35.0 26.5
35.0 28.5
35.5 29.0
35.0 30.5
35.5 32.0
35.5 33.0
35.0 33.5
35.0 34.5
35.5 36.0
35.5 37.0
35.5 38.0
35.0 38.5
35.0 39.5
35.0 40.5
35.0 41.5
35.5 42.0
35.5 43.0
35.0 43.5
35.5 44.0
35.5 45.0
35.0 45.5
35.0 46.5
35.5 47.0
35.5 48.0
35.0 48.5
35.0 49.5
36.0 1.5
36.5 2.0
36.5 3.0
36.5 4.0
36.0 4.5
36.0 5.5
36.5 6.0
36.0 7.5
36.5 8.0
36.0 9.5
36.5 11.0
36.0 12.5
36.5 13.0
36.5 14.0
36.5 15.0
36.5 16.0
36.5 18.0
36.0 18.5
36.0 19.5
36.5 20.0
36.0 20.5
36.5 23.0
36.5 24.0
36.0 24.5
36.5 26.0
36.5 27.0
36.0 27.5
36.5 28.0
36.5 29.0
36.5 30.0
36.0 30.5
36.0 31.5
36.5 34.0
36.0 34.5
36.5 35.0
36.0 36.5
36.5 38.0
36.5 39.0
36.0 39.5
36.5 40.0
36.5 41.0
36.0 41.5
36.0 43.5
36.0 45.5
36.0 46.5
36.0 48.5
36.0 49.5
37.5 0.0
37.0 0.5
37.5 1.0
37.5 2.0
37.0 3.5
37.5 4.0
37.5 5.0
37.0 5.5
37.5 7.0
37.0 7.5
37.0 9.5
37.5 10.0
37.5 12.0
37.0 12.5
37.5 13.0
37.5 14.0
37.0 15.5
37.5 17.0
37.0 17.5
37.5 19.0
37.5 20.0
37.0 21.5
37.5 22.0
37.5 23.0
37.5 24.0
37.5 25.0
37.0 25.5
37.0 26.5
37.5 28.0
37.5 29.0
37.0 30.5
37.5 31.0
37.5 32.0
37.0 32.5
37.5 33.0
37.0 34.5
37.5 36.0
37.0 37.5
37.5 39.0
37.0 39.5
37.5 41.0
37.5 42.0
37.0 42.5
37.5 43.0
37.5 44.0
37.0 44.5
37.0 45.5
37.0 46.5
37.5 47.0
37.5 48.0
37.0 48.5
37.5 49.0
38.0 2.5
38.0 3.5
38.5 4.0
38.5 5.0
38.5 6.0
38.0 6.5
38.0 7.5
38.0 8.5
38.5 9.0
38.0 10.5
38.0 11.5
38.5 13.0
38.0 14.5
38.0 15.5
38.5 16.0
38.5 17.0
38.5 18.0
38.0 18.5
38.5 21.0
38.0 21.5
38.0 23.5
38.5 25.0
38.0 25.5
38.5 26.0
38.5 27.0
38.0 27.5
38.5 29.0
38.0 29.5
38.5 30.0
38.0 31.5
38.5 33.0
38.5 34.0
38.0 34.5
38.0 35.5
38.5 37.0
38.0 37.5
38.5 38.0
38.0 39.5
38.0 40.5
38.5 42.0
38.5 43.0
38.0 44.5
38.0 45.5
38.0 46.5
38.5 48.0
38.0 49.5
39.0 1.5
39.5 2.0
39.5 3.0
39.0 3.5
39.0 5.5
39.5 6.0
39.0 7.5
39.0 8.5
39.5 10.0
39.0 10.5
39.0 11.5
39.5 12.0
39.0 13.5
39.0 14.5
39.5 15.0
39.5 16.0
39.5 17.0
39.0 19.5
39.0 20.5
39.5 22.0
39.0 22.5
39.5 23.0
39.5 24.0
39.5 25.0
39.5 26.0
39.0 26.5
39.5 27.0
39.5 28.0
39.0 28.5
39.5 30.0
39.5 31.0
39.0 31.5
39.0 33.5
39.5 35.0
39.0 35.5
39.5 36.0
39.5 37.0
39.5 38.0
39.5 39.0
39.0 39.5
39.0 40.5
39.5 41.0
39.5 42.0
39.5 44.0
39.5 45.0
39.0 45.5
39.5 46.0
39.5 47.0
39.0 48.5
39.0 49.5
40.5 0.0
40.5 1.0
40.0 1.5
40.5 2.0
40.5 3.0
40.5 4.0
40.0 4.5
40.0 5.5
40.5 6.0
40.5 7.0
40.0 7.5
40.0 8.5
40.5 9.0
40.0 10.5
40.0 11.5
40.5 13.0
40.0 13.5
40.5 14.0
40.5 15.0
40.0 15.5
40.5 17.0
40.0 18.5
40.0 19.5
40.5 20.0
40.5 21.0
40.0 21.5
40.5 23.0
40.5 24.0
40.5 25.0
40.5 26.0
40.5 27.0
40.0 28.5
40.5 31.0
40.0 31.5
40.5 33.0
40.0 33.5
40.5 34.0
40.5 35.0
40.5 36.0
40.5 37.0
40.5 38.0
40.5 39.0
40.5 40.0
40.0 40.5
40.0 42.5
40.5 43.0
40.5 44.0
40.5 45.0
40.5 46.0
40.0 47.5
40.0 49.5
41.5 0.0
41.5 1.0
41.0 1.5
41.5 3.0
41.0 4.5
41.5 5.0
41.5 6.0
41.0 7.5
41.5 8.0
41.5 9.0
41.0 10.5
41.0 11.5
41.5 13.0
41.5 14.0
41.5 15.0
41.5 16.0
41.0 17.5
41.5 18.0
41.0 18.5
41.5 19.0
41.0 20.5
41.5 22.0
41.5 23.0
41.5 24.0
41.5 25.0
41.0 25.5
41.0 28.5
41.5 29.0
41.0 29.5
41.5 30.0
41.5 32.0
41.0 32.5
41.5 33.0
41.5 34.0
41.0 35.5
41.0 36.5
41.5 38.0
41.5 39.0
41.0 40.5
41.5 41.0
41.5 42.0
41.0 42.5
41.5 45.0
41.5 46.0
41.5 47.0
41.5 48.0
41.0 48.5
41.5 49.0
42.5 2.0
42.0 2.5
42.5 4.0
42.5 5.0
42.0 5.5
42.0 6.5
42.5 7.0
42.0 8.5
42.0 9.5
42.5 10.0
42.5 11.0
42.0 11.5
42.0 14.5
42.0 16.5
42.5 17.0
42.5 18.0
42.0 19.5
42.5 20.0
42.0 20.5
42.5 21.0
42.0 22.5
42.5 23.0
42.0 25.5
42.0 26.5
42.0 27.5
42.5 28.0
42.0 30.5
42.5 31.0
42.5 32.0
42.5 33.0
42.0 34.5
42.5 35.0
42.5 36.0
42.0 36.5
42.5 37.0
42.0 38.5
42.5 39.0
42.5 40.0
42.0 40.5
42.0 42.5
42.0 43.5
42.5 44.0
42.5 45.0
42.5 46.0
42.5 47.0
42.5 48.0
42.0 49.5
43.0 0.5
43.0 1.5
43.0 2.5
43.0 3.5
43.0 5.5
43.5 6.0
43.5 7.0
43.5 8.0
43.0 8.5
43.5 9.0
43.5 10.0
43.5 12.0
43.0 12.5
43.0 13.5
43.0 14.5
43.5 15.0
43.5 16.0
43.0 16.5
43.0 18.5
43.0 19.5
43.0 21.5
43.5 22.0
43.5 23.0
43.5 24.0
43.5 25.0
43.0 25.5
43.5 27.0
43.5 28.0
43.0 28.5
43.5 29.0
43.5 30.0
43.0 30.5
43.5 31.0
43.5 32.0
43.5 33.0
43.5 34.0
43.0 34.5
43.0 35.5
43.5 37.0
43.5 38.0
43.0 38.5
43.0 40.5
43.5 41.0
43.0 42.5
43.0 43.5
43.0 45.5
43.5 47.0
43.0 48.5
43.0 49.5
44.0 0.5
44.5 1.0
44.5 2.0
44.0 2.5
44.0 3.5
44.5 5.0
44.0 5.5
44.5 7.0
44.5 8.0
44.5 9.0
44.0 9.5
44.5 11.0
44.0 11.5
44.0 12.5
44.0 13.5
44.5 14.0
44.5 15.0
44.5 16.0
44.5 17.0
44.0 17.5
44.5 19.0
44.0 20.5
44.5 21.0
44.5 22.0
44.0 23.5
44.5 25.0
44.5 26.0
44.0 26.5
44.5 28.0
44.5 29.0
44.0 30.5
44.5 33.0
44.5 34.0
44.0 34.5
44.0 35.5
44.5 36.0
44.5 37.0
44.5 38.0
44.0 39.5
44.5 40.0
44.5 41.0
44.0 41.5
44.5 43.0
44.0 43.5
44.5 44.0
44.5 45.0
44.0 45.5
44.0 46.5
44.5 48.0
44.0 48.5
44.0 49.5
45.0 0.5
45.5 2.0
45.0 3.5
45.5 4.0
45.0 5.5
45.0 6.5
45.5 8.0
45.0 9.5
45.5 10.0
45.0 11.5
45.0 12.5
45.5 13.0
45.5 14.0
45.0 16.5
45.5 18.0
45.0 19.5
45.5 20.0
45.5 21.0
45.0 21.5
45.0 22.5
45.0 23.5
45.0 24.5
45.0 26.5
45.5 27.0
45.5 28.0
45.5 29.0
45.5 30.0
45.0 30.5
45.0 31.5
45.5 32.0
45.0 34.5
45.5 35.0
45.5 36.0
45.0 36.5
45.0 38.5
45.0 39.5
45.5 41.0
45.5 42.0
45.0 42.5
45.5 44.0
45.0 45.5
45.0 46.5
45.0 47.5
45.0 49.5
46.0 0.5
46.0 1.5
46.0 2.5
46.5 3.0
46.0 4.5
46.5 5.0
46.5 6.0
46.0 6.5
46.0 8.5
46.0 9.5
46.5 11.0
46.0 11.5
46.5 13.0
46.5 14.0
46.0 14.5
46.5 15.0
46.0 16.5
46.0 17.5
46.5 19.0
46.0 19.5
46.5 20.0
46.5 21.0
46.0 21.5
46.0 22.5
46.0 23.5
46.5 24.0
46.5 25.0
46.5 26.0
46.0 26.5
46.0 29.5
46.5 31.0
46.0 31.5
46.0 32.5
46.0 33.5
46.0 35.5
46.5 37.0
46.5 38.0
46.0 38.5
46.0 39.5
46.5 40.0
46.5 41.0
46.5 42.0
46.5 43.0
46.0 43.5
46.0 44.5
46.0 45.5
46.0 46.5
46.5 47.0
46.0 48.5
46.5 49.0
46.0 49.5
47.5 0.0
47.0 0.5
47.5 1.0
47.0 1.5
47.5 2.0
47.0 3.5
47.5 4.0
47.0 6.5
47.5 7.0
47.5 8.0
47.0 8.5
47.0 9.5
47.0 10.5
47.5 12.0
47.0 12.5
47.0 14.5
47.0 15.5
47.0 16.5
47.0 17.5
47.0 18.5
47.5 21.0
47.5 22.0
47.0 22.5
47.5 23.0
47.5 24.0
47.5 25.0
47.0 26.5
47.0 27.5
47.5 28.0
47.0 29.5
47.5 30.0
47.0 31.5
47.5 32.0
47.5 33.0
47.0 33.5
47.0 34.5
47.0 35.5
47.5 36.0
47.5 37.0
47.0 38.5
47.5 39.0
47.5 40.0
47.0 40.5
47.5 42.0
47.0 43.5
47.0 44.5
47.0 45.5
47.5 46.0
47.5 47.0
47.0 48.5
48.5 1.0
48.5 2.0
48.5 3.0
48.0 3.5
48.5 5.0
48.5 6.0
48.0 6.5
48.0 8.5
48.0 9.5
48.0 10.5
48.5 11.0
48.5 12.0
48.0 13.5
48.0 14.5
48.0 15.5
48.5 17.0
48.0 17.5
48.5 18.0
48.5 19.0
48.0 19.5
48.5 20.0
48.0 22.5
48.0 24.5
48.5 25.0
48.5 26.0
48.0 26.5
48.0 27.5
48.0 29.5
48.5 30.0
48.5 31.0
48.0 31.5
48.5 32.0
48.5 33.0
48.5 34.0
48.0 34.5
48.5 35.0
48.5 36.0
48.0 37.5
48.5 38.0
48.5 39.0
48.0 40.5
48.0 41.5
48.0 43.5
48.5 45.0
48.0 45.5
48.5 47.0
48.0 47.5
48.0 48.5
48.0 49.5
49.5 0.0
49.5 1.0
49.5 2.0
49.0 3.5
49.5 4.0
49.5 5.0
49.0 5.5
49.5 7.0
49.0 7.5
49.0 8.5
49.0 9.5
49.5 11.0
49.0 11.5
49.5 13.0
49.0 13.5
49.0 14.5
49.0 15.5
49.5 16.0
49.5 17.0
49.5 18.0
49.5 19.0
49.0 20.5
49.0 21.5
49.5 22.0
49.5 23.0
49.0 23.5
49.5 24.0
49.0 25.5
49.5 27.0
49.0 27.5
49.5 28.0
49.0 28.5
49.0 29.5
49.5 31.0
49.5 32.0
49.0 33.5
49.5 35.0
49.5 36.0
49.0 36.5
49.5 37.0
49.0 38.5
49.0 39.5
49.0 40.5
49.5 42.0
49.0 42.5
49.5 43.0
49.0 43.5
49.0 44.5
49.5 46.0
49.5 47.0
49.5 48.0
49.0 48.5
49.0 49.5
