2.500000000000000000e-01 2.500000000000000000e-01 1.033000000000000000e+03
2.500000000000000000e-01 7.500000000000000000e-01 2.900000000000000000e+01
2.500000000000000000e-01 1.000000000000000000e+00 1.000000000000000000e+01
2.500000000000000000e-01 1.138889999999999958e+00 4.000000000000000000e+00
2.500000000000000000e-01 1.312500000000000000e+00 1.000000000000000000e+00
2.500000000000000000e-01 2.250000000000000000e+00 1.000000000000000000e+00
2.500000000000000000e-01 3.812500000000000000e+00 1.000000000000000000e+00
2.500000000000000000e-01 4.169999999999999929e+00 2.000000000000000000e+00
2.500000000000000000e-01 8.160000000000000142e+00 1.000000000000000000e+00
2.500000000000000000e-01 8.331630000000000535e+00 1.000000000000000000e+00
5.000000000000000000e-01 0.000000000000000000e+00 9.100000000000000000e+01
5.000000000000000000e-01 5.000000000000000000e-01 7.000000000000000000e+00
5.000000000000000000e-01 7.500000000000000000e-01 4.000000000000000000e+00
5.000000000000000000e-01 2.000000000000000000e+00 1.000000000000000000e+00
1.000000000000000000e+00 2.500000000000000000e-01 8.000000000000000000e+00
1.000000000000000000e+00 5.625000000000000000e-01 2.000000000000000000e+00
1.000000000000000000e+00 2.611110000000000042e+00 1.000000000000000000e+00
1.250000000000000000e+00 0.000000000000000000e+00 6.000000000000000000e+00
1.250000000000000000e+00 1.388900000000000134e-01 5.000000000000000000e+00
1.250000000000000000e+00 1.250000000000000000e+00 2.000000000000000000e+00
1.250000000000000000e+00 1.875000000000000000e+00 1.000000000000000000e+00
1.250000000000000000e+00 5.250000000000000000e+00 1.000000000000000000e+00
2.000000000000000000e+00 0.000000000000000000e+00 3.000000000000000000e+00
2.000000000000000000e+00 5.000000000000000000e-01 2.000000000000000000e+00
2.250000000000000000e+00 2.500000000000000000e-01 1.000000000000000000e+01
2.250000000000000000e+00 5.277800000000000269e-01 2.000000000000000000e+00
2.250000000000000000e+00 1.066330000000000000e+00 1.000000000000000000e+00
2.250000000000000000e+00 1.361110000000000042e+00 1.000000000000000000e+00
2.250000000000000000e+00 1.812500000000000000e+00 1.000000000000000000e+00
2.250000000000000000e+00 4.000000000000000000e+00 1.000000000000000000e+00
2.500000000000000000e+00 0.000000000000000000e+00 5.000000000000000000e+00
2.500000000000000000e+00 6.250000000000000000e-01 2.000000000000000000e+00
2.500000000000000000e+00 3.055559999999999832e+00 1.000000000000000000e+00
3.250000000000000000e+00 3.611099999999999866e-01 1.000000000000000000e+00
4.000000000000000000e+00 6.250000000000000000e-02 2.000000000000000000e+00
4.250000000000000000e+00 4.722199999999999731e-01 1.000000000000000000e+00
4.500000000000000000e+00 2.222200000000000009e-01 3.000000000000000000e+00
4.500000000000000000e+00 5.000000000000000000e-01 1.000000000000000000e+00
4.500000000000000000e+00 5.055790000000000006e+00 1.000000000000000000e+00
4.500000000000000000e+00 8.073959999999999582e+00 1.000000000000000000e+00
5.000000000000000000e+00 3.125000000000000000e-01 1.000000000000000000e+00
5.000000000000000000e+00 5.106810000000000294e+00 1.000000000000000000e+00
6.250000000000000000e+00 3.697999999999999898e-02 1.000000000000000000e+00
6.250000000000000000e+00 1.275499999999999967e-01 1.000000000000000000e+00
6.250000000000000000e+00 2.500000000000000000e-01 1.000000000000000000e+00
6.250000000000000000e+00 3.906200000000000228e-01 1.000000000000000000e+00
6.250000000000000000e+00 3.188779999999999948e+00 1.000000000000000000e+00
6.500000000000000000e+00 0.000000000000000000e+00 1.000000000000000000e+00
6.500000000000000000e+00 7.222199999999999731e-01 1.000000000000000000e+00
7.250000000000000000e+00 1.132800000000000057e-01 1.000000000000000000e+00
7.250000000000000000e+00 2.899999999999999800e-01 1.000000000000000000e+00
8.500000000000000000e+00 5.312500000000000000e-01 1.000000000000000000e+00
8.500000000000000000e+00 2.775510000000000144e+00 1.000000000000000000e+00
8.500000000000000000e+00 1.239912999999999954e+01 1.000000000000000000e+00
9.250000000000000000e+00 3.200999999999999679e-02 1.000000000000000000e+00
9.250000000000000000e+00 3.057900000000000063e-01 1.000000000000000000e+00
1.000000000000000000e+01 2.777800000000000269e-01 1.000000000000000000e+00
1.000000000000000000e+01 6.546750000000000291e+00 1.000000000000000000e+00
1.025000000000000000e+01 1.265400000000000136e-01 1.000000000000000000e+00
1.025000000000000000e+01 2.091800000000000048e-01 1.000000000000000000e+00
2.050000000000000000e+01 4.648999999999999660e-02 1.000000000000000000e+00
