2.500000000000000000e-01 2.500000000000000000e-01 8.330000000000000000e+02
2.500000000000000000e-01 7.500000000000000000e-01 1.800000000000000000e+01
2.500000000000000000e-01 1.000000000000000000e+00 9.000000000000000000e+00
2.500000000000000000e-01 1.138889999999999958e+00 2.000000000000000000e+00
2.500000000000000000e-01 1.312500000000000000e+00 1.000000000000000000e+00
2.500000000000000000e-01 2.250000000000000000e+00 3.000000000000000000e+00
5.000000000000000000e-01 0.000000000000000000e+00 5.000000000000000000e+01
5.000000000000000000e-01 5.000000000000000000e-01 1.100000000000000000e+01
5.000000000000000000e-01 7.500000000000000000e-01 2.000000000000000000e+00
5.000000000000000000e-01 8.888899999999999579e-01 2.000000000000000000e+00
5.000000000000000000e-01 2.000000000000000000e+00 1.000000000000000000e+00
1.000000000000000000e+00 2.500000000000000000e-01 1.300000000000000000e+01
1.000000000000000000e+00 3.888900000000000134e-01 1.000000000000000000e+00
1.000000000000000000e+00 5.625000000000000000e-01 1.000000000000000000e+00
1.000000000000000000e+00 1.500000000000000000e+00 4.000000000000000000e+00
1.000000000000000000e+00 2.125000000000000000e+00 1.000000000000000000e+00
1.250000000000000000e+00 0.000000000000000000e+00 2.000000000000000000e+00
1.250000000000000000e+00 1.388900000000000134e-01 1.100000000000000000e+01
1.250000000000000000e+00 3.125000000000000000e-01 3.000000000000000000e+00
1.250000000000000000e+00 1.250000000000000000e+00 5.000000000000000000e+00
1.250000000000000000e+00 1.527779999999999916e+00 1.000000000000000000e+00
1.250000000000000000e+00 2.066329999999999778e+00 1.000000000000000000e+00
2.000000000000000000e+00 0.000000000000000000e+00 1.000000000000000000e+00
2.000000000000000000e+00 5.000000000000000000e-01 6.000000000000000000e+00
2.000000000000000000e+00 2.000000000000000000e+00 1.000000000000000000e+00
2.250000000000000000e+00 2.500000000000000000e-01 9.000000000000000000e+00
2.250000000000000000e+00 5.277800000000000269e-01 1.000000000000000000e+00
2.250000000000000000e+00 8.750000000000000000e-01 1.000000000000000000e+00
2.250000000000000000e+00 2.323647000000000062e+01 1.000000000000000000e+00
2.500000000000000000e+00 0.000000000000000000e+00 5.000000000000000000e+00
2.500000000000000000e+00 2.777800000000000269e-01 1.000000000000000000e+00
2.500000000000000000e+00 1.562500000000000000e+00 1.000000000000000000e+00
2.500000000000000000e+00 1.919999999999999929e+00 1.000000000000000000e+00
2.500000000000000000e+00 2.812500000000000000e+00 2.000000000000000000e+00
3.250000000000000000e+00 6.633000000000000007e-02 3.000000000000000000e+00
3.250000000000000000e+00 3.611099999999999866e-01 1.000000000000000000e+00
3.250000000000000000e+00 1.265619999999999967e+00 1.000000000000000000e+00
3.250000000000000000e+00 1.316119999999999957e+00 1.000000000000000000e+00
3.250000000000000000e+00 3.694440000000000168e+00 1.000000000000000000e+00
3.250000000000000000e+00 5.658319999999999794e+00 1.000000000000000000e+00
3.250000000000000000e+00 1.147222000000000008e+01 1.000000000000000000e+00
4.000000000000000000e+00 6.250000000000000000e-02 5.000000000000000000e+00
4.000000000000000000e+00 2.500000000000000000e-01 1.000000000000000000e+00
4.000000000000000000e+00 4.199999999999999845e-01 1.000000000000000000e+00
4.000000000000000000e+00 5.156199999999999672e-01 1.000000000000000000e+00
4.000000000000000000e+00 6.944399999999999462e-01 1.000000000000000000e+00
4.000000000000000000e+00 2.944440000000000168e+00 1.000000000000000000e+00
4.250000000000000000e+00 1.700000000000000122e-01 2.000000000000000000e+00
4.250000000000000000e+00 2.656200000000000228e-01 1.000000000000000000e+00
4.250000000000000000e+00 3.161200000000000121e-01 1.000000000000000000e+00
4.250000000000000000e+00 7.500000000000000000e-01 1.000000000000000000e+00
4.250000000000000000e+00 1.387760000000000105e+00 1.000000000000000000e+00
4.500000000000000000e+00 2.222200000000000009e-01 2.000000000000000000e+00
6.250000000000000000e+00 3.697999999999999898e-02 2.000000000000000000e+00
6.250000000000000000e+00 1.275499999999999967e-01 1.000000000000000000e+00
6.250000000000000000e+00 2.500000000000000000e-01 1.000000000000000000e+00
6.250000000000000000e+00 3.906200000000000228e-01 2.000000000000000000e+00
6.250000000000000000e+00 6.250000000000000000e+00 1.000000000000000000e+00
6.250000000000000000e+00 7.270410000000000039e+00 1.000000000000000000e+00
6.500000000000000000e+00 8.096900000000000208e-01 1.000000000000000000e+00
6.500000000000000000e+00 3.606809999999999850e+00 1.000000000000000000e+00
7.250000000000000000e+00 1.132800000000000057e-01 1.000000000000000000e+00
7.250000000000000000e+00 1.626730000000000009e+00 1.000000000000000000e+00
7.250000000000000000e+00 2.032010000000000094e+00 1.000000000000000000e+00
8.000000000000000000e+00 1.250000000000000000e-01 1.000000000000000000e+00
9.000000000000000000e+00 7.656199999999999672e-01 1.000000000000000000e+00
9.250000000000000000e+00 3.200999999999999679e-02 2.000000000000000000e+00
9.250000000000000000e+00 7.200619999999999798e+00 1.000000000000000000e+00
1.025000000000000000e+01 1.474730000000000096e+00 1.000000000000000000e+00
1.025000000000000000e+01 4.912720000000000198e+00 1.000000000000000000e+00
1.125000000000000000e+01 2.985539999999999861e+00 1.000000000000000000e+00
1.225000000000000000e+01 2.500000000000000000e-01 1.000000000000000000e+00
1.250000000000000000e+01 9.452000000000000679e-02 1.000000000000000000e+00
1.250000000000000000e+01 1.312500000000000000e+00 1.000000000000000000e+00
1.300000000000000000e+01 4.297500000000000209e-01 1.000000000000000000e+00
1.325000000000000000e+01 1.418000000000000094e-01 1.000000000000000000e+00
1.325000000000000000e+01 2.070299999999999918e-01 1.000000000000000000e+00
1.600000000000000000e+01 1.111100000000000004e-01 1.000000000000000000e+00
