0 7
0 8
0 10
0 11
0 12
0 13
0 14
0 15
0 16
0 17
0 18
0 19
0 20
0 21
0 22
0 23
0 24
0 25
0 27
0 28
0 29
0 30
0 31
0 32
1 0
1 3
1 7
1 8
1 11
1 12
1 13
1 14
1 15
1 16
1 17
1 18
1 19
1 20
1 21
1 22
1 23
1 24
1 25
1 29
1 30
1 31
1 32
1 49
2 12
2 13
2 14
2 15
2 16
2 17
2 18
2 19
2 20
2 21
2 22
2 23
2 24
2 29
2 30
2 31
2 32
2 33
2 34
2 35
2 38
2 48
2 49
3 7
3 12
3 13
3 14
3 15
3 16
3 17
3 18
3 19
3 20
3 21
3 22
3 23
3 25
3 26
3 27
3 28
3 30
3 31
3 32
3 33
3 34
3 35
3 36
3 39
3 44
4 7
4 13
4 14
4 15
4 16
4 17
4 18
4 19
4 20
4 21
4 22
4 23
4 24
4 25
4 26
4 27
4 28
4 30
4 31
4 32
4 33
4 34
4 35
4 36
5 6
5 13
5 14
5 15
5 16
5 17
5 19
5 20
5 21
5 22
5 23
5 24
5 25
5 26
5 27
5 28
5 30
5 31
5 32
5 33
5 34
5 35
5 36
5 40
5 41
6 12
6 13
6 14
6 15
6 16
6 17
6 18
6 19
6 20
6 21
6 22
6 23
6 24
6 25
6 26
6 27
6 28
6 29
6 30
6 31
6 33
6 34
6 35
6 36
6 37
6 38
6 39
6 40
6 41
6 42
6 43
7 12
7 13
7 14
7 15
7 16
7 17
7 18
7 19
7 20
7 21
7 22
7 23
7 24
7 25
7 26
7 27
7 28
7 29
7 30
7 33
7 34
7 35
7 36
7 38
7 39
7 40
7 41
7 42
7 43
7 44
8 12
8 13
8 14
8 15
8 16
8 17
8 18
8 19
8 20
8 21
8 22
8 23
8 24
8 26
8 27
8 28
8 29
8 30
8 31
8 32
8 33
8 34
8 35
8 36
8 38
8 39
8 40
8 41
8 42
9 12
9 13
9 14
9 16
9 17
9 18
9 19
9 20
9 21
9 22
9 23
9 24
9 25
9 26
9 27
9 28
9 29
9 30
9 31
9 33
9 36
9 37
9 38
9 39
9 40
9 41
9 42
9 45
10 6
10 11
10 12
10 13
10 16
10 17
10 18
10 19
10 20
10 21
10 22
10 23
10 24
10 25
10 26
10 27
10 28
10 29
10 30
10 31
10 35
10 36
10 37
10 38
10 40
10 41
10 42
10 45
10 46
10 47
11 2
11 7
11 10
11 11
11 12
11 13
11 14
11 16
11 17
11 18
11 19
11 20
11 21
11 22
11 23
11 36
11 37
11 38
11 40
11 41
11 42
11 43
11 46
11 47
12 0
12 1
12 2
12 10
12 12
12 13
12 14
12 15
12 16
12 17
12 18
12 19
12 20
12 21
12 22
12 23
12 36
12 37
12 38
12 39
12 40
12 41
12 43
12 44
12 45
12 46
12 47
13 0
13 2
13 4
13 5
13 6
13 12
13 13
13 15
13 16
13 17
13 18
13 19
13 20
13 21
13 22
13 23
13 26
13 37
13 38
13 39
13 40
13 41
13 42
13 43
13 44
13 45
13 46
13 47
13 48
13 49
14 2
14 3
14 4
14 5
14 6
14 11
14 15
14 16
14 17
14 18
14 19
14 20
14 21
14 22
14 23
14 24
14 25
14 33
14 37
14 38
14 39
14 40
14 41
14 42
14 43
14 44
14 45
14 46
14 47
14 48
14 49
15 5
15 10
15 11
15 12
15 13
15 14
15 15
15 16
15 17
15 18
15 19
15 20
15 21
15 22
15 23
15 30
15 31
15 33
15 34
15 35
15 36
15 37
15 38
15 39
15 40
15 41
15 42
15 43
15 44
15 45
15 46
16 10
16 11
16 13
16 14
16 15
16 16
16 17
16 18
16 19
16 20
16 21
16 22
16 23
16 27
16 29
16 31
16 32
16 33
16 34
16 35
16 36
16 37
16 38
16 39
16 40
16 41
16 42
16 44
16 45
16 46
17 13
17 14
17 15
17 16
17 17
17 18
17 19
17 20
17 21
17 22
17 23
17 24
17 25
17 26
17 27
17 28
17 36
17 37
17 38
17 39
17 40
17 41
17 42
17 43
17 44
17 45
17 46
18 12
18 13
18 14
18 15
18 17
18 18
18 19
18 20
18 21
18 22
18 23
18 24
18 25
18 26
18 27
18 28
18 34
18 35
18 36
18 37
18 38
18 39
18 40
18 41
18 42
18 43
18 44
18 45
19 12
19 14
19 15
19 16
19 17
19 18
19 19
19 20
19 21
19 22
19 23
19 24
19 25
19 26
19 27
19 28
19 29
19 30
19 35
19 36
19 37
19 38
19 39
19 40
19 41
19 43
19 44
19 48
20 12
20 15
20 16
20 17
20 18
20 19
20 20
20 21
20 22
20 23
20 24
20 25
20 26
20 27
20 28
20 29
20 30
20 34
20 35
20 36
20 37
20 38
20 39
20 40
20 41
20 42
20 43
20 44
20 48
21 4
21 19
21 20
21 21
21 22
21 23
21 24
21 25
21 26
21 27
21 28
21 29
21 30
21 31
21 32
21 33
21 34
21 35
21 36
21 37
21 38
21 39
21 40
21 41
21 42
21 43
21 44
21 48
22 20
22 21
22 22
22 23
22 24
22 25
22 26
22 27
22 28
22 29
22 30
22 31
22 32
22 33
22 35
22 36
22 37
22 38
22 39
22 40
22 42
23 5
23 6
23 15
23 19
23 20
23 21
23 22
23 23
23 24
23 25
23 26
23 28
23 29
23 30
23 31
23 32
23 33
23 34
23 35
23 36
23 37
23 38
23 39
23 40
23 41
23 42
24 15
24 19
24 20
24 21
24 22
24 24
24 25
24 26
24 29
24 30
24 31
24 32
24 33
24 34
24 39
24 40
24 41
24 42
24 44
24 45
25 18
25 19
25 20
25 21
25 22
25 23
25 24
25 25
25 26
25 30
25 31
25 32
25 33
25 34
25 35
25 36
25 37
25 38
25 39
25 40
25 41
25 42
26 18
26 19
26 20
26 21
26 22
26 23
26 24
26 25
26 26
26 27
26 28
26 29
26 30
26 31
26 32
26 33
26 34
26 35
26 36
26 37
26 38
26 39
26 40
26 41
27 18
27 19
27 20
27 21
27 22
27 23
27 24
27 25
27 26
27 27
27 28
27 29
27 30
27 31
27 32
27 33
27 34
27 35
27 36
27 37
27 38
27 39
27 40
27 41
27 42
27 43
27 44
28 13
28 16
28 17
28 18
28 19
28 21
28 22
28 23
28 25
28 26
28 27
28 28
28 29
28 30
28 32
28 33
28 34
28 36
28 37
28 38
28 40
28 41
28 44
29 0
29 16
29 17
29 18
29 19
29 21
29 22
29 23
29 24
29 25
29 26
29 27
29 28
29 29
29 30
29 31
29 32
29 33
29 34
29 35
29 36
29 37
29 38
29 44
30 14
30 15
30 16
30 17
30 19
30 20
30 21
30 22
30 23
30 24
30 25
30 26
30 27
30 28
30 29
30 30
30 31
30 32
30 33
30 34
30 35
30 36
30 37
30 38
30 39
30 40
30 41
30 49
31 1
31 7
31 8
31 14
31 15
31 16
31 17
31 18
31 19
31 20
31 21
31 22
31 23
31 24
31 25
31 26
31 27
31 28
31 29
31 30
31 31
31 32
31 33
31 34
31 35
31 37
31 38
31 39
31 40
32 16
32 17
32 18
32 19
32 20
32 21
32 22
32 23
32 24
32 25
32 26
32 27
32 28
32 29
32 30
32 34
32 35
32 36
32 37
32 38
32 39
33 16
33 18
33 19
33 20
33 21
33 22
33 23
33 24
33 25
33 26
33 27
33 28
33 29
33 32
33 33
33 34
33 35
33 36
33 37
33 39
33 40
34 19
34 22
34 23
34 24
34 25
34 26
34 27
34 28
34 29
34 32
34 33
34 34
34 35
34 36
34 37
34 38
34 39
34 40
34 46
35 11
35 15
35 16
35 17
35 18
35 19
35 20
35 22
35 23
35 24
35 25
35 26
35 27
35 28
35 29
35 35
35 36
35 37
35 38
35 39
36 12
36 17
36 18
36 19
36 23
36 24
36 25
36 35
36 36
36 37
36 38
36 39
37 1
37 17
37 18
37 23
37 24
37 25
37 31
37 32
37 37
38 0
38 1
38 2
38 3
38 10
38 14
38 15
38 16
38 17
38 18
38 19
38 20
38 21
38 22
38 23
38 24
38 25
38 26
38 27
38 28
38 29
38 30
38 31
38 32
38 37
38 44
39 2
39 3
39 4
39 15
39 16
39 17
39 18
39 19
39 20
39 21
39 22
39 23
39 24
39 25
39 26
39 27
39 28
39 29
39 30
39 31
39 32
39 33
39 35
39 37
39 43
40 2
40 3
40 4
40 8
40 9
40 10
40 15
40 16
40 17
40 18
40 19
40 20
40 21
40 26
40 27
40 28
40 29
40 30
40 32
40 35
40 36
40 37
40 41
40 42
40 48
41 2
41 3
41 4
41 5
41 6
41 10
41 15
41 16
41 17
41 18
41 19
41 20
41 26
41 27
41 28
41 30
41 31
41 35
41 41
41 42
41 43
42 4
42 5
42 6
42 7
42 10
42 15
42 16
42 17
42 18
42 19
42 20
42 22
42 25
42 26
42 28
42 29
42 30
42 31
42 34
42 35
42 42
42 43
42 44
42 46
43 1
43 4
43 5
43 6
43 7
43 10
43 15
43 16
43 17
43 18
43 20
43 21
43 25
43 26
43 27
43 28
43 29
43 30
43 31
43 36
43 41
43 42
43 43
43 46
44 3
44 4
44 5
44 6
44 7
44 13
44 14
44 15
44 16
44 17
44 18
44 19
44 20
44 24
44 25
44 26
44 27
44 28
44 29
44 30
44 31
44 36
44 38
44 40
44 41
44 42
44 43
45 3
45 4
45 5
45 7
45 8
45 9
45 10
45 14
45 15
45 16
45 17
45 18
45 19
45 20
45 24
45 25
45 26
45 27
45 28
45 29
45 30
45 42
45 43
46 3
46 4
46 5
46 6
46 7
46 8
46 9
46 11
46 12
46 13
46 14
46 15
46 16
46 17
46 18
46 19
46 20
46 24
46 25
46 26
46 27
46 28
46 29
46 30
46 31
46 43
47 3
47 6
47 7
47 8
47 9
47 10
47 11
47 12
47 13
47 14
47 15
47 16
47 17
47 18
47 19
47 20
47 21
47 24
47 25
47 26
47 27
47 28
47 29
47 30
47 31
47 44
48 6
48 7
48 8
48 9
48 10
48 11
48 12
48 13
48 14
48 15
48 16
48 17
48 18
48 19
48 20
48 21
48 22
48 23
48 24
48 25
48 26
48 27
48 28
48 29
48 30
48 31
48 32
48 33
48 44
48 48
49 7
49 8
49 9
49 10
49 11
49 12
49 13
49 14
49 15
49 16
49 17
49 18
49 19
49 20
49 21
49 22
49 23
49 24
49 25
49 26
49 27
49 28
49 29
49 30
49 31
49 32
49 33
