2.500000000000000000e-01 2.500000000000000000e-01 7.300000000000000000e+02
2.500000000000000000e-01 7.500000000000000000e-01 1.100000000000000000e+01
2.500000000000000000e-01 1.000000000000000000e+00 9.000000000000000000e+00
2.500000000000000000e-01 1.138889999999999958e+00 1.000000000000000000e+00
2.500000000000000000e-01 2.250000000000000000e+00 3.000000000000000000e+00
2.500000000000000000e-01 3.812500000000000000e+00 1.000000000000000000e+00
5.000000000000000000e-01 0.000000000000000000e+00 7.100000000000000000e+01
5.000000000000000000e-01 5.000000000000000000e-01 3.000000000000000000e+00
5.000000000000000000e-01 7.500000000000000000e-01 1.000000000000000000e+00
5.000000000000000000e-01 8.888899999999999579e-01 1.000000000000000000e+00
1.000000000000000000e+00 2.500000000000000000e-01 1.400000000000000000e+01
1.000000000000000000e+00 3.888900000000000134e-01 1.000000000000000000e+00
1.000000000000000000e+00 1.500000000000000000e+00 1.000000000000000000e+00
1.250000000000000000e+00 0.000000000000000000e+00 9.000000000000000000e+00
1.250000000000000000e+00 1.388900000000000134e-01 1.000000000000000000e+01
1.250000000000000000e+00 3.125000000000000000e-01 3.000000000000000000e+00
1.250000000000000000e+00 1.250000000000000000e+00 2.000000000000000000e+00
1.250000000000000000e+00 2.750000000000000000e+00 1.000000000000000000e+00
2.000000000000000000e+00 5.000000000000000000e-01 4.000000000000000000e+00
2.250000000000000000e+00 2.500000000000000000e-01 1.200000000000000000e+01
2.250000000000000000e+00 5.277800000000000269e-01 1.000000000000000000e+00
2.250000000000000000e+00 1.361110000000000042e+00 1.000000000000000000e+00
2.250000000000000000e+00 1.812500000000000000e+00 1.000000000000000000e+00
2.250000000000000000e+00 1.074587000000000003e+01 1.000000000000000000e+00
2.250000000000000000e+00 1.420062000000000069e+01 1.000000000000000000e+00
2.500000000000000000e+00 0.000000000000000000e+00 6.000000000000000000e+00
2.500000000000000000e+00 2.777800000000000269e-01 1.000000000000000000e+00
2.500000000000000000e+00 6.250000000000000000e-01 2.000000000000000000e+00
2.500000000000000000e+00 8.163300000000000001e-01 1.000000000000000000e+00
2.500000000000000000e+00 2.812500000000000000e+00 1.000000000000000000e+00
2.500000000000000000e+00 6.804730000000000167e+00 1.000000000000000000e+00
3.250000000000000000e+00 0.000000000000000000e+00 1.000000000000000000e+00
3.250000000000000000e+00 6.633000000000000007e-02 4.000000000000000000e+00
3.250000000000000000e+00 3.611099999999999866e-01 2.000000000000000000e+00
3.250000000000000000e+00 3.250000000000000000e+00 1.000000000000000000e+00
3.250000000000000000e+00 3.694440000000000168e+00 1.000000000000000000e+00
3.250000000000000000e+00 5.626730000000000231e+00 1.000000000000000000e+00
4.000000000000000000e+00 6.250000000000000000e-02 3.000000000000000000e+00
4.000000000000000000e+00 2.500000000000000000e-01 1.000000000000000000e+00
4.000000000000000000e+00 4.199999999999999845e-01 1.000000000000000000e+00
4.000000000000000000e+00 6.944399999999999462e-01 2.000000000000000000e+00
4.000000000000000000e+00 1.312500000000000000e+00 1.000000000000000000e+00
4.000000000000000000e+00 1.555560000000000054e+00 1.000000000000000000e+00
4.000000000000000000e+00 8.573959999999999582e+00 1.000000000000000000e+00
4.250000000000000000e+00 1.700000000000000122e-01 1.000000000000000000e+00
4.250000000000000000e+00 2.656200000000000228e-01 1.000000000000000000e+00
4.250000000000000000e+00 7.500000000000000000e-01 1.000000000000000000e+00
4.250000000000000000e+00 3.358019999999999783e+00 1.000000000000000000e+00
4.250000000000000000e+00 4.250000000000000000e+00 1.000000000000000000e+00
4.250000000000000000e+00 5.935950000000000060e+00 1.000000000000000000e+00
4.500000000000000000e+00 2.222200000000000009e-01 2.000000000000000000e+00
5.000000000000000000e+00 5.555600000000000538e-01 1.000000000000000000e+00
5.000000000000000000e+00 7.594520000000000159e+00 1.000000000000000000e+00
6.250000000000000000e+00 3.697999999999999898e-02 1.000000000000000000e+00
6.250000000000000000e+00 2.500000000000000000e-01 1.000000000000000000e+00
6.250000000000000000e+00 3.906200000000000228e-01 1.000000000000000000e+00
6.250000000000000000e+00 5.100000000000000089e-01 1.000000000000000000e+00
6.250000000000000000e+00 6.944399999999999462e-01 1.000000000000000000e+00
6.250000000000000000e+00 1.059690000000000021e+00 1.000000000000000000e+00
6.250000000000000000e+00 1.562500000000000000e+00 1.000000000000000000e+00
6.250000000000000000e+00 7.344689999999999941e+00 1.000000000000000000e+00
6.250000000000000000e+00 8.476559999999999206e+00 1.000000000000000000e+00
6.500000000000000000e+00 0.000000000000000000e+00 1.000000000000000000e+00
6.500000000000000000e+00 1.326499999999999901e-01 1.000000000000000000e+00
6.500000000000000000e+00 2.148799999999999877e-01 1.000000000000000000e+00
6.500000000000000000e+00 1.040000000000000036e+00 2.000000000000000000e+00
7.250000000000000000e+00 1.132800000000000057e-01 1.000000000000000000e+00
7.250000000000000000e+00 1.479600000000000082e-01 1.000000000000000000e+00
7.250000000000000000e+00 3.580200000000000049e-01 2.000000000000000000e+00
7.250000000000000000e+00 1.658320000000000016e+00 1.000000000000000000e+00
8.500000000000000000e+00 3.767300000000000093e-01 1.000000000000000000e+00
9.000000000000000000e+00 2.500000000000000000e-01 1.000000000000000000e+00
9.000000000000000000e+00 2.820099999999999829e-01 1.000000000000000000e+00
1.000000000000000000e+01 1.859500000000000042e-01 1.000000000000000000e+00
1.025000000000000000e+01 2.324000000000000024e-02 1.000000000000000000e+00
1.225000000000000000e+01 2.500000000000000000e-01 3.000000000000000000e+00
1.250000000000000000e+01 0.000000000000000000e+00 1.000000000000000000e+00
1.450000000000000000e+01 0.000000000000000000e+00 1.000000000000000000e+00
1.450000000000000000e+01 4.793399999999999883e-01 1.000000000000000000e+00
