0.8609 0.5515 1.8572 5.3141 5.4947 4.7127 3.8988 4.2618 3.9051 5.6179 3.8961 3.3006 0.5035 5.3652 4.7737 4.8889 3.8968 1.3133 1.2367 0.2931
1.3223 2.5337 4.9562 0.0798 5.8182 3.8716 2.9884 4.1159 5.2336 4.8093 3.9722 4.2015 2.5935 2.2355 0.5406 0.8937 1.7057 0.3705 0.7344 1.9841
4.0145 3.3723 2.3220 4.4775 6.2785 6.2572 4.8101 4.8779 5.4149 5.3415 0.7346 3.8568 1.9495 1.2048 0.7459 1.5178 2.1806 3.6233 3.5824 3.8880
4.6026 3.3191 1.0038 5.9245 1.3357 0.7308 3.2122 3.3552 4.3033 3.7574 2.3994 1.9811 1.8460 2.1377 4.3885 2.8590 3.0181 2.7056 3.4809 4.4779
5.0173 0.1499 0.0980 0.1151 5.8664 0.2175 6.0726 0.3106 5.8547 6.1957 0.2075 1.9800 2.4399 2.9525 2.0386 1.6790 4.4291 3.8118 3.8004 3.6762
0.7905 1.0585 1.5298 1.0461 1.1119 0.5954 5.2529 2.1928 3.6129 2.5642 4.0513 2.2105 1.4015 2.7167 0.6112 0.7502 4.5114 3.3027 1.1543 2.3342
1.4542 1.1254 1.7869 0.1814 0.8479 0.8885 4.2108 4.7489 4.6934 4.1603 2.0910 2.3137 0.5783 2.6044 3.8088 5.4177 3.5817 2.0926 1.8148 1.6687
0.4168 1.7153 1.0439 5.8011 0.4705 0.1605 2.5727 5.2156 4.3930 4.5576 2.2427 5.0889 4.9771 2.9650 2.0175 2.5046 2.2565 0.7835 3.8189 0.0353
0.2921 6.0485 0.5061 0.3556 6.0585 0.1565 0.9812 6.0984 5.4382 4.4159 2.4390 4.7336 4.8055 2.5767 2.2446 2.6302 1.5147 1.2556 0.3565 1.1815
4.3219 0.0723 5.8420 1.8494 6.1144 1.9048 1.3652 0.0146 4.3342 6.2125 4.7143 4.1097 3.9041 3.8465 2.6580 2.4248 2.2282 3.4988 5.8406 0.0789
4.8878 0.6645 5.9125 4.3850 5.9178 2.4858 0.2747 5.3509 3.7217 3.8590 5.8268 0.3595 2.7210 3.3624 2.4579 1.3501 0.6130 1.5112 6.2578 5.1479
0.2417 5.6709 5.4885 5.4093 5.7680 6.0408 6.2357 5.4864 5.5782 4.5777 4.3133 3.6903 4.4144 4.8000 2.7222 0.8039 1.0711 0.6773 0.7419 6.1643
1.1737 1.5216 1.1931 1.0001 0.3967 0.9558 6.2155 1.5756 3.4411 4.7498 4.5270 3.6348 1.9278 3.2746 4.3431 6.0743 5.0458 6.2795 0.5901 5.7318
1.1925 4.7538 4.5798 3.0992 4.2772 4.8982 4.8160 2.0964 3.3869 4.2804 4.6972 4.8557 3.1575 2.0240 5.9421 4.9830 5.4158 5.8521 0.6471 0.5226
5.5014 4.8884 3.8575 3.4043 3.4100 6.1670 1.0996 2.2907 1.0948 0.2230 5.0802 1.4414 2.4685 0.8191 0.5948 0.0144 5.5530 5.7506 5.3819 5.8800
3.6410 5.7739 4.5993 0.8130 3.0558 2.5675 1.8186 5.5391 0.0166 5.6089 4.9267 3.8077 1.0531 0.5059 5.8044 6.1093 5.0986 3.8593 3.6844 3.6965
2.3613 5.8594 2.4831 0.4695 5.4856 4.9945 0.2169 5.9309 0.6141 0.5268 5.6126 5.3989 0.4233 1.3485 0.7434 6.2038 0.1300 0.6298 2.4688 1.7734
5.8826 3.1140 4.1159 5.4261 0.5258 5.8384 4.5871 0.7528 1.3703 1.3865 5.9968 0.7673 0.9229 0.7872 5.7021 5.7336 0.3733 0.2292 2.1128 0.9862
1.0333 2.8178 2.7531 3.5661 3.8230 3.3214 5.3555 5.2251 5.2154 0.4831 5.5436 4.8171 6.0675 6.2649 5.0500 5.6479 0.2901 0.0032 6.2385 5.8550
1.2101 0.4526 5.7304 0.0658 5.2374 4.6613 4.9473 5.4069 5.4540 5.6093 4.6127 3.5154 1.6370 0.8427 3.4684 3.8798 2.8920 1.7379 0.8186 6.1816
