5.0934 3.6790 2.6222 3.2027 3.5781 3.7605 1.9198 0.1010 0.5931 0.8932 2.4699 0.6020 0.3716 3.1882 3.6314 3.7921 0.7536 4.5818 4.5129 4.3929
3.8360 4.3529 3.5594 3.2336 2.7297 2.3693 2.2473 1.7462 1.3662 1.8571 1.6898 0.0475 4.6508 3.1841 4.4548 3.8471 4.3554 4.9807 4.6689 4.6659
1.8508 3.9820 2.6387 2.3900 2.1565 2.3292 2.3607 3.2520 5.2014 3.1792 5.2210 4.7200 5.5645 4.0933 0.5588 2.9227 3.4277 3.4983 4.4779 4.9303
4.7510 3.3800 2.2690 1.9100 1.6276 2.1291 2.5478 0.4577 5.0927 3.7989 5.7225 4.2007 4.0683 3.4200 3.7668 5.6201 4.8005 4.2447 5.7493 4.0438
4.9807 4.4636 2.9109 3.8929 2.2220 3.4063 3.4870 3.6837 4.6097 4.8542 3.2034 4.0051 4.0067 3.0958 4.1430 4.4592 4.4666 5.0863 0.0756 5.7287
5.9904 5.5047 1.0934 3.0588 2.9771 4.4687 2.0911 4.3305 5.1061 4.7487 2.3008 4.7754 3.2723 2.9258 3.9674 4.0927 3.8689 4.9465 2.5224 5.1065
1.4186 1.9350 4.4273 2.3248 1.4007 1.1404 3.6386 0.2255 5.1455 0.9386 0.9456 1.0819 2.3288 3.5783 3.1549 3.4358 4.2207 3.9838 4.0297 1.1555
3.6881 4.4821 3.2405 2.0583 3.1419 1.1337 5.5908 5.9010 5.6650 0.7013 1.9151 0.9397 2.9644 3.4470 2.7407 3.5763 4.3144 3.5477 4.7554 5.8661
5.4383 5.2146 0.8034 1.4622 4.0469 5.4425 5.2679 4.1139 2.1938 3.5407 0.5523 5.6111 3.0732 1.9295 2.3266 4.3748 4.3625 4.5137 5.9650 4.8541
3.7892 4.9354 0.0046 5.6526 4.5605 3.7232 4.8109 3.6348 1.5854 3.9311 4.8126 4.2721 0.6827 2.3882 3.4026 6.0197 0.3063 0.2283 6.2154 4.5387
5.9079 4.9115 1.3793 2.4242 0.8077 5.3880 4.6092 4.5623 3.3834 2.4813 5.9774 0.5856 2.2668 4.0955 5.7632 0.2718 0.1198 6.2216 5.7624 4.7256
4.9912 3.7474 2.1869 2.8865 5.3971 5.6561 4.5738 3.2914 3.5793 2.0373 5.8288 5.6929 2.6127 1.3183 5.4482 0.0863 0.2320 0.8992 4.9755 5.2233
6.0423 1.5593 5.7115 3.3263 5.8731 4.1654 3.4575 3.2690 3.3758 0.1190 6.2313 5.6561 5.3115 0.3022 6.0210 0.6443 0.2838 1.3280 5.9041 2.5188
0.2105 4.4050 5.6502 5.8340 4.9772 5.6060 5.0512 4.1874 3.7887 6.1206 0.2091 4.9571 5.1830 6.2411 0.4657 4.3051 4.9805 5.7347 5.3672 0.2560
5.2152 4.4810 3.8543 4.8659 4.9257 4.9507 5.2938 2.7463 3.1504 3.6539 3.6707 4.1908 4.7724 5.5052 5.1477 6.0444 4.9701 5.2829 5.6092 5.9779
1.2650 1.6360 0.7420 1.2351 3.8616 5.1759 5.1875 2.7766 0.6872 2.2916 1.4771 3.8786 5.8936 5.0098 4.2316 5.3329 0.9987 6.2276 5.6575 1.0806
1.0134 0.5354 0.1903 5.8119 4.6489 4.2847 4.9811 4.7404 0.8017 4.6047 2.7354 4.0680 4.2262 3.8848 3.4309 3.5641 3.7220 5.8831 4.2345 5.1810
1.1064 4.4291 3.8209 0.8761 4.2572 4.6155 4.7548 5.2417 6.0107 4.6077 3.6185 3.7633 2.5288 4.6958 3.6790 3.1542 2.0385 4.4088 5.2272 5.8117
2.1993 2.5995 4.7125 6.2568 4.3353 3.2357 4.0787 3.8379 4.7786 1.9087 2.9656 0.3045 3.9042 5.0113 0.3319 2.3607 4.1439 4.1813 3.0238 2.8679
5.8128 4.5956 5.8391 0.1952 3.8675 3.5668 1.7054 2.2290 0.3902 0.8163 0.5788 2.1165 3.0656 3.0128 5.3157 4.5486 4.6317 4.8847 3.1451 4.0698
