3.0337 3.4388 1.3660 2.7018 2.5950 2.3256 5.3484 0.1774 0.4638 4.7279 4.8342 6.2664 4.1044 2.6282 1.7094 0.4583 5.7077 4.1871 3.9290 2.8512
4.0793 3.1329 1.5113 1.7326 2.1573 2.0153 6.1080 0.4679 0.0220 5.3051 4.6965 3.6754 2.9558 0.1094 0.5109 5.9854 5.1071 3.7407 2.4877 3.5834
0.5461 1.3267 1.7866 1.7318 0.6198 1.1047 0.4679 1.5884 6.0587 5.5216 5.3046 5.0433 4.2418 5.7517 3.0281 1.2586 4.0253 3.6000 2.3134 2.8657
0.6080 1.3272 2.0800 1.5773 0.4931 1.6978 3.1547 2.1438 1.6883 5.6094 1.1142 3.3469 4.9502 5.2031 3.8414 2.2257 1.8611 3.5448 2.3283 1.8546
1.4815 1.1846 1.1018 1.0442 1.9343 1.5197 3.5870 0.8474 6.2189 0.1449 0.5798 3.4898 2.5776 3.0705 3.8836 5.1637 2.4738 3.0995 2.5538 1.9008
3.8888 1.8989 0.8324 1.1504 5.5463 0.2407 4.3912 4.8481 5.7029 5.7891 5.2321 5.1745 4.0824 3.5334 4.4837 5.0545 3.0208 2.2941 3.1628 2.9835
5.9498 2.8002 3.4623 2.5313 4.4819 6.2168 6.2102 4.3987 5.5699 4.7460 5.2535 5.2471 3.8032 3.6873 4.3673 5.5213 3.9363 2.1144 2.3659 2.1902
1.2236 3.2277 2.5489 2.4350 4.7770 1.9859 1.8181 4.0756 5.6153 0.6218 3.9998 4.8604 4.2110 3.9758 3.8740 4.6213 1.3836 2.0824 2.7203 1.9423
0.5914 6.0604 2.4957 2.5398 2.4742 2.5797 0.1991 5.3947 4.7623 6.1062 5.8025 6.1955 4.6285 3.3373 3.6300 3.9767 3.7086 1.0316 1.2185 0.9557
0.0266 4.4317 3.0506 2.0099 1.5772 1.9432 0.4559 5.2806 5.5241 0.5893 6.1525 5.1430 4.1267 5.0263 1.2434 2.1119 4.1765 4.1221 4.7839 4.7211
1.9143 5.8409 4.8954 2.9444 6.1493 2.2238 0.0215 0.5831 6.2444 5.5388 5.7276 5.1500 4.1244 6.0334 0.4631 0.9002 5.4511 4.7467 4.8928 5.5062
2.2427 1.8052 1.5900 2.1368 2.6846 3.4239 4.9647 0.1745 5.3691 5.3004 5.1136 5.9571 3.7132 4.7551 2.0689 0.6692 5.4102 4.9648 6.0525 3.4423
5.1307 1.2075 3.8590 2.4890 2.2342 4.7139 4.0994 0.4992 0.9435 4.7528 4.4676 5.3869 3.8940 4.6512 4.2630 4.2073 5.2947 5.8839 1.4499 2.2408
4.8236 5.1188 4.3281 1.9248 3.6904 3.9470 2.8981 3.1752 5.6819 4.7412 4.6528 5.0371 4.9802 3.3528 4.1204 4.9484 3.5235 3.4420 3.4065 3.1477
5.8788 1.5808 0.0002 0.2784 5.2505 4.1853 3.8764 5.0043 4.5925 2.1413 5.7590 5.3874 5.4306 4.8967 4.8224 3.9366 3.5772 2.0239 1.7814 3.1135
6.0429 6.1082 3.1402 2.4717 2.0736 2.6590 0.9441 6.2665 0.1193 1.4941 1.9738 0.5726 6.0876 4.2294 3.9431 3.2729 3.2383 2.0706 3.1483 3.0388
0.3855 0.1807 2.5398 2.6686 1.5234 1.7955 1.9617 0.5566 5.0111 3.2969 2.2866 5.8774 1.9198 1.5413 4.3683 4.0245 3.8045 2.9624 2.2530 0.5868
5.8040 2.3427 3.9037 5.2298 6.1343 2.9088 2.4742 0.8404 1.0408 6.2204 1.5400 0.5035 1.4967 5.0868 4.7100 4.0261 2.4633 3.1022 5.1630 6.1327
4.5701 4.9875 4.8493 4.5553 5.2121 3.1054 2.7984 0.1749 0.5165 6.0948 0.4756 0.2184 1.1071 6.1195 4.6340 3.4909 3.2887 3.1843 2.3372 3.9894
3.1242 3.2940 3.4830 5.2091 4.8300 2.6298 1.6226 0.4394 0.5330 6.0299 1.1128 5.8779 6.1473 4.8835 2.0773 6.0554 5.8632 2.9834 3.2076 2.8493
