2.6244 4.0668 2.8355 2.9839 2.4425 2.5169 4.1758 4.9198 3.7853 4.0733 4.8379 4.2117 5.0974 5.9968 4.2049 3.0485 2.8204 0.4362 2.1591 3.9923
3.6219 5.8773 0.0907 3.7873 3.0578 0.2746 0.2977 4.2646 4.2174 4.7522 5.9228 4.2991 5.1765 5.3537 3.9498 4.7858 3.9279 5.5598 5.9725 4.0380
5.1356 5.0790 2.4943 2.0947 2.8163 0.0029 0.2383 2.9950 1.3873 4.0190 4.5356 1.5310 1.5479 3.0361 3.1787 4.3715 0.0682 6.0564 5.4438 5.2378
0.8028 1.5851 3.4799 0.7692 2.1919 0.2659 1.6426 0.3045 5.8515 5.3746 0.7734 0.6585 0.7518 2.8285 1.5401 4.1996 4.9715 4.7209 0.6575 0.6227
0.6752 2.5570 2.2058 2.1766 0.1748 2.0210 1.3631 1.6114 6.0459 5.3742 5.5598 0.1824 0.3598 3.7731 0.5934 3.6900 5.8831 2.9652 2.4949 1.1098
1.3596 2.7363 3.2629 3.0728 1.7191 0.1636 4.1289 4.6886 5.6100 4.2217 3.5229 4.4109 3.2767 5.4790 6.2316 4.3477 0.9654 1.9212 4.4326 0.6763
2.0092 5.8683 5.0093 4.5489 3.7504 4.7757 5.2263 0.1840 5.3046 4.4358 4.0299 3.9671 4.5130 4.2627 2.0745 0.0735 1.8124 2.2577 4.8089 1.9674
0.9696 1.1332 0.5061 5.7446 4.9792 0.4302 6.1534 5.8991 0.2949 6.2101 5.5780 4.8903 4.2099 3.0083 2.6725 5.2561 4.8231 3.0342 4.4722 5.0726
0.8127 1.0222 2.5520 4.3194 5.2443 4.4975 5.6619 1.2299 2.2505 2.0533 0.8905 4.3779 4.8619 3.1706 3.6052 0.7838 5.4803 1.8823 1.8021 0.3299
5.9939 1.9792 1.9465 5.4747 4.9226 4.0563 4.7454 0.3395 1.4412 1.2053 4.0547 4.4686 6.1750 1.7837 2.0538 0.5753 6.1756 4.7383 4.5721 6.1880
0.8720 0.2473 3.2422 6.1526 6.0028 5.8625 6.0669 0.1582 0.0514 1.7281 0.3109 0.9029 0.7752 2.2066 1.9736 1.0380 2.9716 5.4896 5.5490 5.2676
0.6230 1.1415 0.5912 5.9928 5.9139 5.8015 5.6936 5.9919 5.3857 6.1432 1.3424 1.2191 2.0101 1.1626 0.5030 0.7844 2.3659 1.6702 5.5854 0.6847
0.5465 1.7411 0.9266 5.7597 6.0793 6.1646 6.0788 5.3597 5.6128 5.0927 4.9737 1.7258 1.4867 2.5848 0.9632 1.7300 4.2105 4.7024 5.5554 4.6920
5.7641 3.8619 5.0570 5.4654 1.1666 6.2553 0.3053 6.0674 0.0858 6.1813 5.6696 5.6660 2.0744 1.7838 1.9629 4.1404 3.7335 3.3398 2.7988 5.0745
5.1102 4.4170 4.4639 2.1778 1.4982 1.6267 5.3111 4.2783 5.0857 5.4338 4.3800 2.8476 2.9097 2.1749 1.6281 4.0662 3.1699 6.0107 1.3752 5.0474
4.2195 4.8124 4.4760 4.7407 3.2519 2.7393 1.1648 1.3432 2.6770 2.8227 2.7034 2.7530 3.0880 1.7049 2.7362 2.8924 3.0650 1.8844 0.1613 4.4538
4.6685 4.7707 4.7638 4.8603 4.5569 4.1737 1.0257 2.3018 4.0961 4.7046 2.0105 2.2336 2.5529 5.1045 5.9698 2.3442 2.2510 2.2087 5.4006 5.1965
0.7537 5.3070 4.4412 4.7032 4.5245 4.6048 2.6461 1.7151 2.7700 3.7615 2.1335 2.1168 1.4979 2.7182 4.0074 3.1537 1.1908 0.0637 5.3679 0.1670
0.0131 5.9400 4.4782 4.7574 3.3130 2.5489 3.2586 0.8077 2.7286 2.2480 1.1566 2.3019 0.2108 3.5983 3.6309 5.3588 1.0131 3.4131 2.2044 0.4682
6.0256 3.5797 3.6858 4.0356 3.0445 2.0018 3.8634 2.8800 3.1706 3.0923 4.5749 1.4760 0.8620 1.5052 3.3060 3.7343 2.7751 1.2997 2.1861 4.1397
