1.6887 3.9797 3.3964 4.6782 4.0013 0.6725 3.9093 1.8921 4.8193 5.9144 1.6584 1.8312 1.6149 2.3628 1.4618 2.1611 2.8210 0.8914 5.3147 0.2825
2.5262 3.1831 3.7556 3.6874 3.4958 5.0923 2.8285 1.5212 4.3286 0.3918 1.2036 6.1514 3.3837 2.0079 2.7623 1.8958 1.3269 5.7038 5.4269 6.2231
0.1913 0.0264 5.3453 1.9535 2.8436 5.8404 5.2999 5.5273 5.6795 0.3710 1.0353 0.7452 1.6078 0.3046 0.0464 1.3118 0.3221 0.5906 0.6064 5.2163
0.4310 0.4381 5.8272 0.7932 0.9878 1.4621 5.0724 5.2889 5.2234 1.4975 1.0019 0.7612 0.4265 2.5603 5.1832 0.7041 0.1560 1.1429 0.1319 0.3938
0.6184 1.2265 0.6780 1.2595 1.2780 2.6560 4.6900 5.1274 4.1135 1.3264 2.8377 3.1486 0.0268 1.5823 1.1776 1.1413 0.0329 0.5471 0.1540 6.1697
1.1992 0.4060 0.4181 2.8189 2.5119 3.1374 0.6247 4.3544 3.7753 4.1083 4.9530 4.7335 6.0150 5.5994 0.1000 2.6989 1.7252 2.3857 0.2523 6.0531
0.7904 1.4834 0.1144 3.6119 3.2025 3.4046 2.7380 6.0605 5.9577 5.0883 3.4577 4.3857 6.1078 0.0305 6.0366 0.5107 0.0552 0.8359 6.1450 6.0396
0.4284 3.4128 3.2300 3.4886 2.9320 3.9354 5.6293 4.9650 4.9334 5.8031 5.4358 4.3014 5.5551 1.8321 6.2231 6.0252 5.8829 0.8265 5.9182 5.0789
4.7950 5.2559 4.5026 4.2332 3.4532 3.9316 4.4809 0.9994 6.0472 0.0360 6.2244 1.7060 1.3167 1.7580 1.0869 0.8661 0.3799 5.9078 3.5809 5.2458
5.3814 2.2447 4.5313 3.7630 2.2238 1.6808 2.0892 0.3559 2.1842 1.5199 0.7596 1.4922 0.5234 1.7252 1.6431 0.2927 0.4207 0.5950 2.0379 1.1358
5.9919 2.3153 4.4057 3.7727 3.8098 3.0114 2.1787 1.0518 0.9002 1.5541 1.1644 2.3488 1.6295 0.2031 1.8487 0.4664 5.7245 5.9708 0.2203 6.2031
5.0851 5.0205 4.7401 2.7304 2.8194 3.2900 2.1915 3.6162 0.7986 1.5570 1.5978 1.7046 1.3136 1.3981 1.4143 6.1350 0.3769 0.5811 5.8047 4.7863
5.5865 0.6191 0.1961 5.9670 0.9679 6.0930 6.2649 0.7839 2.8166 0.6869 2.9188 1.8659 3.4628 1.4670 0.5629 1.1844 1.1641 0.5326 5.6197 5.6153
5.3394 0.0388 5.4867 5.3474 0.5302 5.6065 4.7706 6.2465 4.2967 0.7032 1.0995 2.2984 6.1137 2.0312 5.6296 6.0604 1.6105 1.0350 1.7707 5.8657
5.1639 6.1963 0.3329 3.7197 0.1151 4.3030 3.3232 2.1621 0.6551 0.7860 1.0527 2.8411 1.3243 0.7824 0.2850 4.6404 3.6817 2.9001 2.3439 0.4240
0.5676 0.1917 1.1584 2.0635 1.6580 4.0008 4.7957 6.1029 5.3706 0.4318 4.0437 4.4691 1.9614 0.3956 6.0108 3.0253 3.5905 4.0654 2.0660 0.3577
6.2217 0.5261 0.7201 6.1557 0.6905 5.1233 4.4042 5.3147 5.9021 2.7197 2.1834 0.8690 4.7338 5.1374 4.9278 5.1710 5.6518 0.6678 4.0472 5.4717
0.0665 1.1223 1.1200 1.9059 4.1542 0.3777 0.0722 0.4424 1.7162 3.6224 4.5087 0.0337 5.0526 4.5914 3.9302 4.8649 4.4999 4.2623 4.6366 3.3842
4.4530 4.3892 3.3650 4.2927 4.4353 3.8886 3.2341 2.3740 3.0399 2.8445 3.3572 5.2365 3.6270 3.7592 3.6089 4.4580 4.5954 4.8843 5.9945 4.4104
5.7697 4.9891 4.4341 3.9970 4.2419 1.1774 1.6117 2.0704 4.1216 4.2227 1.8920 0.2198 0.5731 4.3945 0.8722 2.6040 3.1123 3.6025 4.6367 5.3870
