4.7964 1.9013 5.9732 2.9053 3.7545 4.5816 0.5917 0.8641 4.2837 3.4034 3.4589 3.6657 5.5696 4.6319 5.9411 5.0162 4.1307 3.5082 3.6313 2.7565
4.9879 5.2669 0.9524 1.8392 6.1117 2.7123 1.9496 0.4523 2.8144 3.5676 3.3624 0.7984 0.5315 4.9824 0.8775 2.7685 3.2454 1.7441 3.6334 4.6688
4.6308 5.0216 5.0220 4.0349 4.2326 2.8600 1.0150 1.0764 2.7843 2.9588 3.7204 2.5433 2.1874 1.2085 1.0409 1.8367 0.8291 0.6715 4.9323 5.5019
5.9315 4.5992 5.2749 5.3908 4.6017 4.0417 3.4377 3.8200 3.7226 2.2959 2.2201 0.6253 4.8702 2.9854 0.9104 1.8733 1.1019 1.0281 3.7596 4.4779
2.9834 5.6743 5.1407 5.4298 3.8140 4.2808 4.3479 4.4838 2.8742 3.6320 1.0523 3.6459 3.8607 0.6705 2.1990 2.2416 1.0375 2.0007 2.3084 3.5829
4.3211 5.3107 5.5233 0.0696 3.4227 4.5557 4.6982 4.3970 3.9277 4.5883 4.6353 1.8502 0.8677 0.7158 2.0437 1.9732 0.8942 2.2314 2.4701 2.8237
5.2394 6.0471 5.7046 5.8610 4.8440 5.3224 0.1588 0.0443 5.9275 3.4761 4.9971 2.0906 2.4647 6.1988 6.0088 4.1490 3.9856 4.0462 4.0318 2.6801
6.1776 5.3582 6.2098 5.8502 4.9880 5.8623 5.6522 5.0808 4.8646 2.2857 2.8906 1.7361 2.2118 0.4299 5.7351 4.7712 5.1019 3.9914 5.4845 5.5645
4.6916 5.9132 5.7398 6.0814 2.1672 5.2980 6.0697 5.1102 3.8615 3.2649 3.3224 2.8496 1.9525 4.9681 5.7966 4.4037 2.1946 3.3203 6.2553 5.2982
2.1422 0.8619 5.5335 3.4972 6.1157 6.0429 6.0465 4.7820 3.8407 2.7540 1.9655 1.6310 2.1808 2.3128 1.8895 5.1894 4.1404 4.1128 0.1108 1.3284
1.2608 1.1565 5.2740 1.3765 4.0038 5.6947 5.4358 0.9131 0.2709 2.0886 1.4211 1.2636 4.2249 1.7376 1.5412 2.9687 3.7006 3.8642 0.1443 0.2920
6.1955 5.9159 5.0251 6.1309 0.8899 5.5257 5.0558 6.1163 0.5047 1.3343 1.6231 2.2725 3.8037 1.3226 2.3405 2.1383 2.6994 2.6212 2.4814 1.6381
6.2213 5.3658 4.8849 5.4589 0.9020 6.1138 5.2318 0.0831 6.2043 5.9936 2.5483 2.2179 2.3370 2.4879 2.0869 2.2051 0.2403 2.1797 0.8268 2.8241
5.9070 5.3248 4.5939 4.8717 0.2363 6.0911 0.1004 5.5949 5.6499 2.7496 2.7340 1.8674 1.7478 1.1310 0.6525 0.6000 2.0305 1.8152 0.3698 1.0684
0.3303 5.8596 4.8487 4.8548 0.3513 0.2948 6.1785 6.1465 5.5615 2.4646 3.0267 2.6050 2.5691 3.2620 1.6517 5.7187 3.2428 4.1362 5.4197 2.9388
0.3919 5.7544 5.2752 4.6123 1.3692 0.4206 0.0759 1.1614 0.6698 2.8950 3.7146 2.8975 4.2386 5.5555 0.5789 6.0944 3.1429 3.8749 3.9032 6.2805
2.2451 4.6612 4.1039 2.7052 0.2035 0.5210 1.6580 2.3527 1.3207 0.5390 2.9057 3.4800 3.8976 4.3942 0.9743 0.9517 2.7791 0.7468 2.2598 1.5693
4.2387 4.5318 4.1134 1.2906 4.1976 1.5659 0.8843 0.2294 0.4403 5.3906 5.0861 4.2130 0.8863 0.9383 1.3853 2.0049 1.3991 5.8077 3.3345 2.5401
3.1992 4.9821 4.1332 4.1916 3.3146 0.3072 0.2205 2.8438 4.9861 5.2569 4.5020 2.7185 6.2742 3.5578 6.1524 0.6454 1.4304 0.7172 5.6529 3.8759
4.9718 3.0505 4.5264 3.8664 4.0937 4.5571 5.2221 3.5661 4.0419 3.6104 4.0691 2.2930 3.8303 5.7812 5.2476 5.4698 4.4526 3.3276 3.9842 4.4937
