1.9249 1.8224 2.1806 2.4026 2.4158 2.2729 1.8382 2.3905 3.2176 1.2717 5.3097 2.7332 5.2053 5.2422 0.8760 1.7304 0.8550 1.7742 0.2282 1.0956
1.9602 0.7510 2.6708 2.2677 3.9959 4.2849 3.0741 1.6976 1.4634 5.5027 5.8493 2.2202 4.3596 3.6112 6.1279 0.8607 0.6256 2.2665 1.2508 0.9696
2.5780 2.8569 3.9583 4.4224 4.4848 4.7709 4.5651 5.8012 4.7175 5.8220 6.0125 3.6880 4.6893 4.1713 4.9322 0.0528 5.9002 0.6188 1.1307 2.0415
2.4177 2.8419 4.8548 3.2590 4.0789 3.6286 4.7056 4.4074 4.9367 5.0816 3.0121 2.4425 5.8911 2.0149 1.7931 2.1831 0.7661 0.7143 5.5158 3.2358
2.5319 1.4631 2.8376 2.3578 4.2578 4.4462 3.4820 3.2422 4.1031 3.4694 3.1582 2.5074 1.1965 2.0197 2.2602 2.0877 1.1089 0.5007 5.2915 3.5157
2.4807 1.6273 1.9535 2.2044 4.0748 4.5016 3.4194 2.1851 3.9080 4.1985 3.2056 3.2236 2.6663 1.4357 4.4359 1.2199 1.6714 0.8977 3.2983 3.1020
2.6244 2.6021 3.0876 3.1105 2.0579 4.5631 3.0237 2.9199 5.1163 3.9891 3.7048 4.5170 2.4760 1.1989 1.9251 1.4090 2.2822 2.0723 3.2009 2.3328
2.8489 3.2622 3.2347 2.4992 2.5156 5.1728 2.4749 1.5539 0.5388 0.2968 3.9598 3.6282 1.6897 1.9152 2.5526 3.2502 3.2942 5.9258 3.9542 2.3746
2.7102 3.0655 2.9585 2.8692 1.8972 0.2881 5.1795 2.0112 3.2893 5.2747 5.7629 5.7221 0.3097 3.2121 3.4489 3.3387 1.5161 2.6244 3.3180 2.1018
2.0197 2.8834 3.3775 1.3650 1.3916 0.6290 5.5416 2.3470 2.1197 1.0806 1.9279 5.6559 0.8359 3.0544 2.7416 2.3910 1.6638 3.2887 2.5447 2.5717
1.8424 1.7129 2.2918 2.5212 0.9434 0.2402 0.7719 1.5103 1.3954 1.6427 3.1985 1.1135 0.5790 2.4028 3.7710 3.1944 0.4865 2.3626 4.2274 2.2489
0.5594 1.4516 2.8642 1.3473 0.5113 1.1059 2.2018 1.1613 0.8949 2.2787 2.9106 2.3534 1.7220 1.7474 0.2659 1.4177 0.7772 3.0942 3.5329 0.4842
1.6781 2.1192 1.6377 0.9724 0.9112 1.7012 2.5461 2.1975 4.4247 4.9431 4.3003 3.7593 4.6159 4.8484 0.4023 1.3997 1.3424 3.0118 4.6347 0.9588
2.1154 1.4927 0.4642 0.6083 1.2910 0.9174 4.5379 4.1594 3.5033 3.6141 2.0489 3.0759 3.8915 3.5275 2.0097 0.4432 0.2443 0.2722 1.1229 4.3075
3.4829 2.4957 2.5683 1.8516 1.5021 1.0651 4.0600 3.4044 3.0493 3.0517 3.2549 3.3144 5.8756 5.8672 5.0477 3.0228 4.0813 5.3857 4.5020 4.4615
3.3994 2.1673 2.5247 4.2367 2.5956 1.8265 2.4954 0.9528 3.2701 3.0246 3.2409 4.6475 0.7134 1.4331 2.1489 2.8878 3.3694 2.4343 2.8315 0.0381
3.2830 1.6239 2.5462 1.6626 2.6947 3.4648 4.8007 5.9438 4.4478 4.7229 3.7865 3.5325 4.2896 5.7459 3.5342 2.0141 3.9401 3.3774 3.2539 5.7440
5.0580 1.2184 3.8995 1.1013 1.1927 1.9362 5.2116 5.1208 4.7259 5.0941 2.6822 1.4139 0.0435 5.2183 5.4816 2.8033 4.4584 3.8905 3.0273 2.9785
3.4684 2.9754 2.1199 3.1647 1.7003 5.8019 4.9272 5.9966 0.0305 4.9426 4.6028 1.7360 3.7337 2.9824 2.5327 2.0321 1.5827 2.0078 5.4289 3.7893
2.8742 1.7659 2.9877 1.4799 2.8903 1.6272 3.0250 2.6692 4.7037 2.4970 2.6408 2.6029 3.3585 5.2598 0.7009 5.8176 2.4215 2.2735 1.8407 1.8883
