1.7858 1.9674 3.0132 3.9124 4.7077 5.7674 6.0382 0.4001 4.8188 4.6807 5.3653 2.5053 1.7331 0.6262 0.5417 3.7384 3.6138 1.6294 1.3234 2.4218
2.5468 3.4798 3.3533 2.6852 1.7250 4.7992 4.6406 0.3783 0.3649 5.0413 5.8980 0.5173 1.0713 5.6082 0.7314 4.6102 4.8650 2.5477 2.0629 3.4791
2.3255 3.0911 2.4239 0.2847 0.3710 5.0797 5.3093 5.8972 0.0111 5.6449 5.4328 4.8706 5.4108 5.9720 0.4009 3.2602 3.5487 3.2360 2.1122 3.8758
1.8615 1.3794 1.7218 4.6940 4.8966 5.9737 6.1648 0.4044 1.3092 1.8921 6.0422 4.4666 5.1078 5.3882 1.2742 3.4453 4.3411 5.4066 3.1964 3.4719
2.9935 4.6073 4.3917 4.6244 4.1113 4.2409 6.0637 3.0187 5.0235 3.0831 5.3898 3.9931 5.2311 0.9752 0.4429 2.0127 0.2941 4.1620 3.7715 4.5290
2.8248 3.1643 2.4859 2.4845 0.7844 0.1966 5.4779 2.4418 3.5979 3.4084 4.4463 4.1733 5.1695 1.4389 1.2043 2.8052 3.8949 3.7899 3.8069 3.1916
2.4920 1.9352 2.0549 1.8893 1.5050 5.3129 3.9777 0.5091 3.3665 2.2663 4.3806 0.0886 4.8649 4.3626 5.2143 3.9030 4.1374 4.0766 3.3343 3.7504
2.2659 2.3141 1.7523 1.7177 0.3063 6.1110 0.0200 0.6061 6.0769 0.6565 0.2478 0.5634 5.0203 5.3738 4.9205 3.9620 3.2479 1.3806 3.9869 2.9053
2.4675 2.5204 2.0974 1.5876 1.3935 0.1498 0.6314 4.4673 4.5961 3.2343 3.1247 2.6717 2.0952 3.1519 3.8842 4.6983 2.4860 2.1765 2.8853 3.1230
1.7795 1.6201 2.4050 0.4577 4.3398 6.0807 0.8171 5.1941 4.4663 4.4655 2.9047 3.8090 2.4430 2.4826 1.4380 2.7965 2.6817 1.9231 3.4700 3.7701
3.4886 1.0037 0.9584 0.6416 0.0400 0.3709 4.7893 3.3462 3.0033 4.6307 3.0915 3.8237 3.0233 2.0442 3.8678 2.9494 2.5109 5.2425 3.2174 3.6665
6.2169 0.2159 1.8027 2.5922 2.1856 2.3639 1.5820 4.6038 1.4589 3.8642 3.6896 3.0432 2.9000 4.8638 5.0919 5.9788 3.9688 5.2109 5.2958 0.6653
0.2272 1.8003 2.7369 2.6219 2.5981 5.7285 2.5247 2.2116 2.7511 3.2693 1.9875 3.3770 3.6496 4.1982 5.3000 5.7948 6.0420 5.5027 6.2467 0.2400
1.4249 6.0436 5.5045 5.6391 4.4139 5.2430 2.4107 2.8507 1.6797 2.1375 2.1309 2.6173 2.8749 4.8344 5.6890 5.4385 0.9463 0.1369 0.5503 0.3655
6.2377 0.1322 4.1544 4.3588 3.7035 3.2663 2.8623 2.0945 2.1201 2.9104 2.4511 3.7064 2.8909 3.6395 2.8936 3.5872 5.4351 5.2700 4.7847 0.6496
2.7733 2.6785 1.6350 2.5985 2.7580 2.7308 2.8211 0.9663 1.6442 4.6987 4.6616 3.1706 5.1819 0.5122 1.9314 1.0946 1.7875 1.4234 0.9642 1.2056
3.0167 1.9514 1.1976 2.6063 2.2911 2.5872 2.2976 0.5684 0.7248 4.5197 4.4718 3.8612 2.7932 3.4554 1.3969 0.9875 2.0670 0.9610 1.3109 2.2489
3.0002 2.1488 1.4287 3.3670 4.8499 2.6168 1.7848 5.9549 2.0324 1.8920 5.6076 1.8438 1.9148 0.3220 5.4880 6.0861 1.4721 1.2519 1.4573 2.0634
2.1570 1.4327 3.4917 4.8503 3.4440 2.9967 0.8844 1.5528 1.5214 3.4349 1.6568 1.7180 1.8000 5.9985 0.2487 0.9251 1.5383 1.7728 2.1159 1.2886
1.2829 2.2383 3.7435 4.3563 5.0257 3.4394 5.6548 5.0539 4.4756 4.8874 3.6745 2.6287 1.3150 0.6907 0.8236 1.0369 1.7353 1.4516 1.6176 2.3096
