0.2944 0.1436 5.8175 4.3885 3.4531 1.2409 0.0420 5.8135 6.2786 6.2354 3.8218 3.9268 2.8726 0.1314 1.5107 0.1565 2.1118 1.6788 1.7398 5.4979
0.4699 1.3065 1.4958 1.9458 2.8454 2.8089 2.4647 3.1305 3.1519 3.5789 3.9905 0.1194 2.8158 2.6784 1.7884 2.0888 2.1431 4.9318 1.3251 6.2563
2.5526 1.5601 0.7583 1.1270 1.0983 0.7932 2.2826 0.8614 2.0302 1.7187 2.6533 3.1414 3.6876 4.5928 2.8843 2.3224 2.2401 1.7994 2.3096 1.4527
4.1269 5.4685 1.0142 5.9028 1.6079 2.9196 3.2119 3.0806 1.4043 3.5825 2.5544 3.4314 4.2112 2.2155 3.2210 3.7278 2.5356 2.6034 1.8610 4.3010
2.0954 1.6836 0.6292 3.3462 2.0335 1.8906 2.6060 2.4844 2.4807 2.0653 2.5710 4.3727 5.4737 5.4792 3.7093 4.5164 4.8466 5.9038 0.6752 1.9527
4.8017 4.3292 0.3863 6.2688 4.9424 4.4533 1.9398 2.7328 2.7526 3.9119 3.4240 1.7917 1.5061 2.5085 3.4156 4.8568 5.1081 5.4451 6.2766 4.9877
0.5948 0.4085 0.4186 3.0617 1.7323 1.4801 2.0770 0.1527 1.6985 4.9305 4.3833 5.0012 2.7758 3.9972 3.2031 5.2871 3.2618 1.5275 1.5305 0.7592
0.9531 5.3314 0.6890 0.2845 1.4909 3.0577 2.6202 1.8319 1.8415 1.5123 2.3805 2.0840 1.8914 1.1256 1.4130 2.3043 3.5428 3.7360 2.2652 2.9794
2.4197 2.3833 1.3937 2.2766 1.2304 2.3977 3.0845 4.8108 2.4979 4.4320 3.0306 3.2773 3.9890 2.9485 2.1275 3.1923 2.4732 1.4519 1.5115 0.6278
4.6441 5.4484 5.8413 3.9242 1.0076 5.8996 4.0549 3.8432 1.7744 1.9097 1.9207 1.1398 1.6918 0.2487 2.2857 1.7851 1.6112 4.9997 6.1709 2.9662
4.7439 4.6757 5.9645 1.3023 0.0214 6.2030 5.4748 0.1011 0.4846 0.2249 1.0211 4.9352 1.8696 1.7459 2.3642 1.8429 2.9430 3.2718 5.0096 5.5341
4.7595 0.2514 5.8260 5.4608 4.8396 4.2459 5.2089 3.1274 6.1246 5.8664 1.5822 1.9798 1.5749 6.1696 5.5809 0.0765 1.5520 6.2796 4.1921 4.6732
3.4947 3.3729 2.2314 3.6196 5.0431 5.9792 0.5133 4.6652 6.2352 1.0118 1.8577 1.8835 0.9497 4.0351 4.7748 3.2406 2.8760 2.6032 3.7180 2.6286
4.9059 5.3580 3.1349 0.3160 5.9460 5.4200 6.2150 0.8004 6.0736 5.2237 6.2216 0.3452 0.0752 0.5960 0.4225 0.5650 1.7066 2.8128 3.5308 5.0515
5.0878 2.3438 4.0758 3.4989 4.7057 3.4545 4.5996 2.3670 1.2884 5.0032 3.2358 4.5767 5.5377 4.3480 2.3302 2.7137 2.1122 0.9406 2.8580 2.3685
4.9444 5.0523 6.1866 0.1806 5.2850 5.9315 5.0366 5.2812 5.2356 2.2376 2.1955 1.5634 1.4612 0.9067 1.6176 0.8820 0.6309 3.5080 2.9931 4.5799
6.1111 6.2329 0.1379 5.6441 4.9589 3.6393 0.5974 1.5273 5.2883 5.4252 2.2353 2.0052 2.6406 2.6806 2.6163 1.9268 1.1647 2.2297 2.7767 6.0440
1.1973 0.9283 0.5718 6.2348 5.9913 5.5761 0.5147 4.5677 5.3072 2.2949 3.0450 5.7556 2.4201 1.0553 1.3684 0.8739 0.0828 6.0383 3.0120 2.0367
0.5177 5.7417 6.0925 5.8004 5.7740 6.0276 0.0904 5.1800 5.6142 6.0783 2.4255 2.0989 3.0179 2.6084 2.1586 3.4034 2.3280 0.6772 0.8126 6.1379
0.3734 1.8574 5.9675 0.8503 5.9174 1.6847 1.0087 2.4784 2.1800 3.5163 4.2659 6.1922 2.6104 3.7661 2.6394 3.2414 3.7073 3.0943 2.3030 2.3684
