5.2028 6.0342 5.8012 0.8836 5.3177 1.9356 3.7827 4.9348 0.9527 2.7550 4.5857 0.1499 4.9966 5.4035 3.7677 0.2083 0.8150 0.7417 0.4442 0.1282
4.8333 1.9328 6.0503 0.1651 5.6827 4.5158 3.6492 1.9128 1.6016 0.4654 2.0144 3.4344 2.4620 1.7770 2.8500 2.6612 1.9541 1.8071 1.4975 2.1078
4.8832 5.3889 5.8025 1.3453 5.4431 1.2242 4.5500 5.9943 1.4773 1.0088 1.1921 0.8596 1.7459 0.1190 1.1752 4.9493 1.6577 6.2653 2.6995 4.5980
0.6988 0.2138 0.6653 0.1772 5.5486 4.4262 4.7371 3.1692 2.5778 2.8861 1.2910 1.5707 1.6828 2.4280 1.7800 2.3303 2.5452 1.5293 2.6817 0.7295
2.2024 3.0950 2.7290 2.9791 5.1931 5.4277 4.7840 0.1955 0.4949 0.0945 1.1596 0.7737 1.2557 6.1219 0.8463 1.2792 2.0945 2.8176 1.9413 1.9248
1.4317 0.3106 4.2203 4.9655 5.0381 4.7841 3.9490 2.5375 1.0051 1.1048 1.1638 2.8355 1.3577 1.4763 1.6666 4.2729 1.8551 0.0209 1.3084 0.9616
1.2077 2.7137 3.0611 1.8362 0.8058 0.5304 5.8042 4.9362 1.5005 4.5815 5.2169 6.1595 1.1130 0.9343 0.9387 2.9145 2.7483 3.6138 1.2414 3.6932
6.2231 0.1512 2.0152 1.6955 1.8821 2.8724 1.6245 1.9071 2.2841 0.8853 0.7106 1.5149 2.6612 3.3016 1.9783 1.6693 2.3475 2.1448 0.3382 0.2558
2.3925 4.6896 0.1056 4.9927 0.1623 0.6595 1.5830 0.9672 2.8959 1.7095 1.5538 2.1835 3.7724 1.3217 1.5519 5.4159 1.2723 6.2432 0.7598 1.2529
1.2638 1.7906 1.3525 0.5759 1.0879 2.2611 2.7520 2.9002 2.4903 3.1690 4.8880 4.3809 3.8445 3.9888 2.7583 2.8537 1.9302 2.7796 2.0903 2.6295
0.9173 3.4933 2.7859 3.2178 1.5220 3.4651 3.2044 5.8257 5.9560 0.1109 5.7971 6.0971 2.9929 1.8693 3.7503 5.8583 5.5614 6.1856 0.1092 5.8968
0.8022 0.8109 1.9462 0.3017 1.7333 1.5261 3.1533 2.5482 4.5930 4.0047 3.9724 3.1661 3.1735 4.0578 3.4572 3.9823 4.7025 2.8344 4.9216 5.2482
0.3415 5.1688 2.7064 3.3181 3.5022 3.3896 3.3176 5.0902 4.3310 3.4421 4.0742 4.1606 3.3506 0.9696 2.4383 2.7551 4.1938 5.2708 4.7700 4.5009
0.8847 2.6007 2.1075 0.1791 0.0837 0.1437 1.8292 3.4231 3.3679 2.9595 3.3498 1.6322 4.2277 3.8477 3.3466 5.4576 5.6560 6.0394 4.5344 0.7829
2.0905 2.5011 1.7091 1.7975 2.1805 3.0032 2.4614 2.0724 2.5043 1.0382 4.2323 4.6242 4.8797 1.0885 3.6874 3.0830 5.0807 3.7362 4.5707 3.7659
0.0361 5.7493 5.3462 4.0999 3.4371 0.5993 3.3148 2.9915 3.3316 2.4006 3.5085 2.4668 5.6617 5.2947 4.5501 5.0422 4.6049 5.0193 5.5152 5.8117
5.8346 4.0207 2.9824 4.2711 2.7616 3.8528 3.6332 4.9080 4.3506 4.5238 4.6031 5.9072 0.8339 1.5454 4.3076 1.3804 2.3749 1.9182 4.5908 3.6089
5.6681 1.3481 1.6036 1.8337 1.9552 1.8022 2.1846 0.1287 5.2624 0.2131 5.3219 4.5790 5.1504 3.7919 3.8785 4.2575 3.6077 4.3671 4.1839 5.7292
5.2970 5.6918 0.3706 0.1957 4.4081 4.1785 2.3031 3.6381 3.4558 4.0941 4.0066 4.2140 5.4547 5.9195 3.6414 1.2857 0.3806 0.2402 2.8127 2.0776
5.3880 4.7214 4.6736 3.9055 3.8011 1.9543 3.4136 1.5658 1.9242 0.7679 3.4610 3.4888 3.8957 3.5746 4.7497 4.6819 0.3940 2.8145 1.7980 5.2078
