4.7929 0.1859 1.5592 1.8265 1.7663 3.1295 3.4897 2.2465 3.6128 2.0087 3.2870 2.4871 2.3852 2.8218 4.5019 4.2847 5.0062 3.7033 6.1413 3.8257
5.8539 4.4091 0.7121 5.6495 1.0957 1.4493 2.4070 5.2009 4.0497 4.4918 4.2761 5.5565 6.1067 0.0783 0.1427 0.3103 5.7963 5.8222 5.6282 5.1344
1.0305 1.1931 0.4711 1.5250 1.6947 1.3057 2.0195 2.3798 3.7643 2.0225 3.1775 2.7087 5.9623 5.9887 5.9717 3.4297 2.4271 2.3058 1.6025 1.6362
0.5070 0.0010 5.7536 5.8950 0.2700 4.9664 4.6964 4.8352 3.5582 4.3549 3.4130 4.8784 4.6471 3.2169 3.2811 5.9024 0.4252 5.9164 0.5129 5.9425
5.2231 0.2483 5.9149 1.2776 1.6200 2.5459 2.1271 1.7753 3.0732 2.9134 4.2325 3.5859 4.5042 5.0002 3.8294 3.9243 6.1103 1.7197 1.6414 2.7674
4.6430 5.2449 5.1197 0.3179 0.2718 5.9731 0.7395 0.9608 3.8746 4.0363 4.2522 5.5234 4.3931 5.5671 5.4855 6.2287 5.8615 3.8856 1.3722 5.5252
4.0681 4.0121 4.1387 3.5485 3.7685 2.3799 3.4410 3.5435 4.8209 4.9090 4.5206 3.3870 5.4788 1.2252 0.0478 5.9757 6.1725 0.6605 0.3660 4.9208
5.6236 0.3693 4.4717 6.1657 3.3202 4.9207 3.4017 0.6338 6.0804 0.8711 5.0921 5.5409 6.2598 4.3703 5.6669 4.7817 5.2955 4.5052 5.5125 0.6964
4.9791 3.7929 4.1103 3.3996 3.4626 3.4294 3.4907 3.6036 5.0451 4.8792 5.3325 1.0317 0.7741 0.9156 0.5376 0.8545 0.6239 0.7684 3.8365 4.0516
6.2559 0.6205 5.3506 1.4694 2.6474 2.8060 4.0077 4.2397 4.7563 3.9920 5.1124 5.0056 5.8916 6.1126 5.0788 4.2226 4.9115 4.3991 4.6522 1.6663
6.0801 6.2278 0.4666 5.4700 5.9486 4.6960 4.8381 4.7571 4.0997 5.2053 4.4989 3.1596 2.5541 4.1767 4.0955 1.6572 5.9162 3.6246 4.6062 5.5817
2.2371 1.8371 0.8409 1.7903 1.3741 1.9830 2.8167 1.8191 2.8961 1.9766 5.3262 4.3686 3.5154 6.1966 4.7982 5.6937 5.7068 0.8519 5.5696 1.6020
4.9432 5.3797 2.3001 1.7057 0.2583 4.4455 3.3452 4.5161 4.0275 4.3189 5.0355 5.8030 4.5612 3.6781 6.1813 1.6660 4.6775 4.1181 5.5661 4.2532
0.3898 0.6885 0.3579 5.6971 5.8338 1.4186 1.8881 2.0128 1.8487 1.5734 2.1716 3.0831 3.3670 0.6236 5.8671 4.8996 5.1484 0.7927 5.8478 0.4098
2.8271 3.1353 1.4673 3.9321 5.2959 5.3712 1.3154 0.3941 1.9174 5.1136 6.1946 5.7077 2.1459 1.7352 3.5164 2.9342 2.2591 4.6820 4.9045 3.2287
0.1425 0.6803 1.2277 1.4666 0.9096 2.0474 1.6232 3.0237 2.4890 2.6019 5.0320 1.8932 1.6070 4.3013 5.3324 5.3247 2.3466 2.7898 5.9105 5.7911
4.6354 3.7138 3.9961 4.9380 2.5430 3.2661 2.9800 1.8980 1.7578 0.9870 0.0827 5.1137 6.2557 1.8342 0.3435 0.9273 0.7054 5.9662 5.8219 3.8354
5.7661 2.6097 2.2765 2.3611 0.3824 1.1048 2.7496 3.4497 2.8815 4.3591 4.1567 1.3450 5.2675 5.2082 1.0012 1.4039 0.8381 0.3218 6.1985 6.1576
5.1443 5.7759 5.1660 5.3889 5.7029 4.1695 2.8005 0.7622 1.7863 1.3430 4.8838 5.1929 5.3352 2.7637 4.7321 3.8600 5.7968 3.6030 0.6673 0.6545
5.1988 5.2551 5.8195 0.0314 1.6010 0.9671 2.4483 3.8757 3.5300 4.4284 3.2524 4.2584 4.5554 4.5010 4.7234 0.1915 5.0785 5.7438 6.2532 5.6751
