5.5714 3.9845 3.5221 1.0402 1.9286 0.8717 4.3523 3.8828 1.3469 3.3555 2.8102 2.7785 1.6895 3.0315 2.3162 3.0432 1.0108 5.3599 0.2027 4.8547
4.8579 6.2259 3.2991 4.3416 5.2594 3.8558 4.8141 6.2383 1.1154 0.5511 5.2299 1.1859 1.2692 1.1925 1.2556 0.2103 0.0303 0.5712 6.1465 0.7767
3.5256 3.8276 3.8325 0.7189 5.8721 5.9540 3.6373 4.2157 2.1202 2.5989 5.7777 5.2421 5.0121 4.1321 5.9413 3.0076 3.7796 3.4088 4.1466 3.5664
4.4192 5.6820 4.7805 3.9067 4.6409 2.1379 2.8087 1.1408 1.7066 6.2321 5.9225 4.8973 4.9822 4.2139 5.5115 0.0438 5.6094 3.5891 4.8888 6.1050
3.0834 3.0006 5.5273 5.7953 3.9898 4.9822 4.0718 4.1486 3.1640 2.0123 1.2582 5.5550 5.8165 6.1141 4.8562 3.7281 0.1573 1.2196 4.2001 2.8203
4.9889 5.9940 5.9025 4.5596 4.1985 5.0333 3.6752 3.3784 3.3291 1.7404 0.1126 0.5151 5.3036 5.2825 6.0204 6.0824 0.1177 4.7726 5.2278 4.9064
0.5343 1.1938 0.0178 1.5337 2.6073 2.0268 1.2386 1.2553 3.6026 5.6883 0.2937 0.9852 0.3788 1.3983 1.5830 2.4173 0.9262 1.6183 6.2013 1.3829
5.8761 3.9986 5.2533 4.2914 3.7320 4.3269 5.0958 4.5727 4.0593 1.4551 0.3223 5.0953 4.9184 4.3959 5.1726 4.9220 5.2060 4.9187 5.9890 5.1223
0.4734 5.8153 5.4177 0.2485 4.4982 5.8034 4.2439 3.7613 3.4123 4.5882 6.1231 0.2442 6.0833 0.0184 6.0725 0.8173 5.5905 0.2483 0.0136 5.2904
1.4897 2.9175 3.6760 3.1189 3.6419 2.0344 5.9615 0.1318 1.7778 0.9181 0.4189 2.8507 4.8323 4.1738 4.9916 5.8728 5.3813 3.2246 0.7250 1.2718
0.2750 5.1700 4.6357 4.4424 5.4515 4.7147 4.9939 4.2850 3.6762 4.6318 4.8640 4.8963 4.6493 5.6989 0.5947 1.8166 0.6271 0.6589 0.6856 5.6191
2.0605 0.5103 5.7770 5.8906 6.1017 3.0423 4.5109 5.1929 4.3580 1.6521 5.3923 4.2792 3.5623 2.6901 0.0372 5.2504 1.5083 3.0975 2.4813 2.7266
2.7341 3.4153 4.9926 3.5073 4.4345 4.5341 4.3823 3.7855 4.0216 4.7525 4.6764 5.4115 5.4537 0.3278 0.9588 1.4894 1.4668 1.4670 1.3900 0.4135
0.2268 1.9528 5.9941 5.3631 5.2538 5.1199 5.0511 5.6175 5.5058 2.1869 4.2888 2.2056 4.8358 1.5767 0.2305 5.5981 0.5439 6.2075 5.9685 5.4464
5.8269 5.1922 0.1241 2.8903 5.5647 6.0876 5.1952 1.5019 4.7127 4.6752 6.0679 5.3306 5.6805 4.3945 5.7114 3.7089 2.8840 3.6383 4.7885 5.5515
1.2871 0.5017 0.2099 0.7011 5.0125 4.3928 4.5321 4.8565 4.4162 1.3533 0.8466 6.0823 5.7921 6.2459 5.7529 0.1104 1.4137 3.8745 5.2860 3.2761
2.0656 3.4845 4.4498 4.1941 4.2934 2.4149 3.0072 1.7087 1.7626 1.8001 2.4000 4.6686 0.6661 0.2883 0.7728 1.5915 2.2437 1.0734 1.5231 0.7338
3.2435 4.1925 4.2096 5.4075 3.8996 3.8877 2.7499 1.7130 1.5169 2.1654 1.9630 1.2574 0.4433 4.7705 6.1876 0.4856 0.9436 5.2313 2.4144 2.0845
4.1292 1.7049 3.6222 3.1033 3.1654 0.7009 2.0514 3.9207 3.6304 4.4972 1.8201 6.2358 1.3944 1.1181 0.6851 3.0566 1.6335 1.0454 0.7437 5.0945
4.4124 3.9495 3.3556 3.8145 3.1122 3.5520 3.2751 3.5845 2.8046 5.0306 3.0329 2.6132 0.8526 5.3340 6.0861 6.1513 2.5215 1.8822 0.7100 1.1210
