1.6133 0.1275 0.6470 0.3447 0.7909 3.9870 1.8156 3.9128 3.8632 4.7208 5.5730 5.2359 5.8735 4.2285 0.1810 5.0267 0.4581 0.1539 0.8824 0.8520
1.9007 2.0377 1.5838 0.3780 0.9831 0.6996 0.8534 3.3350 1.4446 0.8738 1.0728 0.4036 6.0485 0.1370 0.3089 2.4336 1.6596 2.6132 2.0685 2.6450
1.1796 5.7244 1.8443 2.8599 3.0656 1.2483 1.1213 0.4298 1.0315 4.8590 5.0214 5.2051 5.8694 4.7880 1.2997 5.3412 1.4498 0.4795 0.9746 0.7049
1.9598 1.4806 2.1780 1.8043 2.2064 1.3989 1.4847 2.6178 1.1598 1.2617 6.1464 1.6726 0.7108 2.6784 2.0174 2.4932 1.9825 1.5773 1.1996 1.8941
2.9703 1.9435 3.0129 3.7965 2.5828 3.5522 0.3169 0.1192 0.4611 4.9048 4.9447 5.5225 1.1478 1.3464 1.6997 0.7465 1.2002 5.4222 3.1887 4.7840
1.8171 0.5251 0.7486 0.9553 1.7335 0.5491 0.3621 0.8282 0.3555 5.3344 4.9667 0.7973 2.1851 1.2235 1.1009 2.2758 1.3184 1.7646 1.6652 1.1165
4.2748 4.3282 2.5880 3.7617 2.9310 3.0713 1.3804 2.0488 2.4854 2.6987 5.0427 5.2925 0.3206 0.0464 6.2295 4.8758 5.5615 5.8345 2.7289 4.0874
5.8107 2.2688 1.0444 1.4636 2.3398 5.7531 0.5206 4.1869 3.5998 4.9483 4.8108 3.0993 5.3002 3.8249 5.9461 5.9097 5.4189 3.9762 4.7708 0.3499
4.6460 4.9204 2.3337 2.8296 1.3068 1.7315 1.4800 0.8091 2.4215 1.7152 5.2577 5.1830 4.1651 4.3248 5.1511 2.5696 5.3493 0.0871 3.7530 4.4113
4.1006 2.7842 2.8614 6.1000 0.2673 5.6941 4.2203 4.1315 2.7464 3.8746 3.6964 2.9503 4.2323 4.5122 5.0598 0.4871 4.7115 3.2505 3.2701 0.4675
4.6210 5.3315 2.2313 2.0542 1.1677 3.2171 3.5670 3.7781 2.5589 5.1882 4.9567 0.8231 5.9316 3.7122 4.7932 3.9271 5.1776 4.9439 4.5333 4.6736
4.0819 2.2852 2.4460 5.5033 1.1845 0.7894 1.9782 0.2638 1.7474 1.8799 2.8987 5.8747 0.1418 5.2757 5.8582 6.1855 5.2464 3.2369 2.9746 1.5253
3.9855 3.9837 2.7328 2.4328 2.2495 2.7429 2.3972 2.7103 3.1345 4.1616 3.4917 1.8212 1.1118 3.1406 2.7558 3.3594 4.8878 5.4431 4.0966 5.6629
3.4332 1.7966 2.7681 0.2052 1.2745 0.4950 2.4935 5.7949 4.0189 2.9505 3.7615 5.5506 1.6695 0.4408 1.5984 1.3197 3.8401 2.5802 3.9844 3.3863
3.2068 3.5176 2.9654 3.5665 3.6031 2.7204 3.3551 3.8163 3.4449 4.8847 3.3808 3.1306 3.4398 2.1645 1.3465 4.9180 2.7874 4.6172 5.1331 0.0744
2.8829 3.2087 2.7874 2.0445 3.5876 3.3740 2.4632 2.1778 4.6868 1.5327 5.2628 5.9600 4.7127 4.5354 3.8256 2.3439 1.6006 0.3239 4.4451 3.4895
1.2975 1.6797 1.9897 5.7683 4.7674 4.3692 2.9486 5.4087 4.2188 3.9372 4.4909 4.7731 5.2131 4.1323 5.4658 4.2062 6.0923 4.7174 3.3561 2.2659
0.8692 1.9817 1.8840 2.1944 0.1386 2.2964 2.3863 1.2152 1.8178 0.4154 5.8377 6.2437 6.2400 0.3331 0.1631 0.2396 5.1608 2.3134 1.8205 1.0340
0.7452 6.1334 5.9970 5.4533 6.1301 4.8378 2.9538 3.4817 1.8699 2.4766 0.4568 5.4099 5.6298 3.3887 0.0464 5.0938 6.2459 6.0341 2.0087 3.1623
1.8656 2.7961 1.0723 2.1919 0.2514 1.4140 1.1084 1.8393 2.0384 0.6992 0.1266 1.6241 0.4591 1.0959 0.7501 1.4364 1.1417 1.4839 1.0021 1.2137
