6.2491 5.9555 0.1149 0.8459 3.5219 4.3654 2.7287 2.4398 2.9838 1.7093 4.9078 5.0125 5.9573 4.1769 0.1897 1.2338 0.9569 0.8997 5.7193 1.0645
5.5003 2.7305 1.5947 2.1053 4.4713 1.4336 3.1968 4.2649 3.5387 5.0697 0.1242 1.3019 0.2991 0.7946 1.4523 3.7658 2.8686 4.2957 5.4029 5.1993
5.0945 6.0351 0.0231 5.8437 4.1169 5.2177 4.7178 1.7218 2.7520 2.2795 2.0934 0.0011 0.8462 0.9616 1.2136 2.9697 1.9522 1.9530 4.3244 5.1462
3.5122 4.6478 5.3408 4.4815 4.6926 2.4320 5.5758 4.6639 5.2462 6.1199 3.4569 4.4809 6.0454 5.1895 0.5190 0.1134 0.7544 4.9668 3.9723 2.8742
3.1697 1.5679 0.1944 0.8082 6.1937 4.7274 6.0642 5.5617 5.5273 5.6158 1.7911 1.4859 1.4595 2.9893 2.7419 2.9581 2.2875 1.8589 3.2090 3.8339
4.1018 4.8966 5.4845 4.9734 5.3729 1.1978 2.0366 2.1381 2.1181 2.3952 2.2758 5.6704 5.7883 5.7310 4.6343 0.4094 0.7418 0.8856 4.3626 2.2973
6.1677 1.6293 5.9636 5.1441 5.1277 5.6972 6.1370 5.4525 1.1556 0.3185 2.3996 1.1798 1.3356 2.7290 4.1678 4.6620 0.0673 5.8714 4.9693 0.6680
5.1599 5.2851 4.6226 5.2459 1.8355 1.0317 0.3579 3.6079 2.6747 1.7311 1.7620 1.5766 1.9276 0.1759 5.1314 1.0873 5.3423 2.0378 5.0510 4.6997
0.0800 1.8280 0.8980 3.5490 1.9565 1.4630 1.1856 0.9601 1.9218 4.1889 2.4104 4.7179 2.8800 3.4514 3.6458 3.4266 4.8284 5.2210 4.7299 5.5500
0.1887 5.5985 5.5644 5.7873 0.3596 2.6500 0.9754 4.6225 3.2215 3.2858 2.7347 1.6466 1.7948 1.0468 3.7887 0.4684 2.6630 1.3840 5.8005 6.0850
0.3507 0.3667 0.7615 1.2644 0.9668 1.6092 0.9068 1.4047 3.5795 1.6533 1.9600 3.7695 4.7895 3.4983 3.6691 3.5787 2.9878 3.9157 4.4706 1.0722
4.8157 4.7271 5.7235 4.5729 0.5190 5.9085 6.2124 5.3042 4.9416 5.0849 0.6235 6.2102 5.9341 5.2972 2.1503 1.9561 2.5931 0.2396 4.9629 5.0858
3.6865 1.9008 1.2689 1.4428 0.8163 1.7215 1.6318 2.4410 0.2050 1.0755 1.4706 2.5570 5.7678 2.3568 2.6607 3.2322 2.7028 2.2075 0.4569 1.7753
5.1335 5.2570 0.1250 0.7369 5.9621 5.5315 6.0567 0.1098 6.1732 4.9230 0.5678 6.1163 6.2349 4.9500 2.8309 0.7244 1.3682 5.2287 0.0096 1.0967
5.3661 1.5043 1.2090 1.9994 2.5632 1.6535 1.4006 2.0862 1.2512 1.2182 1.4984 2.4391 6.0844 1.0167 1.2239 3.5136 1.3918 1.0536 0.2821 4.0025
5.5447 5.9165 1.6993 1.4207 2.0123 5.8583 0.5549 0.0167 0.0967 5.9569 1.3408 0.2312 0.1417 6.0170 0.6208 0.6152 5.8182 5.6522 0.5930 5.3007
0.4513 1.9779 1.5170 4.5674 3.8889 3.6042 1.6992 2.0257 1.3790 3.3793 1.3767 1.2464 0.8968 1.9786 1.3219 3.5938 4.1535 2.4711 1.8624 2.3770
5.6475 3.3216 1.0649 1.6729 1.5737 2.1104 1.6199 0.3132 0.4513 0.7344 1.3949 3.8488 4.7932 6.1559 0.3522 0.2388 5.0769 5.4262 0.7521 5.2133
5.2163 6.0850 1.1571 2.2920 2.5858 1.0914 2.6893 2.0459 0.7264 0.9710 1.0025 1.4284 4.4121 4.2851 0.6695 0.5880 1.6146 1.0045 0.8548 2.6816
6.0201 3.7350 3.0823 4.4856 3.9467 3.9890 4.6278 5.5565 6.0002 5.1530 4.4724 4.8031 5.5048 0.3448 0.5111 2.4678 2.1059 4.7496 5.1978 5.6382
