2.2375 1.5642 1.9490 2.2402 1.7961 1.0820 5.6452 5.4947 5.6593 4.3044 4.3830 3.7909 3.0224 4.5549 0.0887 5.2503 3.9159 2.9673 3.7148 2.8390
0.4484 6.2545 0.2389 0.4297 6.0642 5.5341 6.0499 0.4201 0.9842 0.7738 1.4760 1.8998 2.8531 1.9440 0.6773 1.6191 2.6237 5.0383 5.1776 5.0259
2.8480 2.2024 1.0793 2.5139 0.0272 5.4920 1.4720 1.2100 1.8460 3.4250 2.7975 2.6114 1.7033 4.8208 5.9673 4.7715 4.0035 2.6551 3.5799 2.5561
4.6585 4.4203 4.0302 4.9328 3.5035 3.3547 3.8187 4.2771 1.7802 1.6847 1.4731 1.2276 2.1559 1.3438 1.3792 0.7111 5.2484 4.4032 3.5575 3.4560
5.6850 0.0845 1.6566 0.7006 2.0477 6.0146 5.5422 1.8312 1.5409 4.4269 0.3173 1.0213 2.4116 3.4360 1.5687 3.0261 2.2467 1.5409 2.9875 5.9150
3.7462 3.3328 2.8052 0.8075 1.2107 0.8556 5.7914 5.3043 0.0137 2.0822 2.7010 1.8370 0.7409 1.3938 1.8968 2.3936 1.5061 2.7537 2.4887 2.9473
5.4961 4.7862 3.9796 4.5739 2.3111 3.7264 2.7735 1.1513 5.3134 4.5674 3.6175 4.1911 0.1443 4.4512 6.2643 4.9264 1.0779 5.6295 6.1739 5.9468
5.6546 2.5749 2.8251 2.2086 2.3489 3.0114 3.3902 3.4682 4.8677 3.7155 3.9941 5.6628 0.5335 0.6606 6.2345 1.7199 1.3460 1.0153 6.2792 1.5407
5.8359 5.2121 4.5894 4.6778 4.6694 4.9074 5.4853 2.1899 3.5085 2.0547 3.2782 2.9678 3.0928 4.3745 5.1700 5.2311 5.1094 5.7481 5.1533 5.4985
2.1614 2.1657 2.6478 1.4388 5.4530 1.3465 0.3467 5.0448 4.6045 4.2621 3.2046 4.8317 5.1098 5.4599 5.1779 0.4790 6.2320 1.0386 0.7402 1.9835
3.3114 3.5586 3.9669 3.8444 4.7528 5.5063 1.6772 1.8291 1.6404 1.8424 3.2769 1.1471 3.0887 3.0728 2.9802 3.1191 5.3074 4.6268 5.6409 4.2029
1.9027 0.9422 4.3831 4.0333 3.9263 2.2592 2.8508 3.5976 1.8058 3.3304 3.8222 3.8600 3.1414 2.1943 2.5727 0.6854 0.2275 0.3914 5.9706 1.6283
1.9972 3.3054 0.5202 2.2280 3.1941 4.5239 2.3154 0.9757 0.1745 0.3229 3.3247 0.0815 1.4805 6.0871 2.1824 3.6133 5.6430 5.1377 4.5781 0.1881
1.4593 0.5004 0.1290 0.4036 0.7341 1.8352 2.5753 3.1036 3.7203 3.7392 3.9659 2.9903 0.1101 2.1180 1.6571 1.7095 0.7883 6.1815 6.2356 1.2935
1.0286 4.5864 5.2825 5.1281 5.2900 4.8005 1.2866 1.0389 4.2155 3.5695 3.7983 5.6142 0.6331 5.4499 6.2421 5.3080 5.1283 4.1830 5.6336 0.1554
2.7494 2.4148 4.6438 2.8794 4.0764 5.4187 5.3305 5.1071 4.8034 4.2453 4.5422 2.6379 1.5620 1.9104 1.5176 2.2686 3.3018 3.6211 2.3330 3.6562
4.1164 4.8851 4.4891 6.1303 4.0641 3.6686 4.8189 3.9857 4.7506 5.4170 4.8512 4.5370 4.2063 3.8003 2.0012 5.0810 3.7742 0.5463 3.5970 4.9123
4.8693 4.0677 4.6690 4.0958 4.0173 0.2890 5.8622 0.6168 0.6653 1.0323 3.4249 2.4524 2.0893 4.4622 4.0070 2.5161 3.5393 3.0094 3.6547 0.4781
3.7398 5.2466 4.5764 1.5065 4.7662 6.0139 5.8481 5.3555 0.0072 5.0845 2.9921 3.0218 2.0098 5.9227 4.8943 4.9833 4.4963 5.2884 4.1486 4.1170
3.4986 3.7362 4.4217 3.9430 3.1331 2.7603 3.3576 3.6659 0.1895 0.8675 3.8250 6.2136 1.5338 2.8007 3.2359 2.6401 3.6070 4.2459 4.1849 4.1114
