1.7994 5.8646 4.1726 3.3017 0.8936 5.2150 4.8063 5.4848 0.9527 5.9283 1.6553 2.6537 4.5589 5.5530 4.7493 4.7142 4.8088 4.4068 3.6601 3.4438
1.9629 3.3989 4.1790 1.3913 6.2713 4.2144 4.6782 4.2232 2.1050 1.5010 1.2586 0.8915 4.7955 4.2969 3.9336 2.9020 4.9094 2.7818 3.5476 2.9611
2.1010 5.3321 5.6405 0.6255 0.1314 1.4914 0.0937 0.8389 1.0960 5.2085 5.0176 4.6925 5.6828 5.6077 5.5440 0.1379 4.6096 5.0086 1.4211 1.0799
1.8467 2.4465 2.7787 3.7094 4.3319 3.9388 1.1462 2.4562 1.3132 2.2867 1.2357 1.3900 6.0963 5.5725 5.1076 5.1947 4.1220 2.7897 2.6931 3.9018
1.4240 0.5620 5.7534 0.5511 0.2228 0.4860 0.9851 0.0056 0.2841 0.0953 0.6793 0.7032 0.5681 2.2925 3.1588 3.9643 3.3384 5.7177 1.9225 0.5662
2.0166 4.0889 5.7334 3.4871 5.7844 3.4513 1.9632 4.7188 3.2123 3.1546 1.7710 6.2148 0.4547 0.9303 3.0034 1.8353 3.6087 3.8262 2.4848 2.5322
1.4117 1.4086 6.1811 0.0256 0.2137 0.7479 0.5861 2.1350 3.2382 5.3913 1.7984 2.0838 1.2853 2.7328 2.8596 4.6211 5.3206 6.2638 1.6180 0.7219
2.4436 5.4666 5.4708 4.7496 4.9366 6.0680 5.7100 5.3538 2.7224 1.9618 1.3997 1.2886 2.8425 3.8140 2.8108 1.6759 5.5840 1.9267 2.9718 2.7466
3.0797 1.8347 2.1707 2.4136 3.3879 4.8092 4.5064 3.3777 2.7840 3.1342 1.9075 4.4740 2.9136 4.8638 3.2694 3.9692 5.5775 5.4316 4.1252 4.0559
4.9920 3.3997 2.7545 5.3838 4.5319 5.5544 6.2463 4.0950 5.3510 0.3466 0.7866 0.1743 2.6282 3.0428 3.6617 0.0059 0.1443 1.7022 2.7155 5.9885
2.4762 1.6197 3.0207 1.4825 5.4827 1.8413 5.7545 5.6890 4.8882 2.2881 2.7903 3.6074 2.5367 3.1868 3.9727 2.7138 0.0018 4.8404 1.0115 2.5534
2.0818 3.7758 3.4317 4.0596 4.2646 4.3179 3.8061 3.0081 4.5168 3.5729 4.5954 1.6712 1.7720 5.8736 4.4379 5.8561 0.2876 1.1950 2.9907 1.8385
1.8384 1.3256 2.5615 2.4405 3.4163 4.1045 1.2670 0.8540 4.1312 1.4463 4.2125 3.8677 1.9577 2.1432 4.1170 2.8981 3.4880 3.8499 3.2058 4.3543
2.4972 3.7062 3.5860 5.6263 3.3542 1.8861 3.3085 3.4653 4.2121 4.1590 4.4609 5.3582 2.9801 4.9033 3.9704 4.2883 4.8638 2.2689 3.3309 1.3703
3.2009 3.0575 3.2837 2.9629 2.5629 3.0925 2.7258 0.1607 0.2074 5.9457 6.1473 1.3655 2.6344 2.2827 2.8432 0.8908 4.5378 5.0481 4.9118 4.4603
1.6632 1.6900 3.1829 2.0758 2.8067 1.7856 2.7218 2.5544 2.4741 3.3802 3.4037 3.4876 3.5421 4.0563 3.2218 3.6232 4.0551 1.9353 5.1994 3.7345
3.7256 4.9818 4.9484 6.0470 4.6303 3.9101 3.8432 3.4765 1.8538 2.0738 1.7040 0.8386 5.9789 0.0800 4.9025 0.5413 5.5897 5.4148 6.0171 6.0396
2.0335 2.0257 2.8606 1.7016 4.7434 2.4371 3.7103 4.7915 4.9481 0.8148 1.6284 2.7887 0.7085 5.0972 5.3161 4.9955 5.7067 4.1285 0.0953 2.9985
0.9624 0.6217 3.0588 4.2174 4.7150 5.3878 0.2649 4.8135 4.9507 3.4292 0.9533 1.4626 2.3741 1.6293 1.5539 1.3275 0.6590 1.0891 0.1051 0.5729
2.9945 2.5160 2.5893 0.8902 6.2789 1.9352 2.4876 1.4817 1.4777 1.4768 0.9558 0.2659 3.3290 4.5151 5.4331 4.5679 5.4819 6.1866 4.4651 4.0126
