0.2659 0.5213 0.1246 6.0725 5.1212 0.0787 3.6164 2.1076 2.1113 2.5535 1.6173 5.2950 4.2634 3.3706 3.1480 3.3252 2.1269 1.9632 1.8594 1.7211
5.7107 5.8270 0.1453 4.2203 4.0830 2.8706 3.7255 5.2800 6.0254 5.5268 0.1944 6.0890 0.5286 0.4456 0.4765 0.0521 2.0663 1.1815 1.0727 5.9347
4.9325 0.4383 0.3663 0.6192 5.2781 5.7524 3.2280 2.9415 5.6561 1.2015 0.6432 0.1192 0.7136 2.9113 2.9481 3.7486 2.4603 4.1396 4.3781 2.4381
4.9064 3.8048 4.6867 1.8022 5.2536 3.7041 3.3773 5.1089 4.0745 6.1978 0.3437 3.5356 4.1040 1.7447 3.1101 1.9380 2.5803 0.9925 0.6876 5.8972
5.8498 0.4334 5.8695 1.7576 4.6615 5.5482 4.1188 2.9900 3.4782 3.7484 1.2961 0.5542 3.6755 3.2148 2.9329 4.9309 5.2875 5.7232 1.2887 5.9216
5.5887 4.4836 4.6450 4.3726 4.9521 2.5107 2.2250 1.9454 2.4513 0.6175 1.4066 1.7927 2.5035 1.3684 2.0586 2.4611 3.5966 2.5211 1.9175 2.8050
0.5825 1.5979 5.0528 4.9176 4.2629 3.8327 3.3494 3.4589 2.7814 3.0871 1.7857 1.2087 1.4892 4.0411 2.8038 3.5502 4.4102 1.5521 0.7512 0.5513
6.0397 4.6828 5.0626 5.7363 5.8319 1.2480 1.9816 1.3005 0.9052 1.9374 1.6661 2.0698 1.3886 1.2228 3.8714 3.3259 2.7250 4.4948 5.4750 5.4551
6.0664 1.0804 1.6944 2.3328 1.9887 0.6079 0.9624 1.6488 1.3373 0.7786 1.1346 0.2831 0.1314 5.1845 2.7885 3.2935 2.7133 2.2038 6.0584 0.8480
5.3310 4.8505 1.4836 0.2728 2.8617 4.3902 2.6535 3.9524 5.4331 4.4973 1.1725 4.4597 3.5512 3.3441 3.3104 3.7690 3.6863 5.3923 4.6653 4.4500
2.4124 2.3254 1.7191 3.6670 2.7528 2.0788 2.4750 1.9940 6.0565 0.3506 0.7849 0.6856 2.6588 3.9287 2.9075 2.5232 2.1365 1.5391 3.0780 2.1537
4.7014 5.1219 5.6234 6.0310 5.7928 4.6951 3.3322 4.9746 4.7503 2.5401 1.9186 1.7762 2.7860 1.3965 0.0992 6.2264 1.6424 3.1835 3.4927 5.8274
2.4943 1.8487 0.8576 2.0432 1.1716 1.6423 2.8466 0.9440 4.2990 1.3966 2.6008 3.5192 3.4087 4.1308 4.1001 3.2462 1.8952 0.9556 1.3792 2.6871
0.8721 0.4584 5.3430 6.0829 5.6989 5.0390 4.1837 3.3000 3.4323 4.3428 4.9168 4.7856 4.8047 5.4271 5.3120 4.5008 2.3461 2.5854 2.3046 0.3443
0.8568 3.3277 5.3626 4.3026 6.2029 6.1563 5.6063 0.3385 4.2413 3.8889 5.4776 5.8505 5.3567 0.0502 3.8314 2.9950 2.5488 1.8293 2.6096 2.2743
5.5504 5.7619 6.2662 1.3286 5.4325 4.4753 5.1023 4.8074 6.0080 5.5614 5.4716 0.7732 0.2305 2.3791 3.2402 1.2800 1.8322 5.1614 2.9753 4.7386
6.0892 2.0190 4.7336 5.4765 6.1211 0.5050 5.9819 0.8083 5.6905 4.4953 4.5675 4.3124 5.7971 4.9886 4.5698 1.3947 3.3603 0.9747 2.1727 2.2576
4.7586 5.9957 4.2393 4.5799 5.6305 4.0086 4.7872 5.2733 5.7108 0.9936 4.8623 1.9289 2.2038 2.0635 4.2839 4.0488 4.0679 2.9167 1.3975 4.9925
3.2398 2.2783 2.6336 0.5222 5.6617 0.5229 3.2820 1.9805 6.2595 5.3597 4.5167 5.0158 1.3052 4.1782 5.3040 3.7213 4.3907 0.0086 0.5187 1.2753
3.8712 3.5080 2.7046 3.9803 4.8401 3.3329 3.4525 4.5829 0.8049 0.0609 0.0971 0.7769 0.3326 0.5197 1.2203 6.0540 1.2394 1.8305 0.4315 4.1747
