1.0030 2.9311 4.2512 2.7415 2.1523 6.1329 5.8905 1.1528 1.3910 1.5224 0.3892 0.4371 1.5385 6.1268 2.5037 0.3056 1.1318 6.2098 6.2412 2.8419
0.7486 5.2850 5.1095 0.1001 0.8281 0.8464 5.8781 5.0846 0.5363 3.3495 2.1759 2.7659 2.3031 2.5141 2.1726 2.9442 1.5337 1.7623 6.1673 4.4904
1.6918 1.3968 5.5321 3.6206 3.4334 2.4722 1.1524 2.9848 6.1190 5.5748 0.7960 2.6615 3.0471 4.3406 2.5790 5.6557 0.1456 6.0551 0.9151 1.9625
0.2584 5.0754 0.2501 1.1697 1.9914 1.9765 1.4435 2.6622 0.4109 0.8088 1.0321 0.1729 0.8981 1.1165 1.6261 2.6940 0.9334 1.7134 0.8753 5.7587
2.2824 2.4095 2.0901 1.6988 1.6634 6.2057 4.3910 0.2004 4.8073 3.4165 1.6400 2.2840 0.2296 5.1683 4.5552 5.7331 0.0849 0.8243 0.9279 3.5951
1.3214 5.7831 0.8978 0.8913 2.0559 3.1542 4.5033 3.6703 4.4469 4.6709 4.7340 5.2397 6.2330 1.5824 1.9331 2.3608 0.5223 5.9747 0.0925 0.7127
0.9498 2.2594 1.8750 2.8822 2.4828 0.5395 0.3763 0.2658 0.2147 0.5989 6.2430 1.4667 4.7545 4.9180 5.9754 5.8900 5.8939 1.8265 2.9586 2.6721
0.3414 0.4803 2.3838 0.1011 1.5757 2.6993 2.4002 3.0558 0.2143 4.8309 4.4808 4.4221 4.8208 0.4559 0.0066 6.2677 0.0141 0.2154 5.2285 5.8805
5.1111 4.2530 2.2226 3.3363 3.7095 4.6596 3.7594 5.3524 4.4794 3.0736 6.1974 0.9059 5.4894 4.2213 4.9595 3.6491 0.6108 4.1054 5.1735 4.2323
4.8846 0.0590 0.8319 0.6083 4.7023 5.3216 4.3214 3.0792 4.8917 0.2630 4.5239 6.0641 5.2970 6.0639 5.5791 1.1427 1.8187 1.1007 5.1237 0.4150
3.5838 4.0873 5.1735 4.0256 3.4982 3.7156 4.1828 5.0938 5.1368 4.2913 4.6682 3.0674 1.7960 1.8460 2.5198 3.0342 4.6741 4.5756 5.3793 2.3472
5.0200 0.0556 5.5359 0.8722 2.4296 1.2215 2.0961 1.2656 0.8810 0.9086 0.2295 6.1236 1.1668 4.9634 3.0859 0.5041 0.7996 0.6225 5.6181 5.1371
5.7616 3.6042 4.8387 4.4595 3.8947 4.4170 3.7828 2.1264 0.6232 1.4177 6.2471 4.4975 1.2716 1.9985 1.1039 1.5178 0.9576 1.7762 4.8614 0.2219
5.1753 0.1608 0.3595 0.7548 2.0797 1.7641 4.1273 4.2208 4.4248 4.8856 0.2529 1.0009 1.5653 0.1653 6.1259 5.6160 5.3067 0.0937 3.6238 3.7619
5.9970 4.1276 5.4332 4.0362 4.1786 4.6988 3.3707 0.3024 5.9981 0.5843 5.7589 4.7766 2.2828 2.0657 1.2509 2.4764 4.4340 4.9466 4.8587 4.0241
5.9558 0.4769 0.0120 0.8655 5.5668 3.2673 4.1185 4.3368 5.2601 6.1232 5.9959 1.3643 1.6628 2.0007 0.7683 0.5600 5.9804 0.4180 5.6638 0.2929
4.7792 5.2322 5.1763 4.6053 4.4301 3.6457 4.4835 1.0257 1.5270 4.8138 0.5059 0.1772 5.8566 5.8614 0.0496 6.1559 4.6833 4.5201 4.2725 3.7080
5.5087 5.4492 4.7525 5.1642 4.7374 6.1027 4.1632 3.9414 1.9857 2.3814 0.8669 3.2412 3.5928 3.3034 3.0324 2.9750 5.0348 2.5609 3.3632 6.0960
3.3153 3.4373 4.1521 1.8756 2.1449 1.3468 2.9918 1.4029 1.4925 6.1838 0.6452 6.1423 5.1758 0.0536 2.1512 5.6070 5.7588 5.8590 3.0624 4.3769
1.8393 0.5835 4.2898 4.5932 2.9816 3.7290 3.7701 4.1889 0.8946 5.9674 0.0914 3.4493 4.0543 2.6247 2.6391 3.4422 1.4197 1.9734 1.6692 1.5114
