3.3756 1.7877 2.1961 1.5507 0.9697 1.2198 0.2465 5.7142 5.8633 5.9383 5.4196 3.1111 0.1413 0.6188 3.9908 3.3378 5.8298 3.0850 3.0869 1.6898
4.6366 4.7563 3.1132 3.5173 1.3011 2.9224 1.8141 2.4008 5.4291 4.1747 5.2414 5.6253 4.7631 4.2501 4.3468 5.3287 4.4891 5.9913 2.3862 3.2899
5.3485 1.6597 1.3213 0.5373 0.2234 5.3268 0.2602 0.0560 0.2585 0.6239 6.2694 2.6747 1.6003 5.6690 4.2764 5.2526 5.5692 5.1595 0.9217 0.9681
5.1837 4.3076 2.3997 1.9303 0.0429 1.5452 0.7499 1.3706 0.3841 5.5583 0.3768 0.3407 1.5090 2.5064 1.5853 4.5851 5.5889 4.8399 6.0085 5.3022
5.9613 2.4952 2.7105 3.5871 4.2229 3.0120 1.0668 4.2815 3.1557 2.3034 1.5258 0.2735 1.4100 2.0690 1.8606 1.1094 0.0732 0.8590 0.4361 0.9608
5.4967 4.0981 4.0001 4.6879 2.0414 0.2011 1.1733 0.4325 3.2194 3.8260 3.1138 3.9831 2.5671 4.0469 2.7648 5.3066 0.1196 0.4369 0.1843 0.1933
2.4832 2.8061 3.6277 1.2562 1.7755 1.0706 6.0265 3.7680 3.5069 1.7130 2.2569 1.7280 2.1630 1.3989 3.0184 2.0366 1.2201 1.2755 0.1381 1.8633
3.5892 4.8798 4.5256 4.2790 0.3077 5.5379 6.1817 5.9466 2.4137 3.1951 2.6533 3.4370 3.5314 4.5242 2.1336 3.2858 4.5587 3.3778 4.8294 3.5181
2.6901 2.1841 2.5589 0.1998 0.3903 2.9038 2.7624 2.8845 2.7410 1.6906 1.9536 1.8096 2.6821 1.3753 2.4856 2.3914 2.1869 2.6268 1.3089 1.7578
3.2297 3.5667 2.5189 1.4677 0.0622 5.3437 3.0474 5.4636 3.2807 4.2112 3.1640 3.6026 2.4762 4.0671 2.7869 0.6377 1.7899 4.3060 2.0764 3.4703
0.3880 1.2952 0.7567 0.5872 0.2567 2.8681 4.0364 2.4260 4.3607 3.5248 4.4105 4.8316 3.4240 2.4040 3.8630 4.0517 0.8579 0.3444 1.1911 0.2426
5.3538 5.3006 0.1988 1.0591 6.2326 4.4747 5.4331 5.5600 4.9268 5.2922 3.8665 4.1442 2.3565 3.6163 4.4732 1.6796 1.4615 1.9676 0.9319 1.3324
5.8352 0.1085 1.7868 6.0120 1.9015 1.8880 3.9843 1.1966 3.4979 2.1535 3.9875 5.7678 0.1067 1.0546 1.8615 0.0464 0.2960 5.8127 5.5745 4.5561
6.1021 1.9104 1.2993 0.2220 5.7913 4.7488 3.7718 5.1412 5.0595 5.0483 4.6707 4.7534 5.1663 4.2953 3.6168 2.3482 1.5591 2.7146 3.9967 1.7144
5.2524 4.8320 2.3324 3.1025 3.5258 2.9990 2.6065 2.3805 2.6604 1.6266 2.8915 1.8589 5.4759 0.3141 5.4764 5.8815 5.8334 0.0503 0.2657 4.8709
0.7379 1.6857 0.0643 0.2688 1.9438 1.4491 1.0319 3.4062 2.6640 4.0042 4.3813 3.7670 4.3953 3.9205 4.1371 2.5686 2.5144 2.8459 1.5174 1.5640
0.5363 0.0785 1.4594 2.0438 1.2331 6.2286 0.1091 6.0221 1.4177 2.0507 5.3986 5.7962 5.5563 6.1631 5.4163 0.0229 0.7457 5.6508 2.8170 4.4346
0.5255 1.3097 1.4483 2.8992 2.8483 2.5099 0.8591 1.9330 0.8785 5.6956 5.9298 3.3832 5.3702 4.6162 5.7334 3.1892 3.1869 1.4072 1.3763 0.8421
0.2983 0.9331 1.4419 0.0101 0.3873 5.7221 5.8577 3.7903 1.7330 1.7201 5.4830 4.5516 5.4853 6.1790 4.8880 5.6322 5.0343 5.0788 0.6047 0.1510
3.9387 4.5501 0.9178 1.5583 0.3277 4.3205 0.2330 0.8288 0.3455 6.1859 6.0192 0.9502 5.7316 3.1636 4.2795 5.9512 5.2952 4.1371 4.3614 5.3159
