4.9131 6.0402 3.7363 2.2596 1.6150 5.6906 4.9103 4.0046 4.7151 6.2370 2.4072 5.0148 4.7836 5.1648 4.0941 5.0877 4.6991 4.8449 3.6636 5.1090
4.4982 3.2064 4.3176 4.8754 1.1031 4.3486 5.5524 3.5472 3.6922 3.2758 3.3337 3.2259 3.2361 2.8872 4.0797 2.7517 4.1291 3.9422 4.1251 3.8173
4.6443 0.4517 5.7813 0.1809 0.7001 1.2843 1.0115 2.0568 3.3469 0.4903 3.0403 3.8412 2.8939 4.2274 2.8953 4.3313 5.0291 0.3344 1.4858 0.8456
4.0526 3.0364 3.1105 2.7169 5.8615 4.5602 4.7442 4.6813 3.7243 3.3010 4.0208 2.8075 3.6680 1.8897 2.4344 1.4897 3.5292 3.8815 5.0457 4.2462
2.3588 1.3269 1.9553 0.6439 1.0018 2.0442 5.8478 0.8165 0.8052 0.1440 6.0150 5.2121 4.6858 3.7440 3.7403 3.4991 2.5943 0.1548 0.5348 1.3909
2.5676 2.1832 1.7164 1.4294 1.5258 2.3109 5.2436 3.3580 3.2812 2.7778 2.2227 2.5102 3.4267 1.6356 1.6709 2.2411 1.5342 2.1998 5.6623 0.1930
3.1166 4.6666 3.1312 4.3561 6.0953 5.8289 5.0029 5.4220 1.7430 6.2487 0.9746 0.0721 1.7071 3.3849 3.1401 5.9440 0.3446 6.0210 6.0942 4.0987
2.2652 2.4867 2.1905 1.8552 1.7446 1.9943 3.7665 2.2644 2.0091 2.8089 1.4782 2.2139 2.5188 0.9324 2.8104 3.3953 4.4007 1.0285 0.9156 0.1926
1.8249 2.5096 2.4861 3.0014 2.1868 1.9815 1.7347 1.4706 0.8671 6.2831 1.4539 2.8389 2.7696 3.2622 3.6247 1.2769 4.7807 3.6655 3.3083 2.7189
1.5007 5.6108 4.0431 5.6945 4.0860 4.9518 3.9470 4.0749 3.0652 2.2430 1.9306 4.0916 2.5998 1.8166 3.0712 5.1653 4.9648 5.8664 4.9014 1.4083
1.2665 2.3160 3.6114 2.4107 3.3392 2.9473 2.3094 2.1848 2.7678 2.2860 2.1793 2.7486 3.2186 4.1610 4.4563 3.1974 4.8374 3.7098 5.5828 5.4235
6.2709 4.7206 4.0330 3.9634 2.7735 3.6253 4.3092 2.7588 3.2478 1.2332 3.0229 2.4608 1.7967 3.2759 5.3539 5.0356 4.8574 5.9944 0.9997 1.2498
5.9319 0.2659 0.0595 0.8421 0.8524 0.0510 5.2660 0.7264 1.9452 4.8521 3.2976 4.7251 1.6797 1.1707 0.2602 0.2669 4.9724 3.2509 6.1311 5.4996
0.9656 0.3176 6.1983 4.4432 2.6030 1.7879 2.3270 1.7550 3.2261 2.3073 2.3962 1.8205 0.5751 0.3937 0.0018 4.8807 5.0461 6.1007 6.0384 1.6535
2.9888 3.6496 3.9629 2.7557 3.2891 4.9638 5.1586 4.5557 3.8579 3.3525 4.7293 5.2676 5.6012 5.1947 0.0746 6.0151 5.9750 0.7955 0.5426 3.0432
5.3426 3.9960 4.1022 6.0635 5.7201 0.2874 0.2533 0.8796 3.7542 3.7446 3.7981 5.2585 0.2971 1.0988 5.9655 6.0953 4.8849 4.9488 6.1879 5.6726
4.3766 4.6577 5.4939 4.6742 5.5820 3.3369 3.2974 2.8832 3.7582 3.1322 3.9928 1.7350 1.3630 5.4803 5.9265 1.6217 0.2158 3.6599 5.9992 2.3193
4.7340 0.4219 5.8566 0.2395 6.2515 1.7404 2.3440 1.5225 3.0477 3.2058 3.5626 4.2807 1.6192 2.1269 4.9658 5.2456 5.9683 6.1089 5.3193 5.1206
4.4378 4.1123 4.8397 4.2531 2.5623 4.2571 3.7634 4.8454 4.4841 4.9427 4.9622 5.3900 5.1675 4.9070 4.0064 4.3716 5.2108 4.2898 4.2823 5.7868
2.4544 2.9842 3.9299 0.3977 2.2864 1.3786 5.7195 6.1866 4.1750 2.0954 1.5628 2.2594 1.9390 2.5611 4.0750 1.3883 5.7272 5.6740 2.8837 2.5201
