2.8087 3.5719 2.8381 4.7006 5.6919 4.8157 2.9936 3.3659 2.6770 3.3298 0.2183 1.4588 2.0813 2.3344 3.0785 3.3049 1.9178 6.1829 2.6432 2.7201
3.0725 1.3104 1.7744 0.7631 0.0959 0.2183 0.2627 0.4020 1.0558 5.7348 5.8195 4.2442 4.8302 4.7433 4.7936 2.3525 2.9465 1.5045 2.5656 1.5547
4.2366 4.9738 0.0966 6.1735 0.9672 1.7708 1.4076 3.3991 4.0178 2.9691 3.6735 1.9605 4.0580 3.3259 4.3010 5.4204 4.0019 4.1801 5.0868 4.2749
5.2319 0.1148 5.9877 2.1204 1.7579 1.1218 0.0249 0.1128 5.7046 0.2439 5.3636 5.0652 5.4082 4.8362 4.5132 4.1030 4.8981 5.6825 5.3187 6.0816
4.3721 3.7489 4.7071 4.1798 5.7512 5.8207 4.7346 3.7697 5.1375 5.3279 0.1473 5.8287 4.8855 0.8247 0.8742 0.5728 4.8683 3.3746 4.7785 4.1443
6.0758 0.5171 2.3158 1.1387 1.4056 1.2882 1.0663 2.0446 4.0447 2.4257 6.1413 0.9565 5.1805 4.9008 4.4458 5.0936 5.6756 5.4624 5.4826 6.2529
0.0680 4.9046 4.9701 4.4340 0.8099 1.1338 1.5074 5.9995 5.5573 5.6988 5.1734 4.3673 4.6387 4.7423 3.5372 3.2376 4.9271 3.6544 4.9126 4.1236
6.1051 6.0276 4.8223 1.1725 5.9441 5.5300 2.3481 1.9172 6.1903 1.3534 5.7641 0.7052 6.2025 1.8037 0.5610 0.4193 0.5993 0.7646 0.2082 0.1012
3.6614 3.5445 3.3089 3.8498 4.3274 3.0521 2.8595 4.4326 4.2277 5.5610 5.4297 3.0372 4.5532 4.6466 5.2058 3.0099 1.1084 4.1010 3.7942 3.8276
1.6631 0.5240 5.2817 5.7392 5.8965 5.8335 4.0991 0.7016 4.1791 2.3552 0.6679 0.6149 3.6201 3.2253 4.3438 5.5656 0.4161 0.2372 5.5133 1.2101
0.2773 5.1998 6.1377 5.6527 5.0437 4.1302 4.3322 4.1017 6.0920 5.2534 6.1778 4.4903 5.6461 0.1096 4.1968 4.3769 3.3062 4.5180 5.0128 5.1577
1.2853 1.3881 0.5149 0.9813 0.0261 0.1923 4.1475 5.5956 1.1121 1.7997 0.7183 1.0623 0.6239 3.2225 3.0937 2.3212 2.3547 0.5388 1.9524 1.9494
0.1504 5.9066 6.1297 5.7789 5.6512 1.8452 1.2540 2.2708 1.9091 3.5493 3.4075 4.9596 4.6921 4.6767 3.2853 4.1497 2.8896 4.3615 5.2094 5.2211
1.0967 1.3164 0.8088 0.1249 6.0783 6.2039 0.4386 0.3465 1.5453 1.4689 2.9883 2.2366 3.5149 5.9304 3.5606 2.6678 2.4528 0.8808 1.6404 1.9835
0.2282 5.4780 0.0871 3.5305 4.8265 3.5707 4.7033 3.1243 2.6704 3.1605 3.1931 2.1314 2.9817 2.6153 2.9550 0.7972 3.5049 2.8698 1.1854 6.1486
2.3721 1.9749 6.2252 6.0705 0.0970 0.6322 0.1541 0.2430 0.1077 0.7216 2.4046 3.3395 3.2008 2.7802 2.7109 2.9407 2.5349 2.7141 1.5963 2.0812
5.1473 4.9506 0.2411 1.1876 0.3009 1.8264 1.5138 3.3492 5.2726 4.5728 3.6665 5.9955 3.3542 4.8651 4.3545 4.6763 4.9335 5.9440 4.5108 4.4505
5.9590 0.2911 0.6650 5.8801 0.4878 6.1393 1.9521 3.5493 2.7076 2.2235 2.3135 2.3128 2.5164 2.8565 2.5739 1.9561 3.3922 3.1632 2.2282 1.2067
3.5388 3.2548 2.7153 3.4778 2.2681 2.4737 2.0771 0.7168 1.9891 3.8485 4.0876 5.3245 1.3856 1.2699 1.3113 0.1186 0.9718 1.2138 2.1679 2.8389
2.9426 0.9874 2.4651 5.2229 5.5397 0.3662 1.4220 4.7875 1.4514 1.0959 1.8566 2.4857 2.1284 4.2524 2.8350 2.9350 1.9966 3.5925 3.1152 4.9305
